% The following energies apply to conformations described by the topology 
% R48.top.  Structures are given in trajectory coords.cdf, count: 2604.

% Item 0:
%   Energy -> orca_structures/coor*/Conf*.out
   -652.61096551
   -652.64121039
   -652.62616483
   -652.63267627
   -652.62650933
   -652.59032164
   -652.59536611
   -652.64754953
   -652.63172941
   -652.63082676
   -652.62138379
   -652.61992249
   -652.66319792
   -652.63250765
   -652.57457388
   -652.62739921
   -652.59197956
   -652.61043120
   -652.64783507
   -652.62767945
   -652.65499065
   -652.61428228
   -652.64509864
   -652.66625032
   -652.61139226
   -652.64501936
   -652.64010065
   -652.65675163
   -652.57174654
   -652.64458261
   -652.62040002
   -652.64597611
   -652.63394937
   -652.56230273
   -652.64273120
   -652.61990555
   -652.65618456
   -652.63364146
   -652.64019178
   -652.61576302
   -652.63547936
   -652.62435377
   -652.60887213
   -652.60131071
   -652.62957352
   -652.61215912
   -652.64081737
   -652.58072085
   -652.63559051
   -652.61710541
   -652.61989291
   -652.62445302
   -652.64603983
   -652.59983741
   -652.67018903
   -652.61232627
   -652.61761535
   -652.63162090
   -652.60936071
   -652.59386685
   -652.58398238
   -652.61359366
   -652.62020744
   -652.63931933
   -652.62424495
   -652.61613135
   -652.65147205
   -652.63284165
   -652.60605149
   -652.63203911
   -652.63627732
   -652.64183875
   -652.61914972
   -652.61416303
   -652.63668234
   -652.62966171
   -652.64694766
   -652.61223245
   -652.64681530
   -652.65290926
   -652.64473755
   -652.55416529
   -652.62298602
   -652.61842714
   -652.63939195
   -652.63736708
   -652.63932550
   -652.60348272
   -652.64640434
   -652.60797172
   -652.62912154
   -652.61856728
   -652.61730728
   -652.61342950
   -652.61478290
   -652.63349250
   -652.65065883
   -652.62797125
   -652.64110666
   -652.62787000
   -652.60966022
   -652.63196739
   -652.66839615
   -652.63406359
   -652.62948932
   -652.62643395
   -652.62381005
   -652.63797271
   -652.62346195
   -652.63200825
   -652.62057304
   -652.61482572
   -652.64502722
   -652.62174367
   -652.62867005
   -652.63146900
   -652.60801614
   -652.61730447
   -652.60416996
   -652.65360103
   -652.61019386
   -652.62110263
   -652.63574849
   -652.61758759
   -652.63469916
   -652.63820988
   -652.61918244
   -652.61008881
   -652.62315588
   -652.62345764
   -652.64305001
   -652.62378128
   -652.61946777
   -652.64912364
   -652.63488990
   -652.66524931
   -652.63433700
   -652.63249383
   -652.63778100
   -652.61972305
   -652.61339081
   -652.64559945
   -652.61197267
   -652.63323275
   -652.62066234
   -652.62670088
   -652.62548591
   -652.62785795
   -652.64015028
   -652.62116877
   -652.62328281
   -652.62990445
   -652.63791956
   -652.63827024
   -652.61824795
   -652.62271936
   -652.60527892
   -652.61752200
   -652.61149725
   -652.62173004
   -652.63433642
   -652.62407874
   -652.66288991
   -652.63289592
   -652.61960235
   -652.63876066
   -652.63141358
   -652.59271860
   -652.53207556
   -652.59730901
   -652.61743432
   -652.63285698
   -652.65415072
   -652.62102599
   -652.62969260
   -652.63524283
   -652.65029796
   -652.61416895
   -652.61665951
   -652.57862192
   -652.62032203
   -652.64921307
   -652.62352339
   -652.62446693
   -652.63657415
   -652.61934722
   -652.56294521
   -652.62902278
   -652.63865284
   -652.62011123
   -652.65805372
   -652.61318793
   -652.61379026
   -652.62618134
   -652.61204099
   -652.64159800
   -652.64990329
   -652.58696140
   -652.63809865
   -652.61180089
   -652.60536805
   -652.62143072
   -652.63705410
   -652.60210690
   -652.63650467
   -652.60944849
   -652.63590252
   -652.64644276
   -652.63565167
   -652.62537769
   -652.63699618
   -652.62547091
   -652.63381859
   -652.62137784
   -652.62550598
   -652.65026629
   -652.65965709
   -652.61401829
   -652.64027341
   -652.57183801
   -652.61086381
   -652.63985234
   -652.61778774
   -652.61072091
   -652.63736381
   -652.61546342
   -652.59388491
   -652.61590806
   -652.64040106
   -652.56834116
   -652.63962350
   -652.61967843
   -652.62148688
   -652.60860741
   -652.61442791
   -652.63608762
   -652.61557981
   -652.63963079
   -652.62326052
   -652.64664758
   -652.62588763
   -652.57591088
   -652.61875091
   -652.61574231
   -652.61727122
   -652.65077982
   -652.65589467
   -652.64638273
   -652.66216848
   -652.63137415
   -652.61834307
   -652.62160683
   -652.56992947
   -652.61410148
   -652.63951825
   -652.60842003
   -652.62995556
   -652.64917883
   -652.62276247
   -652.58941056
   -652.62795039
   -652.60744518
   -652.63772522
   -652.64365634
   -652.61547043
   -652.64705855
   -652.64646432
   -652.65555385
   -652.61002748
   -652.62183782
   -652.55461196
   -652.60891750
   -652.62872172
   -652.61737089
   -652.62359464
   -652.65344334
   -652.65215168
   -652.63496000
   -652.64003855
   -652.64887709
   -652.65468726
   -652.61750750
   -652.62367922
   -652.63257409
   -652.60561019
   -652.60994048
   -652.62883754
   -652.63858710
   -652.60173977
   -652.65436383
   -652.62497246
   -652.62708569
   -652.62847389
   -652.65965865
   -652.62889585
   -652.62411366
   -652.62709586
   -652.64520267
   -652.62418928
   -652.61877659
   -652.64196855
   -652.62982183
   -652.61267214
   -652.62982169
   -652.62570071
   -652.63921857
   -652.64625424
   -652.63481069
   -652.61300439
   -652.64094078
   -652.61769427
   -652.62302312
   -652.51908042
   -652.61856610
   -652.63160992
   -652.62720055
   -652.60913352
   -652.64554634
   -652.63108664
   -652.62378500
   -652.61171617
   -652.64005681
   -652.64737843
   -652.64325944
   -652.60694319
   -652.64155305
   -652.62952062
   -652.66264421
   -652.63176760
   -652.62846553
   -652.62361431
   -652.62077172
   -652.62338526
   -652.65065920
   -652.64493138
   -652.61638417
   -652.61845205
   -652.61401897
   -652.62140982
   -652.62438143
   -652.65338537
   -652.63990896
   -652.62930370
   -652.59338919
   -652.61794881
   -652.66352781
   -652.64180890
   -652.61490118
   -652.63916854
   -652.66045143
   -652.64360840
   -652.61708492
   -652.64737911
   -652.66040245
   -652.62643592
   -652.61287613
   -652.62729186
   -652.62685786
   -652.63312649
   -652.61758584
   -652.64556486
   -652.63294307
   -652.63319719
   -652.63292429
   -652.63271619
   -652.48865290
   -652.56395483
   -652.65112763
   -652.61617443
   -652.61982464
   -652.60215086
   -652.64685931
   -652.61295894
   -652.63127877
   -652.65018539
   -652.61919870
   -652.63337786
   -652.62431488
   -652.63535535
   -652.67291074
   -652.63828793
   -652.60578746
   -652.65245232
   -652.63724127
   -652.61776411
   -652.61882902
   -652.64661976
   -652.63930545
   -652.63340746
   -652.62997890
   -652.64539593
   -652.63330132
   -652.66089479
   -652.55241408
   -652.67142432
   -652.60492822
   -652.59877288
   -652.59996730
   -652.63739234
   -652.61338568
   -652.56443880
   -652.61410805
   -652.64835139
   -652.65395013
   -652.60989197
   -652.65013167
   -652.63310034
   -652.66236810
   -652.62886713
   -652.59600814
   -652.62849103
   -652.63098489
   -652.65611696
   -652.61021013
   -652.63045155
   -652.63427474
   -652.64025783
   -652.63594702
   -652.63624257
   -652.65702391
   -652.63831953
   -652.60411131
   -652.64055283
   -652.63820188
   -652.62871002
   -652.63850915
   -652.64024273
   -652.62220006
   -652.62717439
   -652.61977068
   -652.63164646
   -652.61801208
   -652.65497851
   -652.61150144
   -652.62693295
   -652.61326768
   -652.64288705
   -652.61193575
   -652.62806011
   -652.57529032
   -652.62786640
   -652.64265275
   -652.65813574
   -652.60733758
   -652.62686257
   -652.62116632
   -652.63468541
   -652.62086380
   -652.62161929
   -652.64315576
   -652.55359031
   -652.60135003
   -652.62427492
   -652.63369247
   -652.62568508
   -652.65085917
   -652.64584096
   -652.61054032
   -652.63695290
   -652.63965494
   -652.60084346
   -652.64387370
   -652.63166073
   -652.61060786
   -652.61967964
   -652.63027840
   -652.64469169
   -652.63011685
   -652.60950801
   -652.62220909
   -652.63546014
   -652.63295664
   -652.62445810
   -652.60612689
   -652.61954759
   -652.62490618
   -652.62169611
   -652.61468541
   -652.64582913
   -652.64130154
   -652.58712480
   -652.65968771
   -652.61579973
   -652.60692557
   -652.65518587
   -652.64867395
   -652.62010236
   -652.65160661
   -652.64154735
   -652.62807938
   -652.61226884
   -652.61844360
   -652.62511900
   -652.64097269
   -652.62861205
   -652.62288877
   -652.56451910
   -652.63608077
   -652.63478714
   -652.63216943
   -652.64247687
   -652.62059092
   -652.62379369
   -652.64430667
   -652.61437059
   -652.61578806
   -652.60820700
   -652.62139877
   -652.64063915
   -652.63387115
   -652.63451077
   -652.61217195
   -652.62457471
   -652.60603597
   -652.62613544
   -652.60861039
   -652.61422481
   -652.64137149
   -652.62852023
   -652.67018811
   -652.61664206
   -652.61862222
   -652.60527510
   -652.64180479
   -652.64281675
   -652.62683871
   -652.64114321
   -652.61269906
   -652.60447609
   -652.66344918
   -652.61094546
   -652.65717439
   -652.60215583
   -652.63039385
   -652.62432460
   -652.63373496
   -652.63707822
   -652.63247376
   -652.64175821
   -652.63133072
   -652.60162882
   -652.62665274
   -652.63113203
   -652.60817696
   -652.63669933
   -652.64905215
   -652.57077907
   -652.63293645
   -652.59778338
   -652.61603203
   -652.59958259
   -652.63341639
   -652.63893030
   -652.63837490
   -652.62592315
   -652.62128052
   -652.63262398
   -652.62516060
   -652.61957205
   -652.62667624
   -652.64268487
   -652.62196407
   -652.66021897
   -652.62024583
   -652.60698236
   -652.53964231
   -652.63145145
   -652.62840024
   -652.62367544
   -652.66144967
   -652.66530619
   -652.63280654
   -652.56516638
   -652.59717053
   -652.60515975
   -652.59556142
   -652.62148463
   -652.59275609
   -652.57250034
   -652.64146860
   -652.63085009
   -652.63707766
   -652.56958014
   -652.62877024
   -652.64240090
   -652.61488277
   -652.66023618
   -652.64704544
   -652.60051036
   -652.63590210
   -652.64460561
   -652.62479056
   -652.59493235
   -652.63304367
   -652.62535272
   -652.60935412
   -652.62368722
   -652.63121523
   -652.62222730
   -652.61598108
   -652.57309676
   -652.61673822
   -652.62981921
   -652.62146549
   -652.66168503
   -652.62722973
   -652.61821578
   -652.66218682
   -652.63671754
   -652.61141871
   -652.60820600
   -652.62952464
   -652.60417307
   -652.53192308
   -652.64780530
   -652.61837346
   -652.62764419
   -652.63393657
   -652.64701128
   -652.63046224
   -652.66119106
   -652.61549333
   -652.64448169
   -652.63101778
   -652.58543704
   -652.62657564
   -652.64311421
   -652.61093147
   -652.66311858
   -652.63503680
   -652.65218995
   -652.60464188
   -652.54631349
   -652.61330515
   -652.63631462
   -652.60551333
   -652.60912008
   -652.63603401
   -652.60363318
   -652.62532198
   -652.61808185
   -652.63471047
   -652.62600880
   -652.65983782
   -652.57137406
   -652.61109727
   -652.59171482
   -652.63751136
   -652.61162334
   -652.62520719
   -652.65810688
   -652.62993412
   -652.62847924
   -652.64984305
   -652.65687194
   -652.63178054
   -652.63701351
   -652.63059300
   -652.64804419
   -652.64338133
   -652.65788280
   -652.63710964
   -652.63493026
   -652.59911554
   -652.62235037
   -652.63927530
   -652.61022316
   -652.62131981
   -652.62403251
   -652.61516472
   -652.59697750
   -652.62627349
   -652.62742249
   -652.66547368
   -652.62158805
   -652.65807142
   -652.61792180
   -652.64722802
   -652.63419230
   -652.60093856
   -652.64379235
   -652.62487390
   -652.63998797
   -652.63100287
   -652.64130040
   -652.64757401
   -652.62342538
   -652.60427458
   -652.65075338
   -652.57761823
   -652.64790325
   -652.61854804
   -652.62306592
   -652.60800059
   -652.61948912
   -652.62649553
   -652.63253926
   -652.63194326
   -652.64631457
   -652.58249071
   -652.61852396
   -652.61067098
   -652.63199247
   -652.60235193
   -652.63012738
   -652.62763720
   -652.58460547
   -652.61755063
   -652.65089047
   -652.58661989
   -652.60345410
   -652.61157729
   -652.63590691
   -652.62281200
   -652.62590455
   -652.62247317
   -652.63163214
   -652.65957590
   -652.61504039
   -652.64627468
   -652.62352855
   -652.60909635
   -652.62302199
   -652.63967654
   -652.65345386
   -652.66154446
   -652.63291218
   -652.64383701
   -652.60908304
   -652.63109773
   -652.61757590
   -652.64105886
   -652.66575955
   -652.62835358
   -652.62114158
   -652.56605572
   -652.64769834
   -652.62486018
   -652.63912092
   -652.61031310
   -652.62910281
   -652.63647279
   -652.63742495
   -652.60006688
   -652.62481939
   -652.64152557
   -652.61845788
   -652.63279369
   -652.62035922
   -652.62849782
   -652.63815906
   -652.61838595
   -652.62812263
   -652.61554409
   -652.64981805
   -652.60812402
   -652.60141967
   -652.62837057
   -652.61611129
   -652.61714855
   -652.61128209
   -652.62035961
   -652.62393911
   -652.56742208
   -652.63035033
   -652.63837892
   -652.61047034
   -652.63122480
   -652.59876355
   -652.66854686
   -652.62369499
   -652.61962624
   -652.64118693
   -652.62265544
   -652.63301301
   -652.62820782
   -652.64701095
   -652.63788327
   -652.64144935
   -652.64670404
   -652.62209890
   -652.64032396
   -652.62691146
   -652.64130828
   -652.63053060
   -652.63194448
   -652.61015493
   -652.62702794
   -652.61377724
   -652.63025295
   -652.61315019
   -652.64875141
   -652.62610463
   -652.62284011
   -652.65463540
   -652.62146122
   -652.61229586
   -652.64645478
   -652.63175610
   -652.61466689
   -652.62206636
   -652.61251216
   -652.63961057
   -652.60911614
   -652.63235795
   -652.63381671
   -652.64135341
   -652.62892448
   -652.61725904
   -652.61861971
   -652.64343159
   -652.56550431
   -652.62712559
   -652.64572687
   -652.63139897
   -652.60810620
   -652.62099114
   -652.62218182
   -652.65075304
   -652.64091232
   -652.62974014
   -652.61926266
   -652.57980220
   -652.66427218
   -652.61498322
   -652.63338131
   -652.61858192
   -652.63605814
   -652.61649128
   -652.62979317
   -652.61169063
   -652.64605364
   -652.62721109
   -652.61075305
   -652.59366134
   -652.62421822
   -652.62137463
   -652.65086679
   -652.59661760
   -652.62657386
   -652.62697646
   -652.64765755
   -652.64757114
   -652.62771788
   -652.60908715
   -652.62160255
   -652.62582374
   -652.62281477
   -652.61320460
   -652.62276498
   -652.64551623
   -652.61297264
   -652.62468680
   -652.60284677
   -652.62729567
   -652.63740003
   -652.62279125
   -652.64520488
   -652.64258188
   -652.60127916
   -652.63335285
   -652.62762762
   -652.64253588
   -652.64838997
   -652.62679038
   -652.64229698
   -652.62109514
   -652.63681601
   -652.62012065
   -652.63909064
   -652.58794593
   -652.63636778
   -652.63610150
   -652.63234038
   -652.64323459
   -652.66961974
   -652.63294059
   -652.62452164
   -652.63804940
   -652.61953976
   -652.63194808
   -652.62655081
   -652.60875531
   -652.58362380
   -652.62039066
   -652.62962633
   -652.63008447
   -652.61623135
   -652.63315013
   -652.63036109
   -652.64352202
   -652.60897001
   -652.63403523
   -652.60958315
   -652.61676184
   -652.56620133
   -652.62923593
   -652.63283682
   -652.64396726
   -652.59128126
   -652.62591209
   -652.62596445
   -652.61619391
   -652.61838772
   -652.57576421
   -652.65969662
   -652.65757087
   -652.64621394
   -652.62127099
   -652.62133335
   -652.61562944
   -652.63687512
   -652.63183983
   -652.62297661
   -652.62978767
   -652.65702025
   -652.62696545
   -652.65027227
   -652.63089909
   -652.63388780
   -652.63842712
   -652.63969689
   -652.64543799
   -652.64079098
   -652.62373910
   -652.63833957
   -652.63632323
   -652.63447869
   -652.61816050
   -652.65008864
   -652.63676011
   -652.62214858
   -652.61934248
   -652.58466028
   -652.59355695
   -652.64215577
   -652.60904139
   -652.62320823
   -652.61537615
   -652.61731388
   -652.61637287
   -652.62917976
   -652.63594397
   -652.63757716
   -652.62038468
   -652.60277819
   -652.63268160
   -652.59410086
   -652.62734088
   -652.66833518
   -652.64842219
   -652.65154232
   -652.63177620
   -652.65462188
   -652.62251871
   -652.67171538
   -652.65719198
   -652.67176156
   -652.67387548
   -652.62317166
   -652.58829778
   -652.61909543
   -652.61494627
   -652.58220826
   -652.61448534
   -652.57459330
   -652.59460733
   -652.62577810
   -652.61498420
   -652.67215667
   -652.64924200
   -652.63749536
   -652.63791131
   -652.61830057
   -652.65013343
   -652.64000272
   -652.61386697
   -652.64246039
   -652.60656159
   -652.58879134
   -652.63156927
   -652.60024373
   -652.63338059
   -652.63299221
   -652.64709772
   -652.52659733
   -652.61059591
   -652.63173714
   -652.62616286
   -652.62869497
   -652.62662893
   -652.63999967
   -652.63365364
   -652.63136846
   -652.62750535
   -652.62700663
   -652.63439979
   -652.63298703
   -652.63957269
   -652.58059262
   -652.61701234
   -652.62019162
   -652.60566665
   -652.65673124
   -652.61805454
   -652.63048195
   -652.64033430
   -652.65194596
   -652.63007319
   -652.61217839
   -652.62348015
   -652.61237101
   -652.61381314
   -652.60737390
   -652.59164588
   -652.61350380
   -652.60792302
   -652.62456586
   -652.63247025
   -652.55545244
   -652.62316628
   -652.65631238
   -652.64048823
   -652.61356832
   -652.64491998
   -652.64978449
   -652.64476133
   -652.64688921
   -652.63864215
   -652.63511423
   -652.65137662
   -652.58489247
   -652.64987814
   -652.64608216
   -652.62186457
   -652.60617487
   -652.62352357
   -652.60866972
   -652.60609340
   -652.62535475
   -652.62939801
   -652.59569482
   -652.62475029
   -652.63528690
   -652.61858554
   -652.60173081
   -652.61150239
   -652.64185523
   -652.59431607
   -652.63607816
   -652.61346631
   -652.59914309
   -652.59523517
   -652.60573900
   -652.63703495
   -652.63779942
   -652.60458846
   -652.61699859
   -652.61377935
   -652.62430390
   -652.62485156
   -652.64093990
   -652.62600454
   -652.60737628
   -652.56775890
   -652.61641082
   -652.63985499
   -652.62659779
   -652.60294448
   -652.62085102
   -652.63790105
   -652.62363202
   -652.63411710
   -652.61811378
   -652.61538716
   -652.56130077
   -652.61303474
   -652.62036525
   -652.63189277
   -652.61589236
   -652.66321101
   -652.63600116
   -652.60974049
   -652.61032116
   -652.62131334
   -652.58167298
   -652.63119341
   -652.58727394
   -652.61861390
   -652.61952697
   -652.61949399
   -652.62671815
   -652.61436713
   -652.66225291
   -652.61378458
   -652.63560352
   -652.63067173
   -652.62515951
   -652.61565000
   -652.64784560
   -652.60412682
   -652.60583820
   -652.63254537
   -652.60100704
   -652.64346638
   -652.62741435
   -652.61866669
   -652.65008174
   -652.63164342
   -652.62843701
   -652.58701613
   -652.63755015
   -652.63210076
   -652.62554141
   -652.63945566
   -652.62195281
   -652.63557132
   -652.62068969
   -652.63338085
   -652.59860961
   -652.62107717
   -652.61142518
   -652.64408960
   -652.60882664
   -652.61971304
   -652.65024094
   -652.63517742
   -652.65882150
   -652.61248298
   -652.62885597
   -652.60370627
   -652.63774195
   -652.63536047
   -652.61540840
   -652.62789430
   -652.63598124
   -652.58781452
   -652.64548329
   -652.66076430
   -652.66419682
   -652.62401078
   -652.55666345
   -652.61842416
   -652.60315327
   -652.62416090
   -652.65012069
   -652.65022234
   -652.60874776
   -652.63808212
   -652.59448458
   -652.63325135
   -652.60249462
   -652.63730870
   -652.63048332
   -652.63019185
   -652.62084976
   -652.65517262
   -652.63246712
   -652.61053109
   -652.63778163
   -652.61823505
   -652.61735219
   -652.61200843
   -652.62419961
   -652.63633854
   -652.64187386
   -652.64067084
   -652.62646217
   -652.62732706
   -652.65079279
   -652.61649444
   -652.64064230
   -652.61517491
   -652.64870949
   -652.59534971
   -652.64230947
   -652.62531199
   -652.63076399
   -652.59840654
   -652.60629389
   -652.64868848
   -652.61711222
   -652.63356023
   -652.60001499
   -652.60133141
   -652.62389432
   -652.60151877
   -652.64727556
   -652.65926303
   -652.61931193
   -652.61017175
   -652.64219500
   -652.61606154
   -652.63441103
   -652.63120968
   -652.64249357
   -652.64155659
   -652.62542718
   -652.62592192
   -652.63760943
   -652.57904103
   -652.62009629
   -652.62839517
   -652.62071681
   -652.62530036
   -652.63789884
   -652.63498273
   -652.63032305
   -652.62960160
   -652.62816055
   -652.61054589
   -652.62494594
   -652.63823873
   -652.62685507
   -652.62193955
   -652.65448202
   -652.66119694
   -652.64658291
   -652.64935487
   -652.63600226
   -652.62406355
   -652.61815103
   -652.62282408
   -652.62014066
   -652.60838963
   -652.64301646
   -652.62521398
   -652.61505917
   -652.60767417
   -652.63074374
   -652.58541213
   -652.64723563
   -652.63819615
   -652.57424084
   -652.63992527
   -652.63064112
   -652.60628455
   -652.63824259
   -652.63343180
   -652.63885368
   -652.63429709
   -652.65218834
   -652.64476404
   -652.62694184
   -652.61475011
   -652.65486049
   -652.62519469
   -652.60767678
   -652.62481000
   -652.62373831
   -652.64035633
   -652.62942165
   -652.62856635
   -652.61542186
   -652.61977656
   -652.61855048
   -652.64671735
   -652.63183946
   -652.63519008
   -652.63159224
   -652.61937546
   -652.59950597
   -652.59096988
   -652.60004943
   -652.62960632
   -652.60483615
   -652.53105648
   -652.65218336
   -652.62988639
   -652.59077272
   -652.63999750
   -652.63195010
   -652.61730614
   -652.59940364
   -652.60307057
   -652.61150817
   -652.64448745
   -652.57529220
   -652.62929111
   -652.64759697
   -652.63138757
   -652.56645074
   -652.61450988
   -652.61063346
   -652.62532730
   -652.63350547
   -652.59691247
   -652.63071455
   -652.63497915
   -652.59624221
   -652.65009842
   -652.60658281
   -652.60865104
   -652.63077698
   -652.64027527
   -652.61675419
   -652.61833568
   -652.63818901
   -652.62442772
   -652.63405793
   -652.63015432
   -652.64964889
   -652.64455708
   -652.63343577
   -652.65114857
   -652.59475240
   -652.57936021
   -652.62818399
   -652.60067906
   -652.60114537
   -652.64186317
   -652.60013668
   -652.64676479
   -652.62538534
   -652.64777738
   -652.63344656
   -652.64271314
   -652.60823757
   -652.65399650
   -652.65011072
   -652.60455344
   -652.63231881
   -652.59945079
   -652.50353417
   -652.65224154
   -652.65240316
   -652.62661911
   -652.62295535
   -652.61135258
   -652.63556853
   -652.62928212
   -652.59958799
   -652.63776955
   -652.62619471
   -652.62119093
   -652.63665019
   -652.63975191
   -652.62399264
   -652.61178176
   -652.62730685
   -652.64105682
   -652.60398786
   -652.64516591
   -652.57961266
   -652.63198042
   -652.62406393
   -652.61533876
   -652.65044164
   -652.63259216
   -652.61244481
   -652.63207316
   -652.64543899
   -652.63264550
   -652.61547752
   -652.63396459
   -652.61306590
   -652.59679364
   -652.61456935
   -652.63485239
   -652.61540376
   -652.62229828
   -652.62841898
   -652.64053488
   -652.63901392
   -652.64960228
   -652.63191330
   -652.64625377
   -652.62338826
   -652.61124559
   -652.64201257
   -652.63248175
   -652.62876464
   -652.62777133
   -652.63415401
   -652.60456383
   -652.62252276
   -652.60919733
   -652.61454807
   -652.65362683
   -652.63610172
   -652.60613526
   -652.60931999
   -652.63782910
   -652.63531393
   -652.62654933
   -652.63475999
   -652.64857815
   -652.62727725
   -652.66288061
   -652.59868862
   -652.60532920
   -652.59515619
   -652.61679230
   -652.63945879
   -652.61222157
   -652.63421098
   -652.64608899
   -652.64875794
   -652.62701614
   -652.62755395
   -652.64908381
   -652.64323198
   -652.64532583
   -652.64279262
   -652.62340265
   -652.63649227
   -652.63572374
   -652.65727537
   -652.60824566
   -652.60267490
   -652.64898908
   -652.63961235
   -652.63161582
   -652.62385576
   -652.64544643
   -652.62331827
   -652.65870784
   -652.62068139
   -652.61792979
   -652.64073752
   -652.62948811
   -652.64671378
   -652.64003775
   -652.63539817
   -652.64235079
   -652.62068144
   -652.60491172
   -652.62610926
   -652.59800858
   -652.63980068
   -652.62949953
   -652.62781640
   -652.62718387
   -652.63368785
   -652.62489719
   -652.65071425
   -652.61256293
   -652.62518747
   -652.63279250
   -652.66676581
   -652.63171336
   -652.62594196
   -652.64753648
   -652.65773787
   -652.60983586
   -652.61920613
   -652.64252447
   -652.63789510
   -652.65424611
   -652.63631587
   -652.58700109
   -652.60293949
   -652.63481945
   -652.64488646
   -652.60321919
   -652.62246473
   -652.62914517
   -652.63204139
   -652.56790456
   -652.60399897
   -652.62646518
   -652.56782427
   -652.61764136
   -652.59968712
   -652.60757073
   -652.59684270
   -652.61631901
   -652.62394896
   -652.61323804
   -652.63077553
   -652.64604419
   -652.63141591
   -652.60862908
   -652.58846823
   -652.61264253
   -652.63592971
   -652.62258261
   -652.60388603
   -652.65641511
   -652.60982844
   -652.60982773
   -652.63928936
   -652.61152839
   -652.62911668
   -652.62579520
   -652.63438648
   -652.60714805
   -652.61729548
   -652.56884993
   -652.65421301
   -652.63386598
   -652.59339590
   -652.62373770
   -652.67187363
   -652.62438730
   -652.56963399
   -652.63339232
   -652.63718730
   -652.64266882
   -652.62494579
   -652.62196104
   -652.62129317
   -652.62173860
   -652.62473500
   -652.63938786
   -652.62769782
   -652.64669881
   -652.61476545
   -652.57164889
   -652.63702668
   -652.59638510
   -652.61845185
   -652.63580021
   -652.61956158
   -652.61461267
   -652.60949584
   -652.63091332
   -652.63005832
   -652.57877418
   -652.64554391
   -652.63648560
   -652.62426436
   -652.64579930
   -652.61134133
   -652.62736476
   -652.64902881
   -652.63472657
   -652.63207601
   -652.63377110
   -652.59813322
   -652.61356202
   -652.64110740
   -652.61750177
   -652.60600053
   -652.66779874
   -652.62631077
   -652.63095612
   -652.62069353
   -652.64195785
   -652.62437668
   -652.62356907
   -652.63049667
   -652.63738327
   -652.63672594
   -652.60405049
   -652.66492897
   -652.64740183
   -652.61201340
   -652.62038745
   -652.61641303
   -652.62804912
   -652.62829253
   -652.63000535
   -652.56372704
   -652.63976594
   -652.62655848
   -652.62351651
   -652.64447936
   -652.62812412
   -652.64507953
   -652.65920701
   -652.62461782
   -652.60749822
   -652.64019416
   -652.64474851
   -652.60425808
   -652.64720373
   -652.60317037
   -652.59390628
   -652.53586636
   -652.64094081
   -652.62775241
   -652.60739391
   -652.63563340
   -652.63263134
   -652.62639544
   -652.61590557
   -652.63522800
   -652.65500586
   -652.64427150
   -652.59526364
   -652.62617914
   -652.63804846
   -652.63250609
   -652.63688896
   -652.62548872
   -652.63866502
   -652.63213728
   -652.60884657
   -652.61371077
   -652.58907311
   -652.62340044
   -652.64847379
   -652.62697555
   -652.62378971
   -652.62487686
   -652.62913373
   -652.65916098
   -652.62560287
   -652.64464483
   -652.62235879
   -652.63739750
   -652.62063410
   -652.62629003
   -652.60470692
   -652.63115018
   -652.63188454
   -652.59175750
   -652.64196011
   -652.63991037
   -652.63771070
   -652.67238737
   -652.62959672
   -652.63405217
   -652.64102544
   -652.62981707
   -652.64394132
   -652.61497996
   -652.63114307
   -652.64275116
   -652.56234279
   -652.62672680
   -652.63376571
   -652.60212616
   -652.63808287
   -652.65941974
   -652.64010840
   -652.64019110
   -652.62732164
   -652.61207455
   -652.61631036
   -652.62463453
   -652.62959183
   -652.66212658
   -652.62458873
   -652.62013402
   -652.65058259
   -652.62394300
   -652.63941292
   -652.61362324
   -652.62316850
   -652.61793308
   -652.61603820
   -652.62358888
   -652.63546490
   -652.66016564
   -652.61271902
   -652.62282600
   -652.62406997
   -652.63441094
   -652.61289935
   -652.65286720
   -652.64539249
   -652.61004895
   -652.61789231
   -652.59112123
   -652.63067740
   -652.62855606
   -652.61538849
   -652.62087584
   -652.62912189
   -652.64449466
   -652.62605515
   -652.63582935
   -652.62980193
   -652.63310304
   -652.57936076
   -652.61722939
   -652.65677183
   -652.63696914
   -652.57610752
   -652.65230571
   -652.61877650
   -652.60717502
   -652.64729584
   -652.60234505
   -652.61158399
   -652.61437529
   -652.61327190
   -652.63081967
   -652.64160958
   -652.64238458
   -652.62553319
   -652.63954982
   -652.62429246
   -652.61555477
   -652.61503732
   -652.64733372
   -652.60595750
   -652.62536997
   -652.63203356
   -652.60948773
   -652.61183998
   -652.65758393
   -652.63387798
   -652.63681852
   -652.65094749
   -652.65804353
   -652.59632777
   -652.63827528
   -652.62102634
   -652.60352990
   -652.62631325
   -652.62670787
   -652.60806331
   -652.60659375
   -652.64627093
   -652.61815587
   -652.62281539
   -652.60814912
   -652.64164818
   -652.59787064
   -652.63735509
   -652.62218650
   -652.61368189
   -652.64282029
   -652.55237860
   -652.62768361
   -652.61521724
   -652.66153521
   -652.60868839
   -652.64054107
   -652.62512275
   -652.57130278
   -652.62985915
   -652.63869475
   -652.61361287
   -652.62154623
   -652.63744309
   -652.60868024
   -652.62759162
   -652.63563940
   -652.63213766
   -652.64042155
   -652.64095237
   -652.63921797
   -652.63102711
   -652.62949398
   -652.65436661
   -652.63348546
   -652.58326680
   -652.64866587
   -652.61626655
   -652.63539817
   -652.63081771
   -652.64319174
   -652.62944548
   -652.58263691
   -652.61329360
   -652.63765589
   -652.65143859
   -652.63923375
   -652.63569829
   -652.60374323
   -652.64531242
   -652.64561821
   -652.62265665
   -652.65651842
   -652.61051598
   -652.63512806
   -652.64340043
   -652.61082595
   -652.64848644
   -652.61059106
   -652.58552389
   -652.64360360
   -652.65827344
   -652.63915663
   -652.64898242
   -652.65760035
   -652.65231518
   -652.65765812
   -652.64364865
   -652.64261700
   -652.62323747
   -652.65247185
   -652.61930081
   -652.63633509
   -652.60408194
   -652.58657088
   -652.61482666
   -652.62394204
   -652.60006556
   -652.62547221
   -652.62115698
   -652.62959750
   -652.56775562
   -652.63427955
   -652.64016913
   -652.62961889
   -652.60734596
   -652.64167973
   -652.62604362
   -652.62690340
   -652.63336755
   -652.61336572
   -652.62853444
   -652.58403493
   -652.62958779
   -652.64408610
   -652.64956991
   -652.61839641
   -652.63361355
   -652.61943341
   -652.61795588
   -652.62100514
   -652.62575607
   -652.67330620
   -652.62584743
   -652.62084262
   -652.63450478
   -652.64276883
   -652.63559663
   -652.64268713
   -652.63121826
   -652.61233196
   -652.60641037
   -652.61831701
   -652.63589958
   -652.62747588
   -652.63916996
   -652.61874767
   -652.58360584
   -652.62189190
   -652.62605738
   -652.62664013
   -652.61912006
   -652.63786811
   -652.62666670
   -652.63986634
   -652.62130388
   -652.60311199
   -652.60811220
   -652.64016721
   -652.63058413
   -652.61777974
   -652.62664837
   -652.63479441
   -652.58705576
   -652.64054226
   -652.66678183
   -652.63719207
   -652.61662863
   -652.62169100
   -652.62766388
   -652.64297659
   -652.60871722
   -652.60591422
   -652.62919569
   -652.59396906
   -652.60932645
   -652.63114888
   -652.59421266
   -652.64160470
   -652.62055588
   -652.64129065
   -652.62167979
   -652.64768069
   -652.63240625
   -652.62646441
   -652.62778289
   -652.62350351
   -652.60827691
   -652.65394666
   -652.63312984
   -652.64723320
   -652.65517838
   -652.64947417
   -652.62157342
   -652.62936857
   -652.62479512
   -652.59628456
   -652.60892083
   -652.61837140
   -652.60414197
   -652.61909295
   -652.62548088
   -652.65153879
   -652.61023020
   -652.60508708
   -652.61801692
   -652.63786609
   -652.62236345
   -652.63129359
   -652.62342282
   -652.63497972
   -652.63125721
   -652.62729447
   -652.48697376
   -652.61650994
   -652.61057125
   -652.63183988
   -652.62406893
   -652.64172958
   -652.63246830
   -652.59424091
   -652.60746370
   -652.65713425
   -652.62692424
   -652.62538878
   -652.64156521
   -652.65464706
   -652.63823739
   -652.62186446
   -652.62234523
   -652.61336268
   -652.62892640
   -652.61135622
   -652.63721974
   -652.63259540
   -652.61781113
   -652.61627850
   -652.63595406
   -652.63407823
   -652.62970978
   -652.61661300
   -652.61526353
   -652.63592016
   -652.61738693
   -652.64034584
   -652.57629509
   -652.62020710
   -652.63913015
   -652.52712447
   -652.59335087
   -652.63980531
   -652.60406140
   -652.62512734
   -652.61757414
   -652.63525891
   -652.61776762
   -652.59858327
   -652.63703890
   -652.64210046
   -652.63348630
   -652.62460695
   -652.61250478
   -652.60970747
   -652.63517504
   -652.63992957
   -652.62095995
   -652.61626541
   -652.61574955
   -652.64755709
   -652.62282731
   -652.64287061
   -652.64370704
   -652.62996459
   -652.62000665
   -652.56630767
   -652.61870414
   -652.65849381
   -652.65450451
   -652.61384983
   -652.62327515
   -652.62154138
   -652.63541971
   -652.62028727
   -652.62752029
   -652.60763427
   -652.62402014
   -652.63481285
   -652.60963061
   -652.64246628
   -652.64630950
   -652.63502633
   -652.62556186
   -652.63945259
   -652.62879886
   -652.62983009
   -652.61371029
   -652.60904494
   -652.62016716
   -652.63253703
   -652.62556161
   -652.65794247
   -652.65633525
   -652.62595531
   -652.63628076
   -652.65223911
   -652.59346122
   -652.64292623
   -652.59649755
   -652.63221204
   -652.60972065
   -652.63865448
   -652.63311744
   -652.62934333
   -652.61591317
   -652.62317967
   -652.63411804
   -652.63545214
   -652.62651837
   -652.57228254
   -652.61799072
   -652.65319110
   -652.64816688
   -652.65728885
   -652.64156275
   -652.61960732
   -652.64441828
   -652.60950841
   -652.64380765
   -652.65943192
   -652.63003451
   -652.63340727
   -652.63114579
   -652.62346012
   -652.62174723
   -652.62906125
   -652.63288738
   -652.62914786
   -652.62149350
   -652.57205001
   -652.64374462
   -652.61223376
   -652.62774449
   -652.64622430
   -652.63789078
   -652.61099386
   -652.64108751
   -652.61948178
   -652.55763480
   -652.61575153
   -652.62834630
   -652.59456301
   -652.58522790
   -652.62187137
   -652.61847149
   -652.61613998
   -652.64442706
   -652.59832766
   -652.62650402
   -652.61998379
   -652.65429669
   -652.61606904
   -652.59132970
   -652.62474408
   -652.65941625
   -652.64255904
   -652.63362744
   -652.63487726
   -652.60728982
   -652.61674701
   -652.62655435
   -652.60896960
   -652.63579853
   -652.63922608
   -652.62654709
   -652.66499071
   -652.61301314
   -652.61901359
   -652.60654640
   -652.65109206
   -652.63026155
   -652.63549209
   -652.61517181
   -652.63681459
   -652.62937166
   -652.63180699
   -652.66369970
   -652.62022737
   -652.62386257
   -652.62101342
   -652.63413801
   -652.62627435
   -652.64905931
   -652.62404618
   -652.62693042
   -652.63128685
   -652.62272342
   -652.62093816
   -652.65919652
   -652.63883945
   -652.62748381
   -652.61104894
   -652.61477737
   -652.61206077
   -652.64546860
   -652.62265451
   -652.65074083
   -652.61398945
   -652.65383551
   -652.61052071
   -652.64091477
   -652.63375568
   -652.63738346
   -652.58312119
   -652.53979391
   -652.64094749
   -652.61642182
   -652.64193743
   -652.62579309
   -652.64585727
   -652.62776786
   -652.64300519
   -652.64710968
   -652.58928937
   -652.62697034
   -652.62727871
   -652.62763091
   -652.65001430
   -652.62397260
   -652.58945858
   -652.63856783
   -652.62174991
   -652.64846005
   -652.63318355
   -652.63311832
   -652.58847385
   -652.66395850
   -652.61765813
   -652.58913356
   -652.63113865
   -652.60524516
   -652.61694135
   -652.63626208
   -652.63383771
   -652.63484706
   -652.58856145
   -652.63088317
   -652.61815697
   -652.61151509
   -652.62206187
   -652.60049433
   -652.62376811
   -652.62183877
   -652.64632862
   -652.60574889
   -652.64178641
   -652.62432049
   -652.61203908
   -652.63039114
   -652.64135649
   -652.62594473
   -652.59809338
   -652.61826264
   -652.61673901
   -652.63914978
   -652.59911114
   -652.62845711
   -652.61976687
   -652.62943311
   -652.64048609
   -652.63163077
   -652.64234228
   -652.64255339
   -652.63665413
   -652.65092649
   -652.61880143
   -652.64621579
   -652.61109454
   -652.62792470
   -652.65011062
   -652.64318778
   -652.60219377
   -652.64136388
   -652.64636573
   -652.62045799
   -652.60891162
   -652.63080722
   -652.65479715
   -652.64354806
   -652.62261210
   -652.62690367
   -652.59869620
   -652.60846178
   -652.63429667
   -652.57378493
   -652.62780039
   -652.63415535
   -652.62806503
   -652.65238574
   -652.61732452
   -652.61063097
   -652.63582036
   -652.63743327
   -652.62115813
   -652.62503088
   -652.61883562
   -652.62976618
   -652.64345045
   -652.59220065
   -652.61339528
   -652.63136952
   -652.66325783
   -652.58259126
   -652.62387189
   -652.61414022
   -652.63458476
   -652.64374824
   -652.63599656
   -652.62376197
   -652.62583153
   -652.61931059
   -652.64111050
   -652.61822963
   -652.65545444
   -652.63778978
   -652.62690930
   -652.63327736
   -652.62350710
   -652.60990328
   -652.65548077
   -652.63393740
   -652.62824420
   -652.61743037
   -652.65265691
   -652.65049369
   -652.67106777
   -652.64617051
   -652.62837571
   -652.62610253
   -652.63927213
   -652.65145989
   -652.62732967
   -652.62313330
   -652.64086997
   -652.63756445
   -652.64173781
   -652.60551522
   -652.62922318
   -652.62907706
   -652.60674868
   -652.61141248
   -652.63328410
   -652.60379728
   -652.62652546
   -652.63841449
   -652.63232104
   -652.60868912
   -652.55286563
   -652.62633783
   -652.61382671
   -652.62704888
   -652.62330981
   -652.66047810
   -652.64398328
   -652.60935014
   -652.62950242
   -652.60235207
   -652.60116238
   -652.63782009
   -652.64816523
   -652.62923299
   -652.61844953
   -652.62692011
   -652.60358888
   -652.64803021
   -652.62248171
   -652.62330947
   -652.66202561
   -652.62314603
   -652.63711257
   -652.65623156
   -652.62124606
   -652.62450130
   -652.62830081
   -652.61588893
   -652.62325862
   -652.57708787
   -652.59693438
   -652.62987530
   -652.63749091
   -652.64226137
   -652.60111009
   -652.62813723
   -652.60290433
   -652.62969518
   -652.63583520
   -652.60364259
   -652.63212215
   -652.63172518
   -652.64029738
   -652.59842324
   -652.62124104
   -652.59794489
   -652.60568808
   -652.62276250
   -652.65814657
   -652.61824497
   -652.62069641
   -652.64633298
   -652.64519223
   -652.65656688
   -652.61959093
   -652.65820010
   -652.65239536
   -652.62465550
   -652.65646135
   -652.62597582
   -652.62724437
   -652.62090778
   -652.64768049
   -652.60590672
   -652.62577750
   -652.64123897
   -652.60524147
   -652.64643511
   -652.61353305
   -652.63439053
   -652.61257932
   -652.63289217
   -652.64858817
   -652.63452570
   -652.61335103
   -652.65841668
   -652.62971758
   -652.62254816
   -652.62766145
   -652.61021296
   -652.62941311
   -652.65455586
   -652.62809944
   -652.61467800
   -652.63450200
   -652.62193827
   -652.65570714
   -652.62823048
   -652.62249857
   -652.61728917
   -652.63484188
   -652.62456195
   -652.61936444
   -652.64714937
   -652.65450185
   -652.61449916
   -652.63377946
   -652.65729149
   -652.61283775
   -652.59276465
   -652.64247345
   -652.63389151
   -652.63521207
   -652.63840434
   -652.59896383
   -652.65492325
   -652.56842012
   -652.65382448
   -652.66082990
   -652.63038578
   -652.62001042
   -652.63518066
   -652.63468716
   -652.60925398
   -652.63588293
   -652.51399927
   -652.62152527
   -652.61289662
   -652.66261410
   -652.62642536
   -652.62335502
   -652.62140749
   -652.62096795
   -652.60904153
   -652.63627519
   -652.61971707
   -652.61549652
   -652.64199478
   -652.61561015
   -652.61119919
   -652.62024209
   -652.60764588
   -652.62030399
   -652.62255187
   -652.67956993
   -652.66343512
   -652.61486359
   -652.64667103
   -652.59326222
   -652.64899933
   -652.58149816
   -652.62410228
   -652.63065208
   -652.62822100
   -652.57917930
   -652.60483103
   -652.66017051
   -652.62308771
   -652.62865267
   -652.63417860
   -652.64369807
   -652.63430011
   -652.61453619
   -652.64562246
   -652.64314062
   -652.63602192
   -652.63838660
   -652.63230603
   -652.62720385
   -652.64630709
   -652.62262711
   -652.63337768
   -652.61954320
   -652.61010301
   -652.61654738
   -652.62389458
   -652.62024435
   -652.61656645
   -652.64874720
   -652.63984541
   -652.61623332
   -652.63097686
   -652.60870650
   -652.65946013
   -652.62722350
   -652.63912365
   -652.64049445
   -652.55257917
   -652.64063294
   -652.56521266
   -652.63069467
   -652.63683419
   -652.63673303
   -652.61604985
   -652.63495805
   -652.63198590
   -652.62941724
   -652.58942313
   -652.60534368
   -652.61290394
   -652.61906757
   -652.62255680
   -652.58502858
   -652.62246961
   -652.63598591
   -652.61834127
   -652.63274558
   -652.62265893
   -652.63378292
   -652.62584046
   -652.62447941
   -652.63134237
   -652.65368146
   -652.63527520
   -652.62682955
   -652.62591538
   -652.66207502
   -652.61701000
   -652.62485749
   -652.60827431
   -652.61633231
   -652.59279894
   -652.61953585
   -652.63914024
   -652.63091158
   -652.60838405
   -652.61810175
   -652.63607631
   -652.62317201
   -652.64173730
   -652.56979037
   -652.64013781
   -652.60300228
   -652.64759215
   -652.61354781
   -652.64526053
   -652.62305087
   -652.64449954
   -652.62901626
   -652.62078608
   -652.59207278
   -652.63294657
   -652.62297574
   -652.60760395
   -652.61532398
   -652.60437752
   -652.63413882
   -652.60348437
   -652.64205207
   -652.64822307
   -652.61885564
   -652.61985528
   -652.62356561
   -652.63669053
   -652.62337404
   -652.63124929
   -652.62972262
   -652.63017552
   -652.62990431
   -652.62914646
   -652.60358363
   -652.64326291
   -652.61681632
   -652.60988911
   -652.60397382
   -652.65743835
   -652.61756508
   -652.63873054
   -652.65178835
   -652.63190794
   -652.62360776
   -652.61484600
   -652.61523385
   -652.60082045
   -652.60458653
   -652.61905483
   -652.62964132
   -652.62982835
   -652.62100525
   -652.61816756
   -652.60091085
   -652.63829372
   -652.59852262
   -652.61329388
   -652.64013052
   -652.62317454
   -652.61823761
   -652.62152070
   -652.62058028
   -652.63812766
   -652.63940126
   -652.61871843
   -652.62343699
   -652.62611567
   -652.59636813
   -652.60657457
   -652.62012205
   -652.59341015
   -652.63054297
   -652.62971644
   -652.63242346
   -652.65703310
   -652.60349987
   -652.66232351
   -652.65052207
   -652.60906855
   -652.59335353
   -652.61832000
   -652.64722170
   -652.62350141
   -652.57673739
   -652.60974815
   -652.63363752
   -652.65637701
   -652.62465076
   -652.65214834
   -652.62687233
   -652.63026428
   -652.61888341
   -652.57763133
   -652.62849021
   -652.64974441
   -652.63402616
   -652.61715558
   -652.61653967
   -652.62689606
   -652.55187066
   -652.62403545
   -652.65598767
   -652.64991816
   -652.65873352
   -652.60353973
   -652.63527207
   -652.62351780
   -652.61027324
   -652.63799289
   -652.60955316
   -652.66973356
   -652.61408142
   -652.61329305
   -652.62044860
   -652.63182646
   -652.63252333
   -652.62728509
   -652.62394560
   -652.63412726
   -652.60986788
   -652.61210277
   -652.59768352
   -652.62210395
   -652.63166677
   -652.64401042
   -652.63345466
   -652.65566678
   -652.63699216
   -652.60220476
   -652.62616878
   -652.65803751
   -652.62425085
   -652.58275510
   -652.63166564
   -652.66138928
   -652.62140955
   -652.58645966
   -652.64528387
   -652.64267183
   -652.63572325
   -652.65596271
   -652.58403275
   -652.61603477
   -652.62863577
   -652.62310875
   -652.63283271
   -652.62477028
   -652.63637245
   -652.62179649
   -652.62666529
   -652.64724612
   -652.62774348
   -652.64365538
   -652.63396696
   -652.64285726
   -652.63426213
