% The following energies apply to conformations described by the topology 
% R24.top.  Structures are given in trajectory coords.cdf, count: 2828.

% Item 0:
%   Energy -> orca_structures/coor*/Conf*.out
   -840.85619466
   -840.72576888
   -840.87490855
   -840.88630054
   -840.86598226
   -840.84297103
   -840.87567841
   -840.85231387
   -840.89822389
   -840.85430989
   -840.85917466
   -840.85837742
   -840.86766323
   -840.89175891
   -840.86479455
   -840.83906456
   -840.85892980
   -840.86375070
   -840.82718158
   -840.88316769
   -840.87769602
   -840.90507723
   -840.87209609
   -840.88008578
   -840.90016387
   -840.86339050
   -840.88920613
   -840.88088108
   -840.77038590
   -840.88641661
   -840.83940002
   -840.87151949
   -840.86091433
   -840.80746866
   -840.86423660
   -840.86142735
   -840.73587222
   -840.87481320
   -840.88285279
   -840.85754731
   -840.89621535
   -840.87369849
   -840.89260933
   -840.84711108
   -840.86825456
   -840.87921654
   -840.86457046
   -840.87293719
   -840.86587889
   -840.84575186
   -840.88610004
   -840.81500824
   -840.84906973
   -840.85917513
   -840.84939195
   -840.72367609
   -840.88154765
   -840.90111500
   -840.86140441
   -840.91009716
   -840.85886731
   -840.81901532
   -840.87364545
   -840.85730619
   -840.88163072
   -840.85916118
   -840.83625271
   -840.84945360
   -840.86946550
   -840.86033557
   -840.85764046
   -840.88444834
   -840.87154138
   -840.84090320
   -840.87820428
   -840.84825226
   -840.87050677
   -840.87287166
   -840.85418718
   -840.85206982
   -840.84968913
   -840.86825935
   -840.89142085
   -840.83806513
   -840.88726238
   -840.84869074
   -840.87746259
   -840.83726044
   -840.86395437
   -840.87045077
   -840.88185556
   -840.87589977
   -840.87311674
   -840.82806478
   -840.87745577
   -840.84332291
   -840.86583775
   -840.84448669
   -840.81595978
   -840.86995877
   -840.87115094
   -840.84227624
   -840.87593436
   -840.87024154
   -840.89058700
   -840.85533132
   -840.89266757
   -840.84900483
   -840.86451083
   -840.86004254
   -840.91230702
   -840.87272072
   -840.89150319
   -840.82800925
   -840.86448762
   -840.88937681
   -840.85003230
   -840.86455085
   -840.88815334
   -840.81735445
   -840.86523809
   -840.87002082
   -840.86289913
   -840.88542076
   -840.87958782
   -840.81192055
   -840.85231582
   -840.83703916
   -840.84041652
   -840.87967545
   -840.85407369
   -840.88867226
   -840.86059080
   -840.87078930
   -840.89003459
   -840.85343324
   -840.86799857
   -840.86470912
   -840.88344859
   -840.85616303
   -840.85229149
   -840.88586651
   -840.86750231
   -840.73861726
   -840.85277237
   -840.86431562
   -840.85438089
   -840.87989305
   -840.87965004
   -840.80923975
   -840.89985880
   -840.87432143
   -840.85798829
   -840.86436168
   -840.87188999
   -840.88994765
   -840.86246702
   -840.87827050
   -840.87049316
   -840.85920685
   -840.87899645
   -840.87215539
   -840.90412224
   -840.87612943
   -840.84955778
   -840.87806190
   -840.88203247
   -840.88333504
   -840.82353369
   -840.87268376
   -840.87964906
   -840.84612750
   -840.88276337
   -840.84286004
   -840.84652543
   -840.86838220
   -840.86768492
   -840.86108116
   -840.88289850
   -840.85606200
   -840.90687795
   -840.89317801
   -840.85267795
   -840.87016516
   -840.88146418
   -840.86631080
   -840.85864845
   -840.89667287
   -840.85478186
   -840.85861201
   -840.86301839
   -840.88646077
   -840.85005221
   -840.85470377
   -840.83880477
   -840.86529724
   -840.87964869
   -840.84594004
   -840.85366176
   -840.87890982
   -840.87632638
   -840.89204215
   -840.87532288
   -840.88539992
   -840.87024194
   -840.83967121
   -840.89036087
   -840.84439937
   -840.84490831
   -840.85755368
   -840.83661347
   -840.87174059
   -840.75737190
   -840.89486112
   -840.81840999
   -840.87964870
   -840.72836193
   -840.86891476
   -840.86356869
   -840.86808725
   -840.87731316
   -840.80526138
   -840.87655860
   -840.81685278
   -840.89302932
   -840.88278522
   -840.87171989
   -840.86988756
   -840.87360150
   -840.84664425
   -840.86307528
   -840.87753995
   -840.86943108
   -840.87228926
   -840.88352940
   -840.88796502
   -840.85272234
   -840.90963562
   -840.86106127
   -840.88581235
   -840.89007432
   -840.84646120
   -840.87982957
   -840.87220256
   -840.86969900
   -840.87929264
   -840.85518208
   -840.86984792
   -840.84486257
   -840.87670941
   -840.86299583
   -840.88285368
   -840.86807368
   -840.87408715
   -840.87673897
   -840.84754947
   -840.85521156
   -840.86068604
   -840.87119701
   -840.85473636
   -840.89216984
   -840.86157488
   -840.88546857
   -840.88738272
   -840.87636669
   -840.87015717
   -840.85511415
   -840.88496157
   -840.88557169
   -840.90150952
   -840.88831294
   -840.86330524
   -840.85634895
   -840.84207642
   -840.85261169
   -840.84663626
   -840.87764676
   -840.85324429
   -840.84971064
   -840.88899572
   -840.85902142
   -840.84824635
   -840.85938537
   -840.88016188
   -840.87882479
   -840.87376761
   -840.83693670
   -840.77440727
   -840.89405348
   -840.88328790
   -840.88971387
   -840.89396502
   -840.86696289
   -840.87279879
   -840.84243800
   -840.85606246
   -840.85622329
   -840.87381616
   -840.88900548
   -840.89064239
   -840.86804809
   -840.88167528
   -840.87307972
   -840.88451473
   -840.87168612
   -840.87596824
   -840.86753984
   -840.85868166
   -840.85438073
   -840.86444077
   -840.86390031
   -840.82551881
   -840.88622005
   -840.85941123
   -840.86522682
   -840.88214766
   -840.89314274
   -840.87232376
   -840.88007576
   -840.88050323
   -840.71919096
   -840.74766765
   -840.87716850
   -840.84716730
   -840.87907016
   -840.89186259
   -840.87657670
   -840.86925214
   -840.87066241
   -840.85734877
   -840.87662782
   -840.86439978
   -840.86836642
   -840.87959101
   -840.88730567
   -840.83869619
   -840.88282401
   -840.84025505
   -840.88278337
   -840.85926163
   -840.87463539
   -840.86497476
   -840.90362441
   -840.85988261
   -840.86843228
   -840.86075601
   -840.88321593
   -840.87886278
   -840.88518538
   -840.87630629
   -840.87615985
   -840.79976154
   -840.88249895
   -840.86826447
   -840.90720109
   -840.86389645
   -840.85638653
   -840.88664213
   -840.73036767
   -840.86681876
   -840.88241213
   -840.89002446
   -840.87658711
   -840.87875358
   -840.85725075
   -840.87497587
   -840.84510201
   -840.85425283
   -840.86599326
   -840.89350923
   -840.88837397
   -840.83859700
   -840.85139563
   -840.84714524
   -840.90144765
   -840.88389417
   -840.86828601
   -840.85918716
   -840.89688680
   -840.88857713
   -840.85351959
   -840.85270654
   -840.89332908
   -840.86729986
   -840.88458242
   -840.87463000
   -840.85895622
   -840.87104975
   -840.84038030
   -840.72078948
   -840.87978107
   -840.87232382
   -840.87457034
   -840.87514498
   -840.87658763
   -840.85590405
   -840.86343955
   -840.86448138
   -840.89664873
   -840.88318961
   -840.88718952
   -840.84768551
   -840.87464541
   -840.79208784
   -840.86740485
   -840.89522098
   -840.89664375
   -840.86508828
   -840.87981945
   -840.87067944
   -840.85219698
   -840.76287420
   -840.92015674
   -840.88440763
   -840.83652931
   -840.89076466
   -840.87694241
   -840.84738538
   -840.89811337
   -840.87566073
   -840.87878234
   -840.87126116
   -840.85794854
   -840.87718745
   -840.87843295
   -840.72548898
   -840.88622077
   -840.87971662
   -840.89954555
   -840.86783895
   -840.90297219
   -840.86058634
   -840.85732986
   -840.83576286
   -840.87516063
   -840.87099364
   -840.79507907
   -840.85435355
   -840.89612431
   -840.87729111
   -840.84343478
   -840.83525155
   -840.72207131
   -840.86304796
   -840.86350816
   -840.90105257
   -840.86591061
   -840.85928419
   -840.81998176
   -840.84826850
   -840.85632310
   -840.86044162
   -840.89360471
   -840.87940847
   -840.73354112
   -840.86031833
   -840.87701435
   -840.88278367
   -840.85582815
   -840.89627863
   -840.89963120
   -840.89528363
   -840.81581301
   -840.86183775
   -840.88844415
   -840.84974522
   -840.87610573
   -840.87162498
   -840.86473725
   -840.89638339
   -840.86941681
   -840.86776341
   -840.87722725
   -840.88621152
   -840.85928857
   -840.86514222
   -840.85444026
   -840.88308194
   -840.86953149
   -840.86431918
   -840.83429553
   -840.78895020
   -840.90024218
   -840.86406307
   -840.85633009
   -840.90038561
   -840.85365703
   -840.87293929
   -840.86118722
   -840.87674577
   -840.85711848
   -840.87644862
   -840.89301043
   -840.88018666
   -840.88569582
   -840.81575113
   -840.85439692
   -840.86285858
   -840.87581274
   -840.89147039
   -840.87824812
   -840.84533307
   -840.87184518
   -840.88795378
   -840.86762780
   -840.86937840
   -840.88944505
   -840.86183910
   -840.86898329
   -840.89018628
   -840.86267643
   -840.85887190
   -840.88253543
   -840.86315561
   -840.83868822
   -840.85951797
   -840.86556346
   -840.86263602
   -840.86502920
   -840.86968049
   -840.85696122
   -840.87716877
   -840.85867626
   -840.88120537
   -840.87062834
   -840.85744460
   -840.83211720
   -840.89339313
   -840.84436250
   -840.83564646
   -840.89828813
   -840.88166181
   -840.89102489
   -840.87816127
   -840.88140254
   -840.86589882
   -840.85741621
   -840.87986590
   -840.88323601
   -840.84448031
   -840.88863368
   -840.87909781
   -840.86070083
   -840.86193333
   -840.88171763
   -840.89225418
   -840.87261556
   -840.85647652
   -840.86988910
   -840.70862931
   -840.86772745
   -840.88274642
   -840.84971419
   -840.89015415
   -840.86686946
   -840.84586627
   -840.82509507
   -840.85867222
   -840.86409670
   -840.87554758
   -840.87745406
   -840.86156971
   -840.84768885
   -840.87151404
   -840.86934318
   -840.89230302
   -840.85736247
   -840.84752133
   -840.87330635
   -840.87044518
   -840.89957903
   -840.84465516
   -840.84568475
   -840.78753195
   -840.83811676
   -840.87771043
   -840.87493783
   -840.85145275
   -840.88502820
   -840.87130490
   -840.83481086
   -840.88116417
   -840.90483565
   -840.82280366
   -840.90160030
   -840.84855229
   -840.87183457
   -840.87181492
   -840.88302843
   -840.87250083
   -840.85934277
   -840.89210132
   -840.86636160
   -840.87958522
   -840.89573823
   -840.87404697
   -840.83324543
   -840.87274372
   -840.88325166
   -840.86996726
   -840.80392212
   -840.86694076
   -840.84367637
   -840.85829454
   -840.86989085
   -840.81157110
   -840.88760316
   -840.86095049
   -840.88617828
   -840.86565743
   -840.85103944
   -840.87220187
   -840.87134333
   -840.86045840
   -840.85608502
   -840.85975227
   -840.87371339
   -840.70783479
   -840.88943480
   -840.86737789
   -840.82889559
   -840.74315046
   -840.86056377
   -840.87851075
   -840.86056589
   -840.74761984
   -840.84221378
   -840.88051698
   -840.90126991
   -840.90575795
   -840.86744771
   -840.84022999
   -840.81644397
   -840.85621043
   -840.81422547
   -840.83562509
   -840.87189589
   -840.82097066
   -840.84590513
   -840.88585167
   -840.90156997
   -840.89680343
   -840.89486089
   -840.87911293
   -840.88366285
   -840.84465645
   -840.90000286
   -840.88908722
   -840.81817600
   -840.87074134
   -840.88638644
   -840.88223155
   -840.84528501
   -840.87097431
   -840.84545987
   -840.85991260
   -840.87871362
   -840.87978502
   -840.89781066
   -840.81410042
   -840.87754608
   -840.88018160
   -840.85850490
   -840.84120573
   -840.88152989
   -840.82518572
   -840.90198254
   -840.88492454
   -840.88472511
   -840.85911820
   -840.83268778
   -840.85924302
   -840.88126513
   -840.86455806
   -840.84673229
   -840.86655692
   -840.88346870
   -840.88232569
   -840.90581731
   -840.90513286
   -840.85908029
   -840.88537756
   -840.86731950
   -840.79018230
   -840.86208460
   -840.88838531
   -840.86727013
   -840.88715001
   -840.86358175
   -840.88196967
   -840.86139819
   -840.76040458
   -840.86858643
   -840.85204605
   -840.86937500
   -840.83507557
   -840.88290270
   -840.86078849
   -840.83298875
   -840.89192730
   -840.87504113
   -840.88760550
   -840.86493937
   -840.84929650
   -840.89072428
   -840.87877713
   -840.86388608
   -840.82748095
   -840.87466021
   -840.87535876
   -840.82003096
   -840.86912395
   -840.89093488
   -840.88707547
   -840.89366506
   -840.89259747
   -840.88978316
   -840.84396609
   -840.88097469
   -840.87552059
   -840.87787008
   -840.89600011
   -840.89374336
   -840.87430902
   -840.83907927
   -840.88012234
   -840.84721583
   -840.83229723
   -840.88145963
   -840.85112866
   -840.85154135
   -840.85928745
   -840.87620162
   -840.87892971
   -840.87574092
   -840.86092983
   -840.90455761
   -840.86337664
   -840.89439300
   -840.88289036
   -840.87944204
   -840.86714859
   -840.87548697
   -840.86751971
   -840.84876559
   -840.88298603
   -840.86958795
   -840.87329799
   -840.88680221
   -840.86876158
   -840.85315648
   -840.73560745
   -840.89582862
   -840.87431294
   -840.88089244
   -840.86771204
   -840.86015948
   -840.85619131
   -840.85597264
   -840.87112857
   -840.82180986
   -840.72579124
   -840.84016316
   -840.89733854
   -840.83930665
   -840.88603595
   -840.84735841
   -840.87982968
   -840.84867287
   -840.84352768
   -840.86271456
   -840.82146505
   -840.85229537
   -840.83602325
   -840.84944526
   -840.89563605
   -840.81395124
   -840.88370525
   -840.80324620
   -840.80108955
   -840.86366604
   -840.88529602
   -840.88035217
   -840.86215482
   -840.87681180
   -840.89020064
   -840.89815253
   -840.87196606
   -840.87885474
   -840.84093480
   -840.86093257
   -840.84822181
   -840.87072561
   -840.88612039
   -840.89902643
   -840.88081378
   -840.88692016
   -840.87698744
   -840.88367078
   -840.83776106
   -840.87905702
   -840.89422010
   -840.84158183
   -840.86469998
   -840.86426144
   -840.87974993
   -840.85323411
   -840.87087553
   -840.84690490
   -840.88143063
   -840.87670664
   -840.86642720
   -840.88079831
   -840.85706915
   -840.87184235
   -840.87684886
   -840.87252220
   -840.86208197
   -840.86218824
   -840.87501534
   -840.87890861
   -840.88684683
   -840.84891980
   -840.89470109
   -840.87755998
   -840.85478356
   -840.88244873
   -840.86801560
   -840.85153877
   -840.85571972
   -840.88112131
   -840.85666318
   -840.87024492
   -840.86681789
   -840.88144265
   -840.87100656
   -840.88671580
   -840.85502006
   -840.89414203
   -840.86175714
   -840.85818617
   -840.87493042
   -840.87722293
   -840.79605147
   -840.86733689
   -840.87985409
   -840.89358291
   -840.88586449
   -840.87396129
   -840.88154591
   -840.86332709
   -840.86771819
   -840.87484095
   -840.88255210
   -840.85935433
   -840.87285830
   -840.87363759
   -840.86268811
   -840.86366024
   -840.86167872
   -840.86371365
   -840.83212452
   -840.90384510
   -840.86870687
   -840.85574175
   -840.89107486
   -840.86113011
   -840.83442398
   -840.85682851
   -840.87324039
   -840.87528261
   -840.88316681
   -840.87288286
   -840.87739705
   -840.82291141
   -840.87104714
   -840.88806160
   -840.87103079
   -840.85503474
   -840.87009255
   -840.86436054
   -840.88873979
   -840.85042376
   -840.88995922
   -840.86210863
   -840.88148494
   -840.85774684
   -840.87473226
   -840.83300226
   -840.71718217
   -840.88722881
   -840.86505674
   -840.86396482
   -840.88622723
   -840.86060597
   -840.88429923
   -840.84822803
   -840.83887629
   -840.88673716
   -840.87942973
   -840.88444063
   -840.88604539
   -840.88225583
   -840.87287117
   -840.91028665
   -840.87657188
   -840.85755810
   -840.85628826
   -840.85618078
   -840.87332332
   -840.88142314
   -840.87083387
   -840.73248864
   -840.86309466
   -840.86303663
   -840.90119732
   -840.89627678
   -840.88168950
   -840.84810224
   -840.84755467
   -840.85028674
   -840.87085890
   -840.88099281
   -840.87455336
   -840.88544076
   -840.75790439
   -840.88023866
   -840.84606220
   -840.84352819
   -840.88045356
   -840.89915309
   -840.84169810
   -840.89858573
   -840.88092943
   -840.81108341
   -840.87859312
   -840.85522966
   -840.87882630
   -840.88106194
   -840.87715140
   -840.87855940
   -840.86952758
   -840.86328834
   -840.85187037
   -840.87548591
   -840.85516896
   -840.86663940
   -840.87062709
   -840.87287911
   -840.87642706
   -840.89967062
   -840.88691567
   -840.86621287
   -840.87735664
   -840.84238585
   -840.89266229
   -840.89433254
   -840.85670505
   -840.86321446
   -840.85607431
   -840.86183483
   -840.87452169
   -840.86758482
   -840.86298506
   -840.87485763
   -840.87701907
   -840.83920291
   -840.87926875
   -840.87325344
   -840.87852417
   -840.85069981
   -840.89809163
   -840.86113537
   -840.87725370
   -840.88889607
   -840.88853108
   -840.87662592
   -840.82270168
   -840.86389845
   -840.87173581
   -840.85933328
   -840.89460707
   -840.89786097
   -840.88838460
   -840.89693785
   -840.86820812
   -840.87505355
   -840.88388520
   -840.88140669
   -840.88928517
   -840.87694998
   -840.88210502
   -840.86902912
   -840.88674468
   -840.86934624
   -840.86594548
   -840.88604683
   -840.88292509
   -840.86854525
   -840.87400716
   -840.88375773
   -840.88525855
   -840.86506813
   -840.71015544
   -840.87171713
   -840.86134269
   -840.87095791
   -840.89101324
   -840.79225314
   -840.88005092
   -840.85251047
   -840.87255604
   -840.88103639
   -840.86976502
   -840.87491390
   -840.86694752
   -840.84063542
   -840.88426550
   -840.88667905
   -840.87024986
   -840.84327931
   -840.85033472
   -840.86574100
   -840.88669644
   -840.85020053
   -840.89290121
   -840.86884413
   -840.88361669
   -840.86362458
   -840.88494765
   -840.87639671
   -840.87800096
   -840.88169724
   -840.91166883
   -840.85359189
   -840.88839712
   -840.85461447
   -840.89420472
   -840.86948419
   -840.85148033
   -840.89836351
   -840.88448481
   -840.90888200
   -840.90923205
   -840.84361306
   -840.84785529
   -840.86104670
   -840.88795600
   -840.85302687
   -840.85663269
   -840.87431458
   -840.84898315
   -840.84050364
   -840.84439410
   -840.82872065
   -840.91269677
   -840.88939327
   -840.88336686
   -840.87025489
   -840.87960307
   -840.88294203
   -840.76782178
   -840.87941403
   -840.86541588
   -840.86795105
   -840.86630412
   -840.87731437
   -840.87359286
   -840.89182319
   -840.88634285
   -840.85730884
   -840.87443782
   -840.86892501
   -840.87728611
   -840.90010466
   -840.87518965
   -840.85536925
   -840.87071114
   -840.68931506
   -840.89201166
   -840.89015563
   -840.87304007
   -840.86925669
   -840.87270887
   -840.86565149
   -840.87703392
   -840.86954881
   -840.80711154
   -840.87600692
   -840.87406852
   -840.87014605
   -840.88557719
   -840.86002813
   -840.87793579
   -840.86811468
   -840.88810061
   -840.88367412
   -840.83217452
   -840.86263472
   -840.83772059
   -840.88806210
   -840.84221637
   -840.84821862
   -840.83213865
   -840.84641261
   -840.84400725
   -840.85660475
   -840.83813077
   -840.86716824
   -840.87683027
   -840.89797943
   -840.88070917
   -840.85578475
   -840.89493306
   -840.77879211
   -840.89268283
   -840.87946932
   -840.88723666
   -840.88070753
   -840.85552259
   -840.74243074
   -840.84956891
   -840.90456930
   -840.83424205
   -840.89789596
   -840.87388528
   -840.86163392
   -840.83706020
   -840.85642698
   -840.87276485
   -840.82797277
   -840.88152765
   -840.86845286
   -840.85753228
   -840.86323752
   -840.83324075
   -840.86478998
   -840.87699640
   -840.78039544
   -840.83081975
   -840.85959188
   -840.82756672
   -840.89355418
   -840.82734075
   -840.87173469
   -840.83627852
   -840.71894964
   -840.87445500
   -840.84189405
   -840.81603906
   -840.87935111
   -840.87076214
   -840.87582290
   -840.83091250
   -840.86774020
   -840.87650055
   -840.85144103
   -840.84955474
   -840.84676773
   -840.83473303
   -840.86449199
   -840.84498217
   -840.85996623
   -840.89701507
   -840.87586638
   -840.86457268
   -840.83097235
   -840.90541592
   -840.83727205
   -840.83923975
   -840.86582914
   -840.85244183
   -840.85520270
   -840.84952237
   -840.88675480
   -840.86417656
   -840.89093727
   -840.89463147
   -840.89774900
   -840.80604428
   -840.86537349
   -840.84808396
   -840.82813286
   -840.84784998
   -840.84769637
   -840.86734262
   -840.87060122
   -840.85378090
   -840.89518694
   -840.86611677
   -840.87420064
   -840.89895148
   -840.86043113
   -840.87524094
   -840.86127786
   -840.87134395
   -840.84689264
   -840.87195731
   -840.84755166
   -840.86077726
   -840.85977529
   -840.86006198
   -840.89145095
   -840.87826154
   -840.87085469
   -840.87845388
   -840.87250576
   -840.85793545
   -840.86755116
   -840.87589041
   -840.86429959
   -840.88700140
   -840.88612298
   -840.87917237
   -840.88096030
   -840.86900309
   -840.85161207
   -840.84579782
   -840.84589968
   -840.85268410
   -840.87071564
   -840.84415430
   -840.87562679
   -840.88595978
   -840.89557447
   -840.89921918
   -840.85966845
   -840.84600805
   -840.84258668
   -840.86358730
   -840.88401617
   -840.89165979
   -840.84695534
   -840.87460441
   -840.84432768
   -840.88750292
   -840.88966325
   -840.89060895
   -840.90660290
   -840.88941362
   -840.87170091
   -840.83995062
   -840.87129392
   -840.85879902
   -840.87545391
   -840.88440455
   -840.87691191
   -840.71783335
   -840.86456902
   -840.82471670
   -840.85729003
   -840.82890111
   -840.89113865
   -840.85000951
   -840.77957268
   -840.87197955
   -840.87251111
   -840.86587547
   -840.85775616
   -840.89014624
   -840.85870763
   -840.89192910
   -840.87330979
   -840.88330279
   -840.86959377
   -840.88013609
   -840.85963293
   -840.88684443
   -840.86592122
   -840.88499592
   -840.87510734
   -840.87895217
   -840.88747310
   -840.80432628
   -840.85478505
   -840.87615233
   -840.73344830
   -840.82620177
   -840.89132102
   -840.84293131
   -840.87394833
   -840.88790110
   -840.85408267
   -840.84726861
   -840.87676303
   -840.90202171
   -840.84368610
   -840.87744711
   -840.85894059
   -840.83136862
   -840.86786902
   -840.82455502
   -840.87293628
   -840.90377651
   -840.84860329
   -840.85913783
   -840.86476045
   -840.84692512
   -840.88452528
   -840.87074998
   -840.88182905
   -840.87896919
   -840.88802593
   -840.88022636
   -840.89056622
   -840.87923422
   -840.85804351
   -840.85592288
   -840.89129466
   -840.85284466
   -840.87415943
   -840.85096157
   -840.86505809
   -840.87874907
   -840.86028068
   -840.87843140
   -840.85552557
   -840.87148244
   -840.88570073
   -840.73251691
   -840.80952203
   -840.85819992
   -840.86078503
   -840.86270462
   -840.87991108
   -840.85536449
   -840.90894153
   -840.79454387
   -840.89134399
   -840.89453709
   -840.89631492
   -840.86779888
   -840.85187154
   -840.85750995
   -840.88602144
   -840.80526401
   -840.86056164
   -840.84044889
   -840.87547048
   -840.83028828
   -840.86402895
   -840.87830370
   -840.87301052
   -840.88127187
   -840.85841040
   -840.89374817
   -840.78167385
   -840.88766408
   -840.84994456
   -840.84402900
   -840.87635659
   -840.86107876
   -840.88519103
   -840.86175016
   -840.87396893
   -840.87621662
   -840.87984115
   -840.84165532
   -840.79534869
   -840.84565950
   -840.86680180
   -840.73272933
   -840.85392205
   -840.86498033
   -840.88861697
   -840.87737976
   -840.88282094
   -840.86380958
   -840.84032203
   -840.87839612
   -840.86783472
   -840.88566135
   -840.84246301
   -840.86655790
   -840.81789356
   -840.87662355
   -840.87656189
   -840.85177395
   -840.84793497
   -840.86454557
   -840.84662856
   -840.85552214
   -840.89777005
   -840.87388833
   -840.87427604
   -840.88800430
   -840.86587782
   -840.84372379
   -840.85253340
   -840.85220123
   -840.83783684
   -840.88796547
   -840.77029608
   -840.85312629
   -840.87949568
   -840.84738867
   -840.86359647
   -840.86608501
   -840.80944016
   -840.86505199
   -840.75683398
   -840.86402838
   -840.84987278
   -840.87991165
   -840.85933762
   -840.85976649
   -840.80362696
   -840.89642799
   -840.83250078
   -840.85494501
   -840.86115484
   -840.87047413
   -840.86640633
   -840.87005286
   -840.86936457
   -840.85670752
   -840.87482534
   -840.87645858
   -840.87682053
   -840.88396530
   -840.85120158
   -840.88678220
   -840.85178029
   -840.84630089
   -840.87454216
   -840.85702679
   -840.86884237
   -840.88287689
   -840.86552980
   -840.88041803
   -840.89116789
   -840.86108158
   -840.87903122
   -840.87960929
   -840.86259146
   -840.80289951
   -840.88532818
   -840.88422077
   -840.84083628
   -840.82315269
   -840.85654397
   -840.87563217
   -840.88895127
   -840.86461561
   -840.86353219
   -840.86617421
   -840.85426894
   -840.86757957
   -840.86748720
   -840.86381317
   -840.87703063
   -840.86449932
   -840.86740807
   -840.82197432
   -840.86378572
   -840.86230202
   -840.85614390
   -840.83975951
   -840.86137933
   -840.88036620
   -840.85459179
   -840.86335784
   -840.84557691
   -840.86235398
   -840.86299241
   -840.85412604
   -840.87122294
   -840.89366706
   -840.86616972
   -840.80674234
   -840.73763170
   -840.87059129
   -840.87295372
   -840.89656889
   -840.87388574
   -840.70888385
   -840.84865048
   -840.87104762
   -840.88731012
   -840.84361406
   -840.89516617
   -840.85326765
   -840.87126205
   -840.77163110
   -840.86131665
   -840.86702521
   -840.88095777
   -840.87087367
   -840.88846869
   -840.84799144
   -840.87995750
   -840.85429057
   -840.80847533
   -840.89233582
   -840.85333448
   -840.84918245
   -840.86392177
   -840.83712650
   -840.86078876
   -840.86206763
   -840.85762653
   -840.87098927
   -840.88415820
   -840.87997024
   -840.82945141
   -840.85560625
   -840.86698239
   -840.86112672
   -840.87966915
   -840.86863390
   -840.86248170
   -840.87626891
   -840.88729116
   -840.85958406
   -840.89518662
   -840.82235175
   -840.87122758
   -840.84323583
   -840.83353007
   -840.79298158
   -840.89144928
   -840.88238211
   -840.87734392
   -840.88140848
   -840.88143599
   -840.89692144
   -840.86905544
   -840.86811301
   -840.88586132
   -840.91002571
   -840.88986748
   -840.83175221
   -840.84535097
   -840.87756980
   -840.86279968
   -840.89427474
   -840.84811969
   -840.84154777
   -840.88227889
   -840.87387844
   -840.86943085
   -840.88035100
   -840.87446015
   -840.89511181
   -840.88954761
   -840.86933255
   -840.85012139
   -840.72806505
   -840.86336646
   -840.83691371
   -840.87963799
   -840.86909724
   -840.87246820
   -840.87853203
   -840.87509840
   -840.86526040
   -840.81101893
   -840.85476334
   -840.83041075
   -840.85252717
   -840.83895349
   -840.87056708
   -840.85237414
   -840.86685009
   -840.85037825
   -840.86809520
   -840.88837112
   -840.87506270
   -840.88412434
   -840.85696122
   -840.90363910
   -840.86369844
   -840.86583114
   -840.88469480
   -840.88324941
   -840.84325702
   -840.87194892
   -840.88193572
   -840.87721183
   -840.88644512
   -840.87842082
   -840.87418431
   -840.86839655
   -840.87178329
   -840.87239413
   -840.84785926
   -840.85598753
   -840.86717035
   -840.86694445
   -840.84275467
   -840.84738146
   -840.87127974
   -840.82841385
   -840.83689919
   -840.87118540
   -840.89211061
   -840.84029535
   -840.87350354
   -840.86983177
   -840.84618027
   -840.86042330
   -840.87818535
   -840.87164395
   -840.88153651
   -840.86534671
   -840.85737231
   -840.88867383
   -840.83367974
   -840.81354279
   -840.88922668
   -840.83854753
   -840.85862524
   -840.89064318
   -840.84020102
   -840.87237754
   -840.87032176
   -840.87024624
   -840.84116049
   -840.87740495
   -840.88770029
   -840.89860032
   -840.86788034
   -840.80088586
   -840.84462956
   -840.78626138
   -840.90200422
   -840.86837550
   -840.82246194
   -840.87670884
   -840.89325208
   -840.89329737
   -840.85956795
   -840.86724762
   -840.85547482
   -840.84105024
   -840.85141174
   -840.86354423
   -840.86861332
   -840.88533606
   -840.83384797
   -840.89264626
   -840.88545630
   -840.86057093
   -840.88851458
   -840.90914111
   -840.84874914
   -840.88064068
   -840.89009190
   -840.85710273
   -840.84589844
   -840.86905746
   -840.86637459
   -840.84727154
   -840.87331858
   -840.83587706
   -840.86935254
   -840.87534269
   -840.82988779
   -840.84707696
   -840.88106859
   -840.89048968
   -840.86887909
   -840.87047976
   -840.78115063
   -840.84513237
   -840.87629759
   -840.88819742
   -840.88464554
   -840.88583294
   -840.90058885
   -840.84358111
   -840.86224231
   -840.85662361
   -840.88550454
   -840.85055856
   -840.82812382
   -840.85228749
   -840.87718316
   -840.87927606
   -840.83094001
   -840.89664526
   -840.86677766
   -840.89199532
   -840.72170344
   -840.86207261
   -840.84934730
   -840.86422215
   -840.90422636
   -840.87307982
   -840.87744150
   -840.83893585
   -840.89307295
   -840.85861545
   -840.86793722
   -840.86635702
   -840.87711358
   -840.88365596
   -840.86396252
   -840.87844636
   -840.86893570
   -840.90026225
   -840.87007238
   -840.85488178
   -840.87007228
   -840.87834203
   -840.88792451
   -840.82795536
   -840.80285509
   -840.87032980
   -840.83248115
   -840.85270023
   -840.84736208
   -840.88536958
   -840.87881876
   -840.88690983
   -840.83848776
   -840.86466419
   -840.85397988
   -840.87348198
   -840.73742789
   -840.84545115
   -840.86188426
   -840.87596997
   -840.87981094
   -840.86309962
   -840.84856010
   -840.87164917
   -840.88301397
   -840.87609103
   -840.85005221
   -840.87289043
   -840.88334770
   -840.85688377
   -840.84902478
   -840.86846573
   -840.85144429
   -840.88041795
   -840.89593422
   -840.75266964
   -840.86196910
   -840.86428534
   -840.86817091
   -840.87093496
   -840.87961096
   -840.84899896
   -840.90280931
   -840.88570996
   -840.89237417
   -840.86744270
   -840.87102288
   -840.87735731
   -840.71274207
   -840.89311062
   -840.85322217
   -840.83702600
   -840.88862137
   -840.76242764
   -840.85252043
   -840.87785295
   -840.90734756
   -840.87337408
   -840.87892486
   -840.88222755
   -840.78966891
   -840.86593506
   -840.88845413
   -840.84067344
   -840.84500129
   -840.88997744
   -840.88031528
   -840.86764978
   -840.87563052
   -840.84902972
   -840.84387838
   -840.88614179
   -840.87609178
   -840.89003673
   -840.86711720
   -840.86252710
   -840.84539313
   -840.88095647
   -840.88373117
   -840.88129823
   -840.90562165
   -840.86375049
   -840.87032268
   -840.88273051
   -840.86507969
   -840.88046400
   -840.84797469
   -840.86739008
   -840.86761878
   -840.85471412
   -840.85835189
   -840.86954264
   -840.90346299
   -840.89065655
   -840.80822533
   -840.85251232
   -840.86939291
   -840.78673391
   -840.89545008
   -840.88657975
   -840.84450440
   -840.81456922
   -840.85876397
   -840.86342379
   -840.89207176
   -840.72686175
   -840.85479200
   -840.86027484
   -840.87890488
   -840.84628092
   -840.88255395
   -840.88650389
   -840.87819857
   -840.84203434
   -840.88476274
   -840.87804649
   -840.85770574
   -840.87858600
   -840.89952636
   -840.88834592
   -840.86378173
   -840.89256702
   -840.74675423
   -840.85656343
   -840.84631448
   -840.84941827
   -840.87672577
   -840.72369221
   -840.85890964
   -840.85397694
   -840.85102605
   -840.86827086
   -840.87612150
   -840.88128770
   -840.87470655
   -840.85770850
   -840.86279324
   -840.85408816
   -840.84294124
   -840.88004789
   -840.89218486
   -840.82698297
   -840.86802170
   -840.86973696
   -840.85306208
   -840.84027376
   -840.89331052
   -840.86842892
   -840.86785161
   -840.88006088
   -840.89223166
   -840.83661756
   -840.88066309
   -840.90194715
   -840.86367258
   -840.84790806
   -840.87743302
   -840.88322546
   -840.83082757
   -840.90487124
   -840.85774692
   -840.86071606
   -840.83542121
   -840.87363863
   -840.86945994
   -840.87926611
   -840.85505509
   -840.88096926
   -840.89955040
   -840.84242590
   -840.88449009
   -840.88331831
   -840.89939200
   -840.82524175
   -840.88253647
   -840.85721361
   -840.84927526
   -840.86791465
   -840.86901734
   -840.88333707
   -840.89840054
   -840.87909155
   -840.88493678
   -840.87916064
   -840.85818713
   -840.88916925
   -840.86856280
   -840.89061325
   -840.89003478
   -840.87811844
   -840.87109507
   -840.88482808
   -840.88941736
   -840.86211153
   -840.88451653
   -840.85237220
   -840.88344052
   -840.84900135
   -840.88215168
   -840.75361439
   -840.88265930
   -840.76552231
   -840.85148115
   -840.85729231
   -840.85619395
   -840.89387197
   -840.86483064
   -840.87032673
   -840.84765483
   -840.88165169
   -840.87849722
   -840.88728243
   -840.89591377
   -840.86617859
   -840.86717950
   -840.86295970
   -840.86457880
   -840.90039957
   -840.85640495
   -840.84232388
   -840.88846324
   -840.90956823
   -840.83472238
   -840.89332692
   -840.88951597
   -840.85032091
   -840.72513246
   -840.89200711
   -840.71787738
   -840.89882862
   -840.87305914
   -840.86423597
   -840.88276670
   -840.87921006
   -840.87036785
   -840.86860328
   -840.81113546
   -840.82942503
   -840.88571185
   -840.83215503
   -840.86093705
   -840.85968101
   -840.88634647
   -840.84750565
   -840.87661184
   -840.89203966
   -840.87309899
   -840.85004497
   -840.87193121
   -840.87175087
   -840.85083779
   -840.77698149
   -840.88556922
   -840.85273018
   -840.86693270
   -840.86833174
   -840.88172859
   -840.90397132
   -840.88090525
   -840.88895449
   -840.85057375
   -840.87450291
   -840.90358978
   -840.86184367
   -840.86261430
   -840.84736971
   -840.87888961
   -840.89388324
   -840.84479978
   -840.83868774
   -840.87917415
   -840.88506503
   -840.86745311
   -840.86761379
   -840.86296317
   -840.86564173
   -840.87214869
   -840.73802457
   -840.74775462
   -840.86293118
   -840.84874786
   -840.88066768
   -840.85540814
   -840.75079442
   -840.86938501
   -840.85679326
   -840.87011217
   -840.70190573
   -840.85963611
   -840.81445158
   -840.86928040
   -840.86399164
   -840.86975845
   -840.85062114
   -840.86670700
   -840.88845649
   -840.89639735
   -840.85920552
   -840.85450546
   -840.87965462
   -840.87839395
   -840.82099196
   -840.88397748
   -840.91074456
   -840.87412896
   -840.85687010
   -840.86143125
   -840.86981674
   -840.88422051
   -840.86181218
   -840.84253171
   -840.84869850
   -840.85217992
   -840.84677255
   -840.89330209
   -840.86654272
   -840.88219355
   -840.88926797
   -840.86884054
   -840.88342252
   -840.88705523
   -840.87297434
   -840.86097681
   -840.85529213
   -840.88245209
   -840.86872027
   -840.89514797
   -840.88301636
   -840.86135558
   -840.88259644
   -840.89874846
   -840.86589613
   -840.86664982
   -840.86363252
   -840.83746137
   -840.84416434
   -840.83518525
   -840.84583141
   -840.85660856
   -840.84735021
   -840.88094655
   -840.84951976
   -840.86755821
   -840.85933996
   -840.89220707
   -840.88388376
   -840.87728863
   -840.86079398
   -840.87476012
   -840.87597329
   -840.90647960
   -840.88234101
   -840.88180965
   -840.84750479
   -840.85566597
   -840.85651640
   -840.87912414
   -840.87472978
   -840.90745291
   -840.84584634
   -840.85588145
   -840.83446958
   -840.89288263
   -840.85959057
   -840.86636539
   -840.86114114
   -840.89316811
   -840.87253617
   -840.88528391
   -840.84165833
   -840.87553994
   -840.86318486
   -840.88746310
   -840.87202956
   -840.86939128
   -840.85108950
   -840.78871129
   -840.86485489
   -840.88088551
   -840.87711234
   -840.88181026
   -840.83975069
   -840.84334913
   -840.87338521
   -840.85139963
   -840.88981379
   -840.82443443
   -840.86554194
   -840.91169973
   -840.88069761
   -840.85519004
   -840.71747986
   -840.85694997
   -840.86801449
   -840.85049598
   -840.87913666
   -840.86766558
   -840.86265632
   -840.82506893
   -840.87739589
   -840.86068387
   -840.86504311
   -840.88592547
   -840.88403984
   -840.87218697
   -840.84404021
   -840.86672660
   -840.83197635
   -840.88323444
   -840.86298319
   -840.88492799
   -840.86429784
   -840.85456615
   -840.88596232
   -840.87730920
   -840.83602526
   -840.84920275
   -840.84315669
   -840.88907116
   -840.89072119
   -840.84644755
   -840.87085765
   -840.87172718
   -840.85416665
   -840.87873337
   -840.84828636
   -840.87312032
   -840.84687271
   -840.88735650
   -840.84900371
   -840.88613833
   -840.88762702
   -840.89040636
   -840.87544172
   -840.88649423
   -840.86459778
   -840.83037566
   -840.84628654
   -840.87183351
   -840.87915676
   -840.77761021
   -840.86895187
   -840.87886298
   -840.86720714
   -840.89073430
   -840.88744623
   -840.88820497
   -840.87730001
   -840.87849461
   -840.88316631
   -840.83032775
   -840.87045522
   -840.71217832
   -840.87484701
   -840.86657371
   -840.83053016
   -840.86270534
   -840.87596098
   -840.87612615
   -840.82655309
   -840.87885308
   -840.83903284
   -840.86881338
   -840.83243661
   -840.84825762
   -840.86179994
   -840.89372189
   -840.84968735
   -840.90240627
   -840.89714123
   -840.89429556
   -840.86201660
   -840.88689966
   -840.84530867
   -840.77248028
   -840.86710760
   -840.87643921
   -840.87854967
   -840.88664148
   -840.88413462
   -840.87490161
   -840.86568322
   -840.86782312
   -840.87123527
   -840.87107813
   -840.84927976
   -840.85328682
   -840.86749771
   -840.83525068
   -840.86949352
   -840.90549077
   -840.86746830
   -840.82449551
   -840.87770725
   -840.88030894
   -840.84757113
   -840.85841868
   -840.88587412
   -840.84795618
   -840.90655443
   -840.85081115
   -840.86893429
   -840.82720157
   -840.87368416
   -840.81441007
   -840.88722168
   -840.83282143
   -840.89022623
   -840.87934282
   -840.87213763
   -840.87405967
   -840.90050433
   -840.88435705
   -840.89215080
   -840.90834298
   -840.84947400
   -840.87533181
   -840.85546206
   -840.82916657
   -840.87501538
   -840.85569859
   -840.86211707
   -840.86888220
   -840.90984992
   -840.86559391
   -840.85770653
   -840.88304612
   -840.85003573
   -840.89243101
   -840.85785908
   -840.85617365
   -840.86516589
   -840.87633546
   -840.86430812
   -840.86311675
   -840.90390881
   -840.86357305
   -840.84720262
   -840.86970594
   -840.85511955
   -840.86138676
   -840.89915610
   -840.87710665
   -840.87659615
   -840.86618164
   -840.87104752
   -840.85233006
   -840.87745798
   -840.88563774
   -840.84653065
   -840.83484286
   -840.85160683
   -840.89024855
   -840.89181237
   -840.85594200
   -840.87758108
   -840.83090012
   -840.86749733
   -840.88768555
   -840.87714693
   -840.89723447
   -840.87801871
   -840.86462484
   -840.85867903
   -840.87967980
   -840.83021264
   -840.87321427
   -840.88655697
   -840.82555647
   -840.86021823
   -840.87882248
   -840.86297085
   -840.90630817
   -840.87020769
   -840.84975812
   -840.85917240
   -840.86548804
   -840.88185833
   -840.84824093
   -840.86873016
   -840.84155411
   -840.71498469
   -840.87643489
   -840.86165922
   -840.88159905
   -840.87976673
   -840.89408352
   -840.87081181
   -840.90648866
   -840.85658349
   -840.86571081
   -840.86397770
   -840.83905975
   -840.88246939
   -840.87406131
   -840.87732710
   -840.86325709
   -840.83822981
   -840.87778928
   -840.88028768
   -840.85056551
   -840.87628801
   -840.88305494
   -840.85547402
   -840.86115148
   -840.88023524
   -840.87178476
   -840.87855923
   -840.85442399
   -840.73333491
   -840.83494993
   -840.87614598
   -840.87006906
   -840.85321226
   -840.86368294
   -840.87789925
   -840.86269432
   -840.85610667
   -840.87170123
   -840.82214164
   -840.80472348
   -840.83212268
   -840.84749570
   -840.86856288
   -840.87967463
   -840.87258205
   -840.84545337
   -840.89026463
   -840.88312227
   -840.89742142
   -840.83845037
   -840.88296320
   -840.85464880
   -840.86219030
   -840.84707251
   -840.87777000
   -840.84631379
   -840.87936352
   -840.88560511
   -840.83707816
   -840.83038286
   -840.89936232
   -840.90437962
   -840.87774044
   -840.86766168
   -840.85428110
   -840.87973333
   -840.84495234
   -840.87092280
   -840.85686462
   -840.85437756
   -840.73104038
   -840.88592782
   -840.86055548
   -840.90307679
   -840.86727450
   -840.86768340
   -840.88164902
   -840.86638765
   -840.88866636
   -840.86672697
   -840.84439192
   -840.84418416
   -840.87177457
   -840.85884228
   -840.85622609
   -840.88062165
   -840.89765408
   -840.81502450
   -840.86146309
   -840.81505576
   -840.88819437
   -840.87760293
   -840.85458710
   -840.87710284
   -840.90274732
   -840.86495676
   -840.88649499
   -840.88727769
   -840.86459460
   -840.89157458
   -840.87898181
   -840.84992619
   -840.87845435
   -840.85914251
   -840.84766510
   -840.87880067
   -840.89739589
   -840.89036627
   -840.88054980
   -840.86450238
   -840.90085958
   -840.89223449
   -840.89729428
   -840.88361160
   -840.86533070
   -840.87470118
   -840.87653468
   -840.88852066
   -840.85777976
   -840.84398301
   -840.87959067
   -840.87124191
   -840.87194820
   -840.88819555
   -840.85180899
   -840.85737880
   -840.86665034
   -840.87454911
   -840.87663656
   -840.88131558
   -840.85022811
   -840.85773961
   -840.88524883
   -840.87535442
   -840.84682298
   -840.84307941
   -840.87198539
   -840.88168317
   -840.78968948
   -840.87781831
   -840.85533264
   -840.89348138
   -840.89520100
   -840.84396294
   -840.85591866
   -840.87600650
   -840.79746815
   -840.88551617
   -840.89203063
   -840.86416684
   -840.89246815
   -840.87575466
   -840.88244218
   -840.90075975
   -840.87850355
   -840.88804486
   -840.86228256
   -840.86377538
   -840.90316125
   -840.86081320
   -840.89454608
   -840.88075224
   -840.88906210
   -840.90027417
   -840.85916852
   -840.84709888
   -840.88116394
   -840.86008328
   -840.86904618
   -840.87871693
   -840.86518620
   -840.85590744
   -840.72018274
   -840.89388730
   -840.88496392
   -840.81101994
   -840.72850108
   -840.83119408
   -840.85549775
   -840.86723712
   -840.87992264
   -840.87802544
   -840.87509198
   -840.89354405
   -840.87672422
   -840.82265972
   -840.83070474
   -840.85620699
   -840.84700109
   -840.87021023
   -840.84978723
   -840.89839519
   -840.87305441
   -840.86639944
   -840.89210352
   -840.89067955
   -840.88280883
   -840.87460669
   -840.89212324
   -840.87369695
   -840.86661759
   -840.89092706
   -840.86977873
   -840.86438501
   -840.85883712
   -840.90514701
   -840.84841235
   -840.86507461
   -840.80830162
   -840.87378646
   -840.84353678
   -840.70508038
   -840.87940993
   -840.86718872
   -840.77205213
   -840.87212546
   -840.87984063
   -840.88433076
   -840.89544248
   -840.85833397
   -840.88965831
   -840.88968992
   -840.89354312
   -840.86091184
   -840.85730528
   -840.85023261
   -840.86281445
   -840.89843038
   -840.89089298
   -840.85303810
   -840.86587079
   -840.88604806
   -840.88926804
   -840.86337410
   -840.87685382
   -840.85239101
   -840.86516019
   -840.71376171
   -840.83978476
   -840.82955762
   -840.88424703
   -840.86726085
   -840.88160990
   -840.89087831
   -840.86361479
   -840.87801257
   -840.88908371
   -840.84740158
   -840.84801992
   -840.75781913
   -840.88192227
   -840.87655770
   -840.86667336
   -840.88684776
   -840.83180908
   -840.88225832
   -840.88411353
   -840.88862762
   -840.89598944
   -840.89072812
   -840.86494884
   -840.86271739
   -840.86956636
   -840.86472649
   -840.90200797
   -840.85653981
   -840.79996506
   -840.78319035
   -840.85439657
   -840.85120395
   -840.90361632
   -840.85190959
   -840.88005873
   -840.86076709
   -840.83247976
   -840.87670922
   -840.87919603
   -840.86289142
   -840.89698976
   -840.89835194
   -840.85286505
   -840.84540700
   -840.89224535
   -840.81118948
   -840.88174497
   -840.87325818
   -840.91454701
   -840.88890690
   -840.71844904
   -840.85434221
   -840.90946282
   -840.83627181
   -840.87210802
   -840.86182464
   -840.85510088
   -840.86452299
   -840.85937386
   -840.90672064
   -840.83150956
   -840.85142322
   -840.89177028
   -840.87521036
   -840.87371285
   -840.86261842
   -840.88092687
   -840.85463704
   -840.86692118
   -840.71909891
   -840.88557381
   -840.87255957
   -840.86157049
   -840.87353600
   -840.88189628
   -840.90021476
   -840.84279651
   -840.88748080
   -840.88871104
   -840.87401624
   -840.86560481
   -840.86761552
   -840.87769169
   -840.88190446
   -840.86699984
   -840.84176783
   -840.83388557
   -840.88581189
   -840.87638868
   -840.85568539
   -840.87613601
   -840.86681807
   -840.89653902
   -840.85951883
   -840.88503488
   -840.87626343
   -840.82820866
   -840.86154850
   -840.87962534
   -840.83280005
   -840.88924255
   -840.87784478
   -840.88384946
   -840.85257246
   -840.88599229
   -840.86428445
   -840.87947229
   -840.81281021
   -840.85597567
   -840.86687967
   -840.87522521
   -840.86255685
   -840.82636320
   -840.84946239
   -840.88628355
   -840.85761483
   -840.88148304
   -840.89086916
   -840.87896330
   -840.87651714
   -840.87277680
   -840.88566079
   -840.90136265
   -840.87096287
   -840.87030139
   -840.89463020
   -840.87661173
   -840.87291010
   -840.81775664
   -840.85645569
   -840.85830247
   -840.81963692
   -840.86253214
   -840.88607277
   -840.88318920
   -840.84301132
   -840.87615532
   -840.88085138
   -840.84141686
   -840.89510247
   -840.84348987
   -840.88029066
   -840.85345949
   -840.88465175
   -840.88361675
   -840.88603411
   -840.85400011
   -840.87767456
   -840.86505785
   -840.85544112
   -840.85810047
   -840.86068758
   -840.73982353
   -840.87705489
   -840.85531073
   -840.88110623
   -840.80555986
   -840.88391628
   -840.88305635
   -840.86527811
   -840.90149182
   -840.83242031
   -840.85156145
   -840.88623339
   -840.73634457
   -840.83722681
   -840.86967547
   -840.88036048
   -840.86373611
   -840.86517554
   -840.85781145
   -840.85160581
   -840.86682378
   -840.85652942
   -840.89094545
   -840.84652774
   -840.82816994
   -840.87420036
   -840.70537795
   -840.88009029
   -840.85294707
   -840.87631528
   -840.89009029
   -840.87604002
   -840.83587551
   -840.85503043
   -840.86199578
   -840.85712281
   -840.83626510
   -840.86436876
   -840.86173290
   -840.87682360
   -840.87625041
   -840.87150898
   -840.87708681
   -840.86809484
   -840.81363986
   -840.85804400
   -840.89547555
   -840.85172871
   -840.87027176
   -840.88637641
   -840.84273358
   -840.88107780
   -840.72895494
   -840.87448636
   -840.88412639
   -840.78420415
   -840.79091266
   -840.88807163
   -840.89088056
   -840.83761232
   -840.84509898
   -840.88779751
   -840.86160735
   -840.88044607
   -840.87191036
   -840.86628530
   -840.83645013
   -840.89152917
   -840.85403949
   -840.89766580
   -840.88690614
   -840.88625760
   -840.88210533
   -840.84618754
   -840.88188914
   -840.87531149
   -840.71828035
   -840.86324874
   -840.85309048
   -840.87517172
   -840.88700246
   -840.86697243
   -840.89648789
   -840.87047708
   -840.86765723
   -840.87465684
   -840.86610097
   -840.85649848
   -840.88258452
   -840.88766275
   -840.86605775
   -840.88689548
   -840.84746150
   -840.84530919
   -840.85223404
   -840.85227959
   -840.85012813
   -840.90222443
   -840.87623849
   -840.89373814
   -840.87764190
   -840.84413763
   -840.86884284
   -840.85491623
   -840.86564937
   -840.85538431
   -840.90645958
   -840.88546524
   -840.83567832
   -840.86768399
   -840.85434675
   -840.86961776
   -840.71775056
   -840.86469950
   -840.86337245
   -840.87861614
   -840.85229702
   -840.84408162
   -840.85146792
   -840.85789912
   -840.84288777
   -840.88246516
   -840.88890690
   -840.88829687
   -840.89069231
   -840.84008152
   -840.84702275
   -840.74823113
   -840.89347400
   -840.84933498
   -840.83601377
   -840.88499030
   -840.88460739
   -840.83330830
   -840.84809709
   -840.89179867
   -840.89080144
   -840.85823326
   -840.89894103
   -840.86072955
   -840.86545569
   -840.88529657
   -840.83789058
   -840.87074251
   -840.86175211
   -840.88395365
   -840.85794560
   -840.87595948
   -840.87941106
   -840.87170172
   -840.88885841
   -840.88781421
   -840.86213882
   -840.86638752
