% The following energies apply to conformations described by the topology 
% R24_iter1.top.  Structures are given in trajectory coords.cdf, count: 187.

% Item 0:
%   Energy -> orca_structures/coor*/NConf*.out
   -840.91287414
   -840.90827929
   -840.92030457
   -840.91524054
   -840.91627399
   -840.91933457
   -840.91214263
   -840.91248788
   -840.91768991
   -840.91784613
   -840.91980051
   -840.91526711
   -840.91516208
   -840.91502040
   -840.91447755
   -840.91953976
   -840.91572013
   -840.91860885
   -840.91890993
   -840.91317693
   -840.91493029
   -840.91743976
   -840.91473397
   -840.91969018
   -840.91562364
   -840.90863291
   -840.91686044
   -840.91708327
   -840.91721733
   -840.91299290
   -840.91888618
   -840.91844477
   -840.91410355
   -840.90463161
   -840.91555537
   -840.90826164
   -840.91887851
   -840.91669651
   -840.91580332
   -840.90741136
   -840.91722830
   -840.91801265
   -840.91905047
   -840.91407518
   -840.91827169
   -840.91312208
   -840.91603958
   -840.91265923
   -840.91891488
   -840.91236772
   -840.91872261
   -840.91353129
   -840.91404233
   -840.91565154
   -840.91452373
   -840.91649117
   -840.91901248
   -840.91848744
   -840.91266498
   -840.91287684
   -840.91754053
   -840.91741431
   -840.91355307
   -840.91935680
   -840.91379688
   -840.91682168
   -840.91788803
   -840.91627396
   -840.91694545
   -840.91216583
   -840.91745024
   -840.91643666
   -840.91851255
   -840.90846479
   -840.91743693
   -840.91645578
   -840.91925195
   -840.91280535
   -840.91750502
   -840.91376488
   -840.91676383
   -840.91700073
   -840.91393242
   -840.91892274
   -840.91859856
   -840.91839600
   -840.91946149
   -840.91950377
   -840.91898117
   -840.91898928
   -840.91778391
   -840.91507057
   -840.91556938
   -840.91885807
   -840.91829579
   -840.91897374
   -840.91569257
   -840.91463288
   -840.91872387
   -840.91566148
   -840.91958479
   -840.90549175
   -840.91558937
   -840.92097475
   -840.92122263
   -840.91810149
   -840.91360753
   -840.91931816
   -840.91545127
   -840.91969647
   -840.91466625
   -840.90789960
   -840.91793444
   -840.91820135
   -840.91993596
   -840.91619706
   -840.91890824
   -840.91483806
   -840.91342415
   -840.91965816
   -840.91887672
   -840.91758824
   -840.92002267
   -840.91753009
   -840.91921364
   -840.91319932
   -840.91920152
   -840.91363870
   -840.91476661
   -840.91909737
   -840.91614307
   -840.91188548
   -840.91665726
   -840.91146903
   -840.90770261
   -840.91324720
   -840.91863292
   -840.91961895
   -840.91894772
   -840.91565618
   -840.91865487
   -840.91800247
   -840.92020048
   -840.91056899
   -840.91790990
   -840.91813599
   -840.91410824
   -840.91518372
   -840.91725479
   -840.90662237
   -840.91765538
   -840.91991141
   -840.91514136
   -840.91672802
   -840.91401149
   -840.91417603
   -840.92133360
   -840.91866054
   -840.91866517
   -840.92002307
   -840.91368826
   -840.91405359
   -840.91771317
   -840.91934724
   -840.91596108
   -840.90740766
   -840.91956937
   -840.92124414
   -840.91396886
   -840.91916130
   -840.91626492
   -840.91946235
   -840.91809610
   -840.91857558
   -840.91437690
   -840.91961983
   -840.91434540
   -840.92107418
   -840.91827480
   -840.91607498
   -840.91331810
   -840.91343883
   -840.91539289
   -840.91913947
   -840.91857747
   -840.91363955
   -840.90854047
