% The following energies apply to conformations described by the topology 
% R66_iter1.top.  Structures are given in trajectory coords.cdf, count: 254.

% Item 0:
%   Energy -> orca_structures/coor*/NConf*.out
   -801.87677392
   -801.87925941
   -801.87109227
   -801.87241761
   -801.87856831
   -801.87858418
   -801.87124132
   -801.86027335
   -801.87372715
   -801.86917410
   -801.87845878
   -801.85975361
   -801.87570319
   -801.86910620
   -801.87275481
   -801.86045135
   -801.86656321
   -801.86443429
   -801.87170501
   -801.86766034
   -801.87537088
   -801.87857422
   -801.87421683
   -801.85696458
   -801.87223273
   -801.86327061
   -801.86707725
   -801.87639989
   -801.86478505
   -801.86146579
   -801.86878381
   -801.86570808
   -801.86668775
   -801.86646811
   -801.87180141
   -801.87173484
   -801.87536101
   -801.87443088
   -801.86668178
   -801.88174688
   -801.85842048
   -801.87273523
   -801.87844737
   -801.86909230
   -801.85490582
   -801.87129990
   -801.86817351
   -801.86724078
   -801.87742770
   -801.87988910
   -801.87118697
   -801.87609695
   -801.87110603
   -801.87082864
   -801.87990163
   -801.87273164
   -801.85581014
   -801.87418747
   -801.86097721
   -801.86655870
   -801.87999151
   -801.86192399
   -801.87212357
   -801.86731785
   -801.87010472
   -801.87602875
   -801.84511586
   -801.86621312
   -801.87277706
   -801.87083552
   -801.87258267
   -801.87319126
   -801.87575889
   -801.87864653
   -801.86554387
   -801.87718979
   -801.86474785
   -801.87160065
   -801.86148468
   -801.87932650
   -801.87039218
   -801.87894949
   -801.87154255
   -801.86166253
   -801.86731282
   -801.87631078
   -801.87410166
   -801.86676916
   -801.86765675
   -801.87621574
   -801.86708874
   -801.87251874
   -801.87248981
   -801.85635320
   -801.87678277
   -801.87804294
   -801.86845310
   -801.87063528
   -801.87419079
   -801.85660990
   -801.87052202
   -801.86937995
   -801.86392873
   -801.85106017
   -801.86577447
   -801.87903716
   -801.87556027
   -801.87911631
   -801.87814298
   -801.86403221
   -801.86174529
   -801.87692467
   -801.86836571
   -801.87364256
   -801.87039201
   -801.87109850
   -801.86760460
   -801.87536644
   -801.86620816
   -801.87824597
   -801.85938223
   -801.85708381
   -801.87405183
   -801.87598962
   -801.86778703
   -801.87237518
   -801.86101312
   -801.86649626
   -801.86161226
   -801.87123257
   -801.87099072
   -801.86833120
   -801.87595514
   -801.86435939
   -801.86742521
   -801.87124125
   -801.86671928
   -801.86676619
   -801.87282951
   -801.87029360
   -801.87451433
   -801.87590453
   -801.87020802
   -801.87500432
   -801.86716752
   -801.87103478
   -801.87527026
   -801.87752183
   -801.86514683
   -801.87837182
   -801.87164462
   -801.87877819
   -801.87273372
   -801.87948598
   -801.85848574
   -801.87089774
   -801.87119995
   -801.87156060
   -801.86152977
   -801.87351769
   -801.86045586
   -801.86539838
   -801.87525057
   -801.87881322
   -801.87708891
   -801.88006827
   -801.87050892
   -801.86999672
   -801.88015273
   -801.86725235
   -801.87510566
   -801.87672857
   -801.87212289
   -801.87469795
   -801.86175263
   -801.87252719
   -801.87112563
   -801.86211791
   -801.86748698
   -801.88009996
   -801.87031280
   -801.87431957
   -801.87067427
   -801.87027009
   -801.88003762
   -801.87105909
   -801.86755670
   -801.87102551
   -801.86043508
   -801.87515767
   -801.87212783
   -801.87243674
   -801.86034757
   -801.86669313
   -801.87883709
   -801.87663520
   -801.87128668
   -801.87235065
   -801.87724505
   -801.87145779
   -801.86204374
   -801.87940709
   -801.87215439
   -801.87073487
   -801.87253445
   -801.87538160
   -801.86279011
   -801.86737119
   -801.88029632
   -801.87355391
   -801.85686328
   -801.87464520
   -801.87642578
   -801.86661879
   -801.87127265
   -801.87069871
   -801.87511572
   -801.87393548
   -801.86035876
   -801.87983916
   -801.87526495
   -801.87515542
   -801.86156284
   -801.86281471
   -801.87207756
   -801.87483281
   -801.87762002
   -801.85242461
   -801.87673795
   -801.86119091
   -801.87661975
   -801.87106061
   -801.87275059
   -801.87258657
   -801.86638191
   -801.87970463
   -801.86609089
   -801.87721424
   -801.86065797
   -801.87990020
   -801.86373539
   -801.86441425
   -801.87151470
   -801.87701065
   -801.86784152
   -801.87924812
   -801.87151429
   -801.87660994
   -801.87722301
   -801.87116802
   -801.87559814
   -801.87132331
   -801.87571173
   -801.86649956
