% The following energies apply to conformations described by the topology 
% R66.top.  Structures are given in trajectory coords.cdf, count: 2755.

% Item 0:
%   Energy -> orca_structures/coor*/Conf*.out
   -801.80721187
   -801.75029481
   -801.80734505
   -801.84456970
   -801.82923805
   -801.82389202
   -801.82513152
   -801.79019374
   -801.85981517
   -801.81917652
   -801.81018673
   -801.80136355
   -801.81255900
   -801.83623145
   -801.80551515
   -801.80062478
   -801.77007074
   -801.81284815
   -801.78972857
   -801.83314380
   -801.81317851
   -801.85494544
   -801.82307112
   -801.83649579
   -801.84668952
   -801.80868612
   -801.84063094
   -801.83774557
   -801.77159478
   -801.75609792
   -801.77456707
   -801.79891110
   -801.83795174
   -801.76240220
   -801.77606976
   -801.80353464
   -801.80482252
   -801.76952676
   -801.81958367
   -801.80832424
   -801.83252989
   -801.81270271
   -801.84223805
   -801.78434336
   -801.81441381
   -801.82587867
   -801.79942256
   -801.81680115
   -801.80799309
   -801.79112000
   -801.83802772
   -801.77089935
   -801.75126266
   -801.80765051
   -801.78372300
   -801.76506635
   -801.78092862
   -801.81976873
   -801.84552175
   -801.80381383
   -801.84744863
   -801.80147711
   -801.78085546
   -801.81877775
   -801.78410426
   -801.80103025
   -801.77389781
   -801.76405744
   -801.84145311
   -801.76692449
   -801.82137143
   -801.79521404
   -801.83991416
   -801.82589565
   -801.79588821
   -801.82689499
   -801.79249737
   -801.83463805
   -801.80989594
   -801.79912713
   -801.81639962
   -801.80075702
   -801.80486893
   -801.83019153
   -801.78618007
   -801.83630765
   -801.85098897
   -801.82598162
   -801.82836212
   -801.81467725
   -801.77596857
   -801.83147714
   -801.83974420
   -801.81697154
   -801.78900634
   -801.82895601
   -801.80076434
   -801.80384364
   -801.79801294
   -801.76546227
   -801.75071003
   -801.82145134
   -801.80880554
   -801.80419166
   -801.81626947
   -801.80640196
   -801.82793203
   -801.80327451
   -801.84397105
   -801.79720350
   -801.80772409
   -801.80717704
   -801.84984735
   -801.82223600
   -801.81238118
   -801.83739955
   -801.83150182
   -801.81382356
   -801.81115367
   -801.83647515
   -801.77898816
   -801.80196797
   -801.80704068
   -801.82023274
   -801.82089254
   -801.83348664
   -801.76428339
   -801.79723044
   -801.78604803
   -801.78627735
   -801.80582210
   -801.82297561
   -801.79850212
   -801.83406888
   -801.81551526
   -801.81422400
   -801.81608264
   -801.80948865
   -801.81937404
   -801.83251727
   -801.80435134
   -801.79001086
   -801.77335884
   -801.81477902
   -801.77048327
   -801.80259228
   -801.81076745
   -801.80045717
   -801.82737124
   -801.82709381
   -801.76103693
   -801.84537431
   -801.82322450
   -801.80928407
   -801.81893581
   -801.74788057
   -801.80760553
   -801.80888680
   -801.84982759
   -801.80186655
   -801.82512204
   -801.81694275
   -801.80398036
   -801.83757827
   -801.82861337
   -801.83594278
   -801.81425960
   -801.80513456
   -801.82223516
   -801.78017962
   -801.84118794
   -801.78895235
   -801.83290993
   -801.81905435
   -801.82501389
   -801.79240670
   -801.82842906
   -801.80402034
   -801.80838339
   -801.81270366
   -801.81970595
   -801.85743732
   -801.82057948
   -801.77928919
   -801.85131744
   -801.84361419
   -801.80012319
   -801.83474834
   -801.82661503
   -801.80886475
   -801.82622171
   -801.81479665
   -801.76812586
   -801.81201362
   -801.77203478
   -801.84807873
   -801.78597062
   -801.78953937
   -801.79893586
   -801.79431889
   -801.81072874
   -801.84589964
   -801.81131767
   -801.79458425
   -801.80480568
   -801.83382061
   -801.82714179
   -801.85350031
   -801.82580020
   -801.82634992
   -801.81454161
   -801.77468058
   -801.82752477
   -801.81242167
   -801.79429320
   -801.81495230
   -801.81398867
   -801.84387655
   -801.83979904
   -801.78088392
   -801.81063465
   -801.80924179
   -801.81397974
   -801.81710096
   -801.75800242
   -801.83770465
   -801.76576569
   -801.85022546
   -801.81695999
   -801.82183863
   -801.81876019
   -801.81744124
   -801.79472316
   -801.81469876
   -801.82194662
   -801.82213828
   -801.81602640
   -801.82792978
   -801.83232322
   -801.79715557
   -801.85221411
   -801.80464821
   -801.84529799
   -801.84198116
   -801.80192590
   -801.83233898
   -801.80628970
   -801.83199524
   -801.82893016
   -801.80443624
   -801.81409787
   -801.80387967
   -801.81371383
   -801.75113036
   -801.83957732
   -801.81298286
   -801.83089556
   -801.82361027
   -801.78807539
   -801.80864412
   -801.80361650
   -801.82094756
   -801.80416872
   -801.83789042
   -801.78976536
   -801.77526739
   -801.83130534
   -801.85086760
   -801.82021775
   -801.82394405
   -801.81733157
   -801.81160531
   -801.76511085
   -801.85638752
   -801.82826525
   -801.78859300
   -801.77356417
   -801.78173028
   -801.79621332
   -801.78827850
   -801.82355669
   -801.81320393
   -801.79073104
   -801.82522151
   -801.81509270
   -801.78560749
   -801.80329148
   -801.83635068
   -801.84644039
   -801.83864509
   -801.80154108
   -801.78127265
   -801.84373535
   -801.82117908
   -801.82963072
   -801.82828329
   -801.82981239
   -801.79276046
   -801.83557301
   -801.79338701
   -801.82462324
   -801.83729206
   -801.76263125
   -801.84906155
   -801.81028502
   -801.84293248
   -801.82922514
   -801.84574388
   -801.82365813
   -801.71300716
   -801.81158771
   -801.80105612
   -801.79912590
   -801.81139796
   -801.78346487
   -801.82716916
   -801.83014978
   -801.80734637
   -801.83107830
   -801.82756004
   -801.82776143
   -801.82298169
   -801.83474529
   -801.84557154
   -801.77354256
   -801.81373205
   -801.78061016
   -801.82954998
   -801.82991973
   -801.82044056
   -801.78058168
   -801.79242889
   -801.82816082
   -801.81264828
   -801.79801068
   -801.81975589
   -801.80563047
   -801.81648264
   -801.83419738
   -801.79500112
   -801.82052040
   -801.83205638
   -801.79661563
   -801.82572859
   -801.81432339
   -801.83971327
   -801.80991942
   -801.80698831
   -801.80580191
   -801.82194820
   -801.81856683
   -801.83749876
   -801.81585458
   -801.81232339
   -801.81893573
   -801.82960430
   -801.84710005
   -801.80457279
   -801.81358848
   -801.75879790
   -801.75495856
   -801.81445162
   -801.82129411
   -801.85076716
   -801.81706259
   -801.83945637
   -801.79664032
   -801.82920207
   -801.79621654
   -801.79854732
   -801.80817626
   -801.85584669
   -801.83728710
   -801.77330880
   -801.80756830
   -801.78494347
   -801.83898342
   -801.83399355
   -801.81838981
   -801.80274003
   -801.83128622
   -801.85135399
   -801.80350306
   -801.83710183
   -801.84059876
   -801.81907066
   -801.84240600
   -801.82606562
   -801.82392343
   -801.81474746
   -801.77658939
   -801.84143370
   -801.81709603
   -801.82012403
   -801.82507200
   -801.81690952
   -801.81901792
   -801.76349276
   -801.81246409
   -801.81926695
   -801.83458099
   -801.83544826
   -801.85432559
   -801.80808455
   -801.81010159
   -801.76759780
   -801.81503498
   -801.85174124
   -801.77349347
   -801.85077860
   -801.81033106
   -801.83747376
   -801.82871945
   -801.82344941
   -801.83173314
   -801.78277882
   -801.82723333
   -801.80787776
   -801.79848115
   -801.77610674
   -801.84828903
   -801.85024390
   -801.82051702
   -801.80869041
   -801.80082227
   -801.81537182
   -801.81198382
   -801.82382012
   -801.85454877
   -801.78126354
   -801.85297573
   -801.82552655
   -801.80051002
   -801.77543451
   -801.83004193
   -801.81477211
   -801.79735103
   -801.84123279
   -801.78786612
   -801.78968176
   -801.79989337
   -801.73767099
   -801.80817376
   -801.80109885
   -801.83803271
   -801.80753404
   -801.80284847
   -801.77003598
   -801.78734357
   -801.80556755
   -801.80256487
   -801.82926834
   -801.82398178
   -801.76198459
   -801.80382974
   -801.82547016
   -801.82941313
   -801.82423443
   -801.83345559
   -801.77410474
   -801.85108480
   -801.80958775
   -801.82633813
   -801.80380380
   -801.82618866
   -801.82575616
   -801.83754428
   -801.81510638
   -801.80235210
   -801.82264419
   -801.84187987
   -801.80372565
   -801.79927259
   -801.82364043
   -801.83984291
   -801.77997618
   -801.79609160
   -801.80689326
   -801.78455364
   -801.75216242
   -801.84229358
   -801.82451676
   -801.79719326
   -801.83519687
   -801.79855265
   -801.82582656
   -801.80991614
   -801.81213414
   -801.80929827
   -801.83336747
   -801.83504801
   -801.81643360
   -801.84100732
   -801.77246649
   -801.80838721
   -801.79621871
   -801.81108407
   -801.83224616
   -801.83131587
   -801.79486525
   -801.81749934
   -801.84265650
   -801.81176010
   -801.81093806
   -801.84694333
   -801.81817940
   -801.82522401
   -801.82665640
   -801.81709259
   -801.81884411
   -801.82249036
   -801.80194687
   -801.80227102
   -801.81749402
   -801.80918906
   -801.81572447
   -801.82541185
   -801.82576940
   -801.80899763
   -801.82118292
   -801.80594857
   -801.83031677
   -801.82989070
   -801.81842601
   -801.77615101
   -801.82979606
   -801.77847893
   -801.79052342
   -801.83924269
   -801.82816081
   -801.84232590
   -801.83934016
   -801.83258744
   -801.82104722
   -801.80548368
   -801.82293710
   -801.82750684
   -801.80639798
   -801.83180466
   -801.81776251
   -801.80597409
   -801.81783444
   -801.84007426
   -801.82184207
   -801.82156590
   -801.79565293
   -801.81620940
   -801.82331570
   -801.80356869
   -801.83165725
   -801.81821844
   -801.80067624
   -801.76717785
   -801.80769104
   -801.80777639
   -801.81375523
   -801.82884253
   -801.80401541
   -801.80396613
   -801.81384885
   -801.83041890
   -801.84201314
   -801.82420524
   -801.79976642
   -801.82851555
   -801.79292483
   -801.77978723
   -801.79050101
   -801.80039705
   -801.80104583
   -801.81386165
   -801.82135894
   -801.79546382
   -801.83486150
   -801.81834015
   -801.78474313
   -801.85951682
   -801.76528040
   -801.84140011
   -801.79416994
   -801.80204989
   -801.82863137
   -801.81277385
   -801.81787473
   -801.83157476
   -801.80453121
   -801.82226240
   -801.85351877
   -801.82339633
   -801.77592868
   -801.82203262
   -801.82789475
   -801.81899084
   -801.77222613
   -801.81129889
   -801.77962597
   -801.80603842
   -801.81474678
   -801.77218064
   -801.83464007
   -801.82369752
   -801.83596252
   -801.81731497
   -801.78951137
   -801.83080208
   -801.83256426
   -801.80752735
   -801.80061759
   -801.82016012
   -801.82059020
   -801.82006580
   -801.81087598
   -801.76579114
   -801.79890820
   -801.76985790
   -801.81744780
   -801.79844990
   -801.78510780
   -801.82886472
   -801.83452731
   -801.86846023
   -801.80470022
   -801.78445739
   -801.76431071
   -801.79375208
   -801.76275766
   -801.77868286
   -801.81765372
   -801.78524663
   -801.84042982
   -801.85915687
   -801.85166354
   -801.83974841
   -801.80933297
   -801.83905130
   -801.83908090
   -801.79404876
   -801.83470934
   -801.84270614
   -801.76387477
   -801.80846735
   -801.83159648
   -801.82561891
   -801.81844774
   -801.80697776
   -801.79246831
   -801.79719097
   -801.77101664
   -801.85875039
   -801.78700864
   -801.83488421
   -801.83132605
   -801.82964195
   -801.82072753
   -801.83997644
   -801.78777922
   -801.86281803
   -801.82796956
   -801.82809972
   -801.78699035
   -801.82504347
   -801.83110644
   -801.79992174
   -801.83511026
   -801.79492818
   -801.83456156
   -801.80732274
   -801.81066932
   -801.84777004
   -801.83163899
   -801.83600696
   -801.80186484
   -801.84414153
   -801.81932544
   -801.74804762
   -801.80484701
   -801.81653073
   -801.84567723
   -801.82594943
   -801.84951732
   -801.81915876
   -801.83284353
   -801.80575653
   -801.77923945
   -801.83202636
   -801.81704618
   -801.78712985
   -801.83145049
   -801.82441422
   -801.82140003
   -801.81010621
   -801.79476611
   -801.83476637
   -801.83290409
   -801.80517663
   -801.78878460
   -801.82804719
   -801.81612927
   -801.77614302
   -801.81473913
   -801.80733848
   -801.83459704
   -801.84840940
   -801.77780753
   -801.85508514
   -801.83619711
   -801.78536701
   -801.82691934
   -801.81709914
   -801.83864799
   -801.84496283
   -801.76680486
   -801.81657116
   -801.81065759
   -801.82473924
   -801.78355059
   -801.76371417
   -801.81672134
   -801.80715781
   -801.81212428
   -801.79528710
   -801.82873774
   -801.83400330
   -801.80724406
   -801.86395239
   -801.81071231
   -801.85597922
   -801.83545613
   -801.83635050
   -801.81281685
   -801.82658108
   -801.81250070
   -801.81348250
   -801.84356617
   -801.82484856
   -801.82739263
   -801.83034319
   -801.81344394
   -801.77324598
   -801.83426551
   -801.80247186
   -801.82464178
   -801.82242825
   -801.81714504
   -801.80082176
   -801.80104918
   -801.82846372
   -801.83406692
   -801.76859422
   -801.80991209
   -801.84156946
   -801.77256838
   -801.79107505
   -801.83278355
   -801.79867042
   -801.78440596
   -801.77374387
   -801.82122689
   -801.78441907
   -801.80802362
   -801.79227461
   -801.81882620
   -801.82865731
   -801.82618334
   -801.76546709
   -801.79897134
   -801.77195813
   -801.84368002
   -801.82887576
   -801.81592419
   -801.81918100
   -801.82651375
   -801.84426878
   -801.81208768
   -801.83898778
   -801.77320220
   -801.81769974
   -801.76576214
   -801.79941568
   -801.82925862
   -801.84142525
   -801.82304497
   -801.83922060
   -801.83017194
   -801.78460818
   -801.77948938
   -801.85572072
   -801.78951586
   -801.81456807
   -801.81183383
   -801.82413486
   -801.82013006
   -801.82728242
   -801.79093549
   -801.82575307
   -801.82258774
   -801.82338558
   -801.83737176
   -801.80818551
   -801.83875559
   -801.81108843
   -801.81804066
   -801.77090400
   -801.82251890
   -801.81689429
   -801.82443451
   -801.84909001
   -801.74932554
   -801.84689701
   -801.80575505
   -801.79784030
   -801.82381204
   -801.80997147
   -801.79693593
   -801.81180013
   -801.82721531
   -801.79899914
   -801.84064574
   -801.83520039
   -801.81634442
   -801.82593814
   -801.80580767
   -801.83619843
   -801.79704369
   -801.80818895
   -801.81922515
   -801.82767885
   -801.81525775
   -801.83661647
   -801.84284494
   -801.82533936
   -801.80977651
   -801.77289642
   -801.84000137
   -801.81772253
   -801.83527059
   -801.82305449
   -801.82646305
   -801.81696072
   -801.81996849
   -801.78803716
   -801.80592181
   -801.80712445
   -801.80697629
   -801.81495036
   -801.77884971
   -801.85548681
   -801.82290320
   -801.80829967
   -801.85066669
   -801.80694126
   -801.78327423
   -801.81984895
   -801.84223077
   -801.82581399
   -801.82304213
   -801.82337986
   -801.81556575
   -801.77565494
   -801.81967446
   -801.84904801
   -801.77064402
   -801.79476325
   -801.81615853
   -801.82213445
   -801.83530286
   -801.80208026
   -801.82842309
   -801.84574435
   -801.83017680
   -801.80467461
   -801.82423954
   -801.79692228
   -801.76541841
   -801.75873620
   -801.83487372
   -801.82284764
   -801.82550191
   -801.83550322
   -801.75612045
   -801.83697635
   -801.79945144
   -801.84506974
   -801.78802593
   -801.82499260
   -801.83989066
   -801.74738392
   -801.82588039
   -801.81933503
   -801.81967150
   -801.79236331
   -801.80916956
   -801.81109789
   -801.80898388
   -801.81592067
   -801.81493369
   -801.83210755
   -801.77306811
   -801.80404651
   -801.80098002
   -801.82903926
   -801.85055663
   -801.82755539
   -801.78585721
   -801.78935113
   -801.74733817
   -801.82402622
   -801.79671811
   -801.82615581
   -801.82521366
   -801.81977392
   -801.73833909
   -801.83448555
   -801.85826569
   -801.75888064
   -801.84583306
   -801.84455348
   -801.76912576
   -801.82683724
   -801.76106824
   -801.81699070
   -801.77250519
   -801.84237496
   -801.82399589
   -801.82841271
   -801.82350268
   -801.79927971
   -801.71640871
   -801.79918143
   -801.80911353
   -801.82634038
   -801.82413799
   -801.82305651
   -801.81341281
   -801.84315354
   -801.83625338
   -801.80052953
   -801.83630570
   -801.84808581
   -801.81112919
   -801.80146160
   -801.80280974
   -801.81859931
   -801.81439011
   -801.80685892
   -801.80214148
   -801.82549898
   -801.82371061
   -801.78309035
   -801.83867029
   -801.83480602
   -801.83731502
   -801.83965047
   -801.81155292
   -801.82463055
   -801.83316524
   -801.82340652
   -801.82287493
   -801.79229690
   -801.81357603
   -801.83255626
   -801.80491518
   -801.84150922
   -801.84124571
   -801.83561593
   -801.84806376
   -801.80742044
   -801.83626321
   -801.84333832
   -801.82435332
   -801.80340619
   -801.79317976
   -801.83131667
   -801.82272211
   -801.84704618
   -801.80960598
   -801.82308469
   -801.84262121
   -801.82744470
   -801.83039308
   -801.82738509
   -801.82403788
   -801.83047031
   -801.75236409
   -801.82416696
   -801.80848060
   -801.76683815
   -801.83804428
   -801.79760942
   -801.83625819
   -801.83943198
   -801.76906260
   -801.83553872
   -801.79077055
   -801.83120449
   -801.83265164
   -801.82425588
   -801.80688900
   -801.81193498
   -801.84726098
   -801.78700539
   -801.83644316
   -801.83350356
   -801.79689573
   -801.83676841
   -801.82634284
   -801.77784774
   -801.86388213
   -801.82322421
   -801.85104060
   -801.75045194
   -801.83127144
   -801.79999677
   -801.80192494
   -801.85726781
   -801.83364496
   -801.84770253
   -801.85818401
   -801.81239935
   -801.79910411
   -801.84759769
   -801.80417210
   -801.82499947
   -801.83196620
   -801.80886194
   -801.78076276
   -801.81524435
   -801.77435418
   -801.86834161
   -801.81975182
   -801.82756018
   -801.81542521
   -801.82665154
   -801.82150958
   -801.76312427
   -801.85443344
   -801.81177588
   -801.81223581
   -801.82251000
   -801.81739186
   -801.82449540
   -801.84145599
   -801.81457717
   -801.83404816
   -801.79962681
   -801.84761309
   -801.81763353
   -801.82128870
   -801.81436774
   -801.82524892
   -801.84937586
   -801.80818054
   -801.81480495
   -801.80902134
   -801.81163139
   -801.82748837
   -801.82906569
   -801.82062026
   -801.73336841
   -801.81758500
   -801.81966722
   -801.82918473
   -801.84117233
   -801.82395820
   -801.82269564
   -801.82718451
   -801.83601649
   -801.83116453
   -801.79078979
   -801.81668678
   -801.78152692
   -801.76978699
   -801.78758137
   -801.78429236
   -801.75956742
   -801.80770997
   -801.80866585
   -801.81566497
   -801.82671602
   -801.83793880
   -801.83829041
   -801.80419932
   -801.84221421
   -801.77917891
   -801.84464798
   -801.82528869
   -801.82992454
   -801.82839926
   -801.82145905
   -801.74909209
   -801.85868960
   -801.78772064
   -801.84302374
   -801.82859561
   -801.79986059
   -801.77967159
   -801.81759983
   -801.81965745
   -801.79924220
   -801.82840152
   -801.81922851
   -801.80140721
   -801.81111104
   -801.77829457
   -801.81371631
   -801.82295930
   -801.76963597
   -801.77960129
   -801.77118812
   -801.84367068
   -801.78015234
   -801.81796788
   -801.78225202
   -801.76075593
   -801.82541710
   -801.80703797
   -801.76061331
   -801.81399502
   -801.82135656
   -801.81986098
   -801.79523175
   -801.80933473
   -801.82058820
   -801.80165624
   -801.80287300
   -801.81303840
   -801.80326359
   -801.83288975
   -801.80800403
   -801.82060952
   -801.84947085
   -801.81913031
   -801.80891180
   -801.77874481
   -801.84588519
   -801.78180260
   -801.81761075
   -801.82171511
   -801.79854737
   -801.81031565
   -801.77773000
   -801.83965995
   -801.83800855
   -801.83929894
   -801.84758879
   -801.85697029
   -801.77397174
   -801.76135210
   -801.83051413
   -801.83393506
   -801.78679908
   -801.81579140
   -801.81375772
   -801.79643024
   -801.81983410
   -801.83076910
   -801.85991615
   -801.80281497
   -801.83566125
   -801.79523978
   -801.81882235
   -801.79339065
   -801.82995726
   -801.80902852
   -801.80743950
   -801.79676751
   -801.82077711
   -801.83773655
   -801.82107239
   -801.83119065
   -801.82456263
   -801.80936396
   -801.81200178
   -801.82227034
   -801.83149126
   -801.82893010
   -801.77745328
   -801.77279382
   -801.81648069
   -801.83977741
   -801.82906539
   -801.81468312
   -801.80936734
   -801.81061105
   -801.79261206
   -801.80698865
   -801.82649294
   -801.78729461
   -801.82803198
   -801.82156619
   -801.83887291
   -801.80110284
   -801.77619265
   -801.79410376
   -801.80687302
   -801.82460498
   -801.83011767
   -801.82377401
   -801.81194100
   -801.80296015
   -801.83913922
   -801.84251896
   -801.84212092
   -801.86158781
   -801.84349888
   -801.80597590
   -801.80538935
   -801.81942453
   -801.82734846
   -801.84106452
   -801.83218714
   -801.83586902
   -801.77461979
   -801.81605975
   -801.79707523
   -801.82750631
   -801.79523487
   -801.76800042
   -801.81641270
   -801.81778845
   -801.81792261
   -801.80241484
   -801.83467643
   -801.80775986
   -801.83825663
   -801.82229503
   -801.82077368
   -801.83147750
   -801.82957038
   -801.82199861
   -801.84497179
   -801.82768923
   -801.83212307
   -801.83009133
   -801.82601081
   -801.82664392
   -801.76064830
   -801.80343282
   -801.84006724
   -801.77280978
   -801.83680735
   -801.82087700
   -801.82243051
   -801.83370991
   -801.78561863
   -801.80058424
   -801.81985567
   -801.83905902
   -801.76386965
   -801.81180427
   -801.80944841
   -801.78366960
   -801.80321975
   -801.76565775
   -801.84422853
   -801.84428843
   -801.85079526
   -801.81887468
   -801.80756113
   -801.79395929
   -801.77052083
   -801.83517019
   -801.82018937
   -801.83197308
   -801.82213967
   -801.84682323
   -801.83578580
   -801.83548773
   -801.83822082
   -801.82110616
   -801.80442890
   -801.81961690
   -801.82156266
   -801.80431074
   -801.83466771
   -801.81013776
   -801.82783141
   -801.82338503
   -801.83674669
   -801.81640377
   -801.81719758
   -801.83266501
   -801.77437556
   -801.78889204
   -801.79797319
   -801.80688781
   -801.79810829
   -801.83244374
   -801.80131747
   -801.85469794
   -801.81678763
   -801.85516355
   -801.84404477
   -801.83900060
   -801.82410057
   -801.79341892
   -801.82040636
   -801.83237791
   -801.77181202
   -801.80596045
   -801.78136762
   -801.84358264
   -801.74784654
   -801.81434915
   -801.82477415
   -801.82300948
   -801.74092093
   -801.82186666
   -801.79914072
   -801.86015798
   -801.72607954
   -801.82460287
   -801.80088252
   -801.79327636
   -801.77663765
   -801.80813342
   -801.85206668
   -801.77909017
   -801.83322643
   -801.82120735
   -801.81343425
   -801.78630397
   -801.78305708
   -801.80944471
   -801.81752726
   -801.76917588
   -801.78886558
   -801.82057632
   -801.83656688
   -801.83666882
   -801.83369521
   -801.81681511
   -801.80238217
   -801.83909583
   -801.83092544
   -801.83565471
   -801.80313576
   -801.81975010
   -801.77784675
   -801.81030616
   -801.82856194
   -801.78490533
   -801.78898824
   -801.81854644
   -801.79159642
   -801.80219496
   -801.85000660
   -801.83240528
   -801.81973085
   -801.84527569
   -801.80233369
   -801.78841651
   -801.80424984
   -801.81860397
   -801.78280711
   -801.82913185
   -801.79385842
   -801.83944989
   -801.81932743
   -801.81564185
   -801.83157394
   -801.78393609
   -801.81918719
   -801.76100155
   -801.80769273
   -801.79154287
   -801.80884844
   -801.81918909
   -801.80318233
   -801.85212423
   -801.79297464
   -801.80322586
   -801.80000920
   -801.80931122
   -801.81352275
   -801.82942162
   -801.81503809
   -801.79331604
   -801.76059577
   -801.82973213
   -801.85257917
   -801.82765376
   -801.81564240
   -801.83460412
   -801.81304351
   -801.81011341
   -801.81145491
   -801.80719856
   -801.81312158
   -801.84528232
   -801.81140785
   -801.82247096
   -801.83171915
   -801.84067878
   -801.83372958
   -801.82052143
   -801.81192707
   -801.77564706
   -801.82309244
   -801.82628884
   -801.78507805
   -801.81312256
   -801.82004479
   -801.81808718
   -801.82272240
   -801.82393330
   -801.81972888
   -801.82043913
   -801.79980933
   -801.81241618
   -801.80429360
   -801.80438703
   -801.82037251
   -801.82193240
   -801.81551034
   -801.73718772
   -801.82124690
   -801.82011128
   -801.79009053
   -801.79377898
   -801.80707976
   -801.83173431
   -801.79251067
   -801.80250327
   -801.80792944
   -801.80718135
   -801.80552299
   -801.76238674
   -801.80568630
   -801.81872904
   -801.76892924
   -801.80488869
   -801.76210830
   -801.82211708
   -801.81927132
   -801.84249463
   -801.81896856
   -801.79547636
   -801.80199459
   -801.83353365
   -801.78563521
   -801.84306797
   -801.80843866
   -801.81644537
   -801.81543923
   -801.81705920
   -801.81229368
   -801.79981682
   -801.85312598
   -801.82511609
   -801.82673897
   -801.80997426
   -801.76937338
   -801.78481142
   -801.83827874
   -801.79610344
   -801.81178007
   -801.79801741
   -801.81294654
   -801.76807971
   -801.78545232
   -801.79591336
   -801.81751393
   -801.82382746
   -801.73486851
   -801.81668242
   -801.81099850
   -801.82648483
   -801.77790762
   -801.77121052
   -801.81246627
   -801.82220542
   -801.82214040
   -801.82759200
   -801.81278015
   -801.80642364
   -801.83052215
   -801.83011336
   -801.81373783
   -801.84570280
   -801.80906608
   -801.80893453
   -801.80627436
   -801.77137720
   -801.82719006
   -801.82507615
   -801.82008270
   -801.82219833
   -801.83976408
   -801.83580524
   -801.81582565
   -801.81803239
   -801.83152023
   -801.85475728
   -801.84799046
   -801.79816788
   -801.79358605
   -801.82287529
   -801.77230573
   -801.80769495
   -801.82686565
   -801.79301877
   -801.78085258
   -801.82239219
   -801.82639004
   -801.83981867
   -801.82059132
   -801.85147677
   -801.81441232
   -801.77803702
   -801.79572593
   -801.74370090
   -801.81403536
   -801.81732368
   -801.81241012
   -801.83260824
   -801.82657266
   -801.82856939
   -801.81101752
   -801.75046369
   -801.81327184
   -801.78214440
   -801.81853487
   -801.76127530
   -801.81257179
   -801.82541733
   -801.83143211
   -801.78469682
   -801.80813638
   -801.82995751
   -801.82041236
   -801.84524567
   -801.82022393
   -801.83954393
   -801.80880643
   -801.80708607
   -801.79885167
   -801.85049079
   -801.78370172
   -801.81596586
   -801.81745184
   -801.82174131
   -801.83553543
   -801.82231166
   -801.81909406
   -801.77003949
   -801.81274344
   -801.82268844
   -801.78409907
   -801.81927251
   -801.81822005
   -801.80801569
   -801.79316796
   -801.80609132
   -801.79605497
   -801.82424406
   -801.79903057
   -801.79510277
   -801.81249549
   -801.84061271
   -801.78440500
   -801.81275030
   -801.82131469
   -801.80262171
   -801.79060140
   -801.79077152
   -801.83990253
   -801.73411236
   -801.83501408
   -801.83728828
   -801.80631665
   -801.78945336
   -801.83620608
   -801.80259179
   -801.77612798
   -801.77572234
   -801.83308897
   -801.79424849
   -801.80394180
   -801.82912232
   -801.77490871
   -801.84297561
   -801.76515794
   -801.81080664
   -801.80989036
   -801.77302039
   -801.79309613
   -801.82632993
   -801.84677525
   -801.81479919
   -801.82291814
   -801.78808652
   -801.79573368
   -801.79911127
   -801.85477297
   -801.81507254
   -801.79949111
   -801.82851223
   -801.82141530
   -801.75150221
   -801.84660485
   -801.83285578
   -801.80838782
   -801.80243680
   -801.78091798
   -801.80607177
   -801.80585152
   -801.81595153
   -801.83031492
   -801.78880861
   -801.78148558
   -801.84622592
   -801.85047629
   -801.80751973
   -801.83533254
   -801.85329376
   -801.80619373
   -801.81732987
   -801.83298102
   -801.80913588
   -801.79197763
   -801.82924467
   -801.82739844
   -801.81153728
   -801.75109755
   -801.80523354
   -801.77169276
   -801.76707231
   -801.82506546
   -801.79233137
   -801.79103993
   -801.82532635
   -801.83503317
   -801.80450749
   -801.82746005
   -801.76135301
   -801.79719048
   -801.83154272
   -801.84379216
   -801.84002250
   -801.83403192
   -801.86155078
   -801.81167616
   -801.81227536
   -801.81493522
   -801.82894519
   -801.80733423
   -801.80093168
   -801.81409076
   -801.81137314
   -801.80708370
   -801.79816895
   -801.83421513
   -801.81189864
   -801.83047078
   -801.76089571
   -801.81039509
   -801.81278822
   -801.80611108
   -801.85442579
   -801.83405745
   -801.82823671
   -801.77629792
   -801.77400258
   -801.84429427
   -801.82270508
   -801.81307502
   -801.83359384
   -801.82683776
   -801.82834178
   -801.83344223
   -801.83461639
   -801.84608135
   -801.81672567
   -801.81474467
   -801.82521341
   -801.84624892
   -801.84291723
   -801.77579432
   -801.83266137
   -801.78106927
   -801.80710666
   -801.83807765
   -801.82730615
   -801.83982510
   -801.75839103
   -801.80791247
   -801.78532912
   -801.83933720
   -801.74344082
   -801.79096125
   -801.81694530
   -801.82978203
   -801.81750333
   -801.80032150
   -801.79264698
   -801.83081421
   -801.83276973
   -801.83828539
   -801.76625653
   -801.84445946
   -801.79368715
   -801.79245413
   -801.81075249
   -801.80368697
   -801.82377998
   -801.74524007
   -801.80721568
   -801.81446606
   -801.81169175
   -801.81673639
   -801.84628313
   -801.82558030
   -801.84173167
   -801.81224507
   -801.84264812
   -801.80288985
   -801.81512380
   -801.77831547
   -801.76933905
   -801.83407641
   -801.82048079
   -801.78483356
   -801.83756110
   -801.81276860
   -801.80649281
   -801.86658928
   -801.82050370
   -801.81692501
   -801.82447977
   -801.80848433
   -801.83865189
   -801.78764529
   -801.80856065
   -801.82648005
   -801.72970199
   -801.83184956
   -801.82658883
   -801.79620096
   -801.83898338
   -801.82205606
   -801.82951670
   -801.82481515
   -801.83556217
   -801.83090466
   -801.80475590
   -801.81222503
   -801.81912353
   -801.84577717
   -801.83637768
   -801.84798669
   -801.80767831
   -801.81740587
   -801.84122930
   -801.82107056
   -801.83119389
   -801.80434760
   -801.83460417
   -801.80519913
   -801.75573751
   -801.80152933
   -801.83392139
   -801.84022821
   -801.76069788
   -801.80502799
   -801.81328501
   -801.74721654
   -801.85782872
   -801.84627454
   -801.77846579
   -801.80442111
   -801.82506488
   -801.84438374
   -801.75904968
   -801.81741191
   -801.78437340
   -801.82410999
   -801.80024391
   -801.82319656
   -801.84546534
   -801.82535989
   -801.80981140
   -801.81474709
   -801.82373087
   -801.79000106
   -801.82897205
   -801.84198844
   -801.84117747
   -801.80962156
   -801.82580863
   -801.80033615
   -801.77649017
   -801.79290033
   -801.82374010
   -801.80180025
   -801.81105342
   -801.81296507
   -801.81998352
   -801.83779173
   -801.82798278
   -801.82985201
   -801.81591235
   -801.80712851
   -801.79665391
   -801.80314806
   -801.82862922
   -801.83410599
   -801.78184330
   -801.81158712
   -801.82203165
   -801.80887472
   -801.79109640
   -801.82478380
   -801.82979740
   -801.80642475
   -801.83902879
   -801.83401089
   -801.79394780
   -801.83012349
   -801.84746843
   -801.79327314
   -801.79324534
   -801.83037300
   -801.82811619
   -801.78831677
   -801.83953556
   -801.77656595
   -801.79762084
   -801.80293741
   -801.78834120
   -801.82542832
   -801.81555542
   -801.80878967
   -801.80933719
   -801.83843265
   -801.84590274
   -801.82671046
   -801.82993377
   -801.84527760
   -801.81489850
   -801.83848648
   -801.80189564
   -801.81680509
   -801.81073972
   -801.80045392
   -801.82628394
   -801.83355663
   -801.85401561
   -801.81424054
   -801.82580841
   -801.83760814
   -801.82081889
   -801.84403675
   -801.83288655
   -801.82515408
   -801.84622371
   -801.80594346
   -801.82344200
   -801.83223463
   -801.82721349
   -801.76894009
   -801.80558386
   -801.78368930
   -801.80209464
   -801.82170240
   -801.80120200
   -801.82113605
   -801.83651957
   -801.78346845
   -801.80707181
   -801.79913393
   -801.81112001
   -801.83390251
   -801.80645757
   -801.83316124
   -801.73957182
   -801.84529448
   -801.84259532
   -801.82977756
   -801.83396896
   -801.81854488
   -801.81195568
   -801.82217208
   -801.79516678
   -801.79011276
   -801.84805559
   -801.80140356
   -801.77885499
   -801.83659659
   -801.84699671
   -801.81129156
   -801.83268197
   -801.84455327
   -801.79785283
   -801.78035953
   -801.82227684
   -801.75436271
   -801.84223912
   -801.82582428
   -801.81610235
   -801.82575589
   -801.82027493
   -801.82414791
   -801.83787885
   -801.81507441
   -801.78390747
   -801.79081617
   -801.83195913
   -801.78018097
   -801.80038110
   -801.79970304
   -801.81405695
   -801.79051081
   -801.81704514
   -801.84206470
   -801.81834295
   -801.79961183
   -801.81735355
   -801.82404720
   -801.82528991
   -801.81526463
   -801.76274381
   -801.83427567
   -801.80862421
   -801.81124427
   -801.81813732
   -801.82863902
   -801.85001294
   -801.84245078
   -801.83029782
   -801.80390679
   -801.81151157
   -801.81960402
   -801.84828652
   -801.80656883
   -801.82711357
   -801.81499966
   -801.82232267
   -801.83433734
   -801.79158819
   -801.78694131
   -801.80386874
   -801.81983983
   -801.72692039
   -801.82261863
   -801.81537827
   -801.80403765
   -801.81294137
   -801.81270648
   -801.79757553
   -801.75166371
   -801.74633209
   -801.82005378
   -801.78291201
   -801.83903282
   -801.80189195
   -801.80680494
   -801.83217327
   -801.77688191
   -801.81355827
   -801.78200773
   -801.82435759
   -801.81455316
   -801.82778135
   -801.81128551
   -801.81564119
   -801.83388339
   -801.80125010
   -801.81036202
   -801.81351805
   -801.83737864
   -801.82366226
   -801.84734260
   -801.84628039
   -801.80881130
   -801.80170132
   -801.80384169
   -801.81932683
   -801.81514158
   -801.81434666
   -801.78397877
   -801.81221180
   -801.79465966
   -801.80057406
   -801.84072619
   -801.81895948
   -801.77665812
   -801.84138168
   -801.84654722
   -801.83050535
   -801.83383291
   -801.81706526
   -801.81966809
   -801.80599258
   -801.80665019
   -801.82988453
   -801.82492188
   -801.83247123
   -801.84042176
   -801.82647504
   -801.83036469
   -801.84212263
   -801.81916388
   -801.81007618
   -801.81067452
   -801.80241860
   -801.79664674
   -801.79391447
   -801.78611572
   -801.81626242
   -801.81855422
   -801.83613111
   -801.81764323
   -801.81237180
   -801.80032832
   -801.82775763
   -801.83746240
   -801.81711634
   -801.79391391
   -801.81575241
   -801.80687694
   -801.83253392
   -801.83457444
   -801.79643068
   -801.81348840
   -801.79860010
   -801.82957491
   -801.85257547
   -801.80567694
   -801.78710489
   -801.79627101
   -801.76347548
   -801.84828421
   -801.81632521
   -801.81683567
   -801.82432512
   -801.82760106
   -801.83267276
   -801.83435930
   -801.79940118
   -801.83767546
   -801.80878398
   -801.81505569
   -801.80713855
   -801.81011834
   -801.77077532
   -801.79897855
   -801.83678477
   -801.82175481
   -801.78232123
   -801.79769758
   -801.82742951
   -801.79184833
   -801.83711940
   -801.80965833
   -801.85181179
   -801.83276667
   -801.81780312
   -801.72474770
   -801.83928591
   -801.82453448
   -801.77864381
   -801.81801827
   -801.82986661
   -801.81266854
   -801.81495192
   -801.75509124
   -801.82628924
   -801.79376110
   -801.80710373
   -801.82647239
   -801.82030153
   -801.82966617
   -801.82572855
   -801.79042129
   -801.79796702
   -801.82459248
   -801.83695511
   -801.80517683
   -801.83431263
   -801.83460784
   -801.81301510
   -801.76280534
   -801.80419595
   -801.83960984
   -801.84554826
   -801.78475015
   -801.81270551
   -801.81417619
   -801.80943473
   -801.83574530
   -801.80027248
   -801.82699991
   -801.79214403
   -801.83709327
   -801.82349760
   -801.84187199
   -801.83912446
   -801.82074146
   -801.84676156
   -801.81736227
   -801.82003226
   -801.80140488
   -801.83152145
   -801.82909140
   -801.82995210
   -801.84326380
   -801.80255931
   -801.83110939
   -801.82353351
   -801.84799769
   -801.82202818
   -801.83058707
   -801.82756136
   -801.77339085
   -801.83467579
   -801.76727884
   -801.81397423
   -801.77898470
   -801.82528637
   -801.82760443
   -801.80374550
   -801.80113666
   -801.82664500
   -801.79282142
   -801.80675988
   -801.80573983
   -801.73388281
   -801.81255353
   -801.77968800
   -801.79186620
   -801.82999886
   -801.85538567
   -801.84589891
   -801.81874586
   -801.82156313
   -801.79224059
   -801.83110821
   -801.85693532
   -801.82401193
   -801.83432305
   -801.82215799
   -801.81807438
   -801.81189674
   -801.82149654
   -801.82909074
   -801.79897558
   -801.81391016
   -801.83776252
   -801.80234671
   -801.81699944
   -801.84240283
   -801.81214558
   -801.78975971
   -801.83397212
   -801.82369196
   -801.81449954
   -801.80520894
   -801.82698174
   -801.78765107
   -801.86305831
   -801.80444582
   -801.81861752
   -801.77825344
   -801.82119288
   -801.75336863
   -801.83166243
   -801.81136298
   -801.79201247
   -801.83996648
   -801.81759470
   -801.84732012
   -801.81859052
   -801.83930357
   -801.79469947
   -801.77873217
   -801.80863840
   -801.78234572
   -801.82122132
   -801.82233297
   -801.80981448
   -801.81663886
   -801.85020932
   -801.80874914
   -801.83547306
   -801.81608312
   -801.82747783
   -801.79406492
   -801.80555308
   -801.76031417
   -801.81070852
   -801.80428191
   -801.82338195
   -801.85853192
   -801.79686691
   -801.76087398
   -801.72810868
   -801.81682298
   -801.83607440
   -801.82880649
   -801.81260118
   -801.82314478
   -801.81729551
   -801.81504161
   -801.81583231
   -801.83309854
   -801.80858857
   -801.78247075
   -801.79921969
   -801.83186426
   -801.85149490
   -801.80305293
   -801.83039373
   -801.79725648
   -801.81415629
   -801.83009031
   -801.83471250
   -801.82309290
   -801.80566946
   -801.81531494
   -801.78336128
   -801.81280483
   -801.83373523
   -801.84245536
   -801.80126258
   -801.82198841
   -801.87343667
   -801.79325915
   -801.80035924
   -801.79544767
   -801.83079255
   -801.82705973
   -801.79631032
   -801.82156404
   -801.79058962
   -801.76318890
   -801.82078419
   -801.80985862
   -801.83821379
   -801.80969567
   -801.85366597
   -801.79811391
   -801.85086818
   -801.80877671
   -801.80937884
   -801.82609411
   -801.78180666
   -801.82876263
   -801.82101166
   -801.81980971
   -801.79071486
   -801.81150000
   -801.82974782
   -801.80134154
   -801.83592637
   -801.81695992
   -801.80073007
   -801.77400049
   -801.82519298
   -801.81902211
   -801.83418471
   -801.80006388
   -801.81638863
   -801.75363984
   -801.77932055
   -801.81772393
   -801.82513418
   -801.79444430
   -801.79984239
   -801.83847562
   -801.80021360
   -801.84356319
   -801.75405492
   -801.77766154
   -801.76485446
   -801.81313373
   -801.82670177
   -801.82593125
   -801.79203827
   -801.84028032
   -801.83545976
   -801.83252374
   -801.81229269
   -801.78160014
   -801.79964458
   -801.82478875
   -801.80636863
   -801.80853017
   -801.80179148
   -801.82900411
   -801.82155714
   -801.80259127
   -801.83941814
   -801.84595153
   -801.83239631
   -801.81340045
   -801.81459349
   -801.82499407
   -801.80727342
   -801.82007141
   -801.80467054
   -801.76191036
   -801.83351421
   -801.80611206
   -801.82885473
   -801.80048323
   -801.82918855
   -801.84338529
   -801.82060010
   -801.84036266
   -801.80840503
   -801.80097423
   -801.81835837
   -801.82900407
   -801.80949817
   -801.80140790
   -801.82684980
   -801.85252314
   -801.77905047
   -801.81461915
   -801.79898318
   -801.82941625
   -801.83108836
   -801.80175335
   -801.81763198
   -801.84430512
   -801.82613993
   -801.81957722
   -801.80668497
   -801.84586989
   -801.82251756
   -801.79973051
   -801.82907269
   -801.79700278
   -801.82535499
   -801.81902483
   -801.83763512
   -801.85238727
   -801.82624303
   -801.81379474
   -801.84467835
   -801.84654640
   -801.82287282
   -801.81288320
   -801.82642514
   -801.82965264
   -801.80752352
   -801.80821238
   -801.83178063
   -801.82316089
   -801.83095197
   -801.84012903
   -801.80047747
   -801.81105081
   -801.80243550
   -801.82124509
   -801.82273449
   -801.83282667
   -801.79367886
   -801.80386099
   -801.82877021
   -801.81973724
   -801.79474377
   -801.83218347
   -801.79788221
   -801.77086932
   -801.82091410
   -801.80791266
   -801.83487637
   -801.84225652
   -801.80578529
   -801.81039074
   -801.82337816
   -801.77775847
   -801.82847045
   -801.83657240
   -801.82622807
   -801.83809658
   -801.81302223
   -801.82583606
   -801.84677697
   -801.81630724
   -801.81468521
   -801.80839837
   -801.74849577
   -801.86400403
   -801.81347032
   -801.83530435
   -801.82566923
   -801.82686644
   -801.84368715
   -801.80333072
   -801.79425646
   -801.83328914
   -801.80029711
   -801.81402203
   -801.82912372
   -801.80779408
   -801.80276941
   -801.83880891
   -801.84334192
   -801.75515228
   -801.77047148
   -801.81198119
   -801.79899485
   -801.81416940
   -801.84531816
   -801.76931566
   -801.77270340
   -801.82597385
   -801.79680060
   -801.80196939
   -801.80115983
   -801.77677603
   -801.81284129
   -801.79745799
   -801.82932579
   -801.82575053
   -801.75571091
   -801.81227884
   -801.83521067
   -801.83621053
   -801.83617531
   -801.82810759
   -801.84294740
   -801.84157274
   -801.80645011
   -801.81599569
   -801.79609141
   -801.80283598
   -801.86771690
   -801.80983511
   -801.80754782
   -801.79639079
   -801.82972162
   -801.78909437
   -801.75758887
   -801.82532094
   -801.74035022
   -801.78385928
   -801.81600164
   -801.83082222
   -801.83066593
   -801.83429089
   -801.80754568
   -801.85304450
   -801.82558846
   -801.76869596
   -801.80189129
   -801.80571825
   -801.79507931
   -801.78962574
   -801.83743679
   -801.82817354
   -801.81509790
   -801.80933029
   -801.84792455
   -801.84712833
   -801.80898501
   -801.81920773
   -801.79799072
   -801.81712260
   -801.73687924
   -801.78123449
   -801.77142724
   -801.82822351
   -801.81251770
   -801.81621837
   -801.83627098
   -801.81492026
   -801.82882267
   -801.85484388
   -801.79404199
   -801.81481951
   -801.75744677
   -801.83593489
   -801.82563981
   -801.81234354
   -801.83774488
   -801.79834283
   -801.83653036
   -801.77156435
   -801.82736815
   -801.84303665
   -801.83129627
   -801.81266201
   -801.82559138
   -801.80959065
   -801.81594248
   -801.84305755
   -801.75717989
   -801.79811402
   -801.79476507
   -801.86270898
   -801.82434813
   -801.83378520
   -801.82131335
   -801.77428997
   -801.82735074
   -801.82589058
   -801.80738558
   -801.86151903
   -801.80594811
   -801.79974717
   -801.76297321
   -801.83095741
   -801.82071911
   -801.85546054
   -801.83129926
   -801.76388433
   -801.82261512
   -801.84498793
   -801.78039397
   -801.84490551
   -801.81550975
   -801.80882399
   -801.80414958
   -801.81177253
   -801.84571382
   -801.80849581
   -801.79225250
   -801.82036298
   -801.82146925
   -801.82329577
   -801.82492971
   -801.82801724
   -801.79632204
   -801.81235185
   -801.77112101
   -801.82746839
   -801.81961741
   -801.83418059
   -801.82378498
   -801.82516283
   -801.84767048
   -801.81113751
   -801.83815828
   -801.81833092
   -801.82111406
   -801.81300048
   -801.81213058
   -801.82841805
   -801.84464393
   -801.80371315
   -801.80426497
   -801.79411460
   -801.84575487
   -801.81188363
   -801.79663477
   -801.83718647
   -801.72586906
   -801.83267143
   -801.80025775
   -801.84072499
   -801.82534952
   -801.77655623
   -801.82880679
   -801.82841772
   -801.83772234
   -801.84296192
   -801.83161756
   -801.80482134
   -801.83183342
   -801.81366214
   -801.82545844
   -801.76458929
   -801.80799087
   -801.82005100
   -801.81042566
   -801.77996986
   -801.77333222
   -801.83228292
   -801.81377455
   -801.81370772
   -801.83722530
   -801.84097965
   -801.82450091
   -801.82976211
   -801.83024933
   -801.84814808
   -801.80484046
   -801.84542507
   -801.79985543
   -801.83938529
   -801.83955155
   -801.82093775
   -801.78404774
   -801.79971635
   -801.80490179
   -801.81506658
   -801.83114238
   -801.83785248
   -801.82089170
   -801.78987340
   -801.81414838
   -801.84794564
   -801.79015055
   -801.83852187
   -801.79694261
   -801.83866121
   -801.82825378
   -801.84006223
   -801.78404211
   -801.82679541
   -801.81965689
   -801.76979320
   -801.79661647
   -801.81961843
   -801.82125221
   -801.80217981
   -801.82994367
   -801.77753444
   -801.78056137
   -801.82682672
   -801.81470697
   -801.85042896
   -801.79050716
   -801.79842066
   -801.83116713
   -801.78294537
   -801.79967768
   -801.81772469
   -801.82321335
   -801.81172135
   -801.82094445
   -801.78462497
   -801.80462047
   -801.81309331
   -801.80853869
   -801.76574451
   -801.79498241
   -801.80137183
   -801.80132025
   -801.75315928
   -801.84816735
   -801.81717525
   -801.80669961
   -801.83776629
   -801.81861388
   -801.76434289
   -801.79677736
   -801.82098423
   -801.82664389
   -801.80809583
   -801.80154421
   -801.82038403
   -801.82532530
   -801.81638010
   -801.81202002
   -801.77177696
   -801.80991648
   -801.83774022
   -801.81158378
   -801.81619846
   -801.83926485
   -801.79812458
   -801.83710483
   -801.76425787
   -801.79799840
   -801.84050367
   -801.76045344
   -801.76872870
   -801.83647624
   -801.79668137
   -801.78603710
   -801.82466773
   -801.83678258
   -801.80940863
   -801.82585528
   -801.81714838
   -801.80952399
   -801.81973547
   -801.84072921
   -801.79595084
   -801.84293359
   -801.81721933
   -801.82873102
   -801.80632781
   -801.82397346
   -801.81731829
   -801.76946273
   -801.72588397
   -801.80282091
   -801.82158785
   -801.82597314
   -801.81682475
   -801.85947505
   -801.80711935
   -801.82360838
   -801.81895084
   -801.81056063
   -801.84756027
   -801.83847680
   -801.78599556
   -801.82200156
   -801.84317139
   -801.79338361
   -801.80105013
   -801.80107084
   -801.74503428
   -801.80132492
   -801.84668221
   -801.82777081
   -801.84693102
   -801.77812715
   -801.79111090
   -801.81371685
   -801.80595428
   -801.79801471
   -801.85176459
   -801.83078475
   -801.78454425
   -801.81946498
   -801.77084337
   -801.81218255
   -801.81352389
   -801.81044694
   -801.80584659
   -801.80511428
   -801.78778520
   -801.78896358
   -801.80135230
   -801.80469733
   -801.83917469
   -801.83421122
   -801.83498842
   -801.84935220
   -801.78982026
   -801.81114841
   -801.77559546
   -801.85795429
   -801.79339296
   -801.79115845
   -801.83443223
   -801.83455563
   -801.80830580
   -801.83916963
   -801.82321816
   -801.80961649
   -801.83372324
   -801.81308647
   -801.81582900
   -801.84068242
   -801.80177926
   -801.83231041
   -801.79990683
   -801.82971265
   -801.75804253
   -801.84063613
   -801.83563417
   -801.82699504
   -801.83356275
   -801.84136061
   -801.83944639
   -801.82228338
