% The following energies apply to conformations described by the topology 
% R39.top.  Structures are given in trajectory coords.cdf, count: 2588.

% Item 0:
%   Energy -> orca_structures/coor*/Conf*.out
   -691.88827874
   -691.91643631
   -691.94118576
   -691.91801050
   -691.91747528
   -691.92602970
   -691.88339830
   -691.95498298
   -691.90336944
   -691.90686430
   -691.89825943
   -691.91555390
   -691.95226921
   -691.91711401
   -691.84301653
   -691.90405610
   -691.93343831
   -691.93198281
   -691.91604006
   -691.90118216
   -691.93412396
   -691.94190550
   -691.90843737
   -691.93911985
   -691.93553652
   -691.85078371
   -691.90953316
   -691.89801566
   -691.93505296
   -691.89724750
   -691.92716084
   -691.93232042
   -691.90192763
   -691.94516568
   -691.90326333
   -691.94014258
   -691.90717097
   -691.90550216
   -691.89953911
   -691.91383248
   -691.90098871
   -691.89205376
   -691.87146726
   -691.88192226
   -691.89033341
   -691.92316204
   -691.93939163
   -691.89244079
   -691.95682886
   -691.90683753
   -691.90878786
   -691.91345716
   -691.88512017
   -691.85760779
   -691.89030006
   -691.87733750
   -691.89537455
   -691.93575139
   -691.91036050
   -691.89655793
   -691.94405136
   -691.92274217
   -691.88558148
   -691.93287452
   -691.89912054
   -691.91795834
   -691.91970097
   -691.89851588
   -691.87641503
   -691.89451743
   -691.91277070
   -691.88249408
   -691.94282664
   -691.90078884
   -691.93988613
   -691.87505749
   -691.91834978
   -691.91518357
   -691.92504708
   -691.90475085
   -691.91061325
   -691.88518420
   -691.92795491
   -691.90575622
   -691.92744670
   -691.88495561
   -691.91740599
   -691.91469009
   -691.90511813
   -691.89827152
   -691.91833901
   -691.92895211
   -691.90860657
   -691.94411694
   -691.90487385
   -691.89224201
   -691.91236436
   -691.96232770
   -691.92096823
   -691.93978465
   -691.89738043
   -691.92901939
   -691.92536996
   -691.89330132
   -691.93444903
   -691.91267608
   -691.91217052
   -691.92848160
   -691.91488744
   -691.92747254
   -691.93333690
   -691.86235979
   -691.89177883
   -691.87806629
   -691.88405539
   -691.91848935
   -691.94157368
   -691.89999852
   -691.93629093
   -691.90968155
   -691.90607876
   -691.94273305
   -691.91570241
   -691.92065626
   -691.92575150
   -691.91311681
   -691.91354630
   -691.88776600
   -691.89379803
   -691.93166834
   -691.90961487
   -691.89331726
   -691.93032218
   -691.92701485
   -691.93932118
   -691.91139151
   -691.90891544
   -691.90206527
   -691.92016683
   -691.94444945
   -691.91601885
   -691.92317954
   -691.90613698
   -691.93300609
   -691.89973310
   -691.93002624
   -691.91345494
   -691.88730886
   -691.90986813
   -691.91436528
   -691.92980516
   -691.87792650
   -691.92579445
   -691.92623798
   -691.92740637
   -691.88014299
   -691.93106367
   -691.89292283
   -691.91020857
   -691.92295356
   -691.94970208
   -691.92224872
   -691.87047099
   -691.95008118
   -691.93299785
   -691.88740394
   -691.92290370
   -691.90304855
   -691.89944432
   -691.89547335
   -691.93398452
   -691.90198410
   -691.90912524
   -691.93645338
   -691.89135126
   -691.91114687
   -691.90539267
   -691.93193041
   -691.89919003
   -691.90966952
   -691.93405489
   -691.90603186
   -691.94200804
   -691.93023093
   -691.94265980
   -691.91998989
   -691.85835515
   -691.94180074
   -691.91301921
   -691.90169738
   -691.87895342
   -691.90603985
   -691.90246994
   -691.94531373
   -691.94260138
   -691.90569243
   -691.92613224
   -691.93422994
   -691.86142317
   -691.93938647
   -691.91361572
   -691.91764751
   -691.91748430
   -691.92730956
   -691.88710140
   -691.91987680
   -691.91850086
   -691.91927586
   -691.93089826
   -691.93943819
   -691.89817936
   -691.94857170
   -691.91005773
   -691.93513569
   -691.97654622
   -691.89777326
   -691.92519450
   -691.92037413
   -691.90214049
   -691.89544913
   -691.89313286
   -691.91911915
   -691.94076953
   -691.91208897
   -691.92861385
   -691.91975534
   -691.89481700
   -691.91105629
   -691.91531639
   -691.92773226
   -691.92842902
   -691.91321752
   -691.93412832
   -691.94091947
   -691.92556873
   -691.92757412
   -691.90991666
   -691.92149612
   -691.88095034
   -691.94345968
   -691.90381782
   -691.90373402
   -691.90030780
   -691.85504666
   -691.88673542
   -691.91111878
   -691.89948581
   -691.93733968
   -691.91765942
   -691.84493882
   -691.90209922
   -691.94633631
   -691.93843712
   -691.88695591
   -691.94128166
   -691.92580659
   -691.94131927
   -691.89286519
   -691.93874987
   -691.92316684
   -691.87754705
   -691.90190960
   -691.90058163
   -691.93016295
   -691.94504852
   -691.94841179
   -691.91383826
   -691.93599626
   -691.93246958
   -691.93787723
   -691.90379085
   -691.86582657
   -691.90821906
   -691.89145824
   -691.88559077
   -691.91048620
   -691.92195798
   -691.86542689
   -691.92116851
   -691.90900951
   -691.92779710
   -691.91730758
   -691.93451459
   -691.93401273
   -691.93307137
   -691.89608041
   -691.92515170
   -691.93137830
   -691.92905982
   -691.92371632
   -691.88791763
   -691.93642559
   -691.92043502
   -691.92987593
   -691.91645740
   -691.92010733
   -691.90854492
   -691.90516294
   -691.92240992
   -691.92540695
   -691.90777303
   -691.92689238
   -691.90586510
   -691.95254525
   -691.92357951
   -691.89839972
   -691.89943678
   -691.93887277
   -691.91801312
   -691.88625896
   -691.92412273
   -691.91211525
   -691.92434436
   -691.93619884
   -691.95434911
   -691.91292771
   -691.90828401
   -691.94077569
   -691.91399316
   -691.93683850
   -691.91908061
   -691.92360418
   -691.93158181
   -691.88795117
   -691.92887789
   -691.89144780
   -691.90057498
   -691.94228727
   -691.93550856
   -691.90300166
   -691.90306978
   -691.89690690
   -691.94801965
   -691.94593196
   -691.92372171
   -691.91675360
   -691.94975596
   -691.94035665
   -691.90553349
   -691.92729470
   -691.94434551
   -691.91320195
   -691.93594808
   -691.93268098
   -691.91170029
   -691.91064743
   -691.88591144
   -691.95130119
   -691.93231444
   -691.93010837
   -691.93069544
   -691.93103966
   -691.90223002
   -691.90313373
   -691.85443928
   -691.90363681
   -691.94185091
   -691.90404129
   -691.91706160
   -691.92268373
   -691.92340348
   -691.94200573
   -691.88971081
   -691.92946790
   -691.92732812
   -691.91367643
   -691.96326842
   -691.93760302
   -691.88600589
   -691.94309664
   -691.91063264
   -691.89856725
   -691.94015915
   -691.94043706
   -691.93667465
   -691.93462604
   -691.92566134
   -691.92167771
   -691.92606300
   -691.88158171
   -691.94893517
   -691.90591298
   -691.95994247
   -691.91369928
   -691.86156457
   -691.91419828
   -691.91574646
   -691.83491941
   -691.89777363
   -691.93799534
   -691.91345428
   -691.88302979
   -691.88764984
   -691.90595707
   -691.91604906
   -691.94475231
   -691.91540685
   -691.89331501
   -691.90499882
   -691.88001216
   -691.90562582
   -691.89911480
   -691.94034582
   -691.93032741
   -691.90430955
   -691.92952985
   -691.93486485
   -691.93440490
   -691.93412944
   -691.88178382
   -691.93278091
   -691.85823676
   -691.92850855
   -691.92268736
   -691.90914376
   -691.92455212
   -691.93811565
   -691.90176769
   -691.94106955
   -691.90070636
   -691.91928345
   -691.92054387
   -691.94797177
   -691.89732344
   -691.90611738
   -691.90933603
   -691.94016440
   -691.90250378
   -691.90974660
   -691.88542224
   -691.94116896
   -691.92793475
   -691.92698944
   -691.87622193
   -691.91070311
   -691.90531891
   -691.89210925
   -691.91101021
   -691.89221273
   -691.92695132
   -691.94396541
   -691.92634985
   -691.87705896
   -691.90002177
   -691.91932050
   -691.92163820
   -691.93934373
   -691.92343027
   -691.90027663
   -691.91934469
   -691.94144035
   -691.91621513
   -691.92177955
   -691.93989656
   -691.90981729
   -691.93095244
   -691.92325972
   -691.92422830
   -691.92001409
   -691.91834819
   -691.88998464
   -691.90075442
   -691.89232625
   -691.90660233
   -691.91719205
   -691.89166674
   -691.91413652
   -691.89949291
   -691.92671126
   -691.91102836
   -691.91174321
   -691.87754055
   -691.92701601
   -691.86534257
   -691.94016732
   -691.93417788
   -691.93997357
   -691.93286507
   -691.92127459
   -691.88032048
   -691.90573059
   -691.91778005
   -691.91644538
   -691.90538650
   -691.93345323
   -691.93678220
   -691.91320984
   -691.91177640
   -691.91662901
   -691.93912675
   -691.92680232
   -691.90980858
   -691.88911053
   -691.91148273
   -691.92187250
   -691.90129079
   -691.92943414
   -691.91761757
   -691.89406533
   -691.87911859
   -691.91337351
   -691.92522886
   -691.89674605
   -691.91523858
   -691.88448638
   -691.91462802
   -691.92147057
   -691.94556306
   -691.92136184
   -691.89277980
   -691.91331525
   -691.90558336
   -691.93035658
   -691.88496229
   -691.89275561
   -691.88349567
   -691.91600842
   -691.92013621
   -691.90183718
   -691.93882588
   -691.87002867
   -691.90025480
   -691.95527265
   -691.87477520
   -691.94461144
   -691.88286339
   -691.85518958
   -691.91830609
   -691.92084284
   -691.91540934
   -691.93863786
   -691.91511679
   -691.92124399
   -691.94564814
   -691.92544539
   -691.88205410
   -691.92917037
   -691.92456419
   -691.86599150
   -691.90286595
   -691.86558066
   -691.90009566
   -691.91194018
   -691.85629291
   -691.93908912
   -691.89363360
   -691.94013428
   -691.90454165
   -691.91114191
   -691.92601067
   -691.92807327
   -691.89989240
   -691.89549324
   -691.91486072
   -691.92774981
   -691.93767179
   -691.90391879
   -691.87095358
   -691.90579938
   -691.93390457
   -691.91010260
   -691.89272843
   -691.93225107
   -691.95661676
   -691.91020841
   -691.88171361
   -691.86179556
   -691.90707824
   -691.85335229
   -691.87913826
   -691.86132653
   -691.86524859
   -691.93799186
   -691.93142855
   -691.97702987
   -691.93906291
   -691.94035086
   -691.89207528
   -691.88769523
   -691.94493512
   -691.94262647
   -691.86936081
   -691.90977007
   -691.93323856
   -691.92584634
   -691.91836923
   -691.91666188
   -691.89474129
   -691.88458613
   -691.89142333
   -691.94763931
   -691.92306643
   -691.86578462
   -691.91221660
   -691.92186889
   -691.91688872
   -691.95578479
   -691.93918777
   -691.90890762
   -691.95209935
   -691.93734445
   -691.92505638
   -691.89521459
   -691.89048773
   -691.93018230
   -691.88936207
   -691.94033218
   -691.93443242
   -691.91813560
   -691.91284376
   -691.91489497
   -691.94805996
   -691.94992623
   -691.94776038
   -691.86508189
   -691.94531868
   -691.91219981
   -691.83867631
   -691.90188671
   -691.94300092
   -691.91344202
   -691.94164608
   -691.92000173
   -691.92238973
   -691.88814160
   -691.90823018
   -691.93877793
   -691.87571692
   -691.90924839
   -691.88289201
   -691.89408955
   -691.90145195
   -691.88382501
   -691.93390154
   -691.92890882
   -691.91763841
   -691.91157024
   -691.89603812
   -691.95011805
   -691.92833212
   -691.90041171
   -691.87216761
   -691.92204883
   -691.91834839
   -691.86499422
   -691.91745047
   -691.94057544
   -691.91958352
   -691.94594950
   -691.94496163
   -691.89519255
   -691.92823076
   -691.91743672
   -691.93536135
   -691.93945242
   -691.94934130
   -691.91826378
   -691.87475724
   -691.91760294
   -691.89196695
   -691.88316363
   -691.93185217
   -691.89815836
   -691.90417444
   -691.90593468
   -691.92934137
   -691.87812216
   -691.84477281
   -691.90271421
   -691.95823984
   -691.91379023
   -691.94762570
   -691.93477634
   -691.92637026
   -691.92464965
   -691.91895592
   -691.90050976
   -691.94149658
   -691.92002391
   -691.93374507
   -691.95306958
   -691.91093995
   -691.85819082
   -691.94512388
   -691.92350349
   -691.89930349
   -691.90091648
   -691.88423534
   -691.90192854
   -691.93359973
   -691.92406755
   -691.90418920
   -691.94293491
   -691.93406378
   -691.88135458
   -691.92310368
   -691.87921344
   -691.91172819
   -691.91949998
   -691.91368267
   -691.87980667
   -691.92883062
   -691.93778912
   -691.85362789
   -691.91833034
   -691.82698905
   -691.88139802
   -691.94239344
   -691.93495834
   -691.90917082
   -691.90058575
   -691.89653715
   -691.94795883
   -691.91595627
   -691.92474595
   -691.88936663
   -691.89131248
   -691.89047384
   -691.91812847
   -691.91990563
   -691.93424078
   -691.91757119
   -691.92686547
   -691.93004146
   -691.92371650
   -691.88217777
   -691.85776906
   -691.94701443
   -691.89245674
   -691.91676656
   -691.87368054
   -691.91209519
   -691.90199290
   -691.92813460
   -691.90348985
   -691.94311722
   -691.93143332
   -691.92399259
   -691.91668180
   -691.92562394
   -691.91681756
   -691.92252185
   -691.90144240
   -691.93285916
   -691.90958266
   -691.92714047
   -691.94452443
   -691.88780527
   -691.94753072
   -691.90287449
   -691.90222022
   -691.91868286
   -691.89989490
   -691.89669754
   -691.90973627
   -691.91896923
   -691.89808292
   -691.90866107
   -691.92360941
   -691.93300215
   -691.91503028
   -691.93816343
   -691.90700267
   -691.94758768
   -691.91115647
   -691.91179005
   -691.90865120
   -691.93216531
   -691.91562831
   -691.93599377
   -691.94529369
   -691.92124719
   -691.92286402
   -691.94406404
   -691.89780567
   -691.92839836
   -691.91842107
   -691.92809129
   -691.91153378
   -691.92120444
   -691.91705211
   -691.88581895
   -691.87647665
   -691.90873609
   -691.88087884
   -691.94156426
   -691.92239983
   -691.89857934
   -691.94792635
   -691.90158822
   -691.88250834
   -691.90602139
   -691.91338247
   -691.91019058
   -691.94185469
   -691.92177510
   -691.91456214
   -691.88934465
   -691.91088114
   -691.92455095
   -691.83506479
   -691.90423870
   -691.92508960
   -691.91220965
   -691.85547936
   -691.93023685
   -691.93658124
   -691.91093644
   -691.90818966
   -691.89774941
   -691.90119692
   -691.92966062
   -691.90906017
   -691.93611875
   -691.93364667
   -691.90001330
   -691.94453642
   -691.88159188
   -691.87789661
   -691.94018134
   -691.93004043
   -691.93330827
   -691.85593495
   -691.91913902
   -691.92896389
   -691.95381160
   -691.90035133
   -691.90203405
   -691.90729202
   -691.91998031
   -691.91671854
   -691.92231157
   -691.91643756
   -691.89738219
   -691.93952206
   -691.94481309
   -691.91892260
   -691.88725953
   -691.89753946
   -691.83841618
   -691.92063197
   -691.87230075
   -691.92458324
   -691.88324374
   -691.91795498
   -691.89644064
   -691.88457809
   -691.93119434
   -691.95775153
   -691.88854138
   -691.92690317
   -691.93574859
   -691.86886489
   -691.93367590
   -691.91080579
   -691.92365687
   -691.94321376
   -691.91994598
   -691.92506949
   -691.92833753
   -691.89448970
   -691.84629613
   -691.92309872
   -691.88273305
   -691.92992832
   -691.91084567
   -691.91833350
   -691.92132250
   -691.94471569
   -691.92118681
   -691.88571511
   -691.93021223
   -691.90607203
   -691.93506639
   -691.93361274
   -691.90468131
   -691.91716753
   -691.89997713
   -691.92225695
   -691.91719821
   -691.90201064
   -691.92002351
   -691.92558643
   -691.93009917
   -691.88976424
   -691.92553778
   -691.92662002
   -691.93315473
   -691.90199043
   -691.93295747
   -691.92378796
   -691.92172413
   -691.93142421
   -691.93400016
   -691.91622073
   -691.92106151
   -691.91005178
   -691.92322381
   -691.88742040
   -691.90865865
   -691.93901481
   -691.93733931
   -691.92703217
   -691.90414222
   -691.93102692
   -691.89631518
   -691.93398606
   -691.91102832
   -691.91140926
   -691.93019631
   -691.91191495
   -691.94542690
   -691.90597734
   -691.92506903
   -691.93962325
   -691.93558391
   -691.88695759
   -691.93072041
   -691.91706879
   -691.93198258
   -691.92542555
   -691.90342751
   -691.85874459
   -691.92389313
   -691.92855025
   -691.89774129
   -691.92987066
   -691.92701046
   -691.91903220
   -691.93151604
   -691.89475109
   -691.93684729
   -691.93030378
   -691.90857132
   -691.89749529
   -691.89864354
   -691.90613686
   -691.94104946
   -691.89320268
   -691.93906651
   -691.92529021
   -691.89494020
   -691.87664788
   -691.93068900
   -691.88469835
   -691.91484787
   -691.96239684
   -691.92196078
   -691.94422963
   -691.88543119
   -691.93869735
   -691.88774244
   -691.89477642
   -691.94887427
   -691.94128333
   -691.94889864
   -691.95699197
   -691.89185975
   -691.88424942
   -691.90322290
   -691.93779400
   -691.89110777
   -691.92010584
   -691.93419119
   -691.87841309
   -691.90126798
   -691.88120476
   -691.96432095
   -691.92038373
   -691.91965702
   -691.91819453
   -691.90678882
   -691.91655943
   -691.95014729
   -691.90883318
   -691.91324540
   -691.91309373
   -691.91626553
   -691.91413141
   -691.92248161
   -691.90593535
   -691.92754092
   -691.90109830
   -691.91236696
   -691.95198046
   -691.90833245
   -691.92618552
   -691.91046028
   -691.94054430
   -691.94502017
   -691.91741718
   -691.92263972
   -691.92053829
   -691.92645883
   -691.93233366
   -691.91949749
   -691.85903616
   -691.88663102
   -691.88995273
   -691.91909494
   -691.92622630
   -691.89365581
   -691.92071642
   -691.91714955
   -691.93888207
   -691.92936009
   -691.89927721
   -691.90415018
   -691.88932723
   -691.93345574
   -691.85686057
   -691.87230948
   -691.89630552
   -691.88151688
   -691.89291248
   -691.92472750
   -691.87648168
   -691.91242952
   -691.92925052
   -691.93925063
   -691.89188240
   -691.89397328
   -691.93760207
   -691.93604486
   -691.93156420
   -691.95152413
   -691.92429309
   -691.90757074
   -691.88155363
   -691.95546802
   -691.86891866
   -691.94150474
   -691.93605644
   -691.90057842
   -691.87934296
   -691.92361901
   -691.89802944
   -691.87120150
   -691.97681412
   -691.92091565
   -691.90899334
   -691.91484184
   -691.88300520
   -691.91556663
   -691.92194974
   -691.91054193
   -691.85712759
   -691.87669376
   -691.93117054
   -691.86082624
   -691.87549979
   -691.91797820
   -691.89578946
   -691.86862693
   -691.92184533
   -691.92329890
   -691.92559270
   -691.90241468
   -691.90838423
   -691.91414492
   -691.90019820
   -691.92524495
   -691.91864067
   -691.88883554
   -691.86771396
   -691.92076312
   -691.95145361
   -691.92431559
   -691.88821432
   -691.87955789
   -691.94818118
   -691.88326163
   -691.87912598
   -691.91490573
   -691.90083121
   -691.90290036
   -691.89414468
   -691.93526190
   -691.91983037
   -691.93202348
   -691.94679310
   -691.95269680
   -691.89198928
   -691.92973227
   -691.89160819
   -691.86898497
   -691.92987989
   -691.87823477
   -691.91396373
   -691.90745416
   -691.89176459
   -691.93955491
   -691.93393219
   -691.91845260
   -691.93073578
   -691.90262365
   -691.93727915
   -691.90103813
   -691.91759887
   -691.88728255
   -691.92909004
   -691.90352030
   -691.86007986
   -691.90027927
   -691.91072822
   -691.94443266
   -691.91663899
   -691.92892783
   -691.93383180
   -691.92177670
   -691.87185093
   -691.92235699
   -691.92911396
   -691.93023844
   -691.91574585
   -691.93521815
   -691.92563384
   -691.92714725
   -691.90600653
   -691.90193061
   -691.90174827
   -691.89379419
   -691.90103794
   -691.92293998
   -691.87974443
   -691.91101177
   -691.92991303
   -691.93417651
   -691.94478517
   -691.90118725
   -691.87857017
   -691.91967530
   -691.92820930
   -691.90970890
   -691.91961700
   -691.92187443
   -691.86690639
   -691.90534477
   -691.93833652
   -691.94355597
   -691.90244544
   -691.91338777
   -691.90166190
   -691.90572051
   -691.91828132
   -691.93128690
   -691.94052713
   -691.92673441
   -691.90357023
   -691.87015669
   -691.91352153
   -691.86649851
   -691.92497966
   -691.90164421
   -691.91211176
   -691.97507024
   -691.90072434
   -691.89991226
   -691.92974277
   -691.91671242
   -691.92859838
   -691.92728637
   -691.92310281
   -691.89860731
   -691.90992844
   -691.90686544
   -691.92943339
   -691.93142228
   -691.92783164
   -691.92966832
   -691.93843253
   -691.88573331
   -691.92598499
   -691.87017645
   -691.92356684
   -691.91351711
   -691.92537412
   -691.90297250
   -691.89331015
   -691.91993201
   -691.93933707
   -691.88692016
   -691.92683739
   -691.88460758
   -691.90990217
   -691.90979738
   -691.86600441
   -691.93113505
   -691.95365193
   -691.94095910
   -691.91702031
   -691.90127840
   -691.88568162
   -691.91556794
   -691.94022469
   -691.91230761
   -691.92875479
   -691.94541497
   -691.92539994
   -691.94186742
   -691.91202787
   -691.91917000
   -691.89838607
   -691.92181303
   -691.86385510
   -691.93056207
   -691.89142871
   -691.91970630
   -691.90255346
   -691.90952091
   -691.93065934
   -691.90042376
   -691.91083543
   -691.93245904
   -691.87815484
   -691.90618110
   -691.90537270
   -691.90479528
   -691.92921909
   -691.90045576
   -691.90961082
   -691.95438397
   -691.95133700
   -691.93638297
   -691.93145024
   -691.88023939
   -691.90678388
   -691.93305436
   -691.90993245
   -691.89446753
   -691.91753258
   -691.87811455
   -691.91737945
   -691.92207059
   -691.91230964
   -691.92461343
   -691.91746726
   -691.95665051
   -691.82813849
   -691.90966477
   -691.93927697
   -691.90827884
   -691.93715403
   -691.93397133
   -691.91732535
   -691.92549665
   -691.89579353
   -691.93379162
   -691.92647106
   -691.89476160
   -691.92845848
   -691.92355944
   -691.93189438
   -691.91360848
   -691.90036294
   -691.89545441
   -691.92691783
   -691.92282060
   -691.93103945
   -691.89152063
   -691.91557143
   -691.92470323
   -691.91894387
   -691.87658319
   -691.85599968
   -691.85565673
   -691.90134231
   -691.88598123
   -691.90091247
   -691.91675836
   -691.92648688
   -691.88855310
   -691.94020570
   -691.92262598
   -691.89648295
   -691.88672962
   -691.88067939
   -691.89486438
   -691.92127232
   -691.91665920
   -691.93147693
   -691.90939512
   -691.86522212
   -691.91274055
   -691.88167046
   -691.89600167
   -691.91635875
   -691.86906558
   -691.91264784
   -691.91499507
   -691.87443954
   -691.93998196
   -691.89409809
   -691.90241520
   -691.91743574
   -691.90072737
   -691.90072091
   -691.91543255
   -691.90752916
   -691.91464976
   -691.92658189
   -691.94139484
   -691.91946472
   -691.89072617
   -691.95145856
   -691.87540705
   -691.89991029
   -691.92391074
   -691.90914980
   -691.87011086
   -691.94552395
   -691.89754362
   -691.93375675
   -691.93487394
   -691.93111376
   -691.94224024
   -691.91936641
   -691.85147212
   -691.93067849
   -691.88010129
   -691.92262307
   -691.87380475
   -691.91064713
   -691.91887578
   -691.91173830
   -691.91146351
   -691.92034962
   -691.85580618
   -691.92487978
   -691.89906675
   -691.91695775
   -691.91237282
   -691.92078542
   -691.92569450
   -691.91421947
   -691.88179538
   -691.89293456
   -691.92617135
   -691.93490872
   -691.89512037
   -691.92365008
   -691.85879637
   -691.92199103
   -691.91419363
   -691.90271119
   -691.91798106
   -691.86590914
   -691.91537719
   -691.91037019
   -691.92976804
   -691.94242101
   -691.91675721
   -691.88440386
   -691.91332316
   -691.89840537
   -691.88388518
   -691.91324470
   -691.91658472
   -691.91631318
   -691.92463013
   -691.92506761
   -691.91153352
   -691.95541738
   -691.91516127
   -691.93432487
   -691.91022800
   -691.88494093
   -691.93626277
   -691.89763272
   -691.91973315
   -691.90158867
   -691.91657797
   -691.88185653
   -691.90969615
   -691.91757704
   -691.85488674
   -691.93253488
   -691.93418539
   -691.90214781
   -691.86582994
   -691.89962748
   -691.90451709
   -691.91833890
   -691.93248407
   -691.90849979
   -691.90086712
   -691.93357857
   -691.92850515
   -691.89696593
   -691.90458587
   -691.86059772
   -691.91902699
   -691.86597350
   -691.90106868
   -691.93852999
   -691.88932561
   -691.90145648
   -691.93948643
   -691.94231414
   -691.93232428
   -691.90892498
   -691.91699215
   -691.93520082
   -691.95281143
   -691.93762280
   -691.92355211
   -691.89249996
   -691.91288499
   -691.90816543
   -691.92241986
   -691.88613129
   -691.87859847
   -691.93560069
   -691.89479269
   -691.91243230
   -691.94349252
   -691.93396629
   -691.88463088
   -691.89348216
   -691.92604251
   -691.86488797
   -691.89271843
   -691.93454323
   -691.93037426
   -691.92702224
   -691.89738290
   -691.90471745
   -691.88350593
   -691.93103018
   -691.87545781
   -691.90845641
   -691.93251257
   -691.92525404
   -691.87623043
   -691.91383539
   -691.93452195
   -691.89916474
   -691.94029580
   -691.90312363
   -691.93712152
   -691.91022084
   -691.92443015
   -691.95259083
   -691.88233041
   -691.92341813
   -691.91687538
   -691.92396431
   -691.93926575
   -691.91483775
   -691.86960960
   -691.85723245
   -691.91785693
   -691.92379912
   -691.88833131
   -691.90666992
   -691.92549621
   -691.91062720
   -691.89963309
   -691.92764446
   -691.88511481
   -691.88172616
   -691.91073723
   -691.93414304
   -691.89408721
   -691.91627964
   -691.90532090
   -691.89929083
   -691.93809226
   -691.92906120
   -691.93622897
   -691.93249711
   -691.90685616
   -691.88755479
   -691.91964281
   -691.90665552
   -691.90363469
   -691.94531387
   -691.88215725
   -691.88488008
   -691.92285799
   -691.92095752
   -691.93526258
   -691.91994580
   -691.92961102
   -691.92825302
   -691.97460011
   -691.92529259
   -691.88214991
   -691.88147368
   -691.89380245
   -691.95279268
   -691.91845641
   -691.90929961
   -691.92602599
   -691.91864187
   -691.94540112
   -691.92610021
   -691.91160148
   -691.89351442
   -691.89444283
   -691.90391659
   -691.91376123
   -691.91702841
   -691.92650898
   -691.89421186
   -691.87959850
   -691.94345409
   -691.94140624
   -691.92108812
   -691.95446190
   -691.90232589
   -691.91879232
   -691.93245107
   -691.90196379
   -691.87237253
   -691.92447544
   -691.90591491
   -691.85851365
   -691.90767871
   -691.91457580
   -691.84521917
   -691.92860582
   -691.89731110
   -691.88541280
   -691.91743869
   -691.91740195
   -691.90861370
   -691.92654115
   -691.89158299
   -691.92617741
   -691.93869161
   -691.93966168
   -691.92747069
   -691.95065676
   -691.88740027
   -691.90883517
   -691.90320471
   -691.94222523
   -691.89683306
   -691.90059871
   -691.91990753
   -691.91952439
   -691.90729779
   -691.90312513
   -691.95186308
   -691.90704740
   -691.93686831
   -691.90688305
   -691.89829986
   -691.91184494
   -691.94906728
   -691.89628657
   -691.92720964
   -691.88090218
   -691.95314353
   -691.90174441
   -691.92370155
   -691.90625127
   -691.92799743
   -691.91111911
   -691.93554545
   -691.90979609
   -691.95022626
   -691.91454051
   -691.89211062
   -691.92326328
   -691.94640976
   -691.93060559
   -691.87090856
   -691.93384120
   -691.89246340
   -691.92865005
   -691.94625206
   -691.94044430
   -691.88246114
   -691.87181168
   -691.93308448
   -691.88191753
   -691.90652935
   -691.93627364
   -691.92555482
   -691.89811808
   -691.89399263
   -691.92836357
   -691.93947125
   -691.93455729
   -691.89154593
   -691.93586508
   -691.92126175
   -691.88459813
   -691.89198439
   -691.93569622
   -691.92847582
   -691.90993013
   -691.91702103
   -691.91412076
   -691.91864766
   -691.92219000
   -691.92347097
   -691.94045458
   -691.91513716
   -691.90312221
   -691.91345345
   -691.90951791
   -691.90572809
   -691.93888137
   -691.90613399
   -691.88062424
   -691.90548203
   -691.92219698
   -691.91714423
   -691.95128735
   -691.93048304
   -691.92591776
   -691.92809975
   -691.93659817
   -691.89624015
   -691.89536764
   -691.92409915
   -691.92698542
   -691.92016048
   -691.91619288
   -691.88867791
   -691.92969839
   -691.93808296
   -691.92545528
   -691.93545603
   -691.91638290
   -691.90464290
   -691.90929003
   -691.93123938
   -691.94024219
   -691.93534222
   -691.95743231
   -691.89379354
   -691.91964768
   -691.93751813
   -691.90552819
   -691.90570124
   -691.90083107
   -691.90996052
   -691.91142057
   -691.89571941
   -691.89722256
   -691.93681066
   -691.94665829
   -691.94422203
   -691.91170385
   -691.90311206
   -691.92642523
   -691.89040954
   -691.94768667
   -691.93678690
   -691.89080745
   -691.90255064
   -691.87550712
   -691.92634563
   -691.92766685
   -691.91301352
   -691.89802639
   -691.92909920
   -691.87773150
   -691.91642906
   -691.94478879
   -691.91608856
   -691.92350582
   -691.90940627
   -691.92044057
   -691.86218489
   -691.92640877
   -691.93930899
   -691.93327014
   -691.91936355
   -691.93393433
   -691.84421102
   -691.87476501
   -691.92254222
   -691.84631676
   -691.89713010
   -691.91620353
   -691.93022277
   -691.92051737
   -691.93241897
   -691.91457557
   -691.91796559
   -691.90758029
   -691.92095469
   -691.93709111
   -691.85979897
   -691.91447835
   -691.92960204
   -691.89849908
   -691.91187955
   -691.93734713
   -691.92633260
   -691.91697494
   -691.93434528
   -691.93526566
   -691.86898985
   -691.90122367
   -691.94181160
   -691.90135906
   -691.88698555
   -691.91969727
   -691.92617728
   -691.89252229
   -691.94909315
   -691.87064472
   -691.90278282
   -691.89150147
   -691.92398885
   -691.92627533
   -691.91618580
   -691.89627850
   -691.93298363
   -691.90073673
   -691.87203791
   -691.90774348
   -691.91612165
   -691.89552580
   -691.93177303
   -691.89652922
   -691.88534462
   -691.91588379
   -691.91826087
   -691.91004576
   -691.90437090
   -691.90393128
   -691.91943740
   -691.92902749
   -691.94468899
   -691.90812551
   -691.92203909
   -691.94082658
   -691.93498608
   -691.89209584
   -691.90912957
   -691.92733594
   -691.92950176
   -691.88836904
   -691.92492027
   -691.90524915
   -691.91549299
   -691.89837589
   -691.91958143
   -691.93644451
   -691.88379628
   -691.90692624
   -691.91922361
   -691.93923862
   -691.91764399
   -691.88376574
   -691.93820759
   -691.93224257
   -691.92867864
   -691.94245949
   -691.91810874
   -691.91652741
   -691.93675063
   -691.90125797
   -691.94649775
   -691.90229886
   -691.87771777
   -691.93373976
   -691.96168512
   -691.92041672
   -691.94285205
   -691.94760866
   -691.88402597
   -691.92727322
   -691.93327071
   -691.92621853
   -691.94145970
   -691.92520753
   -691.91478866
   -691.92316357
   -691.90889864
   -691.86882284
   -691.91708652
   -691.91980974
   -691.88732912
   -691.90975168
   -691.90751330
   -691.90849197
   -691.86182459
   -691.93355287
   -691.94023403
   -691.92743604
   -691.91065341
   -691.88183784
   -691.90855973
   -691.92185811
   -691.90338544
   -691.92239204
   -691.90167828
   -691.91144286
   -691.91219050
   -691.91245444
   -691.89577503
   -691.93871398
   -691.92632480
   -691.92105210
   -691.91777578
   -691.95130709
   -691.91211073
   -691.92080034
   -691.91884826
   -691.89186202
   -691.95109350
   -691.89849003
   -691.88783080
   -691.92739204
   -691.93668595
   -691.91032390
   -691.92118636
   -691.90375332
   -691.92422910
   -691.91403099
   -691.90658356
   -691.92113434
   -691.89065380
   -691.90294129
   -691.90188258
   -691.89868190
   -691.90762093
   -691.92141058
   -691.92174352
   -691.90830286
   -691.91131892
   -691.92046235
   -691.92921848
   -691.90516530
   -691.86254400
   -691.92445825
   -691.93445628
   -691.91182520
   -691.91390069
   -691.92001739
   -691.93374989
   -691.90706799
   -691.93960463
   -691.95787564
   -691.91129306
   -691.90410333
   -691.90909596
   -691.91346944
   -691.92880189
   -691.89816956
   -691.89108484
   -691.90773500
   -691.88621790
   -691.87709358
   -691.94538514
   -691.87474282
   -691.93685105
   -691.92969464
   -691.91552241
   -691.93179657
   -691.92807141
   -691.91269995
   -691.90620780
   -691.90274555
   -691.92457123
   -691.91412517
   -691.94254613
   -691.94770838
   -691.90549679
   -691.93773675
   -691.94012403
   -691.91315433
   -691.90886923
   -691.90338956
   -691.88201223
   -691.87031192
   -691.87603858
   -691.90848033
   -691.93162641
   -691.88331652
   -691.90039624
   -691.90828348
   -691.94254694
   -691.93101145
   -691.92039889
   -691.91729377
   -691.91560481
   -691.92455919
   -691.92466603
   -691.88888968
   -691.89428903
   -691.90952535
   -691.92515276
   -691.91939519
   -691.92132811
   -691.91706699
   -691.89141392
   -691.88174899
   -691.93427690
   -691.90434537
   -691.91486296
   -691.91220970
   -691.93233069
   -691.92917283
   -691.92082396
   -691.89087646
   -691.91724857
   -691.91195243
   -691.87270914
   -691.92166967
   -691.90191278
   -691.90740370
   -691.92440200
   -691.92247773
   -691.89116188
   -691.89798288
   -691.89789482
   -691.92886558
   -691.88104636
   -691.90305960
   -691.82129776
   -691.90479819
   -691.95293035
   -691.92206779
   -691.90701501
   -691.92858657
   -691.92139767
   -691.90959123
   -691.93031757
   -691.93720363
   -691.91051657
   -691.92434028
   -691.93558817
   -691.91692433
   -691.93112967
   -691.92307256
   -691.88981370
   -691.91160354
   -691.89240942
   -691.90625725
   -691.91990196
   -691.93229308
   -691.89466338
   -691.90966901
   -691.90416180
   -691.91350077
   -691.88469674
   -691.88739557
   -691.88616639
   -691.94373099
   -691.94965649
   -691.88083785
   -691.91634859
   -691.90512779
   -691.91271576
   -691.93550417
   -691.89681622
   -691.92065513
   -691.91059753
   -691.93599850
   -691.93416355
   -691.94594831
   -691.93447755
   -691.91434514
   -691.94737962
   -691.90336293
   -691.93139634
   -691.89515096
   -691.97678067
   -691.92611267
   -691.93157392
   -691.93668871
   -691.90866247
   -691.93363708
   -691.94304263
   -691.94508548
   -691.92911365
   -691.92825999
   -691.93682530
   -691.87249552
   -691.93657714
   -691.86787322
   -691.91546297
   -691.87667395
   -691.92581973
   -691.93341438
   -691.91105302
   -691.89634727
   -691.91679124
   -691.88584263
   -691.91591528
   -691.87765139
   -691.89070329
   -691.90066125
   -691.93997478
   -691.94983982
   -691.94905307
   -691.92662189
   -691.91109428
   -691.93539835
   -691.88691418
   -691.94660764
   -691.91374830
   -691.93809071
   -691.91898958
   -691.92403186
   -691.90340963
   -691.90959927
   -691.91751881
   -691.91912914
   -691.89937385
   -691.86632815
   -691.94092909
   -691.91114951
   -691.93642869
   -691.92286397
   -691.87824875
   -691.92542683
   -691.91276762
   -691.90843540
   -691.92330295
   -691.88585281
   -691.95730634
   -691.91127285
   -691.90845963
   -691.87631556
   -691.93300070
   -691.85455362
   -691.93549015
   -691.91510218
   -691.87400270
   -691.93299804
   -691.91578933
   -691.91082219
   -691.95397513
   -691.92533434
   -691.94587251
   -691.94757448
   -691.89348715
   -691.88823171
   -691.91348533
   -691.87259897
   -691.91552467
   -691.90020035
   -691.96159118
   -691.89243649
   -691.89702820
   -691.93318824
   -691.88329156
   -691.94057585
   -691.90440681
   -691.87919722
   -691.92437804
   -691.89365317
   -691.92008892
   -691.95698498
   -691.90029308
   -691.89696007
   -691.90448508
   -691.88307437
   -691.90949352
   -691.93897979
   -691.92968776
   -691.91349108
   -691.91821688
   -691.91418728
   -691.88639425
   -691.91091770
   -691.89981595
   -691.87477716
   -691.89036521
   -691.93102075
   -691.94599797
   -691.90447830
   -691.93028552
   -691.88233696
   -691.92911095
   -691.94009109
   -691.93404301
   -691.93726428
   -691.92010394
   -691.91163805
   -691.89297841
   -691.92237410
   -691.86257044
   -691.92444089
   -691.93408329
   -691.93636207
   -691.90304705
   -691.91393751
   -691.89212775
   -691.95335861
   -691.89734555
   -691.90135506
   -691.90705302
   -691.94112983
   -691.93125748
   -691.88788094
   -691.92053768
   -691.88313646
   -691.92521292
   -691.91392827
   -691.94021299
   -691.92059879
   -691.95037801
   -691.91037515
   -691.95660413
   -691.88691502
   -691.90078833
   -691.88206565
   -691.93606973
   -691.92639250
   -691.89854677
   -691.90120775
   -691.87265434
   -691.92385342
   -691.88101066
   -691.88034409
   -691.93385363
   -691.93026834
   -691.90190634
   -691.90932669
   -691.91924354
   -691.86520831
   -691.93077172
   -691.92915923
   -691.92435064
   -691.91097993
   -691.88386256
   -691.92014865
   -691.89533264
   -691.90092122
   -691.90554452
   -691.89748935
   -691.93393281
   -691.88338428
   -691.88937723
   -691.91569105
   -691.91643444
   -691.91107027
   -691.89115601
   -691.90811779
   -691.93006956
   -691.94529037
   -691.89218547
   -691.89169560
   -691.89066000
   -691.90509215
   -691.92651949
   -691.91709787
   -691.88265876
   -691.92741762
   -691.94197825
   -691.88345433
   -691.87216445
   -691.94432583
   -691.94833999
   -691.93885848
   -691.91974829
   -691.90602149
   -691.88884432
   -691.90124546
   -691.92108298
   -691.90308812
   -691.93631570
   -691.94405587
   -691.90706068
   -691.92207563
   -691.92781696
   -691.93722356
   -691.91545086
   -691.89914831
   -691.91211622
   -691.93036045
   -691.87746333
   -691.89880095
   -691.92912686
   -691.94216600
   -691.85487278
   -691.91616436
   -691.89450869
   -691.93514321
   -691.92286340
   -691.90444014
   -691.91330974
   -691.94333820
   -691.90260583
   -691.91865694
   -691.92359773
   -691.90287526
   -691.93602717
   -691.93480614
   -691.89052695
   -691.92177945
   -691.90020874
   -691.91110701
   -691.90297580
   -691.94441255
   -691.93793610
   -691.91665271
   -691.91901719
   -691.94279686
   -691.93417661
   -691.95328705
   -691.93518210
   -691.91060871
   -691.92289337
   -691.93411297
   -691.93500622
   -691.90497845
   -691.93316189
   -691.92132795
   -691.93079720
   -691.94102471
   -691.89533180
   -691.90515397
   -691.90869881
   -691.89555889
   -691.89005084
   -691.93345257
   -691.88441176
   -691.90470375
   -691.92075895
   -691.91892704
   -691.87854976
   -691.87464114
   -691.92535138
   -691.88063083
   -691.91586756
   -691.90671330
   -691.93881117
   -691.89494813
   -691.90209753
   -691.87776585
   -691.92035739
   -691.93678622
   -691.93018019
   -691.92841578
   -691.92890467
   -691.91660378
   -691.93881434
   -691.92717643
   -691.86382844
   -691.90258376
   -691.95877610
   -691.91372549
   -691.93227695
   -691.91373731
   -691.93822895
   -691.94232332
   -691.90686974
   -691.89093122
   -691.91835845
   -691.89940391
   -691.90746313
   -691.88325117
   -691.88525151
   -691.90803745
   -691.93235784
   -691.93357423
   -691.86384228
   -691.92207854
   -691.90553787
   -691.91309969
   -691.94617949
   -691.87936206
   -691.91334653
   -691.92765809
   -691.91523199
   -691.92001436
   -691.90254014
   -691.86668253
   -691.92348259
   -691.90370751
   -691.93841875
   -691.90880199
   -691.90949319
   -691.93270271
   -691.93462563
   -691.93673474
   -691.88104236
   -691.94634342
   -691.93211559
   -691.92717920
   -691.93535668
   -691.89992679
   -691.90209444
   -691.90054680
   -691.95228796
   -691.89914695
   -691.90928623
   -691.93012536
   -691.87869051
   -691.89288465
   -691.90547238
   -691.93063020
   -691.92411691
   -691.94594351
   -691.90188383
   -691.94116597
   -691.93267201
   -691.90592876
   -691.93522994
   -691.88658918
   -691.89883075
   -691.94137366
   -691.92454374
   -691.87656830
   -691.90825110
   -691.94159911
   -691.94281059
   -691.90953397
   -691.90605810
   -691.89125455
   -691.90742220
   -691.89030133
   -691.92347531
   -691.90893190
   -691.93252178
   -691.94263776
   -691.92079828
   -691.89768105
   -691.94620536
   -691.89760466
   -691.87236181
   -691.92950598
   -691.91345726
   -691.91439683
   -691.90489150
   -691.90036532
   -691.94448629
   -691.91905705
   -691.93614631
   -691.93573841
   -691.91881521
   -691.89677055
   -691.85612032
   -691.94595225
   -691.89476165
   -691.89781854
   -691.89974590
   -691.88583287
   -691.94663867
   -691.90944749
   -691.93452690
   -691.91762071
   -691.88392033
   -691.92229858
   -691.92606487
   -691.90222162
   -691.94041687
   -691.94559855
   -691.90923617
   -691.88626678
   -691.94966299
   -691.86081936
   -691.92562094
   -691.92266156
   -691.96325101
   -691.89695973
   -691.94701287
   -691.87417943
   -691.91224561
   -691.90501673
   -691.90492705
   -691.91450677
   -691.90153499
   -691.95579298
   -691.89398687
   -691.89712909
   -691.93843182
   -691.91518495
   -691.90989851
   -691.91860227
   -691.91358218
   -691.89965841
   -691.93468753
   -691.92363100
   -691.91105674
   -691.90702576
   -691.91993588
   -691.92339261
   -691.92284262
   -691.93256558
   -691.92535856
   -691.92101224
   -691.92134036
   -691.93721339
   -691.91589496
   -691.88233282
   -691.88791651
   -691.93345671
   -691.92045487
   -691.89395934
   -691.93176933
   -691.90217107
   -691.94323947
   -691.90437347
   -691.93850744
   -691.91745213
   -691.87611179
   -691.91510745
   -691.92113672
   -691.92736768
   -691.97659635
   -691.93024188
   -691.90831612
   -691.88912067
   -691.92571240
   -691.91043018
   -691.91613918
   -691.86103937
   -691.90800276
   -691.90060928
   -691.90749731
   -691.89591514
   -691.86212194
   -691.89038086
   -691.93266497
   -691.89517028
   -691.92461032
   -691.93621068
   -691.93078770
   -691.92785649
   -691.91384981
   -691.94126946
   -691.92083919
   -691.92252896
   -691.90888332
   -691.93175886
   -691.91068016
   -691.89603650
   -691.90861196
   -691.86850788
   -691.91185956
   -691.94360536
   -691.93987946
   -691.89010188
   -691.92583385
   -691.92165351
   -691.88812550
   -691.94197366
   -691.87235678
   -691.90844425
   -691.88823613
   -691.92970353
   -691.94061923
   -691.87919785
   -691.94084821
   -691.91031178
   -691.89374772
   -691.91476187
   -691.90930885
   -691.90085458
   -691.92205226
   -691.87502362
   -691.91725743
   -691.92929366
   -691.91574217
   -691.95223264
   -691.88235546
   -691.90300817
   -691.92795875
   -691.87754336
   -691.91572735
   -691.92157522
   -691.91543506
   -691.91817518
   -691.90630195
   -691.90188139
   -691.90735183
   -691.91073036
   -691.92177984
   -691.89150989
   -691.88121733
   -691.90209101
   -691.93589762
   -691.91003788
   -691.91568207
   -691.93375775
   -691.91021848
   -691.88386156
   -691.91643496
   -691.88738409
   -691.87973156
   -691.87300140
   -691.90544554
   -691.90951164
   -691.91588178
   -691.92525373
   -691.91306489
   -691.86447067
   -691.92009861
   -691.85955110
   -691.91528445
   -691.93802234
   -691.90268460
   -691.91532010
   -691.90841743
   -691.91332652
   -691.92666346
   -691.91865902
   -691.92557249
   -691.94129124
   -691.93403718
   -691.88043603
   -691.92920914
   -691.89535000
   -691.92681139
   -691.91086134
   -691.89035052
   -691.91616987
   -691.94210530
   -691.89041459
   -691.94689355
   -691.92607803
   -691.93458114
   -691.92273352
   -691.89809577
   -691.92231981
   -691.91440292
   -691.90534610
   -691.90338656
   -691.92198496
   -691.94205509
   -691.92863206
   -691.91625299
   -691.91638286
   -691.89241867
   -691.93834620
   -691.94233905
   -691.92500461
   -691.94081751
   -691.89303736
   -691.89613890
   -691.89292125
   -691.89847777
   -691.93188793
   -691.89586869
   -691.94698496
   -691.86586040
   -691.91824668
   -691.89600922
   -691.90276035
   -691.91615207
   -691.89026396
   -691.94778781
   -691.92111352
   -691.87957006
   -691.90647369
   -691.89997991
   -691.91159830
   -691.90473568
   -691.90908179
   -691.90438291
   -691.89253070
   -691.86363198
   -691.90537059
   -691.89834863
   -691.93391828
   -691.92000851
   -691.94873660
   -691.93395916
   -691.86613706
   -691.90095432
   -691.94122227
   -691.90082158
   -691.88605111
   -691.92835552
   -691.94294378
   -691.90364245
   -691.93261703
   -691.92741182
   -691.92781119
   -691.94190003
   -691.87595150
   -691.90272386
   -691.94482634
   -691.89676077
   -691.92564526
   -691.91183455
   -691.93514579
   -691.89754155
   -691.94428443
   -691.92350658
   -691.92149854
   -691.92322784
   -691.93397002
   -691.92981493
   -691.90707086
