% The following energies apply to conformations described by the topology 
% R39_iter1.top.  Structures are given in trajectory coords.cdf, count: 144.

% Item 0:
%   Energy -> orca_structures/coor*/NConf*.out
   -691.97148036
   -691.97261446
   -691.96661686
   -691.97162151
   -691.96650878
   -691.97248917
   -691.97168365
   -691.97145830
   -691.96405552
   -691.97151750
   -691.96926122
   -691.96627305
   -691.97271720
   -691.96727892
   -691.97132367
   -691.96967288
   -691.97197648
   -691.97074874
   -691.96227785
   -691.96246903
   -691.96643216
   -691.97108269
   -691.96878340
   -691.97023952
   -691.97244373
   -691.95368249
   -691.97164270
   -691.97153427
   -691.97185837
   -691.96699933
   -691.97095706
   -691.97190836
   -691.97017962
   -691.97026219
   -691.97223049
   -691.96248036
   -691.96644430
   -691.97143000
   -691.97234043
   -691.95703019
   -691.96932066
   -691.96706239
   -691.96701314
   -691.97167175
   -691.96971645
   -691.97181307
   -691.96779119
   -691.96697271
   -691.97197594
   -691.96210147
   -691.96978843
   -691.96732061
   -691.97159369
   -691.97196259
   -691.97174508
   -691.97156587
   -691.95353623
   -691.96645667
   -691.96703327
   -691.97066857
   -691.97030634
   -691.96371497
   -691.96732559
   -691.96724238
   -691.97102423
   -691.96442824
   -691.97182470
   -691.96840753
   -691.97006146
   -691.96636352
   -691.96744744
   -691.97239962
   -691.96648731
   -691.96741889
   -691.97249198
   -691.97011671
   -691.96725136
   -691.97078026
   -691.95948032
   -691.97015280
   -691.96302656
   -691.96995663
   -691.96905070
   -691.97237787
   -691.96379388
   -691.96243546
   -691.96726328
   -691.96449291
   -691.96268003
   -691.96918523
   -691.97251611
   -691.97126945
   -691.97192526
   -691.97120406
   -691.97008543
   -691.96734666
   -691.97249835
   -691.96853921
   -691.97133049
   -691.96246555
   -691.96268009
   -691.96870192
   -691.96957461
   -691.96653839
   -691.96627126
   -691.95364413
   -691.97185490
   -691.97245245
   -691.97080390
   -691.96716908
   -691.96880696
   -691.97161641
   -691.97032109
   -691.96873475
   -691.96678604
   -691.96398315
   -691.96726197
   -691.97168768
   -691.97139819
   -691.96553425
   -691.96622271
   -691.97105137
   -691.96384928
   -691.96260441
   -691.96648761
   -691.96733765
   -691.96719608
   -691.96283378
   -691.96240306
   -691.96864176
   -691.97177464
   -691.96218623
   -691.96157149
   -691.97029584
   -691.96393729
   -691.95757346
   -691.96707113
   -691.97001911
   -691.97191339
   -691.96224665
   -691.95348654
   -691.97179434
   -691.97255873
   -691.96386497
