% The following energies apply to conformations described by the topology 
% R07_iter1.top.  Structures are given in trajectory coords.cdf, count: 130.

% Item 0:
%   Energy -> orca_structures/coor*/NConf*.out
   -805.01779785
   -805.01705497
   -805.02043569
   -805.01545128
   -805.01444410
   -805.01829085
   -805.01535519
   -805.01548753
   -805.01510956
   -805.01220257
   -805.01833417
   -805.01829072
   -805.01545097
   -805.01582067
   -805.00608058
   -805.01863764
   -805.01525866
   -805.01850189
   -805.01888781
   -805.01545352
   -805.00968263
   -805.01934423
   -805.01588796
   -805.01674386
   -805.01581148
   -805.01367444
   -805.01738741
   -805.01019068
   -805.01789084
   -805.01853217
   -805.01915636
   -805.01401455
   -805.01556233
   -805.01886865
   -805.01579398
   -805.01890332
   -805.01904822
   -805.01418200
   -805.00495656
   -805.01982027
   -805.01911016
   -805.01696573
   -805.01794779
   -805.01568263
   -805.01518692
   -805.01873199
   -805.01648263
   -805.01799059
   -805.01538279
   -805.01506353
   -805.01062704
   -805.01819385
   -805.01603859
   -805.01439553
   -805.01760021
   -805.01577553
   -805.01138002
   -805.01831508
   -805.01852324
   -805.01931271
   -805.01684450
   -805.01070930
   -805.01092985
   -805.01846005
   -805.01854707
   -805.01920803
   -805.01065604
   -805.01531934
   -805.01726155
   -805.00349362
   -805.01345529
   -805.01068384
   -805.01539837
   -805.01635416
   -805.01923909
   -805.01580161
   -805.01905436
   -805.01542641
   -805.00579596
   -805.01006591
   -805.00974044
   -805.01662830
   -805.02083555
   -805.02015559
   -805.01854364
   -805.01431941
   -805.01562346
   -805.01563043
   -805.01556263
   -805.01369791
   -805.01908952
   -805.01551789
   -805.01583404
   -805.01534858
   -805.01373459
   -805.01914623
   -805.01521750
   -805.01255735
   -805.01913149
   -805.00955494
   -805.02021787
   -805.01602215
   -805.01470209
   -805.01789887
   -805.01502712
   -805.01450368
   -805.01859711
   -805.01540281
   -805.01207707
   -805.01945619
   -805.02017179
   -805.01539865
   -805.01024268
   -805.01382629
   -805.01362680
   -805.01863769
   -805.01341298
   -805.01977789
   -805.01664481
   -805.00870848
   -805.01915248
   -805.01958657
   -805.02153171
   -805.01959051
   -805.01883688
   -805.01592759
   -805.01747433
   -805.01562483
   -805.01309597
   -805.01742133
