% The following energies apply to conformations described by the topology 
% R47_iter1.top.  Structures are given in trajectory coords.cdf, count: 201.

% Item 0:
%   Energy -> orca_structures/coor*/NConf*.out
   -688.57790202
   -688.57666307
   -688.56504457
   -688.57532254
   -688.57719327
   -688.56516544
   -688.57784270
   -688.57028619
   -688.57729691
   -688.58523149
   -688.57278062
   -688.57674647
   -688.57506620
   -688.58176827
   -688.57618087
   -688.57405569
   -688.57279222
   -688.56533365
   -688.57721635
   -688.57396982
   -688.57993251
   -688.56730474
   -688.56288612
   -688.57677794
   -688.57937095
   -688.57239172
   -688.57547977
   -688.57620947
   -688.57674965
   -688.56938385
   -688.57356055
   -688.56941503
   -688.57233934
   -688.57357827
   -688.57587653
   -688.57702853
   -688.57803196
   -688.57438209
   -688.57667110
   -688.56653444
   -688.57345610
   -688.57251747
   -688.57171728
   -688.56795573
   -688.56320570
   -688.57072595
   -688.57458756
   -688.56951115
   -688.57249948
   -688.56898797
   -688.56905991
   -688.57290006
   -688.57763129
   -688.57464924
   -688.56324396
   -688.56873747
   -688.57576988
   -688.57668205
   -688.57739448
   -688.57037505
   -688.57068500
   -688.57415574
   -688.57360501
   -688.57487745
   -688.57684942
   -688.57588906
   -688.57353353
   -688.57393794
   -688.57622087
   -688.57912425
   -688.57003268
   -688.56954885
   -688.57028570
   -688.57078417
   -688.57237791
   -688.58065396
   -688.57683388
   -688.57741401
   -688.56899343
   -688.57638560
   -688.58399828
   -688.57867970
   -688.57849342
   -688.57765234
   -688.57340100
   -688.57679656
   -688.57665531
   -688.56635897
   -688.56801833
   -688.57736109
   -688.56799632
   -688.57818922
   -688.57511590
   -688.57744672
   -688.57398474
   -688.57256735
   -688.56270657
   -688.56523260
   -688.56992489
   -688.56487815
   -688.57675358
   -688.56936686
   -688.57452225
   -688.56444857
   -688.57087034
   -688.57797925
   -688.58005883
   -688.57628419
   -688.57620071
   -688.57423500
   -688.57613138
   -688.57745091
   -688.57684471
   -688.57598475
   -688.56228113
   -688.56649687
   -688.56357499
   -688.57746815
   -688.57055502
   -688.57907054
   -688.56892545
   -688.57459805
   -688.57631045
   -688.57475152
   -688.56283164
   -688.57847767
   -688.56374323
   -688.57862059
   -688.57727991
   -688.57644759
   -688.57668720
   -688.57272658
   -688.57234353
   -688.57403110
   -688.57594718
   -688.57424219
   -688.57531427
   -688.57490982
   -688.57698414
   -688.56444530
   -688.57777967
   -688.57642757
   -688.57214552
   -688.57428644
   -688.57720839
   -688.57001329
   -688.57406034
   -688.57061119
   -688.57612184
   -688.57364898
   -688.57784425
   -688.57648162
   -688.57286627
   -688.57596921
   -688.57372434
   -688.56984669
   -688.57379665
   -688.57826475
   -688.57527409
   -688.57753393
   -688.57569518
   -688.57699155
   -688.57055643
   -688.57354253
   -688.56110355
   -688.57692414
   -688.57525470
   -688.57302167
   -688.57753960
   -688.57527209
   -688.57644842
   -688.57824438
   -688.58153346
   -688.57710937
   -688.57795492
   -688.57737942
   -688.57690487
   -688.57222691
   -688.56544149
   -688.57205743
   -688.57532689
   -688.57032170
   -688.57581520
   -688.57570395
   -688.57081761
   -688.57245538
   -688.57742537
   -688.57095221
   -688.57599271
   -688.58489052
   -688.57355561
   -688.57361067
   -688.57525134
   -688.57741538
   -688.57015531
   -688.57735730
   -688.57573519
   -688.57683826
   -688.57600261
   -688.57033444
   -688.57128228
