% The following energies apply to conformations described by the topology 
% R63_iter1.top.  Structures are given in trajectory coords.cdf, count: 77.

% Item 0:
%   Energy -> orca_structures/coor*/NConf*.out
   -759.72336735
   -759.71704585
   -759.72389056
   -759.72249954
   -759.72094489
   -759.72055883
   -759.72557272
   -759.72235191
   -759.72455785
   -759.72431705
   -759.72413831
   -759.71963323
   -759.72210906
   -759.72123071
   -759.72225185
   -759.72138532
   -759.72087793
   -759.72004054
   -759.72300780
   -759.72155276
   -759.72160316
   -759.71450445
   -759.72327668
   -759.71944099
   -759.72413821
   -759.72294375
   -759.71948656
   -759.72496334
   -759.72124770
   -759.72200545
   -759.72256307
   -759.71584877
   -759.72142750
   -759.72128789
   -759.72414445
   -759.72338216
   -759.72168132
   -759.71176710
   -759.72288818
   -759.72291283
   -759.72225577
   -759.70907585
   -759.72267264
   -759.72298436
   -759.72431142
   -759.71882775
   -759.71731563
   -759.71576791
   -759.71050727
   -759.71996709
   -759.70933048
   -759.72292712
   -759.72193305
   -759.71743725
   -759.72228111
   -759.71636872
   -759.72210711
   -759.72237869
   -759.72369719
   -759.72208208
   -759.71692190
   -759.72062297
   -759.71946987
   -759.72217492
   -759.70980952
   -759.71059821
   -759.71620160
   -759.72432644
   -759.72468125
   -759.72432262
   -759.72359182
   -759.72184749
   -759.71879713
   -759.72298475
   -759.72343788
   -759.72277260
   -759.72329648
