% The following energies apply to conformations described by the topology 
% R63.top.  Structures are given in trajectory coords.cdf, count: 2312.

% Item 0:
%   Energy -> orca_structures/coor*/Conf*.out
   -759.58796015
   -759.61662001
   -759.63145314
   -759.61839948
   -759.60792039
   -759.58368333
   -759.63815145
   -759.59729934
   -759.60364562
   -759.60005307
   -759.54469607
   -759.60113644
   -759.56001024
   -759.55594368
   -759.61538680
   -759.62502562
   -759.56070592
   -759.64107964
   -759.62031814
   -759.61861291
   -759.63056846
   -759.56523199
   -759.63267086
   -759.59520185
   -759.61879311
   -759.61699365
   -759.61948427
   -759.59230530
   -759.61420716
   -759.58329150
   -759.62368405
   -759.61758496
   -759.61236357
   -759.62872903
   -759.56431041
   -759.56716918
   -759.53063607
   -759.61160784
   -759.61581793
   -759.56393713
   -759.56904123
   -759.56884329
   -759.60006406
   -759.61322822
   -759.64113117
   -759.59802553
   -759.63851317
   -759.54939747
   -759.59407538
   -759.61407801
   -759.62117367
   -759.63265999
   -759.56872006
   -759.60925674
   -759.57759439
   -759.62110660
   -759.58932677
   -759.58978368
   -759.61503777
   -759.61523011
   -759.59384740
   -759.56319330
   -759.58712796
   -759.61042729
   -759.60378308
   -759.60353338
   -759.58929535
   -759.58410743
   -759.59538862
   -759.60975442
   -759.58894794
   -759.59657092
   -759.60743440
   -759.56288049
   -759.60801081
   -759.62864497
   -759.60122651
   -759.59218342
   -759.55768293
   -759.60252667
   -759.61059179
   -759.61670759
   -759.58004774
   -759.61092796
   -759.60977647
   -759.58910937
   -759.60271363
   -759.59910732
   -759.58400541
   -759.57553345
   -759.61899681
   -759.61250874
   -759.62797245
   -759.59135402
   -759.60670738
   -759.58691049
   -759.54668839
   -759.61931484
   -759.59028502
   -759.58822326
   -759.63758527
   -759.61416534
   -759.60440657
   -759.62835517
   -759.59613442
   -759.51655397
   -759.57605804
   -759.57400821
   -759.61593677
   -759.52999236
   -759.61619346
   -759.58241958
   -759.62868549
   -759.58037536
   -759.60983726
   -759.57886974
   -759.62347062
   -759.60074596
   -759.60157294
   -759.62626015
   -759.61466950
   -759.57958387
   -759.61600118
   -759.62065039
   -759.63492695
   -759.60565254
   -759.60700113
   -759.60552708
   -759.59216656
   -759.62762398
   -759.58689613
   -759.62488434
   -759.60052734
   -759.62732451
   -759.61087885
   -759.61337843
   -759.60674299
   -759.60338891
   -759.57375717
   -759.60169631
   -759.61856287
   -759.60857220
   -759.62981014
   -759.58814853
   -759.56938108
   -759.60944349
   -759.60981382
   -759.59567660
   -759.61447726
   -759.62691859
   -759.59260519
   -759.57942077
   -759.64779104
   -759.62177520
   -759.59702519
   -759.60632375
   -759.60789027
   -759.59544004
   -759.61950770
   -759.60475777
   -759.59930424
   -759.62510211
   -759.59451884
   -759.59286288
   -759.60857488
   -759.61163599
   -759.59309378
   -759.57076076
   -759.59771113
   -759.60446401
   -759.61928599
   -759.63153703
   -759.61901970
   -759.61498449
   -759.58174709
   -759.59461316
   -759.59563354
   -759.60595414
   -759.59641024
   -759.64489681
   -759.57450878
   -759.62660222
   -759.58129158
   -759.60046505
   -759.60814565
   -759.57297977
   -759.61428424
   -759.56656376
   -759.60823093
   -759.62812282
   -759.58048434
   -759.59936672
   -759.53018693
   -759.61509050
   -759.56464752
   -759.62210813
   -759.59552984
   -759.58402472
   -759.63884543
   -759.59176362
   -759.62853527
   -759.63988625
   -759.60395940
   -759.61339414
   -759.61622386
   -759.56355352
   -759.58878562
   -759.55872995
   -759.61919924
   -759.61670397
   -759.60989440
   -759.59892868
   -759.58058825
   -759.60016806
   -759.61861994
   -759.59435987
   -759.61066720
   -759.55245738
   -759.60867849
   -759.61099121
   -759.62024234
   -759.63454668
   -759.59694093
   -759.58802274
   -759.59638037
   -759.55443316
   -759.57677819
   -759.60411255
   -759.61989050
   -759.56476690
   -759.58556551
   -759.60723774
   -759.62235772
   -759.60256358
   -759.61416168
   -759.62242300
   -759.61053224
   -759.59766347
   -759.63525078
   -759.60801838
   -759.62911303
   -759.58519650
   -759.61559207
   -759.56517581
   -759.58797567
   -759.61620795
   -759.56615153
   -759.62317602
   -759.61538098
   -759.60195383
   -759.62730691
   -759.59850494
   -759.60049699
   -759.54604579
   -759.58119073
   -759.61068849
   -759.60122837
   -759.56450955
   -759.56380471
   -759.60901673
   -759.59356404
   -759.60747735
   -759.58922883
   -759.62242464
   -759.62412254
   -759.58091205
   -759.58531897
   -759.62628127
   -759.62956093
   -759.58730870
   -759.58658356
   -759.61535988
   -759.56361013
   -759.60270588
   -759.58482193
   -759.57893407
   -759.59342289
   -759.58952530
   -759.62073036
   -759.62510171
   -759.59603180
   -759.60454569
   -759.59578512
   -759.60117686
   -759.60654296
   -759.58946957
   -759.55856402
   -759.59900277
   -759.60040715
   -759.62259446
   -759.53848279
   -759.60386053
   -759.60443843
   -759.64099914
   -759.56946580
   -759.63124309
   -759.61396184
   -759.57361578
   -759.62193578
   -759.56158109
   -759.62432883
   -759.59454360
   -759.60711236
   -759.60786273
   -759.57052859
   -759.62884558
   -759.62811857
   -759.59603970
   -759.59132617
   -759.60913919
   -759.60907041
   -759.61374139
   -759.55214802
   -759.60399843
   -759.62445894
   -759.62714362
   -759.58567286
   -759.61471771
   -759.63033367
   -759.60373711
   -759.62444766
   -759.63059537
   -759.59506138
   -759.59515918
   -759.63222162
   -759.62215317
   -759.59073549
   -759.63830275
   -759.59301983
   -759.61666980
   -759.59817441
   -759.62322051
   -759.61815902
   -759.57390346
   -759.58880335
   -759.55308415
   -759.58822177
   -759.62254014
   -759.59684981
   -759.62526683
   -759.61214106
   -759.59538401
   -759.60091837
   -759.65133083
   -759.60647520
   -759.58084293
   -759.60149713
   -759.59294916
   -759.60492197
   -759.60940164
   -759.58753193
   -759.61230669
   -759.59162032
   -759.59088406
   -759.59932104
   -759.62196428
   -759.63264428
   -759.63596948
   -759.51996823
   -759.58637218
   -759.59435829
   -759.54066032
   -759.55120425
   -759.59632687
   -759.54404886
   -759.59992244
   -759.58398680
   -759.59188677
   -759.56808983
   -759.60732763
   -759.61880766
   -759.58448000
   -759.56336877
   -759.58063224
   -759.60374664
   -759.61491896
   -759.51065303
   -759.60387719
   -759.59717894
   -759.59895641
   -759.61198959
   -759.61944899
   -759.60979652
   -759.60730357
   -759.57511179
   -759.59349594
   -759.56898644
   -759.60432052
   -759.61805339
   -759.60953553
   -759.60933442
   -759.56376522
   -759.59182032
   -759.55832387
   -759.63142108
   -759.63118190
   -759.60862393
   -759.58464914
   -759.59410120
   -759.48575158
   -759.62579012
   -759.60887154
   -759.61849601
   -759.61207369
   -759.61251804
   -759.59704532
   -759.59149057
   -759.60870528
   -759.61736016
   -759.61504499
   -759.57312973
   -759.58205148
   -759.57698720
   -759.62232595
   -759.59812481
   -759.59314260
   -759.54642253
   -759.60947387
   -759.52263213
   -759.58953123
   -759.62195531
   -759.62913768
   -759.60280012
   -759.59988820
   -759.59765376
   -759.61004544
   -759.58331789
   -759.60870018
   -759.60527671
   -759.57702249
   -759.63093193
   -759.60268286
   -759.59611092
   -759.58302858
   -759.62656641
   -759.58893620
   -759.57689808
   -759.60617126
   -759.61288764
   -759.61369064
   -759.63662068
   -759.61285825
   -759.60893429
   -759.58950469
   -759.58804561
   -759.64044987
   -759.59335671
   -759.58914255
   -759.58193550
   -759.61310016
   -759.60992061
   -759.59584832
   -759.56390476
   -759.58911089
   -759.62630525
   -759.61829207
   -759.61628935
   -759.58290295
   -759.55203247
   -759.58291922
   -759.57641970
   -759.58967544
   -759.57489850
   -759.61341371
   -759.53756897
   -759.61374029
   -759.60893245
   -759.60139975
   -759.60402907
   -759.60737451
   -759.57927209
   -759.60833268
   -759.58974830
   -759.50333462
   -759.60059433
   -759.60409377
   -759.59637183
   -759.57858691
   -759.58818399
   -759.64072154
   -759.57990968
   -759.63032408
   -759.57167711
   -759.58869884
   -759.61687343
   -759.62928340
   -759.58605956
   -759.57659593
   -759.61832643
   -759.63109744
   -759.62792056
   -759.58127545
   -759.60253003
   -759.62796985
   -759.59568150
   -759.59116641
   -759.58909598
   -759.61261597
   -759.61840220
   -759.63636875
   -759.59746103
   -759.59666788
   -759.62024570
   -759.61392037
   -759.54902845
   -759.58878157
   -759.59388248
   -759.60618499
   -759.57520280
   -759.59325679
   -759.62558606
   -759.59186028
   -759.61954074
   -759.63075789
   -759.58621834
   -759.48933890
   -759.58455219
   -759.58489404
   -759.57535839
   -759.58654831
   -759.56256624
   -759.60304387
   -759.60937996
   -759.63582891
   -759.63738504
   -759.62863791
   -759.62076041
   -759.61808445
   -759.60975990
   -759.54112937
   -759.62016647
   -759.61262817
   -759.56229300
   -759.54328463
   -759.57916124
   -759.63364270
   -759.59366324
   -759.60117374
   -759.61835745
   -759.56645956
   -759.61578329
   -759.61971338
   -759.64042157
   -759.60374375
   -759.60721693
   -759.58390673
   -759.55763483
   -759.57470038
   -759.60899013
   -759.62966621
   -759.58620207
   -759.63399261
   -759.61797671
   -759.59512890
   -759.59226317
   -759.59842745
   -759.58402003
   -759.61942326
   -759.59415726
   -759.58664627
   -759.60153826
   -759.59081880
   -759.60050074
   -759.64733634
   -759.60807034
   -759.57769694
   -759.60802441
   -759.60166028
   -759.56402310
   -759.60056935
   -759.63336827
   -759.59501016
   -759.62099568
   -759.61232017
   -759.58316886
   -759.60093829
   -759.60608792
   -759.60300483
   -759.59386369
   -759.63664676
   -759.53676964
   -759.59486762
   -759.57160422
   -759.61323912
   -759.60725541
   -759.58030382
   -759.62449944
   -759.63745403
   -759.59877593
   -759.59853010
   -759.59171205
   -759.58381211
   -759.55419589
   -759.63244264
   -759.63916097
   -759.64026890
   -759.63132793
   -759.59079756
   -759.55244367
   -759.50939789
   -759.59698314
   -759.62976249
   -759.59842569
   -759.61165437
   -759.56339825
   -759.58964274
   -759.57723087
   -759.59007405
   -759.56238135
   -759.60058999
   -759.58691268
   -759.59366349
   -759.62728972
   -759.61008992
   -759.62613453
   -759.59207954
   -759.63802795
   -759.62608045
   -759.63363624
   -759.61724733
   -759.60414462
   -759.59621780
   -759.58825495
   -759.63014669
   -759.62986767
   -759.59680140
   -759.60282194
   -759.60268347
   -759.57869107
   -759.63338145
   -759.58846985
   -759.58796094
   -759.58461159
   -759.59279635
   -759.60605127
   -759.56074019
   -759.59453876
   -759.62793939
   -759.61597715
   -759.63497485
   -759.57310682
   -759.62142768
   -759.56913202
   -759.58720563
   -759.59900575
   -759.58940824
   -759.60472780
   -759.61100996
   -759.55807204
   -759.60890569
   -759.56152513
   -759.57614136
   -759.55992049
   -759.61788363
   -759.53629906
   -759.59715659
   -759.59727386
   -759.64029758
   -759.58771055
   -759.61431725
   -759.59284813
   -759.61550708
   -759.59485705
   -759.61007887
   -759.61403537
   -759.61717376
   -759.63118256
   -759.59449849
   -759.57288318
   -759.58646585
   -759.63549396
   -759.57327599
   -759.60539842
   -759.57984182
   -759.59818337
   -759.61359569
   -759.57097622
   -759.57818541
   -759.61369964
   -759.61038316
   -759.56808422
   -759.62486237
   -759.59418527
   -759.59955611
   -759.62056939
   -759.60006686
   -759.57820671
   -759.58163846
   -759.63175556
   -759.57940982
   -759.62887734
   -759.61621578
   -759.54185554
   -759.62702725
   -759.59008356
   -759.59054096
   -759.60649293
   -759.58901141
   -759.61232240
   -759.61773114
   -759.61005347
   -759.61780032
   -759.58017283
   -759.61726014
   -759.58868557
   -759.55007291
   -759.61741840
   -759.60827509
   -759.62402284
   -759.60613286
   -759.59918320
   -759.60626900
   -759.59699426
   -759.60046223
   -759.61874273
   -759.62038829
   -759.59657535
   -759.60073197
   -759.59617098
   -759.61045296
   -759.56225744
   -759.63705031
   -759.62208672
   -759.63653670
   -759.60525446
   -759.61465070
   -759.55692869
   -759.60864270
   -759.62368314
   -759.59710649
   -759.59349733
   -759.58992982
   -759.60959027
   -759.62804837
   -759.58581772
   -759.60858682
   -759.56549689
   -759.61577485
   -759.58274458
   -759.60576561
   -759.61588463
   -759.61811777
   -759.53196285
   -759.61973921
   -759.58575027
   -759.62669308
   -759.61230301
   -759.57303525
   -759.63131125
   -759.53164465
   -759.58014080
   -759.62720842
   -759.62492529
   -759.62928489
   -759.51011603
   -759.64725069
   -759.59650833
   -759.58267584
   -759.60948400
   -759.60501488
   -759.59959172
   -759.59362865
   -759.59081336
   -759.57467694
   -759.60898445
   -759.59701287
   -759.58555090
   -759.59500645
   -759.59524757
   -759.60350508
   -759.58989110
   -759.61809374
   -759.61815175
   -759.58481657
   -759.61355730
   -759.64377000
   -759.59296923
   -759.62529342
   -759.61466522
   -759.58939373
   -759.59174949
   -759.61717315
   -759.61448537
   -759.63284759
   -759.60000617
   -759.59263154
   -759.59164302
   -759.62000538
   -759.60931037
   -759.58037047
   -759.61540000
   -759.63076270
   -759.63215934
   -759.61659573
   -759.60201706
   -759.60788334
   -759.59525836
   -759.62730089
   -759.60799845
   -759.50301984
   -759.59201808
   -759.62015368
   -759.58433509
   -759.61052902
   -759.60660501
   -759.60501198
   -759.61077533
   -759.63084592
   -759.61397895
   -759.62048435
   -759.60249996
   -759.61473880
   -759.60405405
   -759.61395222
   -759.53277119
   -759.58424183
   -759.60471315
   -759.60892872
   -759.58546133
   -759.64726343
   -759.59980447
   -759.61797091
   -759.63191535
   -759.58774376
   -759.61787312
   -759.62073350
   -759.60713392
   -759.60769071
   -759.59092105
   -759.62022382
   -759.60098182
   -759.62270791
   -759.62123402
   -759.59395185
   -759.61438114
   -759.62200129
   -759.56789593
   -759.57690047
   -759.61067127
   -759.58791031
   -759.61692257
   -759.60800993
   -759.58776666
   -759.62308714
   -759.61660963
   -759.61258146
   -759.55507057
   -759.62874210
   -759.58962146
   -759.58504387
   -759.58606721
   -759.59138240
   -759.62355162
   -759.59046254
   -759.61300882
   -759.60037312
   -759.60944701
   -759.59293458
   -759.61724116
   -759.57486534
   -759.63002988
   -759.56995022
   -759.64584464
   -759.59794200
   -759.62865023
   -759.57618669
   -759.59607161
   -759.58313929
   -759.63057648
   -759.61934620
   -759.64143233
   -759.63695695
   -759.59518590
   -759.59196853
   -759.62517881
   -759.58277285
   -759.61609558
   -759.62681588
   -759.56864154
   -759.57852276
   -759.64909257
   -759.63676748
   -759.59068789
   -759.59993142
   -759.59057673
   -759.62254486
   -759.61125272
   -759.61540310
   -759.60871244
   -759.62813315
   -759.63471768
   -759.58021312
   -759.54763454
   -759.59640395
   -759.60617435
   -759.59183117
   -759.63438986
   -759.61836071
   -759.59994790
   -759.61643336
   -759.59674446
   -759.56930517
   -759.58906561
   -759.60414238
   -759.60389333
   -759.61039080
   -759.60388521
   -759.62134219
   -759.56693216
   -759.59222525
   -759.58434524
   -759.63038665
   -759.58274577
   -759.59662657
   -759.59225707
   -759.58274073
   -759.60909152
   -759.61491245
   -759.53729692
   -759.61753054
   -759.59076630
   -759.62375682
   -759.63826772
   -759.61835595
   -759.60180902
   -759.58100263
   -759.62539963
   -759.59436269
   -759.63395439
   -759.62053251
   -759.60084859
   -759.56941936
   -759.53397104
   -759.62696949
   -759.60914119
   -759.62467100
   -759.59053426
   -759.60950480
   -759.60473869
   -759.60342472
   -759.61333968
   -759.60356149
   -759.61467450
   -759.57789613
   -759.62495504
   -759.57911723
   -759.58263039
   -759.59069933
   -759.61283650
   -759.60209436
   -759.59181806
   -759.59902680
   -759.52630510
   -759.59852241
   -759.59548258
   -759.57761889
   -759.59781337
   -759.61245211
   -759.63321958
   -759.60336219
   -759.58840591
   -759.58035313
   -759.62806282
   -759.57188592
   -759.59668031
   -759.59374019
   -759.61025761
   -759.59995477
   -759.62701355
   -759.58699819
   -759.63312383
   -759.64325346
   -759.63920588
   -759.58592529
   -759.60776880
   -759.60394862
   -759.58093723
   -759.63333877
   -759.60355436
   -759.59100878
   -759.59034403
   -759.57900449
   -759.60876942
   -759.60676780
   -759.63116371
   -759.51368220
   -759.61253223
   -759.58562864
   -759.60628842
   -759.56987121
   -759.60080712
   -759.59918993
   -759.55813353
   -759.59825890
   -759.60841445
   -759.61006656
   -759.61782847
   -759.60171018
   -759.61707579
   -759.60039016
   -759.60407568
   -759.59967713
   -759.59460803
   -759.62847708
   -759.61414501
   -759.60030247
   -759.60311201
   -759.61128799
   -759.62205987
   -759.61398371
   -759.59890778
   -759.61001017
   -759.61038636
   -759.59977459
   -759.61348189
   -759.59237788
   -759.61572970
   -759.63402064
   -759.59216062
   -759.60592834
   -759.58892340
   -759.60789991
   -759.61337854
   -759.59291166
   -759.60602191
   -759.60732529
   -759.63437333
   -759.62732849
   -759.63017151
   -759.63541730
   -759.61776386
   -759.56671939
   -759.60960597
   -759.61366498
   -759.62889992
   -759.60220273
   -759.59505521
   -759.57824253
   -759.58689855
   -759.57600083
   -759.62903392
   -759.61544473
   -759.58301643
   -759.59191772
   -759.62544624
   -759.60835929
   -759.62428644
   -759.59797513
   -759.61507404
   -759.60020703
   -759.58441932
   -759.61474142
   -759.62672489
   -759.60912356
   -759.59879273
   -759.60182000
   -759.60729755
   -759.62903308
   -759.59006818
   -759.63061807
   -759.59062768
   -759.62484145
   -759.59761628
   -759.59784868
   -759.61381517
   -759.60704653
   -759.57758795
   -759.56371971
   -759.63934217
   -759.57323756
   -759.60381187
   -759.60838824
   -759.59148304
   -759.58663777
   -759.57253301
   -759.60634094
   -759.63730862
   -759.60737799
   -759.59627779
   -759.58075460
   -759.60319425
   -759.62524585
   -759.59678283
   -759.61024443
   -759.62731499
   -759.61403500
   -759.59564514
   -759.62073768
   -759.60781471
   -759.58795015
   -759.61348276
   -759.58472391
   -759.55394359
   -759.57880122
   -759.61283356
   -759.61643043
   -759.62546619
   -759.50756952
   -759.58108633
   -759.61098622
   -759.59948395
   -759.62076698
   -759.64854919
   -759.61579255
   -759.64335024
   -759.62778112
   -759.60793367
   -759.60187111
   -759.59241175
   -759.62901868
   -759.55437498
   -759.60000705
   -759.58681314
   -759.61974036
   -759.62123374
   -759.60355293
   -759.63035113
   -759.62011325
   -759.61358252
   -759.62890859
   -759.62584216
   -759.59315950
   -759.57951328
   -759.61922011
   -759.60243604
   -759.58838756
   -759.59664854
   -759.60067450
   -759.61090719
   -759.58634767
   -759.59666373
   -759.59122254
   -759.61743018
   -759.62058054
   -759.62311847
   -759.60043717
   -759.60519610
   -759.57451964
   -759.59309911
   -759.57250504
   -759.55647788
   -759.54298634
   -759.58852960
   -759.60507052
   -759.64056354
   -759.62440911
   -759.57885796
   -759.62278534
   -759.59205633
   -759.59673720
   -759.61920307
   -759.58762867
   -759.61010648
   -759.62263099
   -759.52835283
   -759.59604257
   -759.62356587
   -759.62049069
   -759.60817213
   -759.56041473
   -759.60567726
   -759.59263557
   -759.57652682
   -759.58890488
   -759.59336068
   -759.57794096
   -759.61986647
   -759.60687661
   -759.57714777
   -759.60173518
   -759.58534969
   -759.59554541
   -759.60259980
   -759.61971510
   -759.61898205
   -759.61846803
   -759.61584271
   -759.61971401
   -759.59838999
   -759.57321933
   -759.59070607
   -759.59711829
   -759.57148559
   -759.63312646
   -759.61707077
   -759.55872901
   -759.60275256
   -759.61072730
   -759.57371154
   -759.59530317
   -759.58222892
   -759.59245226
   -759.58859967
   -759.59065000
   -759.62087992
   -759.61033699
   -759.59901471
   -759.55080501
   -759.61564950
   -759.60353055
   -759.59900757
   -759.61355581
   -759.61779116
   -759.60307740
   -759.60342352
   -759.60477359
   -759.60689674
   -759.62303792
   -759.58136617
   -759.62667168
   -759.62860407
   -759.59684447
   -759.56743197
   -759.61313622
   -759.60621634
   -759.59076666
   -759.62524101
   -759.62606412
   -759.60439331
   -759.59496390
   -759.56996521
   -759.58110697
   -759.57637959
   -759.63393371
   -759.60273466
   -759.61846714
   -759.59747484
   -759.60739069
   -759.56878192
   -759.56729588
   -759.63831643
   -759.59788440
   -759.62589179
   -759.61135963
   -759.59957216
   -759.62366500
   -759.59083849
   -759.57190967
   -759.60129157
   -759.59668216
   -759.57484991
   -759.60332299
   -759.60043191
   -759.60944331
   -759.58475185
   -759.58676311
   -759.57884376
   -759.60874189
   -759.62131244
   -759.61210827
   -759.54804813
   -759.60156459
   -759.60846765
   -759.60998759
   -759.57422614
   -759.55610192
   -759.57617302
   -759.60497649
   -759.56540901
   -759.61335322
   -759.58645100
   -759.60391365
   -759.61910257
   -759.65014069
   -759.62739561
   -759.60019347
   -759.60779250
   -759.60850628
   -759.61520234
   -759.58453720
   -759.58215378
   -759.60991403
   -759.62626952
   -759.62271220
   -759.61917053
   -759.62443293
   -759.54831855
   -759.55308351
   -759.61190857
   -759.62254946
   -759.55583900
   -759.60364571
   -759.61166910
   -759.58426727
   -759.57901125
   -759.60039349
   -759.58205184
   -759.59849085
   -759.59116696
   -759.57854912
   -759.50751346
   -759.60266771
   -759.59462829
   -759.60955209
   -759.61036651
   -759.56467938
   -759.62335266
   -759.61895043
   -759.56364090
   -759.61261673
   -759.59277065
   -759.63223998
   -759.57782337
   -759.51903549
   -759.56624978
   -759.60042493
   -759.54993215
   -759.61166489
   -759.55665128
   -759.61763958
   -759.58083761
   -759.61541810
   -759.59533084
   -759.61637211
   -759.59698592
   -759.60213273
   -759.59903510
   -759.60649703
   -759.57866236
   -759.61437485
   -759.58698954
   -759.58723626
   -759.58756383
   -759.61322215
   -759.60794993
   -759.62289258
   -759.60098038
   -759.58468885
   -759.59183306
   -759.60043484
   -759.59363197
   -759.60605703
   -759.57460301
   -759.58095302
   -759.63045980
   -759.57231097
   -759.60276435
   -759.59359722
   -759.60520772
   -759.62499006
   -759.62406015
   -759.63065423
   -759.61546105
   -759.56983051
   -759.58689051
   -759.63593541
   -759.57589675
   -759.61770511
   -759.63237193
   -759.60280034
   -759.58809469
   -759.55709290
   -759.60225986
   -759.60441847
   -759.58396480
   -759.62257749
   -759.58579216
   -759.63205536
   -759.62005022
   -759.56186521
   -759.59262783
   -759.64692143
   -759.59799257
   -759.59875229
   -759.61202811
   -759.56413414
   -759.61244905
   -759.60476848
   -759.61161795
   -759.60916984
   -759.59084901
   -759.58486171
   -759.61277265
   -759.61063670
   -759.59777693
   -759.60286324
   -759.51565965
   -759.61578649
   -759.60281705
   -759.58979355
   -759.61273853
   -759.61784856
   -759.62586360
   -759.60340538
   -759.61262501
   -759.60465610
   -759.60276284
   -759.61217383
   -759.59378926
   -759.58486793
   -759.58719488
   -759.61318480
   -759.62918384
   -759.58185562
   -759.62803282
   -759.60236971
   -759.61312932
   -759.59415107
   -759.64117093
   -759.60613679
   -759.62841692
   -759.58904048
   -759.61794531
   -759.61144976
   -759.58152144
   -759.60105006
   -759.60231957
   -759.60642721
   -759.61199946
   -759.63587367
   -759.55261626
   -759.57735484
   -759.60947586
   -759.59773696
   -759.62499703
   -759.57310284
   -759.61636450
   -759.52259362
   -759.59538282
   -759.62921659
   -759.60918477
   -759.56547925
   -759.60163115
   -759.59245608
   -759.59153956
   -759.61001773
   -759.60173215
   -759.56144119
   -759.61094186
   -759.60446222
   -759.53536041
   -759.60024004
   -759.58839138
   -759.61418594
   -759.60474691
   -759.59997645
   -759.62659078
   -759.62788013
   -759.59702638
   -759.55458703
   -759.53377366
   -759.63935291
   -759.61877889
   -759.63942799
   -759.61995443
   -759.59992107
   -759.60163623
   -759.52425495
   -759.58068807
   -759.58982408
   -759.61891370
   -759.60371128
   -759.57281086
   -759.63554392
   -759.53879724
   -759.56780436
   -759.54818969
   -759.61930946
   -759.60085533
   -759.58259428
   -759.60406540
   -759.60777578
   -759.59038011
   -759.61159635
   -759.62772130
   -759.61107000
   -759.61366517
   -759.60784551
   -759.51046908
   -759.60133627
   -759.61259770
   -759.62136081
   -759.60436932
   -759.63370336
   -759.59302231
   -759.58717512
   -759.61729120
   -759.57460643
   -759.61330493
   -759.59060039
   -759.58695461
   -759.59809609
   -759.60380413
   -759.58236904
   -759.60402054
   -759.61708711
   -759.63218208
   -759.58225735
   -759.60955305
   -759.56191874
   -759.63012808
   -759.61946455
   -759.58364653
   -759.56895288
   -759.57821000
   -759.59439608
   -759.61814524
   -759.58260881
   -759.55571389
   -759.61224651
   -759.60554837
   -759.61424871
   -759.60882212
   -759.59843744
   -759.62702913
   -759.59249142
   -759.62195882
   -759.59469269
   -759.57252180
   -759.57125566
   -759.55845483
   -759.57635289
   -759.59269481
   -759.56979199
   -759.59033180
   -759.55365743
   -759.60137905
   -759.60875565
   -759.59653065
   -759.59434148
   -759.59624066
   -759.59107248
   -759.62494761
   -759.62885159
   -759.58256640
   -759.61869337
   -759.59938761
   -759.60133124
   -759.61308776
   -759.58694207
   -759.62143107
   -759.61828648
   -759.60740733
   -759.63315932
   -759.57305214
   -759.60114677
   -759.61142331
   -759.59691390
   -759.58572686
   -759.58730241
   -759.59999296
   -759.59654290
   -759.57452855
   -759.52035107
   -759.60799998
   -759.59829443
   -759.61219247
   -759.63850064
   -759.61115938
   -759.54477518
   -759.61920009
   -759.57511439
   -759.61217212
   -759.62643649
   -759.62882197
   -759.60212831
   -759.59548800
   -759.61632561
   -759.62438931
   -759.61221301
   -759.61725145
   -759.61220614
   -759.63934112
   -759.58821116
   -759.61492802
   -759.58438974
   -759.59894642
   -759.61899716
   -759.59669855
   -759.59645403
   -759.59655313
   -759.62131052
   -759.63079556
   -759.59680888
   -759.59156100
   -759.59864408
   -759.59241046
   -759.61749886
   -759.59619782
   -759.62342362
   -759.61230424
   -759.61720037
   -759.60068622
   -759.62034774
   -759.61701207
   -759.61258480
   -759.61412747
   -759.59097378
   -759.62521741
   -759.52272021
   -759.57176813
   -759.61681604
   -759.64281846
   -759.59940707
   -759.60959164
   -759.63663042
   -759.53482797
   -759.60957426
   -759.59954877
   -759.63092824
   -759.58144372
   -759.60196847
   -759.58595623
   -759.56918020
   -759.55228409
   -759.60392401
   -759.58165758
   -759.58119270
   -759.59701189
   -759.61802537
   -759.60194401
   -759.59621942
   -759.62574728
   -759.56368597
   -759.62751451
   -759.63066142
   -759.62555775
   -759.60177206
   -759.61581992
   -759.59917310
   -759.59154774
   -759.60707676
   -759.63811453
   -759.60488822
   -759.60482822
   -759.58104589
   -759.62309355
   -759.53180377
   -759.58825245
   -759.60637325
   -759.57482721
   -759.62437513
   -759.59790275
   -759.56218760
   -759.59775640
   -759.59859235
   -759.60018789
   -759.60271710
   -759.59078755
   -759.50658259
   -759.60000324
   -759.60233650
   -759.59060693
   -759.61402784
   -759.54282453
   -759.59846523
   -759.60799982
   -759.60823192
   -759.57506773
   -759.59361361
   -759.57903304
   -759.60892532
   -759.52418479
   -759.56339466
   -759.63528092
   -759.59857476
   -759.60293902
   -759.61014596
   -759.61750977
   -759.62714784
   -759.63572907
   -759.58625160
   -759.59522504
   -759.59856494
   -759.59982216
   -759.62007969
   -759.58924271
   -759.61501100
   -759.57911106
   -759.56866622
   -759.54430265
   -759.61357996
   -759.60603546
   -759.63050782
   -759.62662229
   -759.59294609
   -759.59478257
   -759.55980639
   -759.60039862
   -759.62155967
   -759.62074816
   -759.62348120
   -759.61376951
   -759.61198304
   -759.59619180
   -759.60474764
   -759.59353535
   -759.59019947
   -759.61271789
   -759.61454129
   -759.58164787
   -759.54870207
   -759.55296449
   -759.61248668
   -759.63005447
   -759.57882459
   -759.60759527
   -759.59510223
   -759.59606171
   -759.61401674
   -759.60399796
   -759.60747071
   -759.60764099
   -759.60326496
   -759.61627508
   -759.63811215
   -759.60202281
   -759.62248531
   -759.60074659
   -759.60631825
   -759.58395730
   -759.60706983
   -759.60343834
   -759.61414667
   -759.59266888
   -759.58675140
   -759.57903974
   -759.61578177
   -759.62797171
   -759.60471062
   -759.56964932
   -759.60785552
   -759.56923567
   -759.61960735
   -759.57031191
   -759.52212739
   -759.62082744
   -759.60152668
   -759.59344180
   -759.60081996
   -759.57736732
   -759.57898287
   -759.59760752
   -759.57222394
   -759.60610583
   -759.62949687
   -759.54159595
   -759.58242970
   -759.60062581
   -759.60985925
   -759.60973809
   -759.58324096
   -759.59637854
   -759.61176168
   -759.62457248
   -759.59605280
   -759.61127861
   -759.61170259
   -759.59676696
   -759.62891926
   -759.61393216
   -759.58423474
   -759.59101498
   -759.60402909
   -759.61685836
   -759.62033736
   -759.60776015
   -759.57113265
   -759.62187678
   -759.58283662
   -759.60641277
   -759.62902572
   -759.62245605
   -759.60210931
   -759.62939307
   -759.58809923
   -759.57610989
   -759.59669707
   -759.63056851
   -759.61942953
   -759.60566577
   -759.62911373
   -759.58739780
   -759.61361965
   -759.62043913
   -759.62061705
   -759.62460321
   -759.61479126
   -759.62230700
   -759.57843033
   -759.61358023
   -759.61893650
   -759.59636407
   -759.59658575
   -759.60262302
   -759.62821859
   -759.57274663
   -759.60398637
   -759.60181763
   -759.60070712
   -759.57934712
   -759.59631926
   -759.60513706
   -759.63357680
   -759.56561337
   -759.60692277
   -759.62718885
   -759.63207918
   -759.60106652
   -759.59075241
   -759.58626743
   -759.62560275
   -759.59040151
   -759.63176020
   -759.56016541
   -759.60569917
   -759.60601959
   -759.59691446
   -759.62078140
   -759.61184506
   -759.61449138
   -759.62021936
   -759.58983673
   -759.59514237
   -759.60172338
   -759.61910452
   -759.61196900
   -759.60933008
   -759.57699042
   -759.63377707
   -759.59711803
   -759.59698246
   -759.56178362
   -759.60626773
   -759.57965149
   -759.59332767
   -759.61354587
   -759.60034048
   -759.62529228
   -759.59850789
   -759.61392236
   -759.60218417
   -759.54017065
   -759.63462081
   -759.60160295
   -759.60633984
   -759.60265906
   -759.56847056
   -759.61856196
   -759.58004730
   -759.64047273
   -759.56193823
   -759.60729574
   -759.61532740
   -759.62182005
   -759.55249683
   -759.60715192
   -759.58770762
   -759.60323090
   -759.59485322
   -759.59642655
   -759.64119383
   -759.60998291
   -759.61161584
   -759.59219958
   -759.63275547
   -759.60683925
   -759.60567267
   -759.61343272
   -759.60870780
   -759.58828359
   -759.54694762
   -759.60193895
   -759.58514273
   -759.59044770
   -759.61259084
   -759.62294705
   -759.60584802
   -759.61990305
   -759.59032376
   -759.61960284
   -759.59013793
   -759.60900125
   -759.63554352
   -759.61656277
   -759.50630697
   -759.58478297
   -759.59295794
   -759.62134005
   -759.62344666
   -759.58179950
   -759.58699725
   -759.64783890
   -759.61323944
   -759.58605853
   -759.58610675
   -759.59956694
   -759.61822102
   -759.59781208
   -759.49523403
   -759.56639627
   -759.57858718
   -759.61782863
   -759.60190602
   -759.63395392
   -759.64939246
   -759.57484352
   -759.62211628
   -759.58065096
   -759.63114801
   -759.61838201
   -759.59910214
   -759.60246203
   -759.59055816
   -759.61952211
   -759.54768267
   -759.57443723
   -759.62722261
   -759.54779810
   -759.61092535
   -759.55498448
   -759.61157547
   -759.57288333
   -759.59644402
   -759.58317995
   -759.60722203
   -759.56010877
   -759.61090976
   -759.56903346
   -759.57674913
   -759.59524931
   -759.59367313
   -759.57555098
   -759.59847827
   -759.59348539
   -759.56933777
   -759.57851092
   -759.61468550
   -759.60478355
   -759.62368621
   -759.58836949
   -759.61825701
   -759.61226538
   -759.59328994
   -759.59838140
   -759.60964146
   -759.58113130
   -759.63293474
   -759.61011297
   -759.61180951
   -759.58511163
   -759.50967624
   -759.63891340
   -759.58159462
   -759.60142197
   -759.57867502
   -759.61531115
   -759.58594034
   -759.59447589
   -759.58544684
   -759.59072712
   -759.63274501
   -759.60795870
   -759.60916076
   -759.60402295
   -759.60186358
   -759.60934175
   -759.61735029
   -759.61651977
   -759.63610487
   -759.56491077
   -759.60137231
   -759.59801854
   -759.60945977
   -759.59862769
   -759.57216524
   -759.62901904
   -759.62149728
   -759.59695577
   -759.61788305
   -759.58832930
   -759.62646201
   -759.61573037
   -759.59728411
   -759.62150197
   -759.59430738
   -759.56942604
   -759.62597323
   -759.62657024
   -759.58857290
   -759.57261844
   -759.57583240
   -759.61401095
   -759.63475406
   -759.58607878
   -759.60782265
   -759.59867250
   -759.58368620
   -759.59932561
   -759.61560014
   -759.62461163
   -759.61043835
   -759.60848891
   -759.62017856
   -759.61576540
   -759.61581681
   -759.55883137
   -759.59483803
   -759.62697425
   -759.57699197
   -759.57968268
   -759.52305781
   -759.59873534
   -759.58413133
   -759.62938739
   -759.60957808
   -759.60469314
   -759.57429678
   -759.55728302
   -759.61717706
   -759.59684608
   -759.53869075
   -759.64078612
   -759.61279946
   -759.63980473
   -759.60310014
   -759.63947699
   -759.59779786
   -759.59946486
   -759.62156416
   -759.59413473
   -759.58962309
   -759.60128966
   -759.51170213
   -759.63987089
   -759.58397044
   -759.62246309
   -759.60947072
   -759.57222428
   -759.57722967
   -759.57493030
   -759.58119312
   -759.61559135
   -759.62882398
   -759.60910476
   -759.58393439
   -759.59585846
   -759.60410394
   -759.60440157
   -759.58266387
   -759.61110204
   -759.62641243
   -759.57916005
   -759.61578650
   -759.59922385
   -759.62049967
   -759.61812367
   -759.60926981
   -759.63673963
   -759.60556869
   -759.57370922
   -759.60192225
   -759.64722449
   -759.58285461
   -759.61621395
   -759.62069663
   -759.56810701
   -759.55033879
   -759.61028122
   -759.59686326
   -759.62573992
   -759.61124143
   -759.58523011
   -759.60670029
   -759.62970075
   -759.59854926
   -759.53147338
   -759.61716364
   -759.60690383
   -759.58061632
   -759.59524456
   -759.63290152
   -759.60745635
   -759.50587790
   -759.62071038
   -759.62336455
   -759.58642330
   -759.60037847
   -759.59330481
   -759.58237603
   -759.57313459
   -759.60405696
   -759.58808942
   -759.63349665
   -759.60869164
   -759.61491903
   -759.61627053
   -759.60103800
   -759.62715348
   -759.61609990
   -759.60306829
   -759.62080602
   -759.63029338
   -759.62022375
   -759.60244204
   -759.61947619
   -759.61463874
   -759.58212851
   -759.58597000
   -759.55817430
   -759.62917740
   -759.59889888
   -759.64373479
   -759.57277392
   -759.61550997
   -759.59755378
   -759.59277633
   -759.61982291
   -759.61781749
   -759.62570861
   -759.63690492
   -759.59164864
   -759.58938003
   -759.63929254
   -759.56266479
   -759.62702677
   -759.64753917
   -759.57143127
   -759.62424843
   -759.57721338
   -759.61699446
   -759.62567443
   -759.60432896
   -759.60902217
   -759.60273465
   -759.63830646
   -759.61558121
   -759.60683604
   -759.60930810
   -759.59749321
   -759.58857729
   -759.60742349
   -759.61900073
   -759.63252865
   -759.63835169
   -759.61196861
   -759.53447859
   -759.59520501
   -759.59648660
   -759.63165606
   -759.59255012
   -759.62182565
   -759.53909957
   -759.56853232
   -759.61116252
   -759.59818682
   -759.60999841
   -759.60619228
   -759.58814339
   -759.59644790
   -759.61159970
   -759.61832496
   -759.63120351
   -759.59647639
   -759.59220054
   -759.58117532
   -759.61698066
   -759.58717146
   -759.57037551
   -759.61298150
   -759.60242388
   -759.59456700
   -759.62594087
   -759.59308040
   -759.60131275
   -759.60763893
   -759.58176431
   -759.61368789
   -759.63022249
   -759.62205034
   -759.58703110
   -759.62595752
   -759.57446979
   -759.63949687
   -759.60295340
   -759.61830683
   -759.59146448
   -759.57885571
   -759.57818456
   -759.61079498
   -759.61283559
   -759.61266486
   -759.58711750
   -759.61764136
   -759.59069129
   -759.62966237
   -759.55981374
   -759.61456910
   -759.57038216
   -759.61893867
   -759.57197863
   -759.61270843
   -759.58287950
   -759.59585011
   -759.60439716
   -759.60094760
   -759.59558603
   -759.59686116
   -759.61549753
   -759.61181038
   -759.60581361
   -759.59207096
   -759.62485941
   -759.60341032
   -759.61477179
   -759.58827840
   -759.60981653
   -759.59777224
   -759.62075232
   -759.60359308
   -759.59735219
   -759.59571404
   -759.61512954
   -759.61656709
   -759.62854550
   -759.58470985
   -759.60335079
   -759.60684995
   -759.59052020
   -759.60172342
   -759.57338366
   -759.57874981
   -759.57862421
   -759.61355180
   -759.60872134
   -759.55735784
   -759.59520568
   -759.57783315
   -759.58470730
   -759.59777465
   -759.58336035
   -759.63169309
   -759.55149703
   -759.60824748
   -759.61138229
   -759.53709617
   -759.63921690
   -759.58339155
   -759.60166369
   -759.57744580
   -759.57976516
   -759.56810761
   -759.56801487
   -759.62944188
   -759.57335578
   -759.57631679
   -759.54540858
   -759.58730257
   -759.57024089
   -759.60011852
   -759.62403359
   -759.59926263
   -759.59141610
   -759.60717313
   -759.59781083
   -759.61335733
   -759.61361390
   -759.56614093
   -759.61163929
   -759.61832011
   -759.61974026
   -759.62283908
   -759.60517212
   -759.57668591
   -759.59878564
   -759.58846553
   -759.63381628
   -759.63414479
   -759.63893801
   -759.59778413
   -759.61153767
   -759.58925909
   -759.60562318
   -759.57679288
   -759.58427117
   -759.64046293
   -759.51220956
   -759.58457164
   -759.60640642
   -759.61054287
   -759.59881813
   -759.59758412
   -759.56575926
   -759.58059632
   -759.61050594
   -759.58022214
   -759.56429808
   -759.60746955
   -759.57772780
   -759.61905507
   -759.62053686
   -759.62818689
   -759.62802936
   -759.57547744
   -759.57700690
   -759.59589481
   -759.60584391
   -759.54438584
   -759.58907248
   -759.60047334
   -759.61746584
   -759.62443830
   -759.58751569
   -759.62355178
   -759.53728177
   -759.60937965
   -759.61687543
   -759.55631651
   -759.61570145
   -759.62384208
   -759.60799475
   -759.61640016
