% The following energies apply to conformations described by the topology 
% R22.top.  Structures are given in trajectory coords.cdf, count: 2669.

% Item 0:
%   Energy -> orca_structures/coor*/Conf*.out
   -804.95316817
   -804.97404788
   -804.98170922
   -804.96653554
   -804.96527250
   -804.97399125
   -804.95612428
   -804.99526099
   -804.92420672
   -804.95816873
   -804.95252705
   -804.94688094
   -804.98895328
   -804.96297561
   -804.94091991
   -804.95352676
   -804.98018506
   -804.98280466
   -805.00680690
   -804.95106262
   -804.98298919
   -805.00118023
   -804.96015097
   -804.99166430
   -804.97833103
   -804.98653705
   -804.96574468
   -804.95675029
   -804.96255727
   -804.96217538
   -804.97408316
   -804.98004868
   -804.95968738
   -804.99498050
   -804.96256187
   -804.99192006
   -804.94823458
   -804.96496378
   -804.98017930
   -804.96252860
   -804.96277906
   -804.96609333
   -804.94119673
   -804.98623964
   -804.93108287
   -804.95075376
   -804.95221527
   -804.93749789
   -804.98083513
   -804.99667409
   -804.95976021
   -804.99993564
   -804.96297656
   -804.97402557
   -804.90742876
   -804.98434514
   -804.95437537
   -804.92745426
   -804.91623392
   -804.98363405
   -804.95691424
   -804.95864631
   -804.98706992
   -804.96784404
   -804.96764464
   -804.97666258
   -804.93888804
   -804.97160399
   -804.97192096
   -804.94040196
   -804.95114076
   -804.93018108
   -804.97078010
   -804.93597380
   -804.96621044
   -804.98897800
   -804.97271266
   -804.93883987
   -804.96367564
   -804.95017234
   -804.98791179
   -804.98055582
   -804.97300485
   -804.92834971
   -804.97856861
   -804.95617856
   -804.95667711
   -804.94332340
   -804.96820278
   -804.97355895
   -804.97236805
   -804.97701525
   -804.96888951
   -804.98194281
   -804.94805900
   -804.99977474
   -804.95857215
   -804.96810077
   -804.96009264
   -805.00823028
   -804.96942054
   -804.98099379
   -804.95921207
   -804.98487041
   -804.98657293
   -804.96929298
   -804.98921379
   -804.96702121
   -804.96247354
   -804.98132888
   -804.96015870
   -804.98596350
   -804.97684968
   -804.89583288
   -804.95055211
   -804.92581896
   -804.94738081
   -804.97690779
   -804.97553352
   -804.95194521
   -804.98911559
   -804.97279382
   -804.98289718
   -804.96608428
   -804.96233642
   -804.96312857
   -804.96616084
   -804.95499617
   -804.94848426
   -804.98643471
   -804.96878539
   -804.98475148
   -804.96341577
   -804.95476587
   -804.97299327
   -804.97882496
   -804.99787597
   -804.97350941
   -804.95078706
   -804.96554682
   -804.95847624
   -804.95008193
   -804.98802997
   -804.95773970
   -804.97998076
   -804.96664656
   -804.95490829
   -804.97743802
   -804.98201518
   -805.00292103
   -804.96992657
   -804.93327751
   -804.98063407
   -804.97656327
   -804.98195137
   -804.90736825
   -804.96920945
   -804.97392181
   -804.98329302
   -804.94590838
   -804.98066858
   -804.93995526
   -804.94630589
   -804.96917651
   -804.96405669
   -805.00206264
   -804.98866845
   -804.95198371
   -805.00480382
   -804.98417255
   -804.93892725
   -804.97073266
   -804.94953832
   -804.95643469
   -804.99521140
   -804.95389701
   -804.95148126
   -804.96291969
   -804.98952002
   -804.93905548
   -804.95212307
   -804.90125225
   -804.96066146
   -804.98113798
   -804.94457108
   -804.95938264
   -804.98274728
   -804.95507769
   -804.99294830
   -804.97138877
   -804.97976327
   -804.96977883
   -804.91513106
   -804.99137204
   -804.94839115
   -804.93676135
   -804.95923569
   -804.91720926
   -804.97102318
   -804.95943153
   -804.99434427
   -804.91274518
   -804.97788511
   -804.96274312
   -804.96671945
   -804.97935336
   -804.92267007
   -804.97466015
   -804.89055346
   -804.96433796
   -804.97600834
   -804.97046548
   -804.96104469
   -804.95220801
   -804.97645093
   -804.96562398
   -804.97837115
   -804.96818758
   -804.97251228
   -804.98032597
   -804.98625236
   -804.94249052
   -805.00395202
   -804.96060598
   -804.98878859
   -804.99166734
   -804.94562486
   -804.97782692
   -804.94862077
   -804.96962321
   -804.97848823
   -804.94712905
   -804.94389105
   -804.97648665
   -804.98311709
   -804.96229402
   -804.97047002
   -804.97692835
   -804.93846798
   -804.96530879
   -804.96027295
   -804.96979064
   -804.95961030
   -804.99078468
   -804.94781143
   -804.98735426
   -804.98809166
   -804.97866720
   -804.99185659
   -804.95280242
   -804.98082242
   -804.98469227
   -805.00164464
   -804.95808342
   -804.92798501
   -804.93650194
   -804.95101295
   -804.94847224
   -804.97712479
   -804.94470979
   -804.96526750
   -804.98529044
   -804.94792664
   -804.89133692
   -804.95554612
   -804.97783095
   -804.99705704
   -804.99220580
   -804.98668968
   -804.98412450
   -804.90733490
   -804.98520156
   -804.96919466
   -804.94368136
   -804.97599307
   -804.95617099
   -804.97642421
   -804.98583971
   -805.00209951
   -804.97001030
   -804.98130058
   -804.97306718
   -804.98609928
   -804.94164675
   -804.97351914
   -804.96684708
   -804.95903332
   -804.94124584
   -804.94778866
   -804.96833043
   -804.91056364
   -804.98531157
   -804.95690316
   -804.96263596
   -804.97999943
   -804.99369012
   -804.96765179
   -804.98050826
   -804.97930892
   -804.97612610
   -804.93378819
   -804.97819707
   -804.97831462
   -804.98609580
   -804.93868601
   -804.96670838
   -804.95814011
   -804.97601515
   -804.96604545
   -804.96820096
   -804.98260721
   -804.98735539
   -804.96604856
   -804.96229595
   -804.94194679
   -804.98266094
   -804.95947804
   -804.97055874
   -804.96786233
   -804.98536356
   -804.96233302
   -804.96491321
   -804.95748236
   -804.98116672
   -804.97939404
   -804.98563156
   -804.97056672
   -804.97679756
   -804.97436020
   -804.96985621
   -805.01163781
   -804.96710172
   -804.94622569
   -804.98286561
   -804.95949905
   -804.98030523
   -804.99161449
   -804.96788142
   -804.97899384
   -804.89965246
   -804.97141343
   -804.93617342
   -804.95772479
   -804.96547663
   -804.99652738
   -804.97819555
   -804.95175205
   -804.95107832
   -804.91329801
   -804.99821962
   -804.99476518
   -804.97077593
   -804.96604140
   -804.98941655
   -804.98607245
   -804.95218861
   -804.98548994
   -804.98960966
   -804.96380484
   -804.97673535
   -804.97299583
   -804.96570989
   -804.97153955
   -804.90791602
   -804.97957489
   -804.97647482
   -804.97266556
   -804.97519056
   -804.97247292
   -804.95266274
   -804.95147396
   -804.90315485
   -804.99000680
   -804.98306608
   -804.98637502
   -804.93414940
   -804.97741467
   -804.96799558
   -805.00281345
   -804.99117121
   -804.96495700
   -804.98041177
   -804.96156642
   -804.93668495
   -804.97349385
   -805.01453154
   -804.98240935
   -804.92765542
   -804.99350714
   -804.97848297
   -804.94117150
   -805.00006764
   -804.99217803
   -804.97511680
   -804.96878914
   -804.97798931
   -804.96559468
   -804.98505926
   -804.97953627
   -805.00279430
   -804.96986311
   -805.00590078
   -804.95856995
   -804.95812051
   -804.92452318
   -804.97719167
   -804.97435781
   -804.88102800
   -804.94733942
   -805.00084585
   -804.97422796
   -804.93563784
   -804.98113522
   -804.96139705
   -804.96666234
   -804.99037377
   -804.96690172
   -804.95978306
   -804.95176440
   -804.93721370
   -804.94604557
   -804.96113366
   -804.99303319
   -804.98031135
   -804.94884941
   -804.96080764
   -804.97775107
   -804.97059471
   -804.99771356
   -804.98308456
   -804.91245361
   -804.96962825
   -804.97217331
   -804.95057880
   -804.97538264
   -804.98320392
   -804.96409748
   -805.00164472
   -804.96705767
   -804.96991865
   -804.97717615
   -804.98537340
   -804.95888721
   -804.96281235
   -804.93599267
   -804.98954913
   -804.97073741
   -804.96377600
   -804.97495317
   -804.99692362
   -804.97173578
   -805.00384661
   -804.95855938
   -804.96891697
   -804.95946141
   -804.96009621
   -804.93204388
   -804.97619656
   -804.99251916
   -804.97904842
   -804.96960578
   -804.92021308
   -804.96486702
   -804.96764892
   -804.98612566
   -804.98302601
   -804.96892118
   -804.94189795
   -804.97427391
   -804.99227976
   -804.96569069
   -804.97036006
   -804.99357839
   -804.93348851
   -804.94067945
   -804.98720986
   -804.95701773
   -804.96486036
   -804.97045097
   -804.98418040
   -804.92687267
   -804.98256730
   -804.96536857
   -804.96267397
   -804.96579668
   -804.97090332
   -804.95122698
   -804.97747529
   -804.95546312
   -804.98138919
   -804.96930354
   -804.95768594
   -804.92473800
   -804.99310634
   -804.93931411
   -804.94055751
   -804.98546228
   -804.97273911
   -804.98943161
   -804.97935763
   -804.98826006
   -804.96625222
   -804.95819421
   -804.97902251
   -804.98505026
   -804.96626568
   -804.98911526
   -804.98375262
   -804.94444474
   -804.94882425
   -804.97076465
   -804.98515195
   -804.96732726
   -804.96386813
   -804.94126471
   -804.96766816
   -804.96980726
   -804.95082763
   -804.98827892
   -804.96582160
   -804.94783568
   -804.91232203
   -804.96196323
   -804.96586907
   -804.97047138
   -804.97874218
   -804.96954893
   -804.94597377
   -804.96511543
   -804.96910068
   -804.99471779
   -804.95608279
   -804.93847973
   -804.97489056
   -804.95128620
   -804.99949081
   -804.94111754
   -804.94326581
   -804.92264619
   -804.97826645
   -804.97406362
   -804.93287326
   -804.97668937
   -804.95199216
   -804.93606192
   -804.94935186
   -804.99809743
   -804.91270984
   -804.99609181
   -804.95051418
   -804.97211228
   -804.96223005
   -804.97115574
   -804.95184821
   -804.98037683
   -804.96566752
   -804.98045550
   -804.99381643
   -804.97432133
   -804.92952962
   -804.96925540
   -804.98265528
   -804.91999568
   -804.96718672
   -804.94369852
   -804.95169546
   -804.96914630
   -804.91331212
   -804.98400185
   -804.98876948
   -804.97916740
   -804.95454388
   -804.96503077
   -804.96970693
   -804.96118916
   -804.95303231
   -804.95844555
   -804.97778885
   -804.99344363
   -804.96215561
   -804.91364258
   -804.96309503
   -804.99674277
   -804.95222935
   -804.93721501
   -804.99885848
   -804.99956538
   -804.97271167
   -804.93476978
   -804.91054279
   -804.95776238
   -804.91359931
   -804.92304478
   -804.97103633
   -804.91058655
   -804.91194336
   -804.98700864
   -805.00002465
   -804.99605037
   -804.99113918
   -804.88887148
   -804.97509775
   -804.98229983
   -804.93881525
   -805.00279917
   -804.99011834
   -804.90086052
   -804.96927756
   -804.98817641
   -804.98071252
   -804.94882263
   -804.96766837
   -804.94969931
   -804.95483530
   -804.97168906
   -804.99603334
   -804.96885072
   -804.91134687
   -804.99037678
   -804.96790036
   -804.96003036
   -805.00330493
   -804.98201251
   -804.95918143
   -805.00505441
   -804.97976701
   -804.98526810
   -804.95046530
   -804.97659980
   -804.95095348
   -804.94350524
   -804.98443514
   -804.97660514
   -804.96670895
   -804.95551700
   -804.98382296
   -804.96912683
   -805.00459272
   -805.00546523
   -804.95454891
   -804.98492606
   -804.94843507
   -804.88268629
   -804.95487099
   -804.98730391
   -804.96056685
   -804.98614873
   -804.96131420
   -804.97185122
   -804.97922952
   -804.98018888
   -804.97703458
   -804.95439730
   -804.96794586
   -804.94348604
   -804.94426798
   -804.96136770
   -804.93492785
   -804.99685498
   -804.97405853
   -804.98830323
   -804.95288872
   -804.93952070
   -804.98947342
   -804.97579992
   -804.95604835
   -804.89198363
   -804.98591738
   -804.97021174
   -804.90430337
   -804.98212168
   -804.99021267
   -804.97121576
   -804.98962972
   -804.99368387
   -804.93696372
   -804.98555113
   -804.97566321
   -804.97586871
   -804.99539664
   -804.99664623
   -804.97225601
   -804.94909434
   -804.97653219
   -804.94557739
   -804.90572466
   -804.98130596
   -804.95007648
   -804.95801428
   -804.94944335
   -804.97391092
   -804.92560529
   -804.97500268
   -804.95746616
   -805.00461220
   -804.96259070
   -805.00263990
   -804.98343898
   -804.98224250
   -804.96732378
   -804.97025650
   -804.97303636
   -804.92020540
   -804.98138003
   -804.97079630
   -804.97110291
   -804.98094351
   -804.96767916
   -804.90658822
   -804.98530591
   -804.97513584
   -804.98033306
   -804.94890223
   -804.96399953
   -804.94126231
   -804.94995444
   -804.97150862
   -804.97585856
   -804.94952806
   -804.99947944
   -804.98552469
   -804.95040041
   -804.97553245
   -804.93965368
   -804.95776697
   -804.97423443
   -804.97670364
   -804.92985544
   -804.95226932
   -804.99705060
   -804.90421451
   -804.98425170
   -804.87470530
   -804.96249291
   -804.98282649
   -804.98324146
   -804.96059070
   -804.97929058
   -804.99079044
   -804.99469055
   -804.96137714
   -804.98343624
   -804.91816507
   -804.97221246
   -804.92987472
   -804.96470366
   -804.98609221
   -804.99902261
   -804.97524641
   -804.98488288
   -804.98056299
   -804.98558815
   -804.93697918
   -804.97757584
   -804.99598212
   -804.93341709
   -804.95532931
   -804.96282353
   -804.97890202
   -804.95398599
   -804.96889552
   -804.95907007
   -804.99721844
   -804.96674851
   -804.97930875
   -804.98219803
   -804.97694833
   -804.97115295
   -804.96967235
   -804.95600383
   -804.97283091
   -804.97639108
   -804.97615438
   -804.98585625
   -804.93650970
   -804.99320745
   -804.95278009
   -804.95570912
   -804.97684462
   -804.96623160
   -804.94851718
   -804.95713054
   -804.98300119
   -804.94456693
   -804.97235288
   -804.97636827
   -804.99064154
   -804.97244091
   -804.97672663
   -804.94829875
   -804.98161577
   -804.97337469
   -804.95576216
   -804.95429323
   -804.98107917
   -804.96218594
   -804.97387760
   -804.98882251
   -804.99272144
   -804.93928168
   -804.97866888
   -804.96149202
   -804.97553654
   -804.97538343
   -804.98331083
   -804.97975501
   -804.96892344
   -804.97347606
   -804.95376719
   -804.96190663
   -804.97453694
   -804.91719513
   -805.00590260
   -804.96795343
   -804.95398219
   -804.98770726
   -804.96116739
   -804.91421972
   -804.98288241
   -804.99333667
   -804.97267783
   -804.98315139
   -804.95218754
   -804.97942934
   -804.89965572
   -804.96212897
   -804.99107721
   -804.97004984
   -804.96364272
   -804.96859827
   -804.96376347
   -804.99051965
   -804.90474908
   -804.98899811
   -804.98619101
   -804.98380331
   -804.95704732
   -804.97263203
   -804.90379087
   -804.97917672
   -804.96676353
   -804.97699637
   -804.99004432
   -804.97486592
   -804.98762935
   -804.95059703
   -804.92842287
   -804.99069792
   -804.98076057
   -804.98309421
   -804.98907768
   -804.98109522
   -804.97517062
   -805.00751982
   -804.97628753
   -804.96110588
   -804.97433792
   -804.95684508
   -804.97688515
   -804.97084940
   -804.96006385
   -804.95080001
   -805.00107711
   -804.99648007
   -804.97446381
   -804.94111205
   -804.93311945
   -804.93980862
   -804.97169231
   -804.98038680
   -804.97204538
   -804.98142220
   -804.98277705
   -804.94744429
   -804.93813472
   -804.97363891
   -804.99681731
   -804.90882297
   -804.99903705
   -804.98359514
   -804.89360146
   -804.96877575
   -804.95564153
   -804.97638199
   -804.99080044
   -804.97649646
   -804.98777813
   -804.96792830
   -804.91496992
   -804.97818001
   -804.96170453
   -804.93093609
   -804.98996862
   -804.96235706
   -804.97139085
   -804.97128142
   -804.99255438
   -804.96552897
   -804.98546812
   -804.96384946
   -804.97601257
   -804.99320326
   -804.98820739
   -804.94988078
   -804.96430722
   -804.95344166
   -804.95767679
   -804.97615902
   -804.96880202
   -804.95163545
   -804.97218987
   -804.97176503
   -804.93437010
   -804.98072359
   -804.97339076
   -804.97636296
   -804.95994002
   -804.99833683
   -804.95506529
   -804.97292497
   -804.96273997
   -804.99224417
   -804.97703337
   -804.96932417
   -804.95990813
   -804.96675347
   -804.96236622
   -804.99525531
   -805.00285961
   -804.98262956
   -804.99769205
   -804.96772139
   -804.97646409
   -804.98915011
   -804.95937571
   -804.99411554
   -804.97592470
   -804.97969589
   -804.97710319
   -804.97686063
   -804.99123452
   -804.96308836
   -804.96151138
   -804.98516249
   -804.97494803
   -804.95092900
   -804.96674715
   -804.98627146
   -804.98482209
   -804.97158760
   -804.95918045
   -804.96901143
   -804.98772896
   -804.98203402
   -804.93364176
   -804.97848318
   -804.98218157
   -804.97074172
   -804.97411015
   -804.93554992
   -804.98589537
   -804.97768691
   -804.97115902
   -804.94319457
   -804.93673963
   -804.96923335
   -804.98698081
   -804.95011512
   -804.99703882
   -804.97940848
   -804.95463369
   -804.89529890
   -804.97240816
   -804.92755168
   -804.98316228
   -805.00488061
   -804.96717845
   -804.98865993
   -804.96054349
   -804.99415604
   -804.96813997
   -804.97563478
   -804.99252466
   -804.97916127
   -804.99254905
   -805.00584837
   -804.92442893
   -804.94973836
   -804.94827069
   -804.97904779
   -804.95561643
   -804.97378515
   -804.98956825
   -804.92496547
   -804.94183015
   -804.91375119
   -805.01254687
   -804.98757460
   -804.98330705
   -804.96963403
   -804.95568861
   -804.98120455
   -804.97975374
   -804.95944300
   -804.96592351
   -804.98052121
   -804.98173525
   -804.98962681
   -804.98852157
   -804.95214206
   -804.97598820
   -804.97059703
   -804.96642256
   -805.00267589
   -804.97324315
   -804.95446608
   -804.97049783
   -804.99598017
   -804.98717791
   -804.96382007
   -804.97160106
   -804.97212087
   -804.98551794
   -804.95427165
   -804.97524583
   -804.96325361
   -804.88407085
   -804.94918243
   -804.97443416
   -804.96640479
   -804.98450598
   -804.96192178
   -804.97975100
   -804.97871380
   -804.98186036
   -804.98381237
   -804.93953353
   -804.95890412
   -804.92297329
   -804.98673702
   -804.93750911
   -804.93624025
   -804.94659095
   -804.94306221
   -804.90710802
   -804.97487278
   -804.93994988
   -804.97030122
   -804.96668384
   -804.99720414
   -804.98145561
   -804.94281674
   -804.98878919
   -804.98794000
   -804.97050531
   -804.98635078
   -804.98092602
   -804.95597919
   -804.93508119
   -804.98817227
   -804.92148279
   -804.99626966
   -804.98298861
   -804.96080474
   -804.93543361
   -804.97469991
   -804.94663980
   -804.97820590
   -804.96907556
   -804.94155409
   -804.95354442
   -804.90799725
   -804.96664987
   -804.96779797
   -804.96154997
   -804.96259500
   -804.91136122
   -804.99367574
   -804.93655018
   -804.97153047
   -804.93792202
   -804.97285290
   -804.95696885
   -804.89395102
   -804.98065327
   -804.96612672
   -804.98024872
   -804.96052382
   -804.96699100
   -804.97503586
   -804.94839942
   -804.94923768
   -804.97336982
   -804.95357416
   -804.97977248
   -804.91333945
   -804.96396421
   -804.99154134
   -804.97940348
   -804.95773998
   -804.92487575
   -805.00715583
   -804.94179601
   -804.95744049
   -804.96413457
   -804.94704352
   -804.95220275
   -804.94269131
   -804.99158341
   -804.98727657
   -804.99297694
   -804.99077362
   -804.97732801
   -804.97105705
   -804.92889696
   -804.92284798
   -804.98460867
   -804.92825489
   -804.96869908
   -804.95429940
   -804.99596473
   -804.95967789
   -804.97126636
   -805.00152167
   -804.96039071
   -804.97214066
   -804.96936254
   -804.95222573
   -804.94805918
   -804.97084309
   -804.95682973
   -804.90080996
   -804.96001865
   -804.96030917
   -804.98587969
   -804.97784462
   -804.96840058
   -804.97200626
   -804.97244444
   -804.95884029
   -804.95340816
   -804.97726264
   -804.96356573
   -804.98000466
   -804.98895820
   -804.97705404
   -804.97747014
   -804.94852165
   -804.92548635
   -804.94489582
   -804.95266134
   -804.96725933
   -804.97543355
   -804.98262744
   -804.99588538
   -804.98863471
   -804.94531760
   -804.93758670
   -804.94061484
   -804.96970823
   -804.98706643
   -804.99170016
   -804.96236404
   -804.97406417
   -804.87244468
   -804.98795056
   -804.98816754
   -804.98631747
   -805.00627082
   -804.98686147
   -804.97115278
   -804.93974320
   -804.97426739
   -804.96056767
   -804.96945095
   -804.98229725
   -804.97257741
   -804.97227064
   -804.90507941
   -804.96569913
   -804.92013741
   -804.97547823
   -804.95814789
   -804.97186911
   -804.97507451
   -804.96668777
   -804.95908117
   -804.98706559
   -804.94837716
   -804.99118958
   -804.96110593
   -804.98504603
   -804.95181551
   -804.98095578
   -804.96366990
   -804.98563515
   -804.96345377
   -804.98757824
   -804.96188513
   -804.98261999
   -804.97724837
   -804.94834828
   -804.95568314
   -804.92209462
   -804.99066807
   -804.94452739
   -804.97501980
   -804.98269349
   -804.92909675
   -804.95334621
   -804.98974505
   -804.92614405
   -804.95937655
   -804.92267162
   -804.93504845
   -804.97263473
   -804.91803486
   -804.95627080
   -804.99899428
   -804.99438069
   -804.95625640
   -804.96805154
   -804.93682819
   -804.98217627
   -804.97598206
   -804.97840051
   -804.97931740
   -804.98574177
   -804.98477521
   -804.98859731
   -804.95498218
   -804.94742366
   -804.95687476
   -804.98540353
   -804.91099700
   -804.97091704
   -804.91228226
   -804.96723515
   -804.98156942
   -804.97278360
   -804.97356835
   -804.95644651
   -804.96953478
   -804.98708648
   -804.91146630
   -804.96155505
   -804.95436498
   -804.94695554
   -804.97448251
   -804.95668813
   -805.01094346
   -805.00196962
   -804.98966933
   -804.98747609
   -804.95026820
   -804.94606391
   -804.95957543
   -804.97987914
   -804.96682869
   -804.93765368
   -804.97694765
   -804.88734977
   -804.96641006
   -804.97610066
   -804.97086478
   -804.98443737
   -804.99266196
   -804.86923413
   -804.98885915
   -804.96482578
   -804.93601564
   -804.97361874
   -804.96097031
   -804.98556958
   -804.95547481
   -804.98467814
   -804.97813742
   -804.98533383
   -804.92600038
   -804.98490965
   -804.92351685
   -804.95199333
   -804.95035327
   -804.98158318
   -804.97429378
   -804.98361875
   -804.96570945
   -804.93798517
   -804.97595976
   -804.96390902
   -804.98456509
   -804.91617212
   -804.96469005
   -804.97857068
   -804.97552882
   -804.95950643
   -804.95220888
   -804.89911639
   -804.97349818
   -804.94015855
   -804.94028157
   -804.99843075
   -804.97021446
   -804.97317192
   -804.97295319
   -804.96857501
   -804.92423507
   -804.94002644
   -804.93121404
   -804.94363145
   -804.98349269
   -804.95352226
   -804.96856771
   -804.94426253
   -804.91199994
   -804.97681366
   -804.91362251
   -804.96477225
   -804.95159123
   -804.95415720
   -804.98092157
   -804.95664445
   -804.95674764
   -804.99495873
   -804.94463677
   -804.94875147
   -804.94466340
   -804.96977850
   -804.96222721
   -804.97226195
   -804.95712887
   -804.94921237
   -804.97676570
   -804.97442265
   -804.99125203
   -804.98487230
   -804.94936316
   -804.98065156
   -804.97165341
   -804.94801186
   -804.95692534
   -804.94674831
   -804.96251389
   -804.98174669
   -804.96728276
   -804.97468734
   -804.99474869
   -804.97925877
   -804.97855895
   -804.98206833
   -804.84816365
   -804.98606123
   -804.98456615
   -804.93114951
   -804.97837628
   -804.93910948
   -804.97574464
   -804.98956443
   -804.98135061
   -804.95767126
   -804.96705005
   -804.95348462
   -804.97000005
   -804.94195490
   -804.97906363
   -804.96032590
   -804.96706257
   -804.97334986
   -804.95986550
   -804.91801157
   -804.96056811
   -804.95842711
   -804.98147738
   -804.96127457
   -804.97935059
   -804.91268280
   -804.96069330
   -804.96553229
   -804.95136831
   -804.97112730
   -804.99314141
   -804.96765966
   -804.96012859
   -804.97389989
   -804.99722644
   -804.97363265
   -804.94883125
   -804.97392330
   -804.98802721
   -804.90521762
   -804.99444327
   -804.95742387
   -804.97052285
   -804.96088371
   -804.96885301
   -804.98240774
   -804.97029173
   -804.98818175
   -804.97839606
   -804.97608344
   -804.94581208
   -804.91719974
   -804.98690645
   -804.92861643
   -804.97054150
   -804.92353034
   -804.96012855
   -804.95199378
   -804.95269171
   -804.96401204
   -804.95636920
   -804.95014273
   -804.98121279
   -804.98995664
   -804.92051281
   -804.94225316
   -804.95289499
   -804.95995276
   -804.97781786
   -804.96764072
   -804.95490566
   -804.97526916
   -804.98342686
   -804.95852724
   -804.99478507
   -804.91304830
   -804.96906594
   -804.93460027
   -804.94830723
   -804.99839438
   -804.97542917
   -804.98203480
   -804.97793548
   -804.98488838
   -804.98561008
   -804.96896585
   -804.96131533
   -804.98498299
   -805.01139800
   -804.99372809
   -804.97103438
   -804.94314403
   -804.97229450
   -804.95127261
   -804.99481549
   -804.94210932
   -804.93170194
   -804.98279698
   -804.97101507
   -804.96194815
   -804.97700246
   -804.97429839
   -804.94712678
   -804.98978124
   -804.96876920
   -804.94917771
   -804.96034805
   -804.93275757
   -804.97761514
   -804.96941630
   -804.99150635
   -804.97024766
   -804.96761950
   -804.96467496
   -804.92361225
   -804.96748403
   -804.92956373
   -804.98094558
   -804.89207448
   -804.97161499
   -804.98551632
   -804.97713528
   -804.95037246
   -804.95221532
   -804.98611460
   -804.97885358
   -804.98091061
   -805.00402121
   -804.96023852
   -804.95283246
   -804.97413523
   -804.99759803
   -804.94292607
   -804.97165465
   -804.98265957
   -804.97469299
   -804.98897285
   -804.97919712
   -804.97331821
   -804.96137868
   -804.97566566
   -804.96841807
   -804.93289024
   -804.95456582
   -804.97142141
   -804.96553204
   -804.91106040
   -804.95980904
   -804.97086491
   -804.92605979
   -804.91829651
   -804.97086399
   -804.99163181
   -804.92448666
   -804.97539602
   -804.97086878
   -804.93220307
   -804.98001612
   -804.97856086
   -804.98319683
   -804.98648978
   -804.97050618
   -804.96040039
   -804.98828444
   -804.92853076
   -804.95693799
   -804.98409412
   -804.96082080
   -804.95772441
   -804.98710204
   -804.94498354
   -804.97345298
   -804.96771591
   -804.96912160
   -804.93717367
   -804.97642014
   -804.99234133
   -804.99481759
   -804.95558931
   -804.93169869
   -804.93499496
   -804.99677075
   -804.96913225
   -804.96790050
   -804.97282138
   -804.99354215
   -804.99336623
   -804.97681754
   -804.96804964
   -804.95709504
   -804.92268758
   -804.94087804
   -804.95293316
   -804.97178456
   -804.98357453
   -804.95322112
   -804.91475628
   -804.99524997
   -804.98534326
   -804.98774240
   -805.00248004
   -804.94952039
   -804.98288612
   -804.99722626
   -804.95016433
   -804.95155959
   -804.97066719
   -804.96505252
   -804.90909596
   -804.97255016
   -804.96892950
   -804.96740329
   -804.98186890
   -804.94868621
   -804.97927746
   -804.99141287
   -804.96797291
   -804.96511565
   -804.94112057
   -804.96982793
   -804.96510316
   -804.99034119
   -804.98772072
   -805.00301187
   -804.93070309
   -804.95590360
   -804.95147523
   -804.97954856
   -804.97260055
   -804.95625740
   -804.95640585
   -804.97851926
   -804.97883697
   -804.97111355
   -805.00198266
   -804.96664887
   -804.98876165
   -804.95960958
   -804.96430415
   -804.95112247
   -805.00008991
   -804.95612512
   -804.96989006
   -804.88703671
   -804.98969772
   -804.96104860
   -804.96809398
   -804.95720735
   -804.96563907
   -804.98273429
   -804.98895507
   -804.97369523
   -804.96765162
   -804.99970648
   -804.96926382
   -804.95587689
   -804.96818549
   -804.97649990
   -804.98882131
   -804.91328866
   -804.97612495
   -804.92366411
   -804.93795267
   -804.98342731
   -805.00113482
   -804.99093120
   -804.92032766
   -804.94241831
   -804.96948696
   -804.92816546
   -804.95855505
   -804.97590121
   -804.98383941
   -804.96663766
   -804.92085642
   -804.97426512
   -804.98390851
   -804.96544691
   -804.94293859
   -804.95751745
   -804.98575106
   -804.95775787
   -804.94409762
   -804.96544355
   -804.93573185
   -804.97598994
   -804.99646561
   -804.96392315
   -804.95448666
   -804.97519778
   -804.97156155
   -804.99233581
   -804.95441814
   -804.99589396
   -804.97847430
   -804.98973956
   -804.95787621
   -804.96369595
   -804.97945238
   -804.99440450
   -804.97953859
   -804.92329038
   -804.98806370
   -804.97866978
   -805.00669953
   -804.97411419
   -804.97863046
   -804.98146003
   -804.96560425
   -804.98762318
   -804.91949612
   -804.96284427
   -804.99148139
   -804.98132837
   -804.97083086
   -804.97637565
   -804.95885457
   -804.97943013
   -804.98481983
   -804.96893465
   -804.98519972
   -804.97022304
   -804.95929002
   -804.95448398
   -804.97906595
   -804.98302851
   -804.97566980
   -805.00627906
   -804.95507069
   -804.97335123
   -804.98286228
   -804.96627319
   -804.98115194
   -804.94737388
   -804.95479986
   -804.95427642
   -804.94853840
   -804.96082542
   -804.96857319
   -804.99041987
   -804.98390151
   -804.96528524
   -804.94594472
   -804.96969204
   -804.93751753
   -804.98396388
   -804.99062271
   -804.94369871
   -804.94527207
   -804.95334797
   -804.96913114
   -804.98881503
   -804.95060946
   -804.96194523
   -804.97856842
   -804.94704724
   -804.96820949
   -804.98479219
   -804.97436076
   -804.97716762
   -804.98135516
   -804.97643166
   -804.95175200
   -804.97747086
   -804.99929788
   -804.98424068
   -804.96464557
   -804.99367764
   -804.95370035
   -804.95609623
   -804.93567037
   -804.95278527
   -804.97699331
   -804.89166082
   -804.94881144
   -804.94980803
   -804.96398133
   -804.97718656
   -804.97320848
   -804.96591697
   -804.95008971
   -804.97164618
   -804.93967057
   -804.95599315
   -804.97953575
   -804.99292165
   -804.92533192
   -804.96085323
   -804.96886697
   -804.93632347
   -804.95412806
   -804.99197326
   -804.97069692
   -804.95950302
   -804.98052664
   -804.99183157
   -804.91397021
   -804.97219727
   -804.99995239
   -804.96587899
   -804.94881711
   -804.97138660
   -804.98503748
   -804.93734801
   -804.98489461
   -804.94041920
   -804.94540969
   -804.92892111
   -804.96640528
   -804.97253878
   -804.98042927
   -804.95326328
   -804.98585700
   -804.99874978
   -804.94526052
   -804.98386221
   -804.98575876
   -804.99899296
   -804.92347734
   -804.98080168
   -804.95330988
   -804.95117407
   -804.96825774
   -804.98341642
   -804.97339286
   -804.95253273
   -804.99635069
   -804.98493107
   -804.98300036
   -804.97761479
   -804.89938506
   -804.95575505
   -804.96768984
   -804.98742613
   -804.98050987
   -804.97718576
   -804.97088081
   -804.98474448
   -804.98743073
   -804.96486999
   -804.98098328
   -804.93722383
   -804.96720960
   -804.94124378
   -804.97396863
   -804.97767540
   -804.92822050
   -804.93866620
   -804.96636293
   -804.98243681
   -804.91762671
   -804.98094187
   -804.94470560
   -804.98829441
   -804.97941900
   -804.99193691
   -804.99758754
   -804.96489295
   -804.96324769
   -804.97897554
   -804.96352327
   -805.00241905
   -804.96048525
   -804.93712980
   -804.98280548
   -805.00654184
   -804.96742438
   -804.98543010
   -804.99033459
   -804.94990327
   -804.99187575
   -805.00052782
   -804.96938616
   -804.96483913
   -804.98605870
   -804.98198893
   -804.97477426
   -804.97102820
   -804.95810540
   -804.91406371
   -804.96368738
   -804.98308458
   -804.93394457
   -804.95842722
   -804.95717290
   -804.95836897
   -804.90438624
   -804.97663382
   -804.99110095
   -804.99119127
   -804.97500137
   -804.93990988
   -804.95785336
   -804.97604556
   -804.95033325
   -804.98092433
   -804.96110135
   -804.95495683
   -804.97090707
   -804.98138678
   -805.00551729
   -804.98197157
   -804.97711819
   -804.97889851
   -804.97369684
   -804.99570031
   -804.96300142
   -804.97362022
   -804.98048106
   -804.97482493
   -804.98371703
   -804.92848462
   -804.92995774
   -804.96118182
   -804.98893344
   -804.96866874
   -804.96002860
   -804.95355513
   -804.96710232
   -804.97884011
   -804.97262018
   -804.96339805
   -804.93672693
   -804.98173004
   -804.95508799
   -804.97139184
   -804.95281311
   -804.97203951
   -804.96245645
   -804.96272208
   -804.97140569
   -804.95744567
   -804.96294819
   -804.95608331
   -804.96642275
   -804.98694892
   -805.00023895
   -804.94650097
   -804.96641690
   -804.97897178
   -804.98469393
   -804.97224902
   -804.98719615
   -805.01023875
   -804.97400075
   -804.96140916
   -804.95862117
   -804.97488662
   -804.98772423
   -804.95106292
   -804.92660657
   -804.96048484
   -804.94218057
   -804.94707849
   -804.99498399
   -804.91740582
   -804.98003696
   -804.98765413
   -804.98183580
   -804.98248917
   -804.98587355
   -804.90147904
   -804.96184038
   -804.95399970
   -804.98222941
   -804.96909856
   -804.99792841
   -804.97991183
   -804.95957331
   -804.97731365
   -804.99015281
   -804.97010937
   -804.96717364
   -804.96376218
   -804.91147910
   -804.93940226
   -804.93988325
   -804.94501064
   -804.91470532
   -804.94519518
   -804.97868780
   -804.92162828
   -804.95918185
   -804.95139797
   -804.99021788
   -804.98723044
   -804.98025269
   -804.97129080
   -804.96790284
   -805.00566014
   -804.96859599
   -804.97333574
   -804.93989291
   -804.94553900
   -804.96239006
   -804.97683346
   -804.97626761
   -805.00838282
   -804.95492050
   -804.91317964
   -804.98980440
   -804.96148069
   -804.96263287
   -804.96323563
   -804.99028589
   -804.97333228
   -804.98476818
   -804.93453087
   -804.97639267
   -804.96114399
   -804.98096982
   -804.97078083
   -804.95242178
   -804.97046544
   -804.97295802
   -804.97920858
   -804.98019354
   -804.94626016
   -804.93935353
   -804.97109664
   -804.95124694
   -804.98912353
   -804.93567343
   -804.96678663
   -805.01146206
   -804.97081279
   -804.95697716
   -804.97873704
   -804.97052711
   -804.96594993
   -804.95995925
   -804.97089199
   -804.96460685
   -804.96242968
   -804.97047462
   -804.96921905
   -804.96483187
   -804.99103558
   -804.98650022
   -804.93536665
   -804.97154947
   -804.95967038
   -804.95529671
   -804.96933336
   -804.95894169
   -804.98288377
   -804.95351403
   -804.98688140
   -804.96541129
   -804.97477223
   -804.92238196
   -804.95127172
   -804.94110389
   -804.98608200
   -804.99639677
   -804.94794017
   -804.97180280
   -804.97121192
   -804.96687447
   -804.97675014
   -804.94185578
   -804.97304849
   -804.96609079
   -804.96630929
   -804.94453544
   -804.96270713
   -804.98919769
   -804.99214093
   -804.97738305
   -804.98542856
   -804.96622016
   -804.98035099
   -804.93835042
   -804.97508351
   -804.97665575
   -804.96496556
   -804.97697701
   -804.97189780
   -804.98949493
   -804.99298307
   -804.99501595
   -804.96855593
   -804.98244911
   -804.98108742
   -804.92050288
   -804.96934424
   -804.97535585
   -804.96895918
   -804.92620632
   -804.96603241
   -804.97190324
   -804.96548855
   -804.94224987
   -804.97438472
   -804.94516143
   -804.95652204
   -804.94044689
   -804.92313622
   -804.95671908
   -804.94887836
   -805.00588075
   -804.99620297
   -804.99568932
   -804.95256653
   -804.98644521
   -804.94469440
   -804.96432862
   -804.99683270
   -804.98043939
   -804.97951415
   -804.97457684
   -804.97665056
   -804.95812510
   -804.96951021
   -804.97184486
   -804.96921468
   -804.93096201
   -804.91350228
   -804.97420383
   -804.94482525
   -804.96840616
   -805.00689763
   -804.96924736
   -804.94839254
   -804.97982120
   -804.99061741
   -804.92333427
   -804.95799191
   -804.98611259
   -804.94126608
   -805.00861534
   -804.94875089
   -804.95844118
   -804.90479108
   -804.96915369
   -804.89598887
   -804.98862033
   -804.96675123
   -804.98846471
   -804.98000933
   -804.97396067
   -804.97486014
   -804.99290505
   -804.97638745
   -804.99458116
   -805.00694065
   -804.94606924
   -804.96815657
   -804.95953320
   -804.97034227
   -804.95411414
   -804.95413434
   -804.97061076
   -805.01131160
   -804.96588409
   -804.95964069
   -804.96817212
   -804.95519204
   -804.99560541
   -804.95873010
   -804.95521807
   -804.96369649
   -804.96946807
   -804.95044313
   -804.96292525
   -805.00310727
   -804.95680563
   -804.94779153
   -804.96678515
   -804.96383319
   -804.95994892
   -804.98010496
   -804.96994389
   -804.97552501
   -804.96737792
   -804.95750592
   -804.96225348
   -804.97825628
   -804.98482465
   -804.94377227
   -804.92544635
   -804.93988162
   -804.98998659
   -804.98995503
   -804.95177762
   -804.97375083
   -804.94607326
   -804.98163511
   -804.94884592
   -804.97467326
   -804.99690121
   -804.97247139
   -804.96288349
   -804.96114545
   -804.97065920
   -804.92855957
   -804.96304631
   -804.97836525
   -804.98010942
   -804.95930598
   -804.97983123
   -804.96436428
   -805.00741322
   -804.97076965
   -804.94455115
   -804.96096418
   -804.96365849
   -804.97748026
   -804.98571564
   -804.93962089
   -804.95422396
   -804.93647284
   -804.97778843
   -804.96969920
   -804.98585642
   -804.98347098
   -804.99269226
   -804.97121692
   -805.00219475
   -804.95874135
   -804.96358106
   -804.96142095
   -804.93836818
   -804.97986573
   -804.96977419
   -804.98180088
   -804.94772728
   -804.92447921
   -804.98108374
   -804.98052364
   -804.95361213
   -804.95619139
   -804.98694521
   -804.95337353
   -804.95778722
   -804.97579969
   -804.97198703
   -804.97992155
   -804.95031261
   -804.97130670
   -804.91777139
   -804.96898861
   -804.95951034
   -804.95343172
   -804.94983190
   -804.98102023
   -804.96614149
   -804.94734175
   -804.99131029
   -804.90800405
   -804.90571243
   -804.93175723
   -804.97078784
   -804.98082862
   -804.99065115
   -804.94716621
   -804.98960711
   -804.98359412
   -804.97620371
   -804.94011056
   -804.97973732
   -804.95043659
   -804.96361919
   -804.97693619
   -804.96829150
   -804.93679273
   -804.97226526
   -804.97705831
   -804.93830042
   -804.91765583
   -804.99994291
   -805.00559064
   -804.97534136
   -804.96905671
   -804.95309624
   -804.97923656
   -804.94841991
   -804.97154422
   -804.94619565
   -804.99866817
   -804.96048935
   -805.00550231
   -804.96884326
   -804.96776833
   -804.97958658
   -804.97413138
   -804.99092951
   -804.96263250
   -804.94487983
   -804.96023427
   -804.96673122
   -804.92122387
   -804.95038319
   -804.97089282
   -804.99731539
   -804.91747602
   -804.93642575
   -804.94308554
   -804.97420168
   -804.97410209
   -804.94625867
   -804.97069033
   -804.99747865
   -804.96021314
   -804.98568523
   -804.98202386
   -804.91325017
   -804.99105498
   -804.97010816
   -804.95731256
   -804.97223015
   -804.95584850
   -804.96328489
   -804.98256636
   -804.99128031
   -804.99117253
   -804.98217312
   -804.96454010
   -805.00181841
   -804.99113332
   -804.99449501
   -804.97617852
   -804.96714010
   -804.97485445
   -804.96450276
   -804.97510574
   -804.95680380
   -804.97813858
   -804.96444456
   -804.97164981
   -804.98232449
   -804.93802132
   -804.95437531
   -804.96533943
   -804.95519669
   -804.97830234
   -804.86803024
   -804.94535825
   -804.96195590
   -804.97637492
   -804.94929864
   -804.94529913
   -804.96673223
   -804.98295753
   -804.97775834
   -804.95536379
   -804.99364998
   -804.99323469
   -804.94225338
   -804.95633253
   -804.94825818
   -804.93442366
   -804.99438059
   -804.99523170
   -804.96255960
   -804.99257494
   -804.97559121
   -804.98405614
   -805.00210713
   -804.97692653
   -804.97987046
   -804.96166926
   -804.95687305
   -805.00236180
   -804.95059720
   -804.98927180
   -804.98072140
   -804.98722807
   -805.00276560
   -804.95116667
   -804.94625876
   -804.97982282
   -804.95908962
   -804.96446855
   -804.97317945
   -804.96516562
   -804.94277394
   -804.98825804
   -804.98700235
   -804.90300289
   -804.97660922
   -804.93235764
   -804.96695892
   -804.97639994
   -804.83460501
   -804.97337193
   -804.99313974
   -804.97515953
   -804.97316673
   -804.94974285
   -804.95633114
   -804.92468295
   -804.96909329
   -804.94004526
   -804.99887374
   -804.99118404
   -804.96792245
   -804.98546797
   -804.99402405
   -804.97753529
   -804.97144266
   -804.99373981
   -804.98511257
   -804.95850410
   -804.95594203
   -804.96513436
   -804.94929495
   -805.00418306
   -804.94202007
   -804.95409165
   -804.97455559
   -804.94253625
   -804.97905378
   -804.95353508
   -804.96996590
   -804.97578733
   -804.98270708
   -804.99342846
   -804.96519688
   -804.98429899
   -804.99542219
   -804.95096842
   -804.96111159
   -804.95746796
   -804.94679325
   -804.98805288
   -804.98113501
   -804.96038967
   -804.96543295
   -804.91413265
   -804.98726115
   -804.96215972
   -804.97507910
   -804.94450286
   -804.96569200
   -804.91420935
   -804.89155121
   -804.98394896
   -804.96038628
   -804.97871693
   -804.98792518
   -804.97636202
   -804.97900837
   -805.00378121
   -804.92864965
   -804.92525587
   -804.98526233
   -804.97549689
   -804.97008354
   -804.98650089
   -804.94078303
   -804.97833190
   -804.98298905
   -804.99488858
   -804.99035602
   -804.97762253
   -804.98413456
   -804.96974301
   -804.89523263
   -805.00476943
   -804.95832227
   -804.93655024
   -804.96032805
   -804.95052624
   -805.00435173
   -804.96302397
   -804.97640919
   -804.96049714
   -804.92457175
   -804.97229909
   -804.97787258
   -804.96240649
   -804.97851450
   -804.99945988
   -804.96309653
   -804.95205689
   -804.89753730
   -804.97210353
   -804.97230360
   -805.00261781
   -804.98801722
   -804.95178193
   -805.01092406
   -804.93161942
   -804.98533033
   -804.95492223
   -804.96520674
   -804.95378045
   -805.00014174
   -804.92805302
   -804.95128670
   -804.99505512
   -804.97708239
   -804.95989615
   -804.97537745
   -804.96243518
   -804.96589985
   -804.97933157
   -804.96090674
   -804.96197440
   -804.97527140
   -804.97988633
   -805.00073239
   -804.94134774
   -804.98654099
   -804.98824359
   -804.97627976
   -804.96145911
   -804.96654980
   -804.97700757
   -804.96415140
   -804.94355732
   -804.92812839
   -804.97616069
   -804.97621323
   -804.95556037
   -804.96803160
   -804.96895420
   -804.99169423
   -804.93790689
   -804.98929660
   -804.94433493
   -804.91046085
   -804.96257796
   -804.98230913
   -804.97234875
   -804.98587738
   -804.97589472
   -804.98512121
   -804.95263813
   -804.99220903
   -804.94553904
   -804.97986408
   -804.95949571
   -804.96335492
   -804.97305236
   -804.94983036
   -804.89516221
   -804.93909952
   -804.98912285
   -804.93889746
   -804.97287635
   -804.99005980
   -804.97774222
   -804.98093997
   -804.96686390
   -804.98603732
   -804.99686824
   -804.95331210
   -804.97780338
   -804.95989683
   -804.99508130
   -804.97337423
   -804.97498302
   -804.92245816
   -804.96686470
   -804.96077819
   -804.89980795
   -804.95941234
   -804.98744553
   -804.98073743
   -804.91806218
   -804.98546570
   -804.98531413
   -804.92304947
   -804.99406478
   -804.95097217
   -804.98026595
   -804.96349934
   -804.98430066
   -804.98299795
   -804.99008877
   -804.94893071
   -804.97012767
   -804.95923087
   -804.95062236
   -804.95766401
   -804.96898398
   -804.97836645
   -804.96780656
   -804.98433910
   -804.91183170
   -804.98121273
   -804.98367778
   -804.95783720
   -804.99776870
   -804.90374500
   -804.95041424
   -804.98562589
   -804.96158018
   -804.96922331
   -804.98241256
   -804.96261737
   -804.96265494
   -804.93446312
   -804.94893411
   -804.96998946
   -804.97278442
   -804.99170054
   -804.94387571
   -804.92882390
   -804.97172413
   -805.00150998
   -804.92627260
   -804.97519876
   -804.98197712
   -804.97607781
   -804.90556157
   -804.97494446
   -804.96345772
   -804.96455034
   -804.88894968
   -804.96484593
   -804.96175573
   -804.96953434
   -804.97839968
   -804.96530070
   -804.97843344
   -804.97145391
   -804.90079554
   -804.95789371
   -804.99812222
   -804.95201013
   -804.94793906
   -804.98734810
   -804.96091074
   -804.98315566
   -804.97705211
   -804.97739095
   -804.99076833
   -804.98141237
   -804.91876445
   -804.94069421
   -804.98859526
   -804.98050678
   -804.95690949
   -804.98274724
   -804.96345414
   -804.97005662
   -804.95526595
   -804.98603756
   -804.95719237
   -804.99754849
   -804.98977683
   -804.98907300
   -804.98162165
   -804.91828430
   -804.98715793
   -804.97011241
   -804.82675304
   -804.95297717
   -804.97111782
   -804.98750083
   -804.96618124
   -804.98920604
   -804.94954386
   -804.95696374
   -804.97445218
   -804.94796222
   -804.95841398
   -804.98653227
   -804.98482140
   -804.96715079
   -804.94453077
   -804.94337721
   -804.95356230
   -804.94688533
   -804.98251275
   -804.94664174
   -804.99090771
   -804.96631060
   -804.95938496
   -804.95245370
   -804.96700926
   -804.95769603
   -805.00814492
   -804.98589298
   -804.93460787
   -804.96010982
   -804.91716732
   -804.96656038
   -804.95663988
   -804.96241066
   -804.98131230
   -804.95361064
   -804.92864022
   -804.95612547
   -804.95123526
   -804.96174734
   -804.97896019
   -804.98852758
   -804.99558950
   -804.98832666
   -804.94300158
   -804.94326957
   -804.99801482
   -804.93737563
   -804.93746696
   -804.99304063
   -804.98279076
   -804.95589024
   -804.99891515
   -804.99129485
   -804.96940888
   -804.99790274
   -804.92932573
   -804.96310561
   -804.96620837
   -804.97403873
   -804.95757842
   -804.97421045
   -804.95160157
   -804.99966263
   -804.97882696
   -804.97080909
   -804.98901306
   -804.98711087
   -804.97775013
   -804.96762995
