% The following energies apply to conformations described by the topology 
% R15_iter1.top.  Structures are given in trajectory coords.cdf, count: 136.

% Item 0:
%   Energy -> orca_structures/coor*/NConf*.out
   -880.20623124
   -880.20710445
   -880.20482021
   -880.20712482
   -880.20596286
   -880.20546485
   -880.21439215
   -880.21936878
   -880.20981666
   -880.21402167
   -880.20972849
   -880.20684214
   -880.21474895
   -880.21510006
   -880.21958859
   -880.21483938
   -880.21333285
   -880.20788199
   -880.21468573
   -880.20383230
   -880.20480646
   -880.20470226
   -880.21538549
   -880.21590487
   -880.21333629
   -880.21383658
   -880.21547236
   -880.21487472
   -880.20606936
   -880.20725510
   -880.21527950
   -880.20745375
   -880.20819488
   -880.20478216
   -880.21545310
   -880.20417531
   -880.20463777
   -880.20091485
   -880.20713731
   -880.20587826
   -880.20330758
   -880.20456161
   -880.20480993
   -880.20597708
   -880.20702451
   -880.20856116
   -880.20438086
   -880.20549125
   -880.21546782
   -880.21450333
   -880.20872650
   -880.21403971
   -880.21544802
   -880.21417136
   -880.20605473
   -880.21613369
   -880.20487696
   -880.20605813
   -880.20826282
   -880.20483086
   -880.20467055
   -880.20767639
   -880.20562702
   -880.20949092
   -880.20612517
   -880.20466795
   -880.21598123
   -880.20476529
   -880.21450897
   -880.20792918
   -880.21514896
   -880.21531762
   -880.19987025
   -880.21468416
   -880.20017024
   -880.20566654
   -880.21535762
   -880.21482294
   -880.20420799
   -880.20466475
   -880.21395800
   -880.20480108
   -880.20530823
   -880.20548816
   -880.20608568
   -880.20360240
   -880.20320532
   -880.20553401
   -880.20780051
   -880.20510873
   -880.20095012
   -880.20644657
   -880.20363566
   -880.20557785
   -880.20774462
   -880.19974967
   -880.20844005
   -880.20992515
   -880.20810498
   -880.20011435
   -880.21530100
   -880.20825432
   -880.20958590
   -880.21014741
   -880.21003235
   -880.20689631
   -880.20321359
   -880.20462651
   -880.21849456
   -880.20472313
   -880.21476828
   -880.21041061
   -880.20461363
   -880.21004138
   -880.21078167
   -880.21463901
   -880.21429688
   -880.20464406
   -880.21499090
   -880.20628458
   -880.20379313
   -880.20455047
   -880.20773656
   -880.21469089
   -880.20463078
   -880.20658594
   -880.20749197
   -880.21477564
   -880.20608845
   -880.21604749
   -880.20429127
   -880.20713956
   -880.21547876
   -880.21915254
   -880.20571688
   -880.21594689
