% The following energies apply to conformations described by the topology 
% R15.top.  Structures are given in trajectory coords.cdf, count: 2701.

% Item 0:
%   Energy -> orca_structures/coor*/Conf*.out
   -880.15283970
   -880.16202037
   -880.18777901
   -880.16313903
   -880.16093834
   -880.17711240
   -880.13702034
   -880.20048204
   -880.18200006
   -880.15859663
   -880.16440399
   -880.14840508
   -880.19576534
   -880.15985483
   -880.12801640
   -880.15919606
   -880.14538465
   -880.18016105
   -880.18216547
   -880.20010342
   -880.15424239
   -880.16580240
   -880.20003308
   -880.15370333
   -880.17160927
   -880.17202827
   -880.18563450
   -880.11516200
   -880.17432252
   -880.16641084
   -880.17438911
   -880.16451496
   -880.17000454
   -880.16689489
   -880.18381943
   -880.16843281
   -880.17413233
   -880.14291779
   -880.16101347
   -880.15093687
   -880.15819101
   -880.15786896
   -880.16411103
   -880.14607543
   -880.15930511
   -880.13685829
   -880.16163749
   -880.16816967
   -880.18568347
   -880.16331909
   -880.20446978
   -880.15817161
   -880.16699481
   -880.15584376
   -880.14730032
   -880.19079544
   -880.13046687
   -880.15286354
   -880.16006415
   -880.14961362
   -880.14852892
   -880.15293852
   -880.17637608
   -880.16888081
   -880.14086184
   -880.17756446
   -880.15406057
   -880.13732062
   -880.16254305
   -880.16573378
   -880.16205663
   -880.16212017
   -880.15623322
   -880.15668942
   -880.18910103
   -880.17928905
   -880.17351104
   -880.15178374
   -880.16261048
   -880.15727153
   -880.17431384
   -880.18418777
   -880.15728799
   -880.15365216
   -880.17097720
   -880.16168622
   -880.16322854
   -880.15086664
   -880.16062868
   -880.16293884
   -880.14977425
   -880.17183403
   -880.17283217
   -880.17923804
   -880.16219169
   -880.19218517
   -880.14780771
   -880.15799543
   -880.16025759
   -880.20713870
   -880.17908742
   -880.19024294
   -880.15854471
   -880.17402057
   -880.18636983
   -880.16411641
   -880.16548890
   -880.16660975
   -880.16425312
   -880.14273787
   -880.17746778
   -880.15455854
   -880.18143669
   -880.17524101
   -880.14769982
   -880.15491024
   -880.12160597
   -880.13708620
   -880.16159146
   -880.16983163
   -880.15603146
   -880.18485491
   -880.16354425
   -880.17399610
   -880.17970312
   -880.15676988
   -880.16749336
   -880.16672957
   -880.17066646
   -880.17251411
   -880.14506124
   -880.18319944
   -880.15870907
   -880.16518187
   -880.15416771
   -880.15593428
   -880.18184289
   -880.18687915
   -880.19743282
   -880.17397881
   -880.16524247
   -880.15796366
   -880.16438701
   -880.14097170
   -880.17888585
   -880.15589799
   -880.16153243
   -880.16998785
   -880.15441017
   -880.17611039
   -880.17996685
   -880.19274358
   -880.18071646
   -880.15024302
   -880.17539174
   -880.18913881
   -880.18286625
   -880.15782305
   -880.17428545
   -880.16687616
   -880.16026740
   -880.15378188
   -880.16759133
   -880.13667202
   -880.13362436
   -880.16843755
   -880.16483047
   -880.19243022
   -880.17389365
   -880.15077364
   -880.19301253
   -880.19461427
   -880.14611275
   -880.12706670
   -880.13385094
   -880.15713080
   -880.16115037
   -880.19618010
   -880.16691714
   -880.17193150
   -880.16045313
   -880.17485378
   -880.14266952
   -880.14933469
   -880.13909965
   -880.16547157
   -880.17485104
   -880.06097261
   -880.14628983
   -880.14914145
   -880.17133077
   -880.15986029
   -880.19294776
   -880.17194043
   -880.17327134
   -880.16419379
   -880.12938535
   -880.18753428
   -880.16897238
   -880.16788065
   -880.15909762
   -880.16138401
   -880.16013567
   -880.20198435
   -880.13401814
   -880.16441114
   -880.17202068
   -880.17019196
   -880.16891474
   -880.14239807
   -880.16672725
   -880.14755373
   -880.16836150
   -880.18076269
   -880.17387127
   -880.15680382
   -880.16128342
   -880.16405815
   -880.17780743
   -880.16475297
   -880.14492937
   -880.17989773
   -880.17688685
   -880.16726387
   -880.19739833
   -880.16025771
   -880.17627277
   -880.19369981
   -880.14630160
   -880.18077153
   -880.16208111
   -880.17428295
   -880.14904788
   -880.14848916
   -880.12727202
   -880.15331561
   -880.15902660
   -880.05667955
   -880.15494607
   -880.17079469
   -880.17208472
   -880.17810310
   -880.17517268
   -880.14124804
   -880.15423109
   -880.16019068
   -880.17088725
   -880.15418236
   -880.18904151
   -880.15298365
   -880.19272320
   -880.18207564
   -880.17855046
   -880.14803647
   -880.16041249
   -880.18392821
   -880.18512791
   -880.15004575
   -880.16230221
   -880.13481196
   -880.15050804
   -880.13977715
   -880.15139474
   -880.15947950
   -880.19668006
   -880.16116498
   -880.13276460
   -880.15231401
   -880.18238027
   -880.18633369
   -880.18414531
   -880.13854303
   -880.17602693
   -880.17879992
   -880.18484070
   -880.17541231
   -880.17735028
   -880.17734425
   -880.14263518
   -880.17656746
   -880.14692753
   -880.16347292
   -880.18564074
   -880.19135382
   -880.16827617
   -880.16037876
   -880.17078895
   -880.18587386
   -880.17191334
   -880.17565517
   -880.15538247
   -880.15122777
   -880.13863476
   -880.15830275
   -880.15901058
   -880.14242924
   -880.15954279
   -880.16316215
   -880.18425115
   -880.19253363
   -880.18271408
   -880.16727382
   -880.17203804
   -880.16990414
   -880.16397890
   -880.17881844
   -880.16127227
   -880.17341742
   -880.13308477
   -880.17404396
   -880.16650549
   -880.15859949
   -880.17490036
   -880.16478380
   -880.17457660
   -880.17679471
   -880.15138333
   -880.17118456
   -880.12769100
   -880.17374281
   -880.14987372
   -880.15843875
   -880.15857432
   -880.18583586
   -880.15528812
   -880.16788106
   -880.15578559
   -880.16619488
   -880.18103391
   -880.17771259
   -880.17369477
   -880.16047451
   -880.16568558
   -880.20150366
   -880.17407237
   -880.16198147
   -880.18689984
   -880.17036584
   -880.18765410
   -880.15874947
   -880.17461227
   -880.17836442
   -880.13603633
   -880.17299267
   -880.15514903
   -880.16036562
   -880.15789520
   -880.18254494
   -880.18816726
   -880.15812801
   -880.13434676
   -880.15664668
   -880.19219829
   -880.18807884
   -880.17393094
   -880.16116923
   -880.18922812
   -880.18510478
   -880.14647139
   -880.17832711
   -880.19011801
   -880.14195706
   -880.18809911
   -880.17350517
   -880.15732667
   -880.16484609
   -880.13539054
   -880.18482173
   -880.17085947
   -880.17877920
   -880.15940373
   -880.16034475
   -880.17064964
   -880.17634634
   -880.11217535
   -880.17906236
   -880.18724530
   -880.15821533
   -880.17206860
   -880.04797727
   -880.17322752
   -880.19452425
   -880.05780957
   -880.19631059
   -880.17231982
   -880.18212380
   -880.17593863
   -880.16450708
   -880.17606684
   -880.20513322
   -880.17733679
   -880.15887676
   -880.18363456
   -880.16032983
   -880.14082204
   -880.18383979
   -880.17639327
   -880.17053224
   -880.18172099
   -880.18004499
   -880.18084723
   -880.18620221
   -880.17606814
   -880.19312184
   -880.16859874
   -880.20308411
   -880.16366822
   -880.16846596
   -880.13854687
   -880.17045202
   -880.16812741
   -880.10931942
   -880.15773752
   -880.19042482
   -880.18188457
   -880.15915986
   -880.17697702
   -880.16058484
   -880.16783126
   -880.19242990
   -880.16297318
   -880.14591949
   -880.14588803
   -880.16368414
   -880.16493597
   -880.18547470
   -880.18170013
   -880.16041702
   -880.16724531
   -880.17016941
   -880.17790276
   -880.19317819
   -880.19690906
   -880.19566135
   -880.13730829
   -880.15853846
   -880.16476470
   -880.14567551
   -880.17283061
   -880.17179342
   -880.16276532
   -880.19009811
   -880.16701748
   -880.15732335
   -880.18594748
   -880.18788507
   -880.15791203
   -880.15630949
   -880.15847912
   -880.17390422
   -880.14970955
   -880.16100945
   -880.15232166
   -880.19139070
   -880.16939035
   -880.18647464
   -880.14332740
   -880.15380202
   -880.16428831
   -880.16727044
   -880.15224575
   -880.17141048
   -880.18677075
   -880.17323970
   -880.14094501
   -880.16326387
   -880.17145565
   -880.16513288
   -880.17814964
   -880.18590696
   -880.11433525
   -880.16732730
   -880.17451047
   -880.17255147
   -880.17619532
   -880.17131294
   -880.15434090
   -880.15290781
   -880.19106479
   -880.17673825
   -880.17329527
   -880.17247272
   -880.15946129
   -880.16470267
   -880.18818138
   -880.15959448
   -880.16803280
   -880.16966985
   -880.13948352
   -880.16061915
   -880.15850941
   -880.17117350
   -880.16551799
   -880.16019327
   -880.13568431
   -880.18858859
   -880.15686522
   -880.16175940
   -880.19030358
   -880.18546866
   -880.19252440
   -880.16310501
   -880.18451855
   -880.17024633
   -880.15307218
   -880.17564984
   -880.18109920
   -880.16317162
   -880.17852445
   -880.18075478
   -880.15526063
   -880.15049274
   -880.06731834
   -880.16389693
   -880.19685720
   -880.16790441
   -880.15755553
   -880.14021832
   -880.06121437
   -880.16637932
   -880.18299895
   -880.16226931
   -880.17818425
   -880.16696361
   -880.14725003
   -880.14524304
   -880.15249950
   -880.15854195
   -880.17859620
   -880.17363906
   -880.14485924
   -880.15931182
   -880.16881264
   -880.19148714
   -880.16250536
   -880.16536014
   -880.16855463
   -880.14898875
   -880.19853716
   -880.15916387
   -880.15314864
   -880.05442165
   -880.16391294
   -880.16835798
   -880.17694008
   -880.16025939
   -880.17774638
   -880.14874166
   -880.13853063
   -880.16262654
   -880.19806872
   -880.15309138
   -880.18550386
   -880.15575630
   -880.16191296
   -880.17081979
   -880.17186342
   -880.16836679
   -880.15185639
   -880.18125324
   -880.16229645
   -880.17769872
   -880.19472488
   -880.16459372
   -880.15463036
   -880.18292934
   -880.17718496
   -880.12566371
   -880.16155705
   -880.15207107
   -880.16473554
   -880.14284013
   -880.12978928
   -880.18430472
   -880.17304231
   -880.17012954
   -880.16690606
   -880.17025342
   -880.17220882
   -880.17070799
   -880.14567501
   -880.15693578
   -880.16055365
   -880.17668393
   -880.18724399
   -880.16970172
   -880.16041277
   -880.15897912
   -880.17972498
   -880.15994614
   -880.16475133
   -880.18903098
   -880.20226780
   -880.15469084
   -880.15123316
   -880.13661712
   -880.15198151
   -880.13222120
   -880.16576429
   -880.13164371
   -880.12416296
   -880.17916299
   -880.17647893
   -880.20029477
   -880.18358057
   -880.11550310
   -880.18349575
   -880.18479174
   -880.15127276
   -880.18816949
   -880.16790234
   -880.14947602
   -880.15958882
   -880.18593179
   -880.16378307
   -880.16021226
   -880.15725473
   -880.13786741
   -880.13979677
   -880.17601504
   -880.17935829
   -880.05686319
   -880.19967188
   -880.15730257
   -880.11589111
   -880.15900643
   -880.16405841
   -880.16444388
   -880.19471112
   -880.17928911
   -880.16677357
   -880.19323706
   -880.17862302
   -880.17860768
   -880.14240704
   -880.16841854
   -880.16973708
   -880.16661555
   -880.18097648
   -880.17312133
   -880.15224917
   -880.15431023
   -880.17347300
   -880.18635002
   -880.20297881
   -880.19275997
   -880.15270396
   -880.17477387
   -880.13519009
   -880.12694464
   -880.17458307
   -880.18998382
   -880.15081506
   -880.19631610
   -880.13669867
   -880.17550783
   -880.15799511
   -880.17150350
   -880.17881018
   -880.14912620
   -880.16849543
   -880.13731780
   -880.15052290
   -880.16708951
   -880.14226493
   -880.18035448
   -880.17867267
   -880.17422729
   -880.16864270
   -880.16359854
   -880.18216583
   -880.18053972
   -880.15485853
   -880.13577018
   -880.17993838
   -880.15352599
   -880.14702892
   -880.16697611
   -880.19395031
   -880.18528469
   -880.19342431
   -880.17458811
   -880.16818791
   -880.15841432
   -880.16499313
   -880.16936408
   -880.18287349
   -880.18706451
   -880.16231976
   -880.14469185
   -880.17716302
   -880.15088932
   -880.15100778
   -880.17787535
   -880.16632303
   -880.14981266
   -880.15991065
   -880.17648336
   -880.13044961
   -880.18865286
   -880.14939550
   -880.19319571
   -880.16255122
   -880.18694915
   -880.18844075
   -880.17257292
   -880.16524730
   -880.16499997
   -880.16452347
   -880.17176176
   -880.17708995
   -880.17576923
   -880.16418731
   -880.19234382
   -880.14922491
   -880.14881184
   -880.19238866
   -880.13813170
   -880.17893671
   -880.15277488
   -880.13433214
   -880.13908971
   -880.16034321
   -880.16745732
   -880.16857241
   -880.15135648
   -880.18536291
   -880.12810537
   -880.18169324
   -880.14895399
   -880.17625846
   -880.15853507
   -880.15558578
   -880.17161243
   -880.16494676
   -880.14763418
   -880.18378188
   -880.19017958
   -880.15409475
   -880.11908627
   -880.13230838
   -880.19039081
   -880.18324020
   -880.16522079
   -880.16562937
   -880.17579810
   -880.19334846
   -880.16077078
   -880.17749998
   -880.15341164
   -880.17165856
   -880.17283648
   -880.17752123
   -880.17867279
   -880.18222074
   -880.18538971
   -880.18219078
   -880.17200976
   -880.15186116
   -880.17974128
   -880.19586403
   -880.17022085
   -880.16849879
   -880.11219356
   -880.17332194
   -880.14880507
   -880.17576863
   -880.14908146
   -880.18868786
   -880.17493179
   -880.19359042
   -880.17809358
   -880.16548717
   -880.14423767
   -880.17351072
   -880.17112304
   -880.17234147
   -880.17584748
   -880.18596769
   -880.16613104
   -880.18052116
   -880.16092604
   -880.16153050
   -880.18382750
   -880.16689326
   -880.15903430
   -880.14980489
   -880.18305082
   -880.17195145
   -880.15996710
   -880.15910065
   -880.19091777
   -880.14194413
   -880.17829576
   -880.14752488
   -880.18957996
   -880.15003639
   -880.15761326
   -880.16448232
   -880.17975840
   -880.15908812
   -880.16494939
   -880.18007697
   -880.17133190
   -880.15437041
   -880.16617717
   -880.14858447
   -880.16579251
   -880.16371966
   -880.16969080
   -880.17128659
   -880.15006773
   -880.17361847
   -880.14984356
   -880.16742602
   -880.16329466
   -880.14600416
   -880.19822036
   -880.16814914
   -880.16248075
   -880.19572872
   -880.15527260
   -880.15697662
   -880.17545306
   -880.18690301
   -880.17537931
   -880.17276606
   -880.16866346
   -880.16023281
   -880.14538325
   -880.17812953
   -880.16444074
   -880.17862423
   -880.15823168
   -880.17131987
   -880.16557983
   -880.11754782
   -880.18073109
   -880.16817174
   -880.17192002
   -880.16397129
   -880.16789114
   -880.16834060
   -880.18028098
   -880.17110673
   -880.15975289
   -880.17939666
   -880.15931269
   -880.19336068
   -880.15688199
   -880.15368415
   -880.16728448
   -880.17758613
   -880.18416625
   -880.18681777
   -880.18036335
   -880.17914731
   -880.20536788
   -880.17445863
   -880.14691708
   -880.15954328
   -880.15032991
   -880.16625298
   -880.17446027
   -880.16864216
   -880.15000619
   -880.18823121
   -880.18164133
   -880.19079342
   -880.15735456
   -880.15598213
   -880.16765821
   -880.17020293
   -880.17926075
   -880.17286510
   -880.17816755
   -880.18390250
   -880.05083554
   -880.15172239
   -880.14692567
   -880.18374656
   -880.20007581
   -880.16343662
   -880.19185361
   -880.17648277
   -880.14462061
   -880.19040852
   -880.15669825
   -880.18930056
   -880.18812881
   -880.13560130
   -880.18698244
   -880.16087676
   -880.17303756
   -880.17657264
   -880.18455109
   -880.15083024
   -880.18051649
   -880.15722623
   -880.17090308
   -880.16217762
   -880.19842224
   -880.16291146
   -880.19373931
   -880.16000715
   -880.16649482
   -880.15827218
   -880.18011034
   -880.18902694
   -880.16434418
   -880.16850821
   -880.05223200
   -880.13524661
   -880.14755449
   -880.16279483
   -880.16131578
   -880.16767145
   -880.16336436
   -880.17591283
   -880.15025469
   -880.17861798
   -880.17196250
   -880.17921463
   -880.13963929
   -880.13938621
   -880.16837211
   -880.18877553
   -880.17765545
   -880.15081734
   -880.16479655
   -880.15614178
   -880.16719534
   -880.15851928
   -880.16992059
   -880.19510084
   -880.19018308
   -880.18595845
   -880.15712588
   -880.16507979
   -880.16604934
   -880.17056047
   -880.16251664
   -880.15913018
   -880.17129126
   -880.18549198
   -880.15165348
   -880.18822385
   -880.17157775
   -880.15820931
   -880.17878715
   -880.19551396
   -880.16600831
   -880.17987797
   -880.17298991
   -880.18895281
   -880.11831246
   -880.16238319
   -880.16060104
   -880.17638227
   -880.17549187
   -880.17814662
   -880.16092509
   -880.16831497
   -880.17276951
   -880.13318650
   -880.17883411
   -880.16493286
   -880.15541148
   -880.16730618
   -880.16197337
   -880.13950396
   -880.16237991
   -880.16714546
   -880.17296258
   -880.16134684
   -880.18520461
   -880.16185183
   -880.18707295
   -880.15510028
   -880.18787021
   -880.17686457
   -880.13658368
   -880.17463402
   -880.06543287
   -880.19956048
   -880.16363192
   -880.18729231
   -880.17188752
   -880.19022211
   -880.15573733
   -880.15665150
   -880.19578162
   -880.18268657
   -880.19363198
   -880.19746702
   -880.17766274
   -880.15262843
   -880.17422303
   -880.18876730
   -880.15244522
   -880.16416548
   -880.17801510
   -880.12019282
   -880.15689820
   -880.14482185
   -880.15582168
   -880.19974643
   -880.17407070
   -880.18367919
   -880.14313867
   -880.16419346
   -880.18297508
   -880.18874434
   -880.15616382
   -880.16387267
   -880.13643141
   -880.16820777
   -880.16407420
   -880.18089317
   -880.18685304
   -880.17166203
   -880.17993095
   -880.15848561
   -880.17791565
   -880.19930962
   -880.17667416
   -880.18266511
   -880.14793792
   -880.17914527
   -880.19030971
   -880.16585785
   -880.16591234
   -880.17830773
   -880.17542302
   -880.16931887
   -880.15812315
   -880.12315968
   -880.15229726
   -880.17758246
   -880.15144449
   -880.18205787
   -880.16072136
   -880.15938904
   -880.16579503
   -880.18880588
   -880.18030885
   -880.13150848
   -880.15214497
   -880.14975585
   -880.19321369
   -880.13679785
   -880.14819649
   -880.12585220
   -880.15645137
   -880.17289825
   -880.16679767
   -880.13435614
   -880.17181887
   -880.18192754
   -880.19143651
   -880.18012998
   -880.14588955
   -880.18651534
   -880.06014484
   -880.18706038
   -880.16551975
   -880.19111982
   -880.15225290
   -880.14033774
   -880.18036696
   -880.13767312
   -880.18884332
   -880.16977369
   -880.15951770
   -880.14308201
   -880.15327420
   -880.15759308
   -880.15021319
   -880.18149297
   -880.14351328
   -880.13755487
   -880.14410369
   -880.15575707
   -880.16362996
   -880.15898201
   -880.17720488
   -880.15154053
   -880.18390460
   -880.12863224
   -880.15586188
   -880.14331604
   -880.16681588
   -880.15300760
   -880.14714386
   -880.16808282
   -880.15742498
   -880.17773299
   -880.15625319
   -880.15719308
   -880.16407675
   -880.15381855
   -880.14058191
   -880.17213232
   -880.15667470
   -880.16358503
   -880.13203932
   -880.17036440
   -880.19730198
   -880.16560682
   -880.15245042
   -880.16062979
   -880.19632211
   -880.15272106
   -880.16866213
   -880.16567864
   -880.15811904
   -880.15880715
   -880.15176883
   -880.17116915
   -880.18245131
   -880.18431504
   -880.19761029
   -880.19544232
   -880.15331253
   -880.16875882
   -880.17082939
   -880.14714026
   -880.18793036
   -880.13951880
   -880.15676960
   -880.14997029
   -880.19166760
   -880.16266443
   -880.16567091
   -880.19160033
   -880.16014698
   -880.18498022
   -880.15947238
   -880.17982015
   -880.15494317
   -880.17846404
   -880.14295741
   -880.15292099
   -880.16027858
   -880.16576494
   -880.17431900
   -880.15891395
   -880.18175712
   -880.18359982
   -880.16597015
   -880.15307131
   -880.11235670
   -880.17212334
   -880.15655401
   -880.17624958
   -880.06019498
   -880.18083321
   -880.16727873
   -880.16625974
   -880.16204075
   -880.17500096
   -880.16280324
   -880.15719988
   -880.15880449
   -880.13086292
   -880.16707128
   -880.18640139
   -880.18684073
   -880.19830504
   -880.15859391
   -880.16919870
   -880.13811742
   -880.17129484
   -880.18063602
   -880.17570536
   -880.15584852
   -880.17410275
   -880.12858222
   -880.18905261
   -880.18750573
   -880.18818754
   -880.15515024
   -880.19193320
   -880.16851844
   -880.13532532
   -880.16583393
   -880.15062848
   -880.17319738
   -880.18935899
   -880.18019798
   -880.17707367
   -880.14469814
   -880.16241537
   -880.14947944
   -880.17434426
   -880.15104875
   -880.05855759
   -880.16469033
   -880.16426714
   -880.16504449
   -880.18423866
   -880.15186369
   -880.18502540
   -880.16888655
   -880.17257503
   -880.17421637
   -880.16539871
   -880.15611227
   -880.19510315
   -880.15663701
   -880.18352493
   -880.16887287
   -880.17089069
   -880.20262697
   -880.15849256
   -880.03999391
   -880.17169205
   -880.15297330
   -880.18694686
   -880.16823523
   -880.15593653
   -880.17239303
   -880.16879190
   -880.15892608
   -880.17156902
   -880.18990311
   -880.16442815
   -880.18206693
   -880.12809408
   -880.12412168
   -880.15380096
   -880.14835854
   -880.16661694
   -880.19081162
   -880.18793637
   -880.14968903
   -880.15729900
   -880.14806115
   -880.18655718
   -880.17157807
   -880.18234692
   -880.16134820
   -880.19621927
   -880.17941486
   -880.18974572
   -880.15688006
   -880.16307451
   -880.16346871
   -880.18480166
   -880.11270933
   -880.17792886
   -880.16859782
   -880.16613696
   -880.16605912
   -880.15725342
   -880.18212226
   -880.15909878
   -880.17125653
   -880.18610900
   -880.14958309
   -880.15717856
   -880.16952837
   -880.17521447
   -880.18231072
   -880.15217910
   -880.20257377
   -880.06252531
   -880.19092117
   -880.19601590
   -880.19539309
   -880.17819537
   -880.17290214
   -880.15830610
   -880.17584656
   -880.16298658
   -880.06547094
   -880.13769856
   -880.17810532
   -880.16431675
   -880.05456548
   -880.16168068
   -880.17365804
   -880.16415454
   -880.17735906
   -880.16032232
   -880.17820921
   -880.19482630
   -880.12077028
   -880.16258780
   -880.14746185
   -880.18540341
   -880.15850186
   -880.18839110
   -880.17633591
   -880.18758257
   -880.17126951
   -880.15914713
   -880.15702950
   -880.18654889
   -880.17750462
   -880.13825687
   -880.18043929
   -880.19062515
   -880.17116766
   -880.16694727
   -880.15871719
   -880.13411407
   -880.17560079
   -880.16512693
   -880.16489114
   -880.16577852
   -880.15893053
   -880.17406167
   -880.16478026
   -880.12036595
   -880.14451907
   -880.14974715
   -880.16482123
   -880.15227234
   -880.16557855
   -880.19358547
   -880.18308398
   -880.17454972
   -880.18989770
   -880.16271212
   -880.15569208
   -880.16207433
   -880.15185537
   -880.13943167
   -880.18112682
   -880.16261710
   -880.16064965
   -880.18184480
   -880.15721564
   -880.12436213
   -880.16021970
   -880.14922502
   -880.16298094
   -880.16264813
   -880.13720543
   -880.16888077
   -880.14620686
   -880.14002822
   -880.17361223
   -880.14722505
   -880.15873255
   -880.16662827
   -880.16786927
   -880.17003505
   -880.17561579
   -880.15618732
   -880.17366969
   -880.17309161
   -880.17801523
   -880.17900309
   -880.16333454
   -880.19424230
   -880.14648400
   -880.15039039
   -880.15619319
   -880.13807846
   -880.14721032
   -880.17778749
   -880.13540117
   -880.18233013
   -880.18749247
   -880.16043455
   -880.17874266
   -880.16639832
   -880.14723769
   -880.18594185
   -880.15165912
   -880.17346449
   -880.13822918
   -880.16125373
   -880.18275200
   -880.15963689
   -880.16020407
   -880.05203656
   -880.15193935
   -880.17479162
   -880.05995011
   -880.15182904
   -880.16700285
   -880.16097149
   -880.14720889
   -880.16939133
   -880.15859753
   -880.16629127
   -880.13823862
   -880.14824455
   -880.17246804
   -880.15085351
   -880.05763633
   -880.16040253
   -880.10895521
   -880.16908809
   -880.15332889
   -880.16564063
   -880.19067487
   -880.15566308
   -880.16757920
   -880.16996684
   -880.19207578
   -880.16755295
   -880.05000079
   -880.14889699
   -880.16391110
   -880.15707012
   -880.14550529
   -880.18780451
   -880.16498164
   -880.15906581
   -880.03486250
   -880.14077388
   -880.16676651
   -880.17586877
   -880.16040486
   -880.18963152
   -880.16568293
   -880.17967020
   -880.17555449
   -880.15603621
   -880.17334560
   -880.16487334
   -880.16613068
   -880.16067627
   -880.16185298
   -880.05428868
   -880.15843552
   -880.16220821
   -880.15951155
   -880.15585562
   -880.16301181
   -880.18025490
   -880.16892969
   -880.15300186
   -880.16669277
   -880.16623004
   -880.15697940
   -880.16438641
   -880.17435190
   -880.17274461
   -880.17225456
   -880.18370909
   -880.15801986
   -880.19149303
   -880.14873711
   -880.17151708
   -880.13193606
   -880.14686848
   -880.18288673
   -880.15014562
   -880.16669788
   -880.17890519
   -880.19304385
   -880.18788929
   -880.16529880
   -880.15827003
   -880.18306228
   -880.19677891
   -880.19366407
   -880.17151479
   -880.15976478
   -880.18782249
   -880.17467426
   -880.18785469
   -880.16462629
   -880.15424424
   -880.17387684
   -880.16073768
   -880.18117694
   -880.18040644
   -880.15134418
   -880.18705221
   -880.14475396
   -880.14960441
   -880.15401626
   -880.14396655
   -880.19382469
   -880.18610429
   -880.17357320
   -880.17919698
   -880.16182152
   -880.14617134
   -880.19003047
   -880.14609215
   -880.17759646
   -880.15411594
   -880.17673783
   -880.18408759
   -880.16034231
   -880.14238561
   -880.17230093
   -880.18373251
   -880.17235120
   -880.18347068
   -880.15001789
   -880.19286785
   -880.16933098
   -880.15097337
   -880.17501458
   -880.19061401
   -880.14356400
   -880.17652938
   -880.16781077
   -880.17862783
   -880.18630696
   -880.17314552
   -880.16541618
   -880.16206272
   -880.16190074
   -880.17218848
   -880.14952466
   -880.16498270
   -880.16758606
   -880.16883494
   -880.15725834
   -880.14404621
   -880.16108123
   -880.14346311
   -880.16211202
   -880.16439761
   -880.18615692
   -880.13478349
   -880.15958891
   -880.15517223
   -880.16383353
   -880.18060780
   -880.17087587
   -880.18325999
   -880.18351919
   -880.16087655
   -880.14456847
   -880.17728253
   -880.16802434
   -880.15837708
   -880.19138201
   -880.14451918
   -880.15418698
   -880.18533027
   -880.17469489
   -880.18080308
   -880.16469872
   -880.17543271
   -880.14159725
   -880.15198683
   -880.18981352
   -880.16874290
   -880.17095966
   -880.13014851
   -880.15913278
   -880.20384943
   -880.16190342
   -880.13810273
   -880.15522386
   -880.18369160
   -880.17777459
   -880.17070341
   -880.14750365
   -880.15143824
   -880.15969721
   -880.17105416
   -880.17180030
   -880.16771635
   -880.17977058
   -880.14260872
   -880.15481362
   -880.19975682
   -880.18689145
   -880.15717265
   -880.18765865
   -880.20303768
   -880.14859629
   -880.17371245
   -880.18355974
   -880.16329449
   -880.14335255
   -880.15911420
   -880.14462577
   -880.17473299
   -880.15949946
   -880.17118028
   -880.17811743
   -880.14683034
   -880.16807262
   -880.17898398
   -880.18352946
   -880.16477752
   -880.16940090
   -880.15327596
   -880.17306580
   -880.16364745
   -880.16763717
   -880.18235628
   -880.19698459
   -880.16163143
   -880.17417695
   -880.15899401
   -880.18889006
   -880.17133021
   -880.15829636
   -880.16723469
   -880.16541183
   -880.16682867
   -880.15494158
   -880.18970520
   -880.16364185
   -880.18074405
   -880.16475295
   -880.16402683
   -880.15865330
   -880.19507228
   -880.16235414
   -880.17343760
   -880.16659325
   -880.05908551
   -880.19449884
   -880.14297411
   -880.16393710
   -880.17339757
   -880.17532925
   -880.16049915
   -880.16693082
   -880.18763377
   -880.17316332
   -880.19785946
   -880.14842494
   -880.14529148
   -880.15541353
   -880.18888441
   -880.19115590
   -880.14463292
   -880.18017680
   -880.15079553
   -880.14434101
   -880.18556928
   -880.18774348
   -880.19067439
   -880.15504200
   -880.17523226
   -880.17181537
   -880.15232394
   -880.14614370
   -880.17628703
   -880.17820320
   -880.15290267
   -880.16195039
   -880.16234428
   -880.18685041
   -880.16351125
   -880.16539957
   -880.18763951
   -880.18044063
   -880.15848766
   -880.16124533
   -880.14742103
   -880.18909471
   -880.18607685
   -880.15779009
   -880.16976081
   -880.16105678
   -880.19340959
   -880.15458523
   -880.17426401
   -880.16666414
   -880.18826582
   -880.17040930
   -880.18240853
   -880.17269949
   -880.18973455
   -880.16393328
   -880.16129300
   -880.19246797
   -880.17923910
   -880.15709836
   -880.20346269
   -880.17136580
   -880.15989423
   -880.17705228
   -880.18114624
   -880.15361150
   -880.15781232
   -880.06487023
   -880.17351152
   -880.13865431
   -880.16512026
   -880.14787223
   -880.14773208
   -880.17687349
   -880.17498878
   -880.16289405
   -880.17887507
   -880.16217178
   -880.16062339
   -880.15388329
   -880.17659059
   -880.18135335
   -880.16199346
   -880.19582833
   -880.14461585
   -880.16623230
   -880.16759915
   -880.15804947
   -880.17701847
   -880.14432052
   -880.15857315
   -880.17098191
   -880.16392891
   -880.17143895
   -880.16037120
   -880.19641267
   -880.19232211
   -880.16008426
   -880.16047874
   -880.17570951
   -880.15370931
   -880.17271371
   -880.18109484
   -880.13229466
   -880.14338848
   -880.14227545
   -880.16417171
   -880.19308929
   -880.14217571
   -880.14575811
   -880.18471124
   -880.14828628
   -880.16817901
   -880.17842120
   -880.17905829
   -880.16875353
   -880.17309542
   -880.18154054
   -880.10234912
   -880.17460715
   -880.19311628
   -880.17109550
   -880.15965542
   -880.17969905
   -880.15522296
   -880.14655863
   -880.13743408
   -880.14173300
   -880.05198797
   -880.14184213
   -880.16058498
   -880.16170169
   -880.17295791
   -880.16225964
   -880.18820265
   -880.16536652
   -880.16636338
   -880.17306341
   -880.16873948
   -880.15555758
   -880.17034951
   -880.17782484
   -880.13835321
   -880.16856368
   -880.18266248
   -880.17259602
   -880.14548598
   -880.18039194
   -880.15717072
   -880.06176987
   -880.16242573
   -880.18615348
   -880.18708155
   -880.14283306
   -880.17558975
   -880.18945461
   -880.12723498
   -880.16151256
   -880.17952747
   -880.17378137
   -880.14946091
   -880.19134638
   -880.15995128
   -880.18032896
   -880.14733261
   -880.17338151
   -880.06031448
   -880.17471144
   -880.14233872
   -880.14636111
   -880.18734573
   -880.19355805
   -880.14411411
   -880.17677048
   -880.17126871
   -880.13287764
   -880.17669997
   -880.15121523
   -880.15869394
   -880.16930497
   -880.17953455
   -880.16920697
   -880.15816038
   -880.15673278
   -880.17049754
   -880.17136028
   -880.18860024
   -880.11699159
   -880.15855785
   -880.16211258
   -880.17419649
   -880.17477740
   -880.16409338
   -880.17371309
   -880.19135944
   -880.16757691
   -880.16692781
   -880.18073698
   -880.15986316
   -880.16207362
   -880.16321399
   -880.17908974
   -880.18274040
   -880.13893357
   -880.12190671
   -880.16716995
   -880.19831013
   -880.17776745
   -880.16772361
   -880.14426312
   -880.17582729
   -880.17130783
   -880.18588471
   -880.20029628
   -880.16470110
   -880.16649826
   -880.16595230
   -880.12829871
   -880.19345688
   -880.15184458
   -880.15388154
   -880.17390351
   -880.20465266
   -880.16892934
   -880.18648999
   -880.19149048
   -880.15585461
   -880.18594407
   -880.16462671
   -880.16923143
   -880.18218663
   -880.17772341
   -880.18306373
   -880.16487780
   -880.16574667
   -880.13472548
   -880.15715183
   -880.18957946
   -880.12427806
   -880.14925456
   -880.15231972
   -880.14917044
   -880.11779011
   -880.18073369
   -880.17574327
   -880.18025733
   -880.15610795
   -880.13774350
   -880.17129688
   -880.16624316
   -880.14685071
   -880.17653062
   -880.16092437
   -880.17308659
   -880.15097519
   -880.19005546
   -880.19501308
   -880.18522639
   -880.16913515
   -880.17031060
   -880.18054580
   -880.19711401
   -880.16128534
   -880.16667222
   -880.17375693
   -880.17559332
   -880.19405220
   -880.15946793
   -880.15728766
   -880.17552228
   -880.17329948
   -880.15634234
   -880.16838299
   -880.17633664
   -880.17648104
   -880.17050847
   -880.17071755
   -880.15921337
   -880.16871893
   -880.17820809
   -880.15808856
   -880.17224321
   -880.16282147
   -880.16977172
   -880.16040580
   -880.15659333
   -880.16299179
   -880.17425879
   -880.17236205
   -880.16553345
   -880.16463140
   -880.19038887
   -880.18598563
   -880.17531247
   -880.16332614
   -880.16865769
   -880.17139010
   -880.16580386
   -880.17688618
   -880.19579144
   -880.16429797
   -880.14423203
   -880.16923124
   -880.17551805
   -880.16602115
   -880.15652129
   -880.14084426
   -880.15411507
   -880.14724555
   -880.14973111
   -880.19373724
   -880.12542190
   -880.17097864
   -880.18115116
   -880.17989259
   -880.18157601
   -880.16808420
   -880.18136992
   -880.15904510
   -880.16700587
   -880.17965131
   -880.16597485
   -880.18818527
   -880.19094059
   -880.16546660
   -880.18830765
   -880.18913671
   -880.06279258
   -880.16389207
   -880.17267267
   -880.14944630
   -880.14044725
   -880.14854561
   -880.14324518
   -880.14021296
   -880.15484666
   -880.18953538
   -880.12597949
   -880.16595590
   -880.14962800
   -880.18075427
   -880.18419684
   -880.17013470
   -880.13583704
   -880.16094563
   -880.16029232
   -880.19902414
   -880.18896668
   -880.18659096
   -880.16220873
   -880.13837320
   -880.15237673
   -880.18277488
   -880.16643048
   -880.20006597
   -880.16701475
   -880.12716383
   -880.14992891
   -880.18597915
   -880.15302305
   -880.15162262
   -880.15707839
   -880.18615747
   -880.16372083
   -880.17543178
   -880.15959139
   -880.17436805
   -880.16843593
   -880.18599216
   -880.16505551
   -880.15139975
   -880.14878250
   -880.16282943
   -880.16422331
   -880.19630801
   -880.14011337
   -880.14576409
   -880.14400216
   -880.15346869
   -880.16363109
   -880.12299733
   -880.15820039
   -880.20210570
   -880.17899345
   -880.16161037
   -880.16603278
   -880.17383106
   -880.15500852
   -880.17568949
   -880.16037310
   -880.15456589
   -880.15275974
   -880.14827519
   -880.18154578
   -880.18266045
   -880.16114818
   -880.18149045
   -880.18434580
   -880.14357658
   -880.16473840
   -880.14772306
   -880.14440124
   -880.15906922
   -880.15563195
   -880.18441424
   -880.14264529
   -880.15348590
   -880.16561520
   -880.17254914
   -880.14929473
   -880.14523255
   -880.15234118
   -880.18988453
   -880.18313587
   -880.14511836
   -880.16262735
   -880.16426161
   -880.15695982
   -880.16853790
   -880.16341708
   -880.16446797
   -880.15399056
   -880.18537893
   -880.15712912
   -880.18348871
   -880.17519441
   -880.18028576
   -880.16333259
   -880.17385537
   -880.15969765
   -880.16100182
   -880.16958532
   -880.16768520
   -880.17836632
   -880.05053856
   -880.16468816
   -880.17361191
   -880.15423737
   -880.19099046
   -880.18437523
   -880.18205056
   -880.17543893
   -880.15957247
   -880.17971468
   -880.14936747
   -880.17488672
   -880.17951689
   -880.15568565
   -880.14827388
   -880.15626839
   -880.16507753
   -880.15100515
   -880.16307525
   -880.18406542
   -880.14587510
   -880.16022007
   -880.16031245
   -880.14035441
   -880.15243375
   -880.19901388
   -880.15171092
   -880.18978272
   -880.18516419
   -880.18939303
   -880.17286723
   -880.16628635
   -880.13562247
   -880.16513030
   -880.18857161
   -880.17523619
   -880.19224727
   -880.18293744
   -880.14379503
   -880.17013506
   -880.15535946
   -880.17286215
   -880.17307553
   -880.15801412
   -880.13921023
   -880.18455665
   -880.15836388
   -880.17111408
   -880.19385353
   -880.16541670
   -880.14422798
   -880.16723708
   -880.17631348
   -880.16387095
   -880.15544918
   -880.17823216
   -880.16149465
   -880.20293972
   -880.15065097
   -880.18236721
   -880.16304717
   -880.18651521
   -880.14610527
   -880.17942373
   -880.16325934
   -880.18814310
   -880.17893734
   -880.15923853
   -880.16593614
   -880.18680073
   -880.06335736
   -880.16800578
   -880.19658195
   -880.19843846
   -880.15522738
   -880.16976193
   -880.16888044
   -880.14874474
   -880.16972900
   -880.16122554
   -880.15643363
   -880.20168260
   -880.14872324
   -880.14662176
   -880.18881792
   -880.15511422
   -880.19341886
   -880.16619285
   -880.14903709
   -880.15576583
   -880.16078730
   -880.16077138
   -880.19158120
   -880.17132324
   -880.15977258
   -880.16892608
   -880.16090603
   -880.16619170
   -880.17277155
   -880.17715505
   -880.16957205
   -880.15939246
   -880.18304308
   -880.05252510
   -880.16224886
   -880.18591713
   -880.13703412
   -880.04697763
   -880.15492892
   -880.14509649
   -880.18224558
   -880.17780590
   -880.15769295
   -880.17341468
   -880.15335359
   -880.18003961
   -880.18819193
   -880.16895035
   -880.19707602
   -880.17731372
   -880.16706296
   -880.15893778
   -880.16625462
   -880.13065350
   -880.17946123
   -880.17303345
   -880.17594942
   -880.15898435
   -880.16227787
   -880.20958558
   -880.17473666
   -880.15918433
   -880.15863456
   -880.15238677
   -880.19226182
   -880.18115334
   -880.15250584
   -880.16970519
   -880.13206039
   -880.17441983
   -880.15871556
   -880.17885897
   -880.16223335
   -880.18287821
   -880.15686482
   -880.19631650
   -880.15695308
   -880.16768130
   -880.15728401
   -880.14808217
   -880.18160473
   -880.16246530
   -880.17087388
   -880.15791899
   -880.13888458
   -880.17702316
   -880.17590221
   -880.15236322
   -880.16546169
   -880.17900033
   -880.17041691
   -880.16109960
   -880.17362533
   -880.16375735
   -880.16641135
   -880.17958863
   -880.15035237
   -880.17633403
   -880.14161177
   -880.14439093
   -880.15771096
   -880.15809894
   -880.16848301
   -880.15639438
   -880.15645892
   -880.18956848
   -880.14798414
   -880.16282865
   -880.16551024
   -880.16586477
   -880.17142766
   -880.17804813
   -880.13631501
   -880.18932949
   -880.17574625
   -880.19451196
   -880.14412365
   -880.18211085
   -880.16542571
   -880.15792221
   -880.17789745
   -880.16263541
   -880.13097049
   -880.16655104
   -880.17774102
   -880.15263802
   -880.15379999
   -880.19424039
   -880.18869761
   -880.16860062
   -880.16446028
   -880.15044659
   -880.17875720
   -880.16581956
   -880.16290392
   -880.13866180
   -880.16722684
   -880.18895561
   -880.15622820
   -880.19489006
   -880.15422860
   -880.16972548
   -880.17699022
   -880.16138101
   -880.18601846
   -880.17691173
   -880.16751427
   -880.15210394
   -880.16866109
   -880.14040241
   -880.16396078
   -880.16837256
   -880.19694221
   -880.13266890
   -880.13946315
   -880.16023300
   -880.18239456
   -880.19260200
   -880.16005214
   -880.17719393
   -880.19037821
   -880.15099139
   -880.17763557
   -880.16868528
   -880.18114133
   -880.19180318
   -880.16575651
   -880.16715424
   -880.16379694
   -880.15340558
   -880.16438928
   -880.17216174
   -880.18172590
   -880.19288120
   -880.15524324
   -880.16477455
   -880.19666105
   -880.19377354
   -880.20134979
   -880.17421345
   -880.16516779
   -880.16454954
   -880.18796103
   -880.17580674
   -880.15468778
   -880.10838442
   -880.17702773
   -880.16092510
   -880.16425770
   -880.17747160
   -880.13613376
   -880.16976027
   -880.15997666
   -880.17297809
   -880.15570879
   -880.17590775
   -880.05668104
   -880.15469351
   -880.16219830
   -880.18130474
   -880.17267997
   -880.14413059
   -880.16898423
   -880.16543044
   -880.15319296
   -880.17317892
   -880.14507570
   -880.17813638
   -880.18024314
   -880.16359466
   -880.16003349
   -880.13318004
   -880.12907242
   -880.18900410
   -880.19010476
   -880.13646162
   -880.18116217
   -880.18230898
   -880.17244841
   -880.19649985
   -880.17780777
   -880.19583613
   -880.17346153
   -880.17004829
   -880.19922130
   -880.16253161
   -880.18384825
   -880.18263348
   -880.19232562
   -880.16077821
   -880.16136344
   -880.18675436
   -880.12567924
   -880.16434707
   -880.14757105
   -880.14707002
   -880.16665552
   -880.19699872
   -880.17681545
   -880.14373875
   -880.17298723
   -880.15873971
   -880.15793503
   -880.18087244
   -880.18110730
   -880.17247195
   -880.18345269
   -880.17590895
   -880.13977064
   -880.15915927
   -880.15411556
   -880.14536026
   -880.17289127
   -880.15287546
   -880.18430298
   -880.17725423
   -880.17085213
   -880.18976886
   -880.18959926
   -880.19188093
   -880.17052588
   -880.19082034
   -880.17265020
   -880.18443851
   -880.19293423
   -880.14113712
   -880.15735881
   -880.16633869
   -880.20430325
   -880.15826188
   -880.17604260
   -880.16977017
   -880.13821506
   -880.16301359
   -880.15160602
   -880.18036500
   -880.18794212
   -880.19805549
   -880.16112284
   -880.19249596
   -880.18150444
   -880.19042452
   -880.16552054
   -880.18499538
   -880.15539295
   -880.13572005
   -880.19300453
   -880.16769959
   -880.16120313
   -880.16601882
   -880.19201101
   -880.18912136
   -880.15859695
   -880.18281606
   -880.16340620
   -880.16620984
   -880.16444166
   -880.15657873
   -880.18072172
   -880.17942162
   -880.16736098
   -880.18337842
   -880.16368210
   -880.17461099
   -880.18754301
   -880.16162854
   -880.11976655
   -880.17851991
   -880.16712319
   -880.16804087
   -880.17892602
   -880.15272645
   -880.18896073
   -880.18639110
   -880.18010480
   -880.19222712
   -880.18325368
   -880.15693076
   -880.15672948
   -880.13945110
   -880.19301492
   -880.15420867
   -880.16018120
   -880.14193313
   -880.15586954
   -880.19856913
   -880.17543569
   -880.16999757
   -880.15715225
   -880.16033846
   -880.16788914
   -880.16963732
   -880.15263700
   -880.19019793
   -880.19977046
   -880.17078760
   -880.14360483
   -880.20418820
   -880.13521812
   -880.18329353
   -880.17757160
   -880.20520469
   -880.17229807
   -880.18848616
   -880.14274001
   -880.15035586
   -880.13383510
   -880.14987474
   -880.17172018
   -880.05432092
   -880.12070167
   -880.19288129
   -880.14324183
   -880.13646182
   -880.19050496
   -880.18161257
   -880.17374917
   -880.17484435
   -880.15459778
   -880.15026858
   -880.17448719
   -880.16717715
   -880.16944134
   -880.17354559
   -880.16614974
   -880.18942335
   -880.15886489
   -880.18313912
   -880.17663645
   -880.18165572
   -880.17020246
   -880.17064066
   -880.17743675
   -880.19101252
   -880.15467734
   -880.15277591
   -880.15778475
   -880.17853884
   -880.17348316
   -880.15254849
   -880.17051709
   -880.17141438
   -880.19609431
   -880.17142808
   -880.18469968
   -880.15347068
   -880.14184914
   -880.15986696
   -880.17204973
   -880.16184386
   -880.19119691
   -880.17125030
   -880.17313159
   -880.14888539
   -880.16575052
   -880.15121234
   -880.17411922
   -880.12964523
   -880.16758855
   -880.16948238
   -880.15217636
   -880.17008480
   -880.13407046
   -880.16760783
   -880.17978394
   -880.13594259
   -880.17098753
   -880.18045492
   -880.17094690
   -880.17547836
   -880.17699115
   -880.17801532
   -880.19199724
   -880.17481435
   -880.17223931
   -880.15260759
   -880.18480368
   -880.05816609
   -880.17794487
   -880.16652844
   -880.16216196
   -880.15551279
   -880.13572527
   -880.15570273
   -880.16971142
   -880.18869313
   -880.15918150
   -880.17196299
   -880.18141936
   -880.17727722
   -880.19625316
   -880.11654769
   -880.17500421
   -880.14726733
   -880.18562354
   -880.18187925
   -880.17185406
   -880.16619516
   -880.18192885
   -880.16496807
   -880.16709395
   -880.14453332
   -880.16287305
   -880.16950787
   -880.15408689
   -880.17396266
   -880.14713713
   -880.18496721
   -880.17649976
   -880.16468532
   -880.19069202
   -880.15951452
   -880.15954796
   -880.15705022
   -880.16939659
   -880.17012323
   -880.15360120
   -880.16783507
   -880.14384871
   -880.16259585
   -880.15741358
   -880.18003063
   -880.15838105
   -880.14254051
   -880.15598027
   -880.19401862
   -880.15216816
   -880.15834770
   -880.19179168
   -880.16822267
   -880.15919665
   -880.16871220
   -880.16683268
   -880.14038060
   -880.12430239
   -880.15596609
   -880.15798740
   -880.17971567
   -880.17470356
   -880.17739739
   -880.17988536
   -880.16148604
   -880.13751396
   -880.15142543
   -880.18458040
   -880.15140066
   -880.15045278
   -880.18226703
   -880.14874496
   -880.18387202
   -880.17052366
   -880.18079980
   -880.18563713
   -880.17690318
   -880.15855988
   -880.19032178
   -880.16630285
   -880.15968280
   -880.15403242
   -880.18737494
   -880.15066646
   -880.19378334
   -880.17389250
   -880.18059002
   -880.17412730
   -880.15990857
   -880.17291670
   -880.18031532
   -880.15300055
   -880.14649674
   -880.14497210
   -880.14670887
   -880.17994606
   -880.17177929
   -880.16368264
   -880.16753267
   -880.17138512
   -880.14939044
   -880.18637609
   -880.18987398
   -880.17056173
   -880.18908918
   -880.15282330
   -880.16227286
   -880.16707863
   -880.15186013
   -880.16807548
   -880.16028650
   -880.18944553
   -880.18135932
   -880.15980325
   -880.15497087
   -880.14640483
   -880.16427137
   -880.14440409
   -880.20609450
   -880.15206410
   -880.14910391
   -880.17262871
   -880.18072701
   -880.16617199
   -880.15417264
   -880.15621764
   -880.14100630
   -880.15387510
   -880.13519028
   -880.15947376
   -880.15421931
   -880.18199844
   -880.18957772
   -880.18211647
   -880.18807216
   -880.13720550
   -880.14181331
   -880.19026230
   -880.17096044
   -880.14059742
   -880.18041089
   -880.18525694
   -880.14915631
   -880.12328871
   -880.18660346
   -880.18268606
   -880.16217858
   -880.18428389
   -880.13652920
   -880.06232616
   -880.16588233
   -880.18966045
   -880.15423099
   -880.16462075
   -880.15872845
   -880.18603164
   -880.16615328
   -880.19292595
   -880.17308036
   -880.17434768
   -880.18556701
   -880.18452435
   -880.17081259
   -880.16304324
