% The following energies apply to conformations described by the topology 
% R26.top.  Structures are given in trajectory coords.cdf, count: 2657.

% Item 0:
%   Energy -> orca_structures/coor*/Conf*.out
   -864.86438613
   -864.88777373
   -864.90225859
   -864.87831099
   -864.87972445
   -864.88964308
   -864.85901989
   -864.90901190
   -864.85167353
   -864.87290501
   -864.86668636
   -864.85786657
   -864.90485235
   -864.87880034
   -864.82828666
   -864.86909192
   -864.87213112
   -864.89664276
   -864.89533898
   -864.91876237
   -864.86649607
   -864.89643131
   -864.91564430
   -864.87031304
   -864.90351104
   -864.89354177
   -864.89765481
   -864.79250546
   -864.87850264
   -864.86930463
   -864.88843613
   -864.87692522
   -864.88824232
   -864.88820172
   -864.87137077
   -864.90825293
   -864.87502837
   -864.90636021
   -864.85988536
   -864.88340847
   -864.87585317
   -864.87491407
   -864.85850311
   -864.89706125
   -864.84350722
   -864.86184784
   -864.87164845
   -864.84921572
   -864.89323093
   -864.90678104
   -864.87780519
   -864.91285008
   -864.87188615
   -864.88216444
   -864.81874953
   -864.89431421
   -864.86949116
   -864.84850229
   -864.89463614
   -864.86999956
   -864.87066571
   -864.90459516
   -864.87908447
   -864.84786401
   -864.89309598
   -864.85620646
   -864.88543872
   -864.88608994
   -864.85617487
   -864.86727487
   -864.85204179
   -864.88139521
   -864.84856662
   -864.88575148
   -864.90423037
   -864.89151605
   -864.85018468
   -864.87709314
   -864.86274884
   -864.89880919
   -864.89539123
   -864.88787747
   -864.84096419
   -864.89298443
   -864.86716071
   -864.88457815
   -864.85653858
   -864.88420416
   -864.88433888
   -864.87359158
   -864.88949532
   -864.87996298
   -864.89363691
   -864.86995252
   -864.91267120
   -864.87202377
   -864.87744035
   -864.87653754
   -864.92449978
   -864.88460292
   -864.90447048
   -864.87386858
   -864.89822778
   -864.90005716
   -864.88043206
   -864.87434003
   -864.89976973
   -864.88202309
   -864.87856478
   -864.89420294
   -864.87659605
   -864.89803465
   -864.89125042
   -864.82244623
   -864.86575998
   -864.84039305
   -864.85825909
   -864.88819898
   -864.89462193
   -864.86725952
   -864.89949164
   -864.88689388
   -864.89977219
   -864.87881362
   -864.88059986
   -864.88768030
   -864.88010825
   -864.86845913
   -864.86531436
   -864.89823165
   -864.88066002
   -864.89406884
   -864.87788692
   -864.86713172
   -864.89133309
   -864.88793139
   -864.91224940
   -864.88436536
   -864.87197032
   -864.87536954
   -864.86180998
   -864.90428506
   -864.87165498
   -864.88595195
   -864.87729894
   -864.87182849
   -864.89396178
   -864.89380785
   -864.91461754
   -864.88393256
   -864.84921173
   -864.89315788
   -864.89439231
   -864.89531919
   -864.82911638
   -864.88536092
   -864.88592412
   -864.89347110
   -864.85983002
   -864.87286990
   -864.85298126
   -864.85830013
   -864.88297466
   -864.88026971
   -864.91767132
   -864.89364260
   -864.86812704
   -864.91482951
   -864.90212930
   -864.85516046
   -864.88328444
   -864.86311168
   -864.88057684
   -864.90940675
   -864.88114681
   -864.86453961
   -864.87676501
   -864.90140834
   -864.85550558
   -864.86836050
   -864.82971858
   -864.87216507
   -864.89426604
   -864.85985520
   -864.87115080
   -864.89708062
   -864.86851266
   -864.91119500
   -864.88954637
   -864.89952969
   -864.88573301
   -864.84011161
   -864.90362900
   -864.86441036
   -864.87060075
   -864.83650147
   -864.88537090
   -864.87290033
   -864.90628020
   -864.82790046
   -864.89299979
   -864.87734406
   -864.87720890
   -864.89436149
   -864.83381241
   -864.89077291
   -864.83184825
   -864.90690388
   -864.88816268
   -864.88397297
   -864.87362181
   -864.86522926
   -864.87611024
   -864.89158959
   -864.88207588
   -864.88492429
   -864.89308514
   -864.89565554
   -864.85254519
   -864.92137944
   -864.87163825
   -864.89989531
   -864.90578043
   -864.87271054
   -864.89120485
   -864.87072517
   -864.88245340
   -864.88922713
   -864.86814379
   -864.87904229
   -864.85659574
   -864.89175430
   -864.89582882
   -864.87835041
   -864.89016903
   -864.88827358
   -864.85530404
   -864.87777846
   -864.87376577
   -864.88262743
   -864.87490084
   -864.90459507
   -864.87279040
   -864.89783948
   -864.90294061
   -864.89057662
   -864.88262084
   -864.86864771
   -864.88773390
   -864.89541548
   -864.91953263
   -864.89819680
   -864.87516117
   -864.85805295
   -864.85484784
   -864.86153922
   -864.86127747
   -864.86060767
   -864.87890078
   -864.90096319
   -864.86603531
   -864.81165429
   -864.87484439
   -864.89248923
   -864.89141384
   -864.90798264
   -864.90885858
   -864.89822371
   -864.89646072
   -864.90714153
   -864.89972593
   -864.88662441
   -864.85853232
   -864.88969633
   -864.86945022
   -864.88816304
   -864.90075734
   -864.91443939
   -864.88290661
   -864.89680442
   -864.89169581
   -864.90028377
   -864.88036608
   -864.88755917
   -864.88279154
   -864.87126285
   -864.85640039
   -864.86956797
   -864.88079889
   -864.83077370
   -864.89919682
   -864.87150905
   -864.87641954
   -864.89212036
   -864.90628857
   -864.88604194
   -864.89508214
   -864.87292899
   -864.89200993
   -864.85854221
   -864.89780827
   -864.89402167
   -864.89596601
   -864.85376638
   -864.88419251
   -864.87082232
   -864.88746239
   -864.88563437
   -864.88057731
   -864.89280860
   -864.89880051
   -864.87808548
   -864.88404175
   -864.85475330
   -864.89359237
   -864.87291454
   -864.88972740
   -864.88096417
   -864.90075988
   -864.87661305
   -864.87747814
   -864.86996910
   -864.89917326
   -864.88916079
   -864.89645092
   -864.88988547
   -864.89053966
   -864.88637183
   -864.89265275
   -864.92754051
   -864.88161903
   -864.85938798
   -864.90144422
   -864.87183558
   -864.89577220
   -864.90373360
   -864.88727013
   -864.89142878
   -864.86270087
   -864.88760833
   -864.84921701
   -864.86939668
   -864.87614307
   -864.90908528
   -864.88979937
   -864.86708975
   -864.86573557
   -864.86008168
   -864.91279776
   -864.90961979
   -864.88192547
   -864.87843341
   -864.91195140
   -864.90322991
   -864.86717436
   -864.89688261
   -864.90387949
   -864.88200712
   -864.89372396
   -864.88687857
   -864.87811881
   -864.88189344
   -864.83083380
   -864.90519520
   -864.89175504
   -864.88821996
   -864.88579311
   -864.88278924
   -864.87105403
   -864.86584294
   -864.82495957
   -864.89822486
   -864.89616732
   -864.90288562
   -864.84498520
   -864.88541353
   -864.87951858
   -864.91267583
   -864.90745744
   -864.88117743
   -864.89586512
   -864.87460626
   -864.85511637
   -864.88748931
   -864.93273141
   -864.89573655
   -864.84528400
   -864.90472703
   -864.88678516
   -864.86263988
   -864.91046310
   -864.90308251
   -864.88618849
   -864.89667716
   -864.88915552
   -864.88429593
   -864.89324963
   -864.91465377
   -864.88166112
   -864.92328022
   -864.87355337
   -864.87143951
   -864.83685431
   -864.88772249
   -864.86511406
   -864.80129997
   -864.85904751
   -864.91159185
   -864.88852423
   -864.85212193
   -864.89392859
   -864.87588928
   -864.88693604
   -864.90379834
   -864.88144021
   -864.87383243
   -864.86652902
   -864.85443960
   -864.86768001
   -864.90421609
   -864.89370258
   -864.86397777
   -864.87779080
   -864.89475090
   -864.88962678
   -864.90970467
   -864.91146052
   -864.90042162
   -864.82663253
   -864.88351263
   -864.88719653
   -864.86623308
   -864.88991537
   -864.89520921
   -864.87285879
   -864.91116562
   -864.87811311
   -864.88254501
   -864.89120042
   -864.90120915
   -864.87258849
   -864.87758874
   -864.86652490
   -864.89825533
   -864.88406246
   -864.87847539
   -864.84812253
   -864.90569190
   -864.88939994
   -864.91582368
   -864.87238958
   -864.88658296
   -864.87160479
   -864.85204199
   -864.87212924
   -864.88940216
   -864.90287276
   -864.90749729
   -864.89010822
   -864.84108820
   -864.87453005
   -864.88045778
   -864.89385327
   -864.90213071
   -864.89624728
   -864.85705128
   -864.88471509
   -864.90436609
   -864.88139087
   -864.88376257
   -864.90444680
   -864.84939573
   -864.85911835
   -864.89653018
   -864.86957313
   -864.88329423
   -864.88582068
   -864.89593558
   -864.84480527
   -864.89777469
   -864.87657029
   -864.87535405
   -864.88549477
   -864.86910293
   -864.89006842
   -864.87368026
   -864.89149227
   -864.88401762
   -864.87086485
   -864.83827284
   -864.90579308
   -864.85428369
   -864.85498115
   -864.89910641
   -864.89340686
   -864.90512692
   -864.89429858
   -864.90247095
   -864.87820048
   -864.87338310
   -864.89056821
   -864.89765580
   -864.86908937
   -864.89900198
   -864.89432417
   -864.86740795
   -864.87415544
   -864.88310266
   -864.90562875
   -864.88260080
   -864.87602017
   -864.85529049
   -864.88081365
   -864.89635848
   -864.86701201
   -864.90111698
   -864.88365615
   -864.86101160
   -864.83049143
   -864.87187081
   -864.88249791
   -864.89027879
   -864.88406172
   -864.86116221
   -864.88258455
   -864.88184705
   -864.90711562
   -864.87609158
   -864.85336338
   -864.88748460
   -864.87083179
   -864.91094714
   -864.85834424
   -864.85935632
   -864.83749255
   -864.89209239
   -864.84736886
   -864.90544173
   -864.86459059
   -864.85548718
   -864.86293133
   -864.91170025
   -864.82796045
   -864.90769845
   -864.86161306
   -864.89545397
   -864.88318218
   -864.88723386
   -864.87109474
   -864.89491644
   -864.87852480
   -864.88045220
   -864.90863779
   -864.88408560
   -864.84330044
   -864.88580072
   -864.89858081
   -864.81625114
   -864.87820689
   -864.86523102
   -864.86317725
   -864.88191316
   -864.82945491
   -864.89922883
   -864.87656594
   -864.90191547
   -864.87893027
   -864.87211214
   -864.87949997
   -864.88594212
   -864.87198160
   -864.87143456
   -864.87174933
   -864.88681954
   -864.90394723
   -864.87497824
   -864.83130215
   -864.90795292
   -864.87233717
   -864.84952256
   -864.90906751
   -864.91316603
   -864.88463386
   -864.85406365
   -864.82923140
   -864.87090772
   -864.83301261
   -864.84057660
   -864.82684223
   -864.83343932
   -864.90234768
   -864.90326840
   -864.91068935
   -864.90065064
   -864.81096637
   -864.89052568
   -864.89802314
   -864.85732674
   -864.91421068
   -864.90645123
   -864.83361185
   -864.88323896
   -864.89909430
   -864.88815144
   -864.85898720
   -864.88001171
   -864.85784796
   -864.86382331
   -864.88441186
   -864.89032070
   -864.91279329
   -864.88274808
   -864.82947540
   -864.90171881
   -864.88320526
   -864.87246767
   -864.91975788
   -864.89778494
   -864.89092929
   -864.91700561
   -864.89870715
   -864.89481272
   -864.87553337
   -864.88627146
   -864.89323418
   -864.85903452
   -864.89763979
   -864.89656298
   -864.86788671
   -864.88224407
   -864.89373907
   -864.88985482
   -864.91372596
   -864.91895905
   -864.86831339
   -864.89861551
   -864.87836713
   -864.79606168
   -864.86356074
   -864.90339686
   -864.87443324
   -864.90412864
   -864.87756465
   -864.88595736
   -864.88378069
   -864.87633349
   -864.90069284
   -864.86466338
   -864.88356461
   -864.85744328
   -864.86423684
   -864.87467448
   -864.85108443
   -864.90470916
   -864.88504372
   -864.90122050
   -864.86757342
   -864.85568958
   -864.90491752
   -864.89414040
   -864.86816832
   -864.80693962
   -864.89505682
   -864.88021672
   -864.81344910
   -864.89128001
   -864.91214665
   -864.88788690
   -864.90820834
   -864.90862842
   -864.90234641
   -864.84960509
   -864.87792124
   -864.88695941
   -864.89388686
   -864.90293236
   -864.91250267
   -864.88762643
   -864.86203618
   -864.89131355
   -864.86135768
   -864.83013189
   -864.89473730
   -864.86873796
   -864.86977229
   -864.87769096
   -864.88839705
   -864.84511643
   -864.89225459
   -864.87084834
   -864.92184008
   -864.87592021
   -864.91172636
   -864.89776373
   -864.89256055
   -864.87946903
   -864.88631218
   -864.88023011
   -864.84781117
   -864.89802193
   -864.88627729
   -864.88417339
   -864.90147059
   -864.87316187
   -864.82612054
   -864.90800703
   -864.82358139
   -864.89141202
   -864.86729140
   -864.87500569
   -864.85822499
   -864.86217215
   -864.89011576
   -864.88730867
   -864.86586921
   -864.90764302
   -864.83180888
   -864.89860887
   -864.86465740
   -864.88787869
   -864.86551625
   -864.87357353
   -864.88553582
   -864.88657859
   -864.84549883
   -864.86347412
   -864.90658920
   -864.82261350
   -864.78938147
   -864.87457925
   -864.90049812
   -864.89439937
   -864.87391053
   -864.88969449
   -864.89772930
   -864.90848845
   -864.87435756
   -864.89393514
   -864.84105842
   -864.88323629
   -864.84909327
   -864.88315648
   -864.89700726
   -864.88898769
   -864.89496355
   -864.89272264
   -864.89938505
   -864.85119390
   -864.88885733
   -864.91066030
   -864.84784645
   -864.87570310
   -864.87395548
   -864.89276618
   -864.86564249
   -864.88585478
   -864.87393137
   -864.90895665
   -864.88268575
   -864.88084535
   -864.89316904
   -864.88946406
   -864.89375746
   -864.88652613
   -864.87067791
   -864.88975693
   -864.88933420
   -864.88810023
   -864.90249281
   -864.85111487
   -864.91002032
   -864.86840113
   -864.86606411
   -864.89090895
   -864.87644922
   -864.86251807
   -864.86915193
   -864.89640873
   -864.86299877
   -864.88315773
   -864.88194387
   -864.90659381
   -864.88109885
   -864.89064524
   -864.86793920
   -864.90183403
   -864.88238167
   -864.86830465
   -864.87097366
   -864.89237313
   -864.88008857
   -864.89100106
   -864.90776169
   -864.90037093
   -864.88012718
   -864.89357796
   -864.87446361
   -864.89176030
   -864.88553371
   -864.89274238
   -864.87587875
   -864.88064578
   -864.88750801
   -864.87422057
   -864.87419650
   -864.88408718
   -864.83882592
   -864.91871142
   -864.88188376
   -864.86705986
   -864.90101627
   -864.87484907
   -864.83147212
   -864.89538438
   -864.90372740
   -864.88832415
   -864.87514757
   -864.86631997
   -864.88932306
   -864.81544777
   -864.87644238
   -864.90341924
   -864.88586790
   -864.87975902
   -864.87915141
   -864.87771545
   -864.82168932
   -864.90166883
   -864.89809193
   -864.89457343
   -864.87249619
   -864.88310843
   -864.85173009
   -864.89302462
   -864.87680270
   -864.87716843
   -864.90069573
   -864.88639602
   -864.90307638
   -864.86205732
   -864.84706198
   -864.90346995
   -864.89097076
   -864.89587763
   -864.89950498
   -864.89305311
   -864.88793787
   -864.91745470
   -864.88937568
   -864.87469361
   -864.86807470
   -864.87216773
   -864.88938627
   -864.89196847
   -864.88474140
   -864.87709599
   -864.87034398
   -864.91469148
   -864.90961897
   -864.88936499
   -864.85428350
   -864.85653098
   -864.86258689
   -864.88389884
   -864.89214502
   -864.88552262
   -864.89763430
   -864.89586059
   -864.85870701
   -864.84992301
   -864.88879267
   -864.91131076
   -864.83853676
   -864.90985822
   -864.89723505
   -864.81201136
   -864.88732654
   -864.86835536
   -864.89124654
   -864.90171446
   -864.88764551
   -864.89671824
   -864.88224728
   -864.87055041
   -864.88863295
   -864.88590692
   -864.84671065
   -864.90467796
   -864.88602382
   -864.88585049
   -864.88615773
   -864.90974593
   -864.87693140
   -864.90271699
   -864.88057756
   -864.89045994
   -864.82730402
   -864.90400516
   -864.90648193
   -864.86355079
   -864.87781789
   -864.86841920
   -864.87665799
   -864.89004765
   -864.88031293
   -864.87388216
   -864.88963946
   -864.88694949
   -864.85305687
   -864.89770076
   -864.89120422
   -864.89195792
   -864.86323138
   -864.90809319
   -864.87258359
   -864.88520785
   -864.89836113
   -864.90297732
   -864.88940335
   -864.88334336
   -864.87096968
   -864.89069142
   -864.87342864
   -864.87630907
   -864.91409297
   -864.89998911
   -864.90823618
   -864.87810288
   -864.88816696
   -864.89795075
   -864.89432744
   -864.90475025
   -864.88821919
   -864.88966201
   -864.89320241
   -864.88860008
   -864.90698944
   -864.88293257
   -864.88284119
   -864.90156493
   -864.89477778
   -864.86305442
   -864.88396324
   -864.89431018
   -864.89972272
   -864.88719522
   -864.87832938
   -864.88288425
   -864.89586181
   -864.89513093
   -864.84983229
   -864.89090087
   -864.89395904
   -864.88243481
   -864.88882685
   -864.85424523
   -864.89653642
   -864.88831578
   -864.88443656
   -864.85916508
   -864.85115569
   -864.88100838
   -864.90187170
   -864.86361433
   -864.90823669
   -864.89034353
   -864.86912167
   -864.89662898
   -864.88917630
   -864.84697694
   -864.89650058
   -864.92747691
   -864.87937292
   -864.90590960
   -864.87804545
   -864.90812728
   -864.88026417
   -864.86445493
   -864.90717238
   -864.89881993
   -864.91331985
   -864.92433868
   -864.83857386
   -864.86007908
   -864.86524410
   -864.89909823
   -864.86607778
   -864.88715064
   -864.90135386
   -864.84120951
   -864.85733790
   -864.83050073
   -864.92921295
   -864.89735951
   -864.89607758
   -864.87487882
   -864.89164782
   -864.89107172
   -864.87373719
   -864.88556445
   -864.88938948
   -864.88865370
   -864.89941454
   -864.87064096
   -864.89276857
   -864.88261702
   -864.88808828
   -864.91313553
   -864.88389299
   -864.88247200
   -864.88189057
   -864.90644594
   -864.90565232
   -864.87221363
   -864.88058247
   -864.88703467
   -864.89692940
   -864.88570318
   -864.88827486
   -864.87922407
   -864.79623885
   -864.86241030
   -864.88693672
   -864.88698421
   -864.89747089
   -864.87215737
   -864.88708494
   -864.88501274
   -864.89761443
   -864.89447225
   -864.85737152
   -864.87892105
   -864.83907529
   -864.90162625
   -864.85409999
   -864.84994643
   -864.85911831
   -864.85252901
   -864.83994842
   -864.88756224
   -864.85191826
   -864.88366455
   -864.88295514
   -864.91210655
   -864.89340126
   -864.85930229
   -864.90793299
   -864.90678726
   -864.88900055
   -864.91770750
   -864.87186366
   -864.84819598
   -864.90649885
   -864.83693162
   -864.90500904
   -864.89452211
   -864.87532907
   -864.85412813
   -864.88870095
   -864.86208397
   -864.82551883
   -864.89492721
   -864.87379569
   -864.86713758
   -864.84349769
   -864.87771096
   -864.88025935
   -864.87582660
   -864.88741712
   -864.83468222
   -864.90888155
   -864.84737132
   -864.88192476
   -864.85114019
   -864.88752448
   -864.85469835
   -864.81682931
   -864.88889766
   -864.88273384
   -864.89077326
   -864.87281845
   -864.88356594
   -864.89174133
   -864.86288435
   -864.86303990
   -864.88657489
   -864.87396205
   -864.88235394
   -864.82897554
   -864.87911303
   -864.90348858
   -864.88937957
   -864.85151893
   -864.83860183
   -864.91658196
   -864.85180772
   -864.87240285
   -864.87449875
   -864.86524170
   -864.86818090
   -864.85639328
   -864.90040159
   -864.89004364
   -864.90136770
   -864.90689975
   -864.89031101
   -864.85919326
   -864.88796204
   -864.84983497
   -864.85032821
   -864.89761052
   -864.84937823
   -864.88097991
   -864.88543953
   -864.86912808
   -864.90797191
   -864.87880957
   -864.88294986
   -864.89887221
   -864.87338564
   -864.88976251
   -864.88168927
   -864.86866355
   -864.86839211
   -864.89003603
   -864.87121461
   -864.81995561
   -864.87367722
   -864.87157609
   -864.90443476
   -864.88536656
   -864.88518129
   -864.88996755
   -864.88668214
   -864.87165534
   -864.88201440
   -864.89395540
   -864.88039190
   -864.89122790
   -864.90061963
   -864.88961455
   -864.89261051
   -864.86858734
   -864.85179162
   -864.85860071
   -864.86700418
   -864.88028487
   -864.85099377
   -864.88916836
   -864.89756654
   -864.90622512
   -864.90922140
   -864.85732802
   -864.85435269
   -864.85836600
   -864.88440661
   -864.89883273
   -864.90257090
   -864.87620824
   -864.88962866
   -864.83031494
   -864.89939378
   -864.90352781
   -864.90049756
   -864.91918554
   -864.90543736
   -864.88558413
   -864.85155170
   -864.88377752
   -864.87027542
   -864.88840669
   -864.90006400
   -864.88824454
   -864.88486609
   -864.82527012
   -864.87885666
   -864.84553080
   -864.89129744
   -864.87057596
   -864.88222139
   -864.88613032
   -864.88086025
   -864.87207000
   -864.89973845
   -864.86773341
   -864.90112582
   -864.87964345
   -864.89519441
   -864.86918842
   -864.89200786
   -864.87639376
   -864.90166280
   -864.88198929
   -864.89880326
   -864.88560963
   -864.89180230
   -864.89955188
   -864.86190650
   -864.89540718
   -864.83671295
   -864.90096138
   -864.87759844
   -864.88874763
   -864.89326497
   -864.85825607
   -864.86942184
   -864.90344313
   -864.84373406
   -864.88876021
   -864.84011146
   -864.84753060
   -864.88421395
   -864.84011026
   -864.89567311
   -864.91856224
   -864.90506785
   -864.87108441
   -864.88016622
   -864.89398721
   -864.89191174
   -864.89049599
   -864.89363293
   -864.90401084
   -864.89104900
   -864.90429480
   -864.86670516
   -864.86855534
   -864.90209182
   -864.82614130
   -864.88721776
   -864.82866117
   -864.87866924
   -864.89448398
   -864.88576599
   -864.88690219
   -864.86938071
   -864.88545417
   -864.90059166
   -864.82188640
   -864.87437847
   -864.87175406
   -864.86472384
   -864.88804424
   -864.87052078
   -864.92165729
   -864.91831526
   -864.91152506
   -864.90344070
   -864.86657038
   -864.86627747
   -864.87301794
   -864.89744120
   -864.87873372
   -864.85523880
   -864.88790767
   -864.82349188
   -864.87661081
   -864.88815843
   -864.88748615
   -864.89386190
   -864.88386008
   -864.89734624
   -864.90755210
   -864.77322689
   -864.89867580
   -864.88087520
   -864.85820900
   -864.89114283
   -864.87364632
   -864.89896548
   -864.86952766
   -864.90811569
   -864.89088090
   -864.89531960
   -864.84707492
   -864.89791169
   -864.84580844
   -864.86755673
   -864.86757367
   -864.90099780
   -864.89207504
   -864.89470363
   -864.87943583
   -864.85699258
   -864.89515505
   -864.88272799
   -864.89876294
   -864.84345143
   -864.88110093
   -864.88933581
   -864.89181780
   -864.84077106
   -864.86428725
   -864.81619286
   -864.88232434
   -864.85273422
   -864.85806561
   -864.91061329
   -864.89006220
   -864.88400177
   -864.88811715
   -864.88231281
   -864.83578946
   -864.85521171
   -864.84318459
   -864.86055352
   -864.89533068
   -864.88324297
   -864.87803146
   -864.88973774
   -864.85980523
   -864.83277513
   -864.87988700
   -864.83756079
   -864.87799064
   -864.87381354
   -864.86315462
   -864.88789170
   -864.87516964
   -864.84716400
   -864.90878836
   -864.85919856
   -864.86727814
   -864.86701843
   -864.88292633
   -864.87396509
   -864.88229104
   -864.87451141
   -864.86772401
   -864.88567877
   -864.88828360
   -864.90678831
   -864.89649767
   -864.86342125
   -864.89396131
   -864.87108732
   -864.85939837
   -864.88060006
   -864.86805068
   -864.87586398
   -864.89945988
   -864.87906606
   -864.89385100
   -864.90604699
   -864.89363667
   -864.89037409
   -864.89444282
   -864.76838507
   -864.89919597
   -864.89579648
   -864.84284860
   -864.89192328
   -864.83958514
   -864.88530477
   -864.90253696
   -864.87632291
   -864.88161480
   -864.86391455
   -864.88518802
   -864.86161863
   -864.89005212
   -864.87548740
   -864.87961599
   -864.88660884
   -864.87304791
   -864.86390890
   -864.85258959
   -864.87449160
   -864.89343474
   -864.86634424
   -864.88920442
   -864.80671709
   -864.87633152
   -864.87802611
   -864.87080984
   -864.88078342
   -864.90540224
   -864.88035473
   -864.87591136
   -864.88714140
   -864.90965024
   -864.88672463
   -864.86373664
   -864.88654821
   -864.89864205
   -864.81901902
   -864.90337262
   -864.87620786
   -864.88432483
   -864.87374063
   -864.89219411
   -864.89441305
   -864.88036442
   -864.90869835
   -864.89050958
   -864.89220203
   -864.86508890
   -864.82852037
   -864.89663905
   -864.84911323
   -864.88295887
   -864.84984894
   -864.86909875
   -864.84008765
   -864.86875096
   -864.87635760
   -864.86610345
   -864.86366683
   -864.89567854
   -864.89590605
   -864.83790658
   -864.87681137
   -864.87165630
   -864.87500353
   -864.89492401
   -864.88284960
   -864.87187581
   -864.88923307
   -864.89997548
   -864.87115252
   -864.90578196
   -864.83089899
   -864.88395161
   -864.85289793
   -864.86338490
   -864.90855744
   -864.88883754
   -864.89749615
   -864.89491192
   -864.89393403
   -864.89946201
   -864.88008498
   -864.87819166
   -864.89487724
   -864.92120362
   -864.90667801
   -864.88396347
   -864.85776126
   -864.88841574
   -864.87129879
   -864.90492277
   -864.85723757
   -864.84778799
   -864.88849138
   -864.87665230
   -864.88885252
   -864.88493223
   -864.90848472
   -864.90301913
   -864.88003289
   -864.86428333
   -864.87847092
   -864.85055853
   -864.89350382
   -864.90285406
   -864.88923844
   -864.88577742
   -864.87846574
   -864.83865707
   -864.86637413
   -864.84338298
   -864.89457998
   -864.82066929
   -864.88458226
   -864.89748372
   -864.88794964
   -864.84556959
   -864.87996589
   -864.90120026
   -864.88994732
   -864.89964581
   -864.82517099
   -864.91777067
   -864.87894274
   -864.89004121
   -864.88746342
   -864.91735677
   -864.85897066
   -864.88481576
   -864.89186656
   -864.89154049
   -864.90111767
   -864.88899152
   -864.88570582
   -864.87372204
   -864.88730932
   -864.88077294
   -864.86273145
   -864.86801807
   -864.88674670
   -864.87965357
   -864.83000325
   -864.87036872
   -864.88560150
   -864.84133593
   -864.83602440
   -864.87516367
   -864.90516597
   -864.84650573
   -864.88662544
   -864.88261434
   -864.85301336
   -864.89654213
   -864.89304856
   -864.89446760
   -864.89943584
   -864.87761316
   -864.87430851
   -864.90019343
   -864.85248294
   -864.87200397
   -864.90130840
   -864.87004809
   -864.86796991
   -864.90439863
   -864.85692086
   -864.88823184
   -864.88210890
   -864.88313610
   -864.84987895
   -864.86557298
   -864.90562733
   -864.89325948
   -864.86878199
   -864.84635648
   -864.85326237
   -864.91895270
   -864.88012624
   -864.83585956
   -864.89147576
   -864.90397324
   -864.90627795
   -864.88973583
   -864.87822453
   -864.87111517
   -864.84660025
   -864.85199657
   -864.87576864
   -864.88182953
   -864.89625127
   -864.86566959
   -864.83487471
   -864.91988276
   -864.90102845
   -864.89902603
   -864.92071545
   -864.86137896
   -864.89516534
   -864.90344706
   -864.86237589
   -864.86261075
   -864.88249720
   -864.87819532
   -864.86252858
   -864.88303030
   -864.87789849
   -864.87883384
   -864.90212279
   -864.86532731
   -864.85665139
   -864.89315903
   -864.87911374
   -864.88185656
   -864.88067269
   -864.86248009
   -864.89026091
   -864.88488106
   -864.90047680
   -864.89718498
   -864.91705232
   -864.84873635
   -864.86919088
   -864.86688188
   -864.89975320
   -864.88627803
   -864.87062000
   -864.87397540
   -864.88673016
   -864.88894533
   -864.84312827
   -864.91687739
   -864.88026873
   -864.90070612
   -864.87095377
   -864.87724189
   -864.87304030
   -864.91315213
   -864.87262159
   -864.89126003
   -864.84230881
   -864.90063970
   -864.87190482
   -864.88325839
   -864.87014177
   -864.89105449
   -864.89374539
   -864.90118067
   -864.89303555
   -864.87948410
   -864.91657966
   -864.88489014
   -864.86884642
   -864.88378755
   -864.88954532
   -864.90283054
   -864.83357162
   -864.89848253
   -864.85917900
   -864.86012535
   -864.89667383
   -864.91261998
   -864.90401889
   -864.83979918
   -864.87572025
   -864.85980263
   -864.88956979
   -864.84274104
   -864.87744150
   -864.89603394
   -864.89470388
   -864.87572724
   -864.84876517
   -864.88873197
   -864.89634161
   -864.89237112
   -864.85723912
   -864.87111393
   -864.89663649
   -864.86205495
   -864.87812919
   -864.85462537
   -864.89612373
   -864.90672395
   -864.87391571
   -864.88534954
   -864.88394001
   -864.91338800
   -864.87630870
   -864.90340336
   -864.89699146
   -864.90356358
   -864.87464094
   -864.87840714
   -864.89124792
   -864.90680287
   -864.89069784
   -864.83835710
   -864.90273192
   -864.88635194
   -864.89167090
   -864.91885688
   -864.88865937
   -864.88818307
   -864.89567863
   -864.89881599
   -864.84245039
   -864.87537286
   -864.90279909
   -864.89331526
   -864.88815648
   -864.88791840
   -864.86772548
   -864.89134335
   -864.89714645
   -864.88577975
   -864.89447307
   -864.88275390
   -864.87579012
   -864.87302532
   -864.89322117
   -864.90243663
   -864.89775097
   -864.92266488
   -864.86872624
   -864.88382069
   -864.89780628
   -864.88284209
   -864.89227333
   -864.86513450
   -864.86889009
   -864.87347024
   -864.86083064
   -864.87355808
   -864.88767422
   -864.90553693
   -864.90126779
   -864.88178112
   -864.86260833
   -864.88360757
   -864.85516488
   -864.91173822
   -864.90029527
   -864.85868855
   -864.86290292
   -864.86622650
   -864.88598983
   -864.90094612
   -864.86462341
   -864.87313386
   -864.89210616
   -864.86070678
   -864.88213281
   -864.90034895
   -864.88601218
   -864.88946174
   -864.89181274
   -864.88827427
   -864.83093038
   -864.89118242
   -864.91344082
   -864.89671881
   -864.86786829
   -864.90244546
   -864.86845224
   -864.87051096
   -864.85703789
   -864.86707399
   -864.80825613
   -864.86265308
   -864.86669679
   -864.88419943
   -864.89130390
   -864.88660301
   -864.88228830
   -864.86306731
   -864.88779163
   -864.86050547
   -864.87004071
   -864.88582828
   -864.90297274
   -864.84665367
   -864.87638651
   -864.88207862
   -864.84872780
   -864.86609005
   -864.90067364
   -864.88155952
   -864.87922277
   -864.89473319
   -864.90539998
   -864.82762310
   -864.88948998
   -864.90810153
   -864.87789164
   -864.85646612
   -864.88546498
   -864.89498391
   -864.85784167
   -864.92086461
   -864.85560463
   -864.86252578
   -864.84804923
   -864.88495133
   -864.88517247
   -864.89316394
   -864.86745653
   -864.89620439
   -864.91245567
   -864.89750351
   -864.89696126
   -864.83645917
   -864.89729242
   -864.87185483
   -864.86221219
   -864.88180769
   -864.89602789
   -864.88606524
   -864.87124090
   -864.87239009
   -864.89644791
   -864.89179723
   -864.89377648
   -864.87090313
   -864.87579527
   -864.88541302
   -864.90099461
   -864.89160144
   -864.88868941
   -864.87975125
   -864.89926072
   -864.89545337
   -864.87570251
   -864.89736999
   -864.86076131
   -864.88318999
   -864.85683681
   -864.88641911
   -864.89420854
   -864.84854508
   -864.85224917
   -864.88276841
   -864.89676684
   -864.87296903
   -864.89349571
   -864.85904648
   -864.89763268
   -864.89493904
   -864.90255632
   -864.90995459
   -864.87914446
   -864.88078754
   -864.89214829
   -864.87358151
   -864.91293408
   -864.87113752
   -864.85011855
   -864.90224075
   -864.92391026
   -864.88648359
   -864.89869508
   -864.90649987
   -864.86410976
   -864.90600572
   -864.91032480
   -864.88239552
   -864.88148754
   -864.90131167
   -864.89637473
   -864.88739539
   -864.88276523
   -864.86823986
   -864.82924651
   -864.87670102
   -864.89489200
   -864.84872075
   -864.87371522
   -864.87425156
   -864.89502309
   -864.82702395
   -864.89156161
   -864.90361302
   -864.90302042
   -864.88666357
   -864.85233082
   -864.87746747
   -864.89034913
   -864.86552139
   -864.89203594
   -864.87033153
   -864.87165024
   -864.88219478
   -864.89861203
   -864.91740528
   -864.90715134
   -864.89070331
   -864.88935576
   -864.88674991
   -864.90735848
   -864.87503713
   -864.88666331
   -864.89035367
   -864.88701569
   -864.90024010
   -864.85098796
   -864.84576513
   -864.88943066
   -864.89936788
   -864.88379149
   -864.87732173
   -864.86741719
   -864.88043838
   -864.88421066
   -864.88607807
   -864.88008668
   -864.85486780
   -864.88805876
   -864.86932543
   -864.88204806
   -864.86394857
   -864.89193935
   -864.87954668
   -864.87496396
   -864.88722384
   -864.87376263
   -864.88144562
   -864.86334858
   -864.87835070
   -864.89666930
   -864.90865414
   -864.86558773
   -864.87891140
   -864.89490828
   -864.89302480
   -864.83494591
   -864.89987313
   -864.92752029
   -864.88655598
   -864.87069348
   -864.87469758
   -864.88627148
   -864.89768424
   -864.86774546
   -864.87157045
   -864.84504284
   -864.86114269
   -864.90615913
   -864.83593906
   -864.89642295
   -864.90307940
   -864.89284166
   -864.89730763
   -864.89585512
   -864.87865759
   -864.87431849
   -864.87098839
   -864.89366083
   -864.88420875
   -864.90988092
   -864.89798433
   -864.87453817
   -864.89460540
   -864.90190447
   -864.87132619
   -864.87699113
   -864.83914332
   -864.85962665
   -864.84645441
   -864.85651015
   -864.82896136
   -864.86006405
   -864.89376562
   -864.84207674
   -864.87565971
   -864.86645423
   -864.90625983
   -864.89769244
   -864.89272592
   -864.88333903
   -864.88594714
   -864.91752697
   -864.88354776
   -864.89203330
   -864.85283110
   -864.84311288
   -864.87701099
   -864.88849155
   -864.88763645
   -864.91964850
   -864.88147609
   -864.86809951
   -864.83648008
   -864.90156179
   -864.87303951
   -864.87294136
   -864.87583111
   -864.90488585
   -864.88811542
   -864.89483561
   -864.85009764
   -864.88763873
   -864.87654022
   -864.89857514
   -864.88313820
   -864.88362228
   -864.87033796
   -864.88203836
   -864.89276327
   -864.88548458
   -864.86164628
   -864.85995422
   -864.88477241
   -864.86427840
   -864.87528693
   -864.84740731
   -864.87687023
   -864.92309587
   -864.88769987
   -864.86780372
   -864.89128778
   -864.87914590
   -864.87735885
   -864.87246152
   -864.89224914
   -864.88273831
   -864.87593184
   -864.82980352
   -864.88916259
   -864.89019553
   -864.87900526
   -864.90068577
   -864.89790103
   -864.85569985
   -864.87650737
   -864.87285409
   -864.88387175
   -864.87626102
   -864.89831911
   -864.87773340
   -864.89700028
   -864.87569873
   -864.88907734
   -864.84530661
   -864.86237219
   -864.85466873
   -864.90262484
   -864.91017230
   -864.86065140
   -864.88207211
   -864.88317783
   -864.87800623
   -864.89238074
   -864.85746243
   -864.88710694
   -864.87709481
   -864.89976227
   -864.89359549
   -864.89970981
   -864.90020398
   -864.89104964
   -864.90051572
   -864.87915759
   -864.89464463
   -864.85667080
   -864.88973777
   -864.89146451
   -864.88097646
   -864.89431277
   -864.88471301
   -864.90018196
   -864.90903713
   -864.90712816
   -864.89049885
   -864.89278220
   -864.89679360
   -864.84932634
   -864.89519731
   -864.88709951
   -864.87657716
   -864.84310959
   -864.87794871
   -864.86925341
   -864.87948380
   -864.86408389
   -864.88703360
   -864.83967600
   -864.87933621
   -864.84811756
   -864.86226080
   -864.87642099
   -864.86288627
   -864.91679394
   -864.91017979
   -864.90728666
   -864.87075379
   -864.89871712
   -864.85816721
   -864.87952712
   -864.91278561
   -864.89324489
   -864.89526340
   -864.88630790
   -864.88971739
   -864.87041960
   -864.88070514
   -864.88487826
   -864.87972114
   -864.86492066
   -864.82797517
   -864.88961574
   -864.86270536
   -864.88109026
   -864.91681392
   -864.88554630
   -864.85469253
   -864.89063183
   -864.89175468
   -864.84229340
   -864.87610225
   -864.89646792
   -864.85579776
   -864.92268262
   -864.86411582
   -864.87280339
   -864.83899582
   -864.88875942
   -864.81792816
   -864.90144468
   -864.88119510
   -864.89882047
   -864.89354915
   -864.88543794
   -864.88399835
   -864.91406255
   -864.88933707
   -864.90654787
   -864.91850630
   -864.85814455
   -864.88054088
   -864.87693965
   -864.83718576
   -864.88659022
   -864.86902505
   -864.87625897
   -864.88075658
   -864.92726489
   -864.87706564
   -864.87140402
   -864.87848699
   -864.86759200
   -864.90656013
   -864.86668932
   -864.87599721
   -864.88769264
   -864.87818752
   -864.87638101
   -864.91987929
   -864.87069970
   -864.85948779
   -864.87717932
   -864.87375195
   -864.87253308
   -864.90218831
   -864.88777517
   -864.89154378
   -864.88017517
   -864.87370537
   -864.87561695
   -864.89660872
   -864.86020967
   -864.84271195
   -864.85299772
   -864.90316746
   -864.90637211
   -864.86346483
   -864.88786776
   -864.86132530
   -864.89407289
   -864.86523360
   -864.89177133
   -864.90570811
   -864.88451081
   -864.87860969
   -864.87248205
   -864.88788913
   -864.84534763
   -864.88505923
   -864.89439006
   -864.89418886
   -864.87337214
   -864.87564445
   -864.92464797
   -864.88306239
   -864.86004575
   -864.86117137
   -864.87164892
   -864.89250607
   -864.89845777
   -864.86023069
   -864.87944268
   -864.85384669
   -864.88838979
   -864.87329789
   -864.89992809
   -864.89377944
   -864.90694636
   -864.88285690
   -864.90524916
   -864.86838770
   -864.87948921
   -864.87966380
   -864.85455415
   -864.89549707
   -864.88618687
   -864.89033999
   -864.86504395
   -864.84102514
   -864.89357614
   -864.89063899
   -864.86541490
   -864.88946755
   -864.89802615
   -864.86707277
   -864.87293104
   -864.89394015
   -864.88266347
   -864.89098267
   -864.86671396
   -864.88564550
   -864.84358926
   -864.88354405
   -864.87246467
   -864.86504246
   -864.87081599
   -864.88999491
   -864.87861826
   -864.86063065
   -864.90294075
   -864.82667834
   -864.82942266
   -864.84097892
   -864.88147769
   -864.89377134
   -864.89921916
   -864.84785454
   -864.90349603
   -864.89644692
   -864.88151572
   -864.85185230
   -864.89110993
   -864.86472891
   -864.84717646
   -864.89014486
   -864.88292261
   -864.85393730
   -864.88696814
   -864.86685068
   -864.85058250
   -864.83596615
   -864.91182241
   -864.91685561
   -864.88762145
   -864.87919806
   -864.86980064
   -864.89014518
   -864.87203817
   -864.88302273
   -864.82123352
   -864.86692454
   -864.90879226
   -864.87499035
   -864.91500435
   -864.88318100
   -864.88139701
   -864.89717157
   -864.88780198
   -864.89989142
   -864.87795548
   -864.85870555
   -864.87222007
   -864.88443750
   -864.84499835
   -864.87001354
   -864.89366773
   -864.91064456
   -864.83456908
   -864.85518625
   -864.85616114
   -864.90330869
   -864.89119158
   -864.86699809
   -864.88444946
   -864.90857304
   -864.86904904
   -864.89885768
   -864.89069816
   -864.87131504
   -864.90400605
   -864.89177754
   -864.87091242
   -864.88397734
   -864.87191933
   -864.87665702
   -864.89295041
   -864.90742300
   -864.90577206
   -864.89020658
   -864.87810868
   -864.91414614
   -864.91264810
   -864.88962384
   -864.87666737
   -864.88794724
   -864.88385507
   -864.88945437
   -864.87170583
   -864.80622978
   -864.89361949
   -864.87650846
   -864.88631703
   -864.90377750
   -864.85056114
   -864.87091792
   -864.87980201
   -864.88457643
   -864.86560013
   -864.89311547
   -864.86262366
   -864.85923161
   -864.89612721
   -864.88881677
   -864.85856988
   -864.85725116
   -864.88475347
   -864.86118026
   -864.88849264
   -864.86692475
   -864.90482502
   -864.90402256
   -864.85606360
   -864.86790020
   -864.86161596
   -864.84779961
   -864.90572730
   -864.90650635
   -864.87734695
   -864.90463138
   -864.88613114
   -864.89541103
   -864.91700338
   -864.89270533
   -864.90139297
   -864.87844744
   -864.87078232
   -864.92020275
   -864.87419652
   -864.89950196
   -864.89364461
   -864.90369110
   -864.86438403
   -864.86074538
   -864.89344433
   -864.87197938
   -864.87997143
   -864.85349471
   -864.87518651
   -864.86477721
   -864.90572014
   -864.89822375
   -864.81569986
   -864.89089587
   -864.85296429
   -864.87861865
   -864.89204300
   -864.89330048
   -864.88750289
   -864.90427867
   -864.88805617
   -864.83571923
   -864.86482319
   -864.87102126
   -864.84571058
   -864.88272671
   -864.86104979
   -864.91136127
   -864.88663648
   -864.88108431
   -864.90530616
   -864.90472274
   -864.89869536
   -864.88697451
   -864.91086454
   -864.89635913
   -864.88618310
   -864.86460058
   -864.88044674
   -864.86230282
   -864.92259196
   -864.85839535
   -864.87297738
   -864.89065860
   -864.85901113
   -864.86396750
   -864.87859925
   -864.89112584
   -864.89535346
   -864.90995914
   -864.87541761
   -864.89659000
   -864.90662690
   -864.87085274
   -864.88578965
   -864.86659632
   -864.86169684
   -864.90402690
   -864.89009966
   -864.87250171
   -864.88067077
   -864.90490753
   -864.90225672
   -864.88057292
   -864.89386125
   -864.85528013
   -864.87498192
   -864.83732995
   -864.81770520
   -864.89778678
   -864.87448153
   -864.89284304
   -864.90440894
   -864.87419172
   -864.88998620
   -864.91589521
   -864.85427005
   -864.84149037
   -864.89634372
   -864.88553254
   -864.87762033
   -864.89947516
   -864.86103025
   -864.89793879
   -864.89628659
   -864.90820698
   -864.90111821
   -864.89050897
   -864.88742357
   -864.81153602
   -864.91445718
   -864.85843713
   -864.86774314
   -864.86396203
   -864.91914659
   -864.87896096
   -864.89336968
   -864.87571812
   -864.83822897
   -864.89108356
   -864.89115222
   -864.87523727
   -864.90412982
   -864.91416283
   -864.87899883
   -864.85832836
   -864.80691551
   -864.89509377
   -864.88615594
   -864.92996403
   -864.86791227
   -864.92309065
   -864.84463344
   -864.87512646
   -864.86968062
   -864.87488978
   -864.86725793
   -864.92091956
   -864.84417152
   -864.86382655
   -864.90555985
   -864.88985942
   -864.88646670
   -864.87625534
   -864.88663693
   -864.87597727
   -864.87724130
   -864.89246516
   -864.87898490
   -864.87597285
   -864.88583108
   -864.89160703
   -864.91364107
   -864.85555174
   -864.90152518
   -864.89814186
   -864.88888063
   -864.87795668
   -864.88014592
   -864.89114825
   -864.89943845
   -864.87995439
   -864.85420376
   -864.84784574
   -864.89738759
   -864.88922323
   -864.87175070
   -864.88954199
   -864.87926365
   -864.90819322
   -864.85593988
   -864.90024925
   -864.88722189
   -864.82387841
   -864.87734185
   -864.89319599
   -864.89503888
   -864.90379966
   -864.89407795
   -864.89666683
   -864.86798284
   -864.89899662
   -864.86623317
   -864.89119297
   -864.87352295
   -864.87464098
   -864.88482910
   -864.86758092
   -864.82411103
   -864.84051279
   -864.89939190
   -864.85703489
   -864.88717757
   -864.89900095
   -864.89700763
   -864.89004192
   -864.87670844
   -864.89677143
   -864.91556099
   -864.88141385
   -864.89565482
   -864.87346586
   -864.90489574
   -864.89009565
   -864.88469051
   -864.84607547
   -864.87793594
   -864.87564593
   -864.81853587
   -864.87693571
   -864.90880686
   -864.89328204
   -864.84371619
   -864.88998016
   -864.89433696
   -864.83418846
   -864.90460378
   -864.85440390
   -864.89567579
   -864.86646074
   -864.89680580
   -864.89428497
   -864.89998262
   -864.86365693
   -864.88937807
   -864.87471126
   -864.86179066
   -864.86726632
   -864.88455879
   -864.89073098
   -864.86731283
   -864.89282964
   -864.82306785
   -864.89244678
   -864.89411116
   -864.87227576
   -864.91760472
   -864.83263334
   -864.86966547
   -864.89662559
   -864.85543127
   -864.89319456
   -864.88065403
   -864.87652000
   -864.86083838
   -864.86496704
   -864.88212751
   -864.88141876
   -864.90194859
   -864.85778315
   -864.84068854
   -864.88540739
   -864.91295047
   -864.83694635
   -864.88275453
   -864.90023441
   -864.88690147
   -864.83288547
   -864.88813285
   -864.87566816
   -864.87262493
   -864.81605088
   -864.87900025
   -864.87674480
   -864.88222196
   -864.88797949
   -864.87772943
   -864.89040961
   -864.88780896
   -864.81384004
   -864.87341008
   -864.90916958
   -864.86716405
   -864.86699239
   -864.89654177
   -864.87462356
   -864.89397219
   -864.88933972
   -864.89740696
   -864.90128584
   -864.89567677
   -864.83117072
   -864.85989112
   -864.89867818
   -864.89921335
   -864.87097066
   -864.89137833
   -864.88533174
   -864.88256797
   -864.87364522
   -864.90143451
   -864.86665010
   -864.91049814
   -864.90111689
   -864.90071801
   -864.89726140
   -864.84605723
   -864.89673330
   -864.88197959
   -864.78628431
   -864.86359270
   -864.86764075
   -864.89718789
   -864.88073514
   -864.90383935
   -864.87449766
   -864.86911899
   -864.88846742
   -864.87196260
   -864.86932103
   -864.83295259
   -864.90356253
   -864.88201240
   -864.90057818
   -864.86115131
   -864.86970528
   -864.86201581
   -864.86541785
   -864.86159361
   -864.91111602
   -864.86387204
   -864.90245765
   -864.78002694
   -864.88487257
   -864.87414886
   -864.86156651
   -864.88091095
   -864.87204126
   -864.92298434
   -864.89837980
   -864.85238927
   -864.87600209
   -864.84914278
   -864.88309905
   -864.87811570
   -864.89065352
   -864.86523315
   -864.84248793
   -864.85500245
   -864.86495032
   -864.87326192
   -864.89122062
   -864.89951478
   -864.91099007
   -864.90192524
   -864.85713923
   -864.85831080
   -864.90932987
   -864.85551508
   -864.85224242
   -864.90303105
   -864.90073330
   -864.86241633
   -864.90760188
   -864.90526272
   -864.88277199
   -864.91255194
   -864.84513430
   -864.87399185
   -864.86560194
   -864.88706662
   -864.87463727
   -864.89365154
   -864.86456170
   -864.91090866
   -864.89166779
   -864.88832205
   -864.89940226
   -864.90176856
   -864.89360297
   -864.87932340
