% The following energies apply to conformations described by the topology 
% R26_iter1.top.  Structures are given in trajectory coords.cdf, count: 123.

% Item 0:
%   Energy -> orca_structures/coor*/NConf*.out
   -864.92925404
   -864.93114152
   -864.92625899
   -864.93496015
   -864.93161618
   -864.92861473
   -864.92990012
   -864.92848668
   -864.92836802
   -864.92642146
   -864.93038736
   -864.93297186
   -864.92590583
   -864.93525010
   -864.93246058
   -864.92756382
   -864.93322065
   -864.92835560
   -864.92867668
   -864.92682497
   -864.93034497
   -864.92796619
   -864.92237448
   -864.92088664
   -864.93125012
   -864.92865614
   -864.92085584
   -864.93314855
   -864.92945398
   -864.93464526
   -864.92364534
   -864.92851123
   -864.92834232
   -864.93203389
   -864.92573735
   -864.93033374
   -864.91887495
   -864.93116234
   -864.93058509
   -864.92670267
   -864.93136608
   -864.92810601
   -864.92038284
   -864.93481108
   -864.93395252
   -864.93459607
   -864.92873805
   -864.93475392
   -864.93134553
   -864.93500726
   -864.92830579
   -864.92993448
   -864.93114172
   -864.93110815
   -864.92773041
   -864.93341132
   -864.93341661
   -864.92790073
   -864.93504838
   -864.92436335
   -864.93068465
   -864.92654533
   -864.93014749
   -864.93113918
   -864.92861269
   -864.92600351
   -864.92608406
   -864.92624634
   -864.93127005
   -864.92639433
   -864.92845183
   -864.92577495
   -864.93297320
   -864.93172665
   -864.93333654
   -864.92064185
   -864.92611694
   -864.93489148
   -864.93356007
   -864.92043492
   -864.93168967
   -864.92834946
   -864.92471530
   -864.92674346
   -864.92511344
   -864.93212690
   -864.92609943
   -864.92408513
   -864.92508682
   -864.93013496
   -864.93497332
   -864.92503397
   -864.92773771
   -864.92864270
   -864.92627071
   -864.93185942
   -864.93092425
   -864.93078683
   -864.93118752
   -864.93454855
   -864.92882815
   -864.93027097
   -864.92585870
   -864.92665374
   -864.92812604
   -864.93446285
   -864.93071648
   -864.92651021
   -864.92690889
   -864.92274324
   -864.92734844
   -864.93049813
   -864.92029246
   -864.92831191
   -864.93114372
   -864.92039959
   -864.92768850
   -864.92615507
   -864.93173538
   -864.93036172
   -864.93061397
   -864.92809592
   -864.93138143
