-0.2576880000
0.5786260000
-0.5246000000
-0.3070360000
0.1860200000
0.4121810000
-0.4847150000
0.2116030000
0.0456090000
-0.1029030000
-0.0875210000
-0.1234130000
-0.0875210000
-0.1029030000
-0.1329940000
0.1472060000
-0.0375080000
0.0763070000
0.5421940000
-0.5439290000
-0.3507590000
0.2132450000
0.2132450000
0.0493430000
0.0730710000
0.0812490000
-0.0104100000
-0.0132340000
0.0154680000
0.0154680000
0.0773160000
0.0805560000
0.0914920000
0.0805560000
0.0773160000
0.0058080000
0.0372260000
-0.0428880000
-0.0428880000
-0.0212030000
-0.0014130000
0.0200760000
0.0200760000
-0.0126220000
-0.0126220000
-0.0126220000
-0.0126220000
-0.0126220000
-0.0126220000
