% The following energies apply to conformations described by the topology 
% R32.top.  Structures are given in trajectory coords.cdf, count: 2092.

% Item 0:
%   Energy -> orca_structures/coor*/Conf*.out
   -919.20674840
   -919.23020893
   -919.24239362
   -919.22284032
   -919.23201586
   -919.20270497
   -919.24638330
   -919.21012137
   -919.21500510
   -919.21459618
   -919.22498992
   -919.24688437
   -919.21914695
   -919.16837976
   -919.21776911
   -919.23941354
   -919.23294730
   -919.20503677
   -919.12905290
   -919.25707966
   -919.24693904
   -919.23747103
   -919.23350637
   -919.23090147
   -919.23781756
   -919.21405689
   -919.25358545
   -919.22853106
   -919.24487106
   -919.21545660
   -919.22395492
   -919.23494904
   -919.21872554
   -919.22879768
   -919.22277269
   -919.24087108
   -919.19202815
   -919.20587453
   -919.20269635
   -919.20502890
   -919.23612596
   -919.13491098
   -919.20847835
   -919.26533452
   -919.21045856
   -919.19462871
   -919.21454085
   -919.20559806
   -919.22644768
   -919.21212110
   -919.21534062
   -919.24801861
   -919.22138850
   -919.23524066
   -919.16172281
   -919.20387863
   -919.22647402
   -919.22774221
   -919.20993704
   -919.20707703
   -919.22667041
   -919.24632003
   -919.24289290
   -919.20834111
   -919.23096679
   -919.19393804
   -919.22674469
   -919.23832671
   -919.23112919
   -919.22893615
   -919.19554701
   -919.19902246
   -919.22917490
   -919.19947208
   -919.22681895
   -919.22764863
   -919.19991098
   -919.22868307
   -919.24497163
   -919.12283714
   -919.21499123
   -919.21922315
   -919.26736587
   -919.22710394
   -919.21762168
   -919.23559069
   -919.10368476
   -919.22325721
   -919.24559985
   -919.21979990
   -919.24131878
   -919.09699603
   -919.20801288
   -919.19750557
   -919.23292501
   -919.20910509
   -919.24381123
   -919.22664393
   -919.21039317
   -919.22556576
   -919.23255389
   -919.22022483
   -919.21074341
   -919.21547249
   -919.10904379
   -919.21075885
   -919.23439624
   -919.23484975
   -919.25476389
   -919.22995307
   -919.21431157
   -919.21796895
   -919.20276264
   -919.24771330
   -919.22717979
   -919.24300359
   -919.23746492
   -919.25891799
   -919.23097155
   -919.19548163
   -919.05967301
   -919.13416332
   -919.20395182
   -919.22544551
   -919.22174611
   -919.25850460
   -919.24094497
   -919.21252442
   -919.14714458
   -919.24801741
   -919.19575487
   -919.22630569
   -919.22131795
   -919.23671551
   -919.21825759
   -919.22024685
   -919.20647070
   -919.21092092
   -919.16049449
   -919.21196790
   -919.24915854
   -919.23277467
   -919.17580388
   -919.24549166
   -919.20582624
   -919.21732679
   -919.21447228
   -919.19238956
   -919.22716772
   -919.25324973
   -919.23679544
   -919.06920535
   -919.14837677
   -919.22319177
   -919.18254637
   -919.23426777
   -919.22670624
   -919.23038639
   -919.22653109
   -919.22901086
   -919.21641770
   -919.23479161
   -919.11916762
   -919.22724858
   -919.23587644
   -919.26521523
   -919.21752269
   -919.24691145
   -919.14434858
   -919.23390688
   -919.23497106
   -919.19023006
   -919.18905968
   -919.23439842
   -919.20876696
   -919.15914675
   -919.22029006
   -919.22835462
   -919.23242164
   -919.19945575
   -919.22213444
   -919.05253357
   -919.22624645
   -919.21734248
   -919.24818724
   -919.21910998
   -919.24305366
   -919.23275479
   -919.24253031
   -919.21116225
   -919.23174215
   -919.24396210
   -919.21754881
   -919.21269191
   -919.21591728
   -919.20859363
   -919.20066335
   -919.23284266
   -919.20284772
   -919.22371023
   -919.24308215
   -919.12221374
   -919.21252365
   -919.23514288
   -919.13961293
   -919.25132026
   -919.25184076
   -919.23817572
   -919.24864923
   -919.24896399
   -919.24291963
   -919.15131432
   -919.22858794
   -919.21179226
   -919.22980110
   -919.24547680
   -919.15529059
   -919.22557704
   -919.23906237
   -919.23459075
   -919.24334116
   -919.20547303
   -919.23087169
   -919.22851149
   -919.19927090
   -919.22204807
   -919.22106938
   -919.24211024
   -919.21493219
   -919.13192294
   -919.23812425
   -919.24818668
   -919.22552550
   -919.23730423
   -919.21522969
   -919.23323967
   -919.23581403
   -919.15323761
   -919.24150958
   -919.19595858
   -919.22433795
   -919.21309644
   -919.22899587
   -919.22395593
   -919.23491944
   -919.23389947
   -919.21863599
   -919.22933504
   -919.21599429
   -919.23142362
   -919.22009032
   -919.24781015
   -919.21884662
   -919.21973924
   -919.24129592
   -919.23242130
   -919.23339973
   -919.23917642
   -919.22469789
   -919.26960152
   -919.21971610
   -919.22452800
   -919.22176558
   -919.23695364
   -919.24678054
   -919.23163804
   -919.23401822
   -919.23011687
   -919.20093260
   -919.24337480
   -919.19330075
   -919.20762760
   -919.20274208
   -919.25752057
   -919.24783608
   -919.24044116
   -919.22276893
   -919.25373787
   -919.24133049
   -919.21012993
   -919.24962794
   -919.22433291
   -919.23151124
   -919.22679207
   -919.24586082
   -919.23459275
   -919.22929517
   -919.22540775
   -919.23220784
   -919.21239484
   -919.16195394
   -919.24481935
   -919.21908905
   -919.24186489
   -919.23692223
   -919.16803231
   -919.25004293
   -919.20865402
   -919.23662674
   -919.17068397
   -919.27359680
   -919.24112026
   -919.19187044
   -919.24574917
   -919.23492218
   -919.20549404
   -919.25420255
   -919.23446629
   -919.24209831
   -919.09093158
   -919.23459628
   -919.23355643
   -919.23981803
   -919.25843290
   -919.22371341
   -919.26086803
   -919.19702422
   -919.21320286
   -919.18479048
   -919.23016663
   -919.22828318
   -919.25411934
   -919.25643570
   -919.22292858
   -919.20455009
   -919.21261596
   -919.25152359
   -919.23550364
   -919.23145069
   -919.23920381
   -919.16729479
   -919.25225670
   -919.23340472
   -919.22873388
   -919.24233960
   -919.20932391
   -919.23428327
   -919.23890796
   -919.25411212
   -919.22517501
   -919.22357684
   -919.15019113
   -919.24035620
   -919.19373561
   -919.24383574
   -919.22580607
   -919.21905035
   -919.22914722
   -919.22432459
   -919.13889677
   -919.25775091
   -919.22780813
   -919.21588400
   -919.21355304
   -919.19623654
   -919.23126472
   -919.25112231
   -919.23229486
   -919.22014208
   -919.21859326
   -919.23524405
   -919.24504707
   -919.23919169
   -919.17328916
   -919.22903610
   -919.24519564
   -919.22205966
   -919.22674711
   -919.24581497
   -919.19158000
   -919.20654149
   -919.24556489
   -919.22656143
   -919.24467017
   -919.21902068
   -919.21346851
   -919.21728764
   -919.22606600
   -919.21102056
   -919.11272064
   -919.18778245
   -919.24899852
   -919.19947909
   -919.25273936
   -919.23228149
   -919.24731048
   -919.22138660
   -919.21305410
   -919.23348535
   -919.10806691
   -919.20621323
   -919.23514735
   -919.22814423
   -919.22584500
   -919.24033861
   -919.13031107
   -919.22734737
   -919.18163765
   -919.15158112
   -919.23458726
   -919.12006578
   -919.21767351
   -919.20274939
   -919.22698162
   -919.17141550
   -919.21264634
   -919.20325691
   -919.11060956
   -919.21230439
   -919.20364278
   -919.15181702
   -919.23285932
   -919.23037832
   -919.20720946
   -919.24688075
   -919.21338772
   -919.25866280
   -919.17893746
   -919.25638158
   -919.20383615
   -919.22744792
   -919.22672179
   -919.22825315
   -919.21664836
   -919.24929885
   -919.22191591
   -919.23575640
   -919.25169500
   -919.22948363
   -919.18921962
   -919.22587181
   -919.23960798
   -919.17401813
   -919.19938062
   -919.22468518
   -919.24403434
   -919.24394127
   -919.23302201
   -919.21843682
   -919.15177965
   -919.21663090
   -919.20200058
   -919.23012593
   -919.21709656
   -919.23387190
   -919.19819872
   -919.25608697
   -919.26100348
   -919.22427953
   -919.21287581
   -919.21123121
   -919.20734729
   -919.22618933
   -919.17197596
   -919.24269325
   -919.24490356
   -919.15290664
   -919.23373595
   -919.23635249
   -919.21724890
   -919.25517046
   -919.22899037
   -919.22485476
   -919.16167902
   -919.13560676
   -919.20024570
   -919.23295288
   -919.21463346
   -919.25177325
   -919.18228999
   -919.17160861
   -919.24285475
   -919.21493377
   -919.26009248
   -919.24134070
   -919.23296872
   -919.25992692
   -919.23994602
   -919.20714965
   -919.23138905
   -919.23380327
   -919.20373074
   -919.23757813
   -919.23583221
   -919.21727299
   -919.22969874
   -919.23977728
   -919.23871815
   -919.26069971
   -919.11749701
   -919.24110111
   -919.22293924
   -919.14590497
   -919.24473228
   -919.21521613
   -919.24153562
   -919.22091865
   -919.24274773
   -919.23493682
   -919.24133053
   -919.20908189
   -919.22426263
   -919.20400381
   -919.18981810
   -919.24932265
   -919.17316670
   -919.24381895
   -919.22103698
   -919.24481296
   -919.17529730
   -919.22067510
   -919.24103301
   -919.17616951
   -919.23268289
   -919.23116118
   -919.22426825
   -919.24940265
   -919.19992975
   -919.23838324
   -919.23157815
   -919.23974064
   -919.24569274
   -919.21792870
   -919.22599136
   -919.19475795
   -919.20629739
   -919.20222150
   -919.18958647
   -919.23698497
   -919.21717988
   -919.22285063
   -919.09362229
   -919.18709258
   -919.23424505
   -919.21475257
   -919.18807960
   -919.25860261
   -919.24011902
   -919.23644084
   -919.22835443
   -919.22152861
   -919.20499465
   -919.24106207
   -919.22634021
   -919.23031038
   -919.23951763
   -919.14006580
   -919.20924283
   -919.22620828
   -919.23076097
   -919.20828419
   -919.21637617
   -919.21325573
   -919.22426830
   -919.13184494
   -919.17182234
   -919.24372868
   -919.20489019
   -919.20769987
   -919.18940127
   -919.20403452
   -919.24823514
   -919.14169908
   -919.21888567
   -919.24145903
   -919.17256722
   -919.21713688
   -919.23369456
   -919.24173514
   -919.25402995
   -919.16439066
   -919.19695072
   -919.22703471
   -919.20432006
   -919.22678566
   -919.24221600
   -919.25495302
   -919.24076534
   -919.23636115
   -919.24020689
   -919.19289135
   -919.25096106
   -919.19785116
   -919.22121365
   -919.21664419
   -919.23500815
   -919.21102180
   -919.22926834
   -919.21500946
   -919.10244134
   -919.23072949
   -919.24719117
   -919.23700055
   -919.21256533
   -919.23386451
   -919.22705389
   -919.23385160
   -919.22942844
   -919.13427108
   -919.24352600
   -919.25159422
   -919.21090631
   -919.21116278
   -919.22380734
   -919.20747535
   -919.21222071
   -919.22588512
   -919.22354366
   -919.23625434
   -919.24314744
   -919.21285767
   -919.24709579
   -919.21894420
   -919.21387698
   -919.22560496
   -919.17014869
   -919.22551508
   -919.23656135
   -919.25090646
   -919.24333744
   -919.22299240
   -919.23917089
   -919.22304467
   -919.23129847
   -919.21700900
   -919.13377743
   -919.20870914
   -919.21756804
   -919.22833773
   -919.26002874
   -919.22571659
   -919.21097724
   -919.24574845
   -919.12943413
   -919.18991732
   -919.24759121
   -919.23251224
   -919.23956151
   -919.22932698
   -919.23368617
   -919.22673342
   -919.24575784
   -919.22177410
   -919.17589428
   -919.24457699
   -919.16605781
   -919.24521695
   -919.24169805
   -919.23775763
   -919.21349735
   -919.20947092
   -919.23595994
   -919.22135827
   -919.22145172
   -919.17400149
   -919.22988485
   -919.24826313
   -919.24306486
   -919.23374468
   -919.24184828
   -919.24143672
   -919.23672345
   -919.22905510
   -919.23108279
   -919.21520290
   -919.22642938
   -919.21258270
   -919.23030459
   -919.21602024
   -919.21551508
   -919.25743416
   -919.23431022
   -919.23706401
   -919.20417669
   -919.20337531
   -919.20690137
   -919.22740867
   -919.23962528
   -919.20457999
   -919.15097753
   -919.24889461
   -919.20105739
   -919.25472646
   -919.23191761
   -919.21177429
   -919.24003441
   -919.24324315
   -919.23167477
   -919.24278831
   -919.22668071
   -919.21852801
   -919.19314097
   -919.24713598
   -919.22650375
   -919.22837205
   -919.25437386
   -919.24300895
   -919.22336228
   -919.23492189
   -919.25003801
   -919.21344796
   -919.23136955
   -919.20199940
   -919.21728756
   -919.23187242
   -919.22410191
   -919.23134536
   -919.22952495
   -919.19548588
   -919.22203442
   -919.22860262
   -919.21683498
   -919.21693725
   -919.24005422
   -919.24342623
   -919.24362096
   -919.23208052
   -919.13894176
   -919.23131900
   -919.21358268
   -919.21634833
   -919.25374122
   -919.24304827
   -919.25283852
   -919.09935778
   -919.23095093
   -919.24123503
   -919.23690284
   -919.24612573
   -919.23318811
   -919.23023042
   -919.24800477
   -919.23465921
   -919.23706977
   -919.22474176
   -919.22926246
   -919.24146775
   -919.24043885
   -919.22869402
   -919.22007487
   -919.24608270
   -919.23686452
   -919.20788664
   -919.22842720
   -919.22649832
   -919.22998865
   -919.22171292
   -919.20061354
   -919.23975552
   -919.24271506
   -919.22528417
   -919.22165779
   -919.24376010
   -919.20624469
   -919.22274352
   -919.21083686
   -919.24013219
   -919.23003762
   -919.18885616
   -919.22765467
   -919.24522735
   -919.24944513
   -919.22546352
   -919.25459963
   -919.24064165
   -919.25742819
   -919.26534848
   -919.20422555
   -919.21872305
   -919.12092108
   -919.20958099
   -919.22650908
   -919.21671571
   -919.24443572
   -919.11120549
   -919.22543093
   -919.21567397
   -919.23521615
   -919.23617781
   -919.21707192
   -919.22557332
   -919.23352455
   -919.24298630
   -919.21317383
   -919.22841213
   -919.22480448
   -919.23263444
   -919.17335615
   -919.23083730
   -919.22677403
   -919.22641303
   -919.24745296
   -919.22599578
   -919.22885873
   -919.23252050
   -919.23372676
   -919.22768587
   -919.16319292
   -919.20685699
   -919.22933705
   -919.20841636
   -919.14627732
   -919.21649421
   -919.22618652
   -919.24277066
   -919.23830321
   -919.21816616
   -919.24208841
   -919.19856326
   -919.19063872
   -919.20400403
   -919.20000050
   -919.13916199
   -919.25547479
   -919.23657467
   -919.20030771
   -919.25488158
   -919.25094869
   -919.23381508
   -919.24267836
   -919.23655556
   -919.21148695
   -919.24938646
   -919.18256514
   -919.14536906
   -919.24068796
   -919.21934573
   -919.19264036
   -919.23139176
   -919.20605142
   -919.21669532
   -919.22052088
   -919.23307884
   -919.23203891
   -919.18714790
   -919.24149810
   -919.11458464
   -919.17117951
   -919.22767772
   -919.21480146
   -919.23772338
   -919.22649715
   -919.23340032
   -919.22448714
   -919.23236849
   -919.20726428
   -919.19084023
   -919.24040748
   -919.17642323
   -919.22294441
   -919.15101074
   -919.23295506
   -919.20257621
   -919.15843053
   -919.19705401
   -919.19621731
   -919.20678044
   -919.21116132
   -919.24401839
   -919.22919321
   -919.25041082
   -919.25417100
   -919.22875929
   -919.20394042
   -919.24068335
   -919.18610150
   -919.15681622
   -919.22650606
   -919.21927836
   -919.22812856
   -919.25689692
   -919.21603467
   -919.23088020
   -919.22172345
   -919.22672429
   -919.20754291
   -919.23038881
   -919.21517782
   -919.24749067
   -919.22683179
   -919.23304688
   -919.22727404
   -919.22973165
   -919.22396137
   -919.23277990
   -919.22034562
   -919.23388423
   -919.24314553
   -919.23340680
   -919.23597171
   -919.21357804
   -919.20778863
   -919.22728951
   -919.20046586
   -919.23968062
   -919.12835423
   -919.12432050
   -919.21693055
   -919.20140257
   -919.19723654
   -919.22581509
   -919.24375122
   -919.24793071
   -919.20159448
   -919.23183620
   -919.24272230
   -919.24518944
   -919.24671672
   -919.21330595
   -919.21599807
   -919.19741527
   -919.22860782
   -919.21509903
   -919.23073351
   -919.23791799
   -919.23113962
   -919.22884716
   -919.21422257
   -919.18246807
   -919.14430114
   -919.22021551
   -919.24301975
   -919.21521453
   -919.22268018
   -919.23908917
   -919.21023050
   -919.23659684
   -919.25927611
   -919.23305850
   -919.13223060
   -919.23205771
   -919.14656569
   -919.24396508
   -919.21033453
   -919.24711345
   -919.22077577
   -919.22065174
   -919.23221986
   -919.20965571
   -919.21555650
   -919.16376051
   -919.16060642
   -919.19974035
   -919.23369044
   -919.18642284
   -919.18836602
   -919.22350827
   -919.18024308
   -919.23823614
   -919.21428423
   -919.22674378
   -919.20198516
   -919.23380829
   -919.23724774
   -919.24108135
   -919.23179457
   -919.24514908
   -919.14292477
   -919.21150118
   -919.21229949
   -919.22447107
   -919.16795035
   -919.14189973
   -919.20182847
   -919.22086152
   -919.23319585
   -919.23206716
   -919.22740632
   -919.20564178
   -919.21672231
   -919.21865956
   -919.16279910
   -919.16068706
   -919.25724200
   -919.25547985
   -919.24249315
   -919.22321998
   -919.20360019
   -919.23770769
   -919.23199980
   -919.18676588
   -919.21906445
   -919.22936967
   -919.11591639
   -919.23764160
   -919.22995118
   -919.15763214
   -919.23206167
   -919.09259716
   -919.23963852
   -919.24945460
   -919.23304992
   -919.23702549
   -919.19612613
   -919.19018362
   -919.21350158
   -919.22592603
   -919.23805736
   -919.23388835
   -919.23862092
   -919.13988658
   -919.19807403
   -919.23546964
   -919.14978071
   -919.22339046
   -919.23338416
   -919.18289283
   -919.20641354
   -919.21922964
   -919.20225044
   -919.07528394
   -919.25330034
   -919.23842065
   -919.22997150
   -919.15719029
   -919.22271210
   -919.19925730
   -919.20050441
   -919.23922101
   -919.22537754
   -919.22347039
   -919.23091311
   -919.20165017
   -919.17254323
   -919.21815064
   -919.21969642
   -919.17580094
   -919.14594413
   -919.21605259
   -919.19405340
   -919.15538037
   -919.20055618
   -919.21151269
   -919.20998897
   -919.22631040
   -919.22105238
   -919.22666191
   -919.11305453
   -919.22544450
   -919.24072890
   -919.20606884
   -919.24375442
   -919.22745329
   -919.20297274
   -919.22435361
   -919.21349107
   -919.22326460
   -919.23903591
   -919.22148353
   -919.21986786
   -919.24876254
   -919.16758047
   -919.23373079
   -919.23482439
   -919.24126181
   -919.24049870
   -919.18242987
   -919.24444346
   -919.21901752
   -919.21918556
   -919.22264115
   -919.17814704
   -919.22789031
   -919.20694035
   -919.14429519
   -919.23175300
   -919.22051866
   -919.22453326
   -919.21587797
   -919.21747675
   -919.23582265
   -919.20984171
   -919.21559420
   -919.21888751
   -919.21122601
   -919.22035533
   -919.21723643
   -919.23497425
   -919.12684525
   -919.13354615
   -919.22669567
   -919.24360257
   -919.22079679
   -919.22807699
   -919.21785627
   -919.23330935
   -919.23665173
   -919.22520781
   -919.24500939
   -919.23282402
   -919.23533962
   -919.21986325
   -919.19367085
   -919.12813635
   -919.19382692
   -919.21618563
   -919.21819791
   -919.23518484
   -919.23997678
   -919.23770436
   -919.18550109
   -919.22061395
   -919.21212338
   -919.22565776
   -919.20107307
   -919.23319995
   -919.18938293
   -919.22484999
   -919.19258287
   -919.20449560
   -919.24865437
   -919.23670876
   -919.24863114
   -919.24103510
   -919.24675722
   -919.22529512
   -919.22162263
   -919.24054718
   -919.15057219
   -919.24745953
   -919.16120381
   -919.23365122
   -919.25148803
   -919.20412332
   -919.19751598
   -919.23719291
   -919.23196722
   -919.22388427
   -919.21251865
   -919.20719369
   -919.20688969
   -919.21753172
   -919.20951812
   -919.23571824
   -919.22571847
   -919.24611993
   -919.23516475
   -919.22791946
   -919.10510751
   -919.23111755
   -919.19341872
   -919.19722755
   -919.22512314
   -919.23904505
   -919.23042883
   -919.19918533
   -919.22315752
   -919.24385191
   -919.22973706
   -919.23879453
   -919.26020183
   -919.22375105
   -919.24110944
   -919.25956028
   -919.19789518
   -919.22785726
   -919.23840886
   -919.24332887
   -919.23414123
   -919.16935631
   -919.22832184
   -919.22763672
   -919.20251071
   -919.20451751
   -919.23092126
   -919.22256454
   -919.21262754
   -919.22628699
   -919.21867953
   -919.22725799
   -919.16047095
   -919.19660016
   -919.23148006
   -919.22471603
   -919.20249285
   -919.24072997
   -919.23590252
   -919.22826067
   -919.23887788
   -919.19254372
   -919.21449448
   -919.24405096
   -919.24449145
   -919.21470912
   -919.24641202
   -919.19702908
   -919.22912281
   -919.22645170
   -919.22507633
   -919.21062507
   -919.24510016
   -919.23576767
   -919.22662192
   -919.19502904
   -919.25686634
   -919.15101155
   -919.22962486
   -919.23420427
   -919.24805553
   -919.17035037
   -919.23101776
   -919.22159641
   -919.21087688
   -919.19776826
   -919.20880913
   -919.22100549
   -919.11991682
   -919.23807990
   -919.26130752
   -919.24140614
   -919.24456134
   -919.20413758
   -919.23828227
   -919.25038301
   -919.21203873
   -919.20054061
   -919.22528215
   -919.22124585
   -919.22773240
   -919.24401289
   -919.20107335
   -919.23552569
   -919.13711231
   -919.22322490
   -919.17207583
   -919.19935398
   -919.23406393
   -919.22417007
   -919.24188726
   -919.25860503
   -919.21615114
   -919.23990639
   -919.21401307
   -919.21711008
   -919.23513444
   -919.23523928
   -919.22785345
   -919.26103714
   -919.25227762
   -919.21795754
   -919.21434115
   -919.23530089
   -919.19561881
   -919.21499134
   -919.22625881
   -919.23463688
   -919.23477337
   -919.22282289
   -919.25832246
   -919.22605515
   -919.21053401
   -919.23376981
   -919.23938805
   -919.18634371
   -919.19879986
   -919.20425067
   -919.24438978
   -919.19477483
   -919.20929178
   -919.22930790
   -919.19674808
   -919.21556457
   -919.23698582
   -919.23476031
   -919.21808508
   -919.20197807
   -919.22787294
   -919.16999167
   -919.23090960
   -919.22989890
   -919.24105257
   -919.22390946
   -919.20200888
   -919.25227319
   -919.22038808
   -919.22632787
   -919.22612574
   -919.25728608
   -919.21910912
   -919.15669202
   -919.23233293
   -919.24741831
   -919.22177577
   -919.22666315
   -919.23325020
   -919.24932418
   -919.23329635
   -919.24298536
   -919.23325165
   -919.26390412
   -919.22849626
   -919.23611379
   -919.23778269
   -919.22191983
   -919.13775311
   -919.19436742
   -919.24709648
   -919.23672995
   -919.22491026
   -919.23080185
   -919.20653973
   -919.23474364
   -919.24425960
   -919.22786389
   -919.11978299
   -919.22272759
   -919.21740345
   -919.21353445
   -919.23895750
   -919.23733600
   -919.26477074
   -919.22100001
   -919.12087313
   -919.23520166
   -919.22433570
   -919.19695476
   -919.21374149
   -919.22670470
   -919.26177087
   -919.22508984
   -919.25233290
   -919.20173747
   -919.19244926
   -919.22035472
   -919.21152470
   -919.21734137
   -919.14620608
   -919.22501429
   -919.24323177
   -919.23335531
   -919.23971835
   -919.23294089
   -919.23477068
   -919.25404486
   -919.24546884
   -919.24232385
   -919.24931176
   -919.18262426
   -919.23224675
   -919.20654349
   -919.21019273
   -919.22379485
   -919.23339750
   -919.23043637
   -919.21280478
   -919.22835827
   -919.21031197
   -919.07062535
   -919.19073669
   -919.22856444
   -919.20873728
   -919.21153003
   -919.24756225
   -919.22536756
   -919.22574384
   -919.23597015
   -919.24744693
   -919.18177977
   -919.15837427
   -919.24759619
   -919.21991746
   -919.20216190
   -919.23244011
   -919.23840340
   -919.24497191
   -919.21074191
   -919.21651521
   -919.22973279
   -919.23428380
   -919.23479337
   -919.21032434
   -919.23750393
   -919.18592228
   -919.19996171
   -919.23861863
   -919.23933197
   -919.25437667
   -919.19062384
   -919.23871783
   -919.21203004
   -919.20619876
   -919.22481298
   -919.12775198
   -919.21284052
   -919.21300728
   -919.23536568
   -919.13444792
   -919.25227334
   -919.21676065
   -919.22573592
   -919.24575501
   -919.25073821
   -919.23419635
   -919.24013470
   -919.14127824
   -919.21911486
   -919.23574336
   -919.22691119
   -919.23847655
   -919.18934683
   -919.24829200
   -919.23868387
   -919.23591048
   -919.24742194
   -919.25098392
   -919.11719326
   -919.22421010
   -919.23083606
   -919.21981001
   -919.15549155
   -919.21418611
   -919.19824925
   -919.24649150
   -919.26628490
   -919.24945515
   -919.24623057
   -919.24632375
   -919.24142026
   -919.24442460
   -919.23781610
   -919.23419331
   -919.22705251
   -919.16660635
   -919.18589385
   -919.24045065
   -919.18894774
   -919.21631284
   -919.13358559
   -919.16795843
   -919.22987325
   -919.24708263
   -919.22890550
   -919.21631698
   -919.22897165
   -919.20830313
   -919.22471841
   -919.24350582
   -919.24792503
   -919.10743837
   -919.13214943
   -919.21785473
   -919.22872703
   -919.23437205
   -919.23418714
   -919.24707513
   -919.23503390
   -919.24009219
   -919.22333196
   -919.22381037
   -919.22177488
   -919.23160695
   -919.21168683
   -919.22295870
   -919.14972424
   -919.21158139
   -919.22590309
   -919.21202505
   -919.22713007
   -919.22549990
   -919.22460030
   -919.21591982
   -919.22471225
   -919.21995543
   -919.25368638
   -919.21530006
   -919.22242325
   -919.23638110
   -919.23483666
   -919.22722916
   -919.12286900
   -919.26884773
   -919.23008062
   -919.21432274
   -919.21611707
   -919.22605877
   -919.23874822
   -919.20819077
   -919.19695617
   -919.20150054
   -919.17628277
   -919.18050832
   -919.23926681
   -919.21956524
   -919.23669133
   -919.23993985
   -919.24186943
   -919.21798362
   -919.23727224
   -919.22506889
   -919.25062743
   -919.25032894
   -919.21636456
   -919.23691419
   -919.25533999
   -919.21765965
   -919.22291339
   -919.08545275
   -919.15441180
   -919.19683002
   -919.19931902
   -919.18757999
   -919.21349297
   -919.23604019
   -919.18750298
   -919.22239691
   -919.21708882
   -919.22927634
   -919.24246423
   -919.23726979
   -919.10066374
   -919.23178318
   -919.26120855
   -919.23858546
   -919.23574600
   -919.20242692
   -919.23413030
   -919.23066227
   -919.26393973
   -919.20982773
   -919.19045531
   -919.25055112
   -919.21553766
   -919.13979885
   -919.22164806
   -919.24902314
   -919.24057272
   -919.23220274
   -919.24283944
   -919.22611001
   -919.20854257
   -919.22231759
   -919.23524843
   -919.23053988
   -919.23825971
   -919.20028437
   -919.23005881
   -919.20591792
   -919.22075506
   -919.22151615
   -919.26643683
   -919.23256858
   -919.23419690
   -919.22167990
   -919.21898902
   -919.23697119
   -919.22013364
   -919.17220187
   -919.23329029
   -919.21457864
   -919.22023310
   -919.24327200
   -919.23942153
   -919.19785115
   -919.22330813
   -919.22414436
   -919.21869629
   -919.24318247
   -919.22115618
   -919.14554447
   -919.22155333
   -919.23288904
   -919.20575587
   -919.19820687
   -919.24276751
   -919.24548329
   -919.20228636
   -919.22666678
   -919.22707771
   -919.22811804
   -919.23446814
   -919.16338534
   -919.22829572
   -919.20568359
   -919.24093906
   -919.13888249
   -919.13700958
   -919.23161166
   -919.24343014
   -919.21951925
   -919.22398799
   -919.20198866
   -919.23403542
   -919.22373355
   -919.23561573
   -919.22480675
   -919.25146995
   -919.25142510
   -919.23564969
   -919.23580602
   -919.23952101
   -919.18649120
   -919.17535461
   -919.10312927
   -919.22286235
   -919.21989522
   -919.23547141
   -919.22362790
   -919.20691837
   -919.23436747
   -919.19518750
   -919.22366709
   -919.22326815
   -919.20551817
   -919.21906423
   -919.24515850
   -919.25296855
   -919.25094931
   -919.15644881
   -919.24265815
   -919.22220531
   -919.23345125
   -919.10246954
   -919.24088783
   -919.24087953
   -919.23172582
   -919.21946053
   -919.22448141
   -919.11830414
   -919.20493053
   -919.17756601
   -919.23234944
   -919.19988002
   -919.22444249
   -919.26272064
   -919.22436777
   -919.24626483
   -919.21385374
   -919.11185539
   -919.20383914
   -919.26395334
   -919.20686129
   -919.22388298
   -919.23233663
   -919.11897219
   -919.12048057
   -919.22267883
   -919.22750250
   -919.11969130
   -919.25502400
   -919.24093017
   -919.24845218
   -919.26235365
   -919.19419811
   -919.23073020
   -919.21130426
   -919.21742913
   -919.26962222
   -919.22015298
   -919.21355045
   -919.22443400
   -919.24662458
   -919.21483106
   -919.22112376
   -919.23149405
   -919.22022794
   -919.20446899
   -919.21679020
   -919.12293167
   -919.23285193
   -919.22594683
   -919.20807119
   -919.23257508
   -919.24089197
   -919.20331554
   -919.24901051
   -919.23299813
   -919.20228737
   -919.24212798
   -919.23387305
   -919.23195861
   -919.21535604
   -919.23289972
   -919.13315998
   -919.21373470
   -919.23577529
   -919.17435218
   -919.21606748
   -919.23496222
   -919.21927246
   -919.26351887
   -919.22624587
   -919.20622108
   -919.21530790
   -919.22266830
   -919.20944169
   -919.22550591
   -919.19130629
   -919.23352466
   -919.14590215
   -919.23517982
   -919.23475006
   -919.25030511
   -919.22827548
   -919.26549323
   -919.21214183
   -919.22075994
   -919.19462483
   -919.23949578
   -919.23145676
   -919.20838275
   -919.18364340
   -919.18278926
   -919.20494572
   -919.23202619
   -919.24033064
   -919.20330467
   -919.21787369
   -919.22702998
   -919.23293936
   -919.20928503
   -919.23227317
   -919.13108938
   -919.21618984
   -919.23323119
   -919.21173645
   -919.24477066
   -919.17759009
   -919.18844309
   -919.22552195
   -919.23930253
   -919.23013519
   -919.20245234
   -919.24490376
   -919.24016726
   -919.24471451
   -919.19763637
   -919.21017130
   -919.23259012
   -919.23612522
   -919.24073641
   -919.19618249
   -919.25473341
   -919.11832104
   -919.23562115
   -919.22406597
   -919.21063273
   -919.23552281
   -919.20944714
   -919.13469043
   -919.21138836
   -919.21032583
   -919.25455281
   -919.26050812
   -919.22276687
   -919.23838327
   -919.22264753
   -919.24437768
   -919.21959431
   -919.20952743
   -919.22704836
   -919.17227095
   -919.22328341
   -919.23847895
   -919.25343472
   -919.19313736
   -919.19934283
   -919.20813344
   -919.24476223
   -919.23195278
   -919.21033005
   -919.23199400
   -919.24146177
   -919.23847270
   -919.22071392
   -919.24635518
   -919.24016777
   -919.21363397
   -919.22300639
   -919.21448546
   -919.25013238
   -919.24713189
   -919.12762498
   -919.16904606
   -919.15959717
   -919.25273639
   -919.24083128
   -919.22187000
   -919.23162360
   -919.23261880
   -919.24403349
   -919.22773203
   -919.24568773
   -919.19556481
   -919.21405663
   -919.22214050
   -919.21240252
   -919.10619240
   -919.20662902
   -919.24007442
   -919.23216441
   -919.20323034
   -919.20013478
   -919.14980075
   -919.23444952
   -919.23339854
   -919.20699524
   -919.14235562
   -919.19946298
   -919.19320030
   -919.25066440
   -919.24934373
   -919.22068806
   -919.24794812
   -919.23116691
   -919.23875240
   -919.23405655
   -919.24465891
   -919.22059183
   -919.21942003
   -919.25938960
   -919.21812744
   -919.06523509
   -919.24481323
   -919.20251177
   -919.23508138
   -919.21525672
   -919.22184735
   -919.18601625
   -919.22088097
   -919.25078897
   -919.24191725
   -919.16744262
   -919.23133390
   -919.21170493
   -919.22167040
   -919.15228410
   -919.23458922
   -919.24868205
   -919.23230463
   -919.22875641
   -919.18755197
   -919.21169820
   -919.17695533
   -919.22493323
   -919.20659711
   -919.25402868
   -919.22958911
   -919.14506013
   -919.24567183
   -919.23891336
   -919.23046688
   -919.25005434
   -919.22142050
   -919.10767841
   -919.22182629
   -919.21450459
   -919.25731475
   -919.19910332
   -919.22843114
   -919.20655845
   -919.23526162
   -919.22629852
   -919.23920528
   -919.25037978
   -919.21188200
   -919.24460741
   -919.24927500
   -919.21777022
   -919.23269006
   -919.21209947
   -919.20362556
   -919.24412276
   -919.14458044
   -919.20802472
   -919.22284606
   -919.24011006
   -919.24412896
   -919.21770167
   -919.23719540
   -919.22034655
   -919.19605478
   -919.19793270
   -919.23590721
   -919.24753540
   -919.22908302
   -919.23270805
   -919.24981209
   -919.20350847
   -919.23885207
   -919.23131865
   -919.22509575
   -919.24278889
   -919.20546781
   -919.23607122
   -919.24598585
   -919.25129228
   -919.10196865
   -919.23185761
   -919.23956348
   -919.22489453
   -919.25928332
   -919.21280035
   -919.21181964
   -919.09756426
   -919.25903455
   -919.21936872
   -919.18860297
   -919.23323186
   -919.23645077
   -919.21828445
   -919.25509802
   -919.22378573
   -919.20021416
   -919.23816490
   -919.17493807
   -919.26931471
   -919.24385575
   -919.20980188
   -919.26470457
   -919.19220376
   -919.24072848
   -919.21276194
   -919.22282094
   -919.20975977
   -919.21064467
   -919.24906539
   -919.21898510
   -919.22845709
   -919.21946827
   -919.22285112
   -919.24209705
   -919.22429570
   -919.22978353
   -919.11736936
   -919.24469375
   -919.24510583
   -919.23007266
   -919.21930284
   -919.18937638
   -919.23363263
   -919.22202500
   -919.19901273
   -919.23215133
   -919.21052445
   -919.23284726
   -919.22310305
   -919.25069973
   -919.21122287
   -919.24671955
   -919.23322466
   -919.18401763
   -919.23600781
   -919.23413180
   -919.23509726
   -919.23901239
   -919.20721023
   -919.14925335
   -919.21184944
   -919.23601820
   -919.18490937
   -919.21740692
   -919.23102993
   -919.20893222
   -919.17145452
   -919.24311924
   -919.20095657
   -919.23691830
   -919.23248665
   -919.23331722
   -919.16419482
   -919.24222114
   -919.25949168
   -919.22713912
   -919.15096966
   -919.21721517
   -919.22892458
   -919.21980127
   -919.14432507
   -919.17269553
   -919.22363430
   -919.23975308
   -919.16850701
   -919.19906573
   -919.23445669
   -919.21119279
   -919.23947537
   -919.17317414
   -919.19592228
   -919.23168231
   -919.21695563
   -919.21512181
   -919.21635699
   -919.23332305
   -919.22382047
   -919.18537322
   -919.24512014
   -919.22237784
   -919.25605037
   -919.22017119
   -919.22609482
   -919.23684158
   -919.21396009
   -919.20815326
   -919.09839177
   -919.21388585
   -919.24631837
   -919.20836741
   -919.22867148
   -919.25714012
   -919.23113563
   -919.24396437
   -919.23126341
   -919.19223494
   -919.20896300
   -919.21571966
   -919.21183612
   -919.21800886
   -919.23177336
   -919.23178731
   -919.22677391
   -919.23421050
   -919.21377358
   -919.25243769
   -919.20769439
   -919.24177072
   -919.21591818
   -919.23725396
   -919.22961267
   -919.23844405
   -919.17293083
   -919.24837795
   -919.20149649
   -919.24300636
   -919.21684482
   -919.21655454
   -919.21852145
   -919.24595801
   -919.21091519
   -919.25332403
   -919.24192725
   -919.24355866
   -919.23890250
   -919.20244057
   -919.23712062
   -919.23025471
   -919.20327702
   -919.11335935
   -919.22451530
   -919.24834363
   -919.22328811
   -919.22258527
   -919.24721518
   -919.22382456
   -919.24177524
   -919.20362271
   -919.09428592
   -919.20807958
   -919.20589174
   -919.14790845
   -919.20601626
   -919.24841017
   -919.23370045
   -919.21553808
   -919.21063930
   -919.23486799
   -919.19754003
   -919.26321212
   -919.24052602
   -919.19086525
   -919.22025554
   -919.21005298
   -919.22478882
   -919.22037157
   -919.21887652
   -919.23654158
   -919.20837073
   -919.19429982
   -919.21763585
   -919.23487607
   -919.24475169
   -919.24234307
   -919.25350823
   -919.20494112
   -919.24851690
   -919.24062835
   -919.25269128
   -919.24786692
   -919.22546646
   -919.25447014
   -919.18549195
   -919.22010410
   -919.14011858
   -919.22023447
   -919.22700729
   -919.23886153
   -919.15002310
   -919.23633833
   -919.22854642
   -919.24431597
   -919.24415542
   -919.21829492
   -919.22270844
