% The following energies apply to conformations described by the topology 
% R32_iter1.top.  Structures are given in trajectory coords.cdf, count: 116.

% Item 0:
%   Energy -> orca_structures/coor*/NConf*.out
   -919.27180589
   -919.27702427
   -919.26890730
   -919.27336681
   -919.26396241
   -919.27510771
   -919.27297519
   -919.27405086
   -919.27059207
   -919.27515894
   -919.27398010
   -919.27451592
   -919.27316736
   -919.27613698
   -919.26967941
   -919.27764320
   -919.26928227
   -919.27600583
   -919.26849088
   -919.27187392
   -919.27406517
   -919.26956383
   -919.27265006
   -919.26919532
   -919.27835394
   -919.26460897
   -919.27766757
   -919.27232519
   -919.26798868
   -919.27471393
   -919.27466464
   -919.27328287
   -919.27537707
   -919.27520205
   -919.26475728
   -919.27546741
   -919.26803654
   -919.26953816
   -919.27578173
   -919.26985245
   -919.27684776
   -919.27086957
   -919.27004835
   -919.27411116
   -919.27016879
   -919.27190205
   -919.27553880
   -919.27446699
   -919.27758617
   -919.26441341
   -919.27158508
   -919.26879900
   -919.26785020
   -919.26915591
   -919.26851532
   -919.27001774
   -919.26401609
   -919.27455397
   -919.27537041
   -919.27074471
   -919.27288838
   -919.27716150
   -919.26851209
   -919.26800265
   -919.26787485
   -919.27423539
   -919.26465928
   -919.27645828
   -919.26458043
   -919.27259431
   -919.26890365
   -919.26770021
   -919.27401505
   -919.26432595
   -919.27229931
   -919.27205106
   -919.26416761
   -919.27573713
   -919.27152384
   -919.26392840
   -919.27219545
   -919.27455000
   -919.26946065
   -919.26687271
   -919.26907768
   -919.26404461
   -919.26838314
   -919.27077252
   -919.27224263
   -919.27254912
   -919.26822334
   -919.27165366
   -919.26875298
   -919.27506504
   -919.27303991
   -919.27308286
   -919.27769908
   -919.27558006
   -919.27194360
   -919.27200170
   -919.27721141
   -919.26821778
   -919.27421674
   -919.26989683
   -919.26800680
   -919.26985680
   -919.27507238
   -919.26840524
   -919.27500929
   -919.27241296
   -919.26878458
   -919.26789777
   -919.27352378
   -919.27588612
   -919.27360557
   -919.27483186
