           1           2  0.99558674219401355     
           2           3   1.0065621868334633     
           2           4   1.2449861369934776     
           2           5  0.19442364385807856     
           4           5   1.6663051220540788     
           4           6  0.94825766864847350     
           6           7   1.0144316268444391     
           7           8   1.0095176059750428     
           7           9  0.98762054252681197     
           9          10   1.0054504846955303     
          10          11   1.4056536737533003     
          11          12   1.4507101581888777     
          10          13  0.10918318461436713     
          12          13   1.4321483556101842     
          11          14  0.11040940427092570     
          13          14   1.4427883170723839     
          10          15   1.3754466485330386     
          14          15   1.3983597716072602     
          15          16  0.95282196012979747     
           1          17  0.97785177811504154     
           1          18  0.97211634451591178     
           1          19  0.97726299465313937     
           3          20  0.98061520113486123     
           3          21  0.97271956519050828     
           3          22  0.97830481977866668     
           6          23  0.95259450805695767     
           6          24  0.95869369115828396     
           8          25  0.98210974068519985     
           8          26  0.98236284772419569     
           8          27  0.97411891152653263     
           9          28  0.96303560353619921     
           9          29  0.96107766240382464     
          11          30  0.96788733668659210     
          12          31  0.97027532655879645     
          13          32  0.97069131381768425     
          14          33  0.96741484558776891     
