% The following energies apply to conformations described by the topology 
% R36_iter1.top.  Structures are given in trajectory coords.cdf, count: 89.

% Item 0:
%   Energy -> orca_structures/coor*/NConf*.out
   -613.40351963
   -613.40101839
   -613.39941637
   -613.40089424
   -613.40133938
   -613.39910474
   -613.40035179
   -613.39978128
   -613.39798884
   -613.39808973
   -613.39772134
   -613.39001758
   -613.40093696
   -613.40207732
   -613.39784118
   -613.39431268
   -613.39910129
   -613.39868108
   -613.40068955
   -613.40366066
   -613.39544620
   -613.40185049
   -613.40054760
   -613.39243467
   -613.40096905
   -613.40313629
   -613.39780260
   -613.39112814
   -613.40163701
   -613.40148157
   -613.39523340
   -613.40106530
   -613.39639876
   -613.39517728
   -613.39120276
   -613.40179468
   -613.40079080
   -613.39505929
   -613.40285696
   -613.40039886
   -613.39607423
   -613.39698196
   -613.40284117
   -613.39637950
   -613.40060320
   -613.39610143
   -613.40260769
   -613.39516300
   -613.39995315
   -613.39817565
   -613.39628103
   -613.40081101
   -613.40132689
   -613.40046647
   -613.39466433
   -613.40147010
   -613.40190674
   -613.40104575
   -613.39512529
   -613.39948092
   -613.39964158
   -613.39870388
   -613.40023589
   -613.40309311
   -613.40025093
   -613.39519258
   -613.39905094
   -613.40039638
   -613.39955671
   -613.40154824
   -613.40122397
   -613.39920609
   -613.39781073
   -613.40007762
   -613.39627699
   -613.39314257
   -613.40118241
   -613.39463275
   -613.40021006
   -613.40265207
   -613.39853065
   -613.40268171
   -613.40298765
   -613.40055046
   -613.39477317
   -613.40265170
   -613.39548815
   -613.39999349
   -613.39785373
