% The following energies apply to conformations described by the topology 
% R57_iter1.top.  Structures are given in trajectory coords.cdf, count: 185.

% Item 0:
%   Energy -> orca_structures/coor*/NConf*.out
   -808.62852211
   -808.61821345
   -808.62546568
   -808.61143716
   -808.61806127
   -808.62518469
   -808.61091866
   -808.61325056
   -808.62109898
   -808.62806658
   -808.62751689
   -808.61647536
   -808.60789382
   -808.62445187
   -808.61251277
   -808.62726493
   -808.61455374
   -808.61417935
   -808.62213203
   -808.60652809
   -808.62965556
   -808.61760363
   -808.62768717
   -808.61186449
   -808.61144153
   -808.60941230
   -808.61868155
   -808.61603054
   -808.62650076
   -808.62148800
   -808.62511061
   -808.60982210
   -808.61674659
   -808.61893736
   -808.62507327
   -808.62043444
   -808.62453135
   -808.61304155
   -808.61297172
   -808.63022900
   -808.62056360
   -808.61666143
   -808.61269909
   -808.62830343
   -808.62578592
   -808.63099479
   -808.62271656
   -808.62656986
   -808.62813148
   -808.62070638
   -808.62741566
   -808.62293085
   -808.61842491
   -808.63303532
   -808.62492532
   -808.61790325
   -808.61129123
   -808.61311072
   -808.62434136
   -808.62265210
   -808.62510821
   -808.61855288
   -808.62545890
   -808.62598073
   -808.61516172
   -808.62754109
   -808.62305251
   -808.62348297
   -808.62383063
   -808.62706147
   -808.62518821
   -808.62930796
   -808.62549494
   -808.61906920
   -808.62500282
   -808.60825969
   -808.61404099
   -808.62794443
   -808.60857916
   -808.62592459
   -808.61435822
   -808.63276963
   -808.61116906
   -808.61073785
   -808.62533402
   -808.62811129
   -808.62153671
   -808.61624733
   -808.63218539
   -808.61330048
   -808.63026562
   -808.62331417
   -808.62284451
   -808.60878359
   -808.62183975
   -808.62493047
   -808.62361086
   -808.62816368
   -808.61435959
   -808.61368816
   -808.61685309
   -808.61842098
   -808.61920183
   -808.61766370
   -808.62877375
   -808.62517591
   -808.60734775
   -808.62481136
   -808.62054011
   -808.62127306
   -808.62530073
   -808.63253012
   -808.62417456
   -808.62363969
   -808.61407801
   -808.62769863
   -808.61314007
   -808.62485080
   -808.62779480
   -808.61040797
   -808.61599945
   -808.61450123
   -808.62739247
   -808.61229052
   -808.62791319
   -808.61783438
   -808.62545225
   -808.61875329
   -808.62475947
   -808.62617338
   -808.62356672
   -808.62354112
   -808.62074679
   -808.63235509
   -808.62482449
   -808.61383791
   -808.61637950
   -808.60852525
   -808.61349917
   -808.61552844
   -808.62623183
   -808.61688764
   -808.61867641
   -808.61360273
   -808.60791115
   -808.62427254
   -808.62488162
   -808.62837057
   -808.61303656
   -808.61888625
   -808.62560815
   -808.61367153
   -808.61885046
   -808.62694444
   -808.62321439
   -808.60774769
   -808.62551746
   -808.62408925
   -808.62733823
   -808.62359976
   -808.61239862
   -808.62126440
   -808.62991707
   -808.61258158
   -808.62723270
   -808.61614332
   -808.62635872
   -808.62033668
   -808.63037719
   -808.61965201
   -808.62064382
   -808.63137850
   -808.62635404
   -808.62141451
   -808.62202297
   -808.61826465
   -808.62610485
   -808.61736902
   -808.61251220
   -808.62310128
   -808.60900740
   -808.60348839
   -808.63193791
   -808.61137511
   -808.62792526
