% The following energies apply to conformations described by the topology 
% R34_iter1.top.  Structures are given in trajectory coords.cdf, count: 113.

% Item 0:
%   Energy -> orca_structures/coor*/NConf*.out
   -996.62758579
   -996.62952705
   -996.62837123
   -996.62682712
   -996.62683620
   -996.62300408
   -996.62273502
   -996.62758432
   -996.62137308
   -996.61202745
   -996.62175915
   -996.62709505
   -996.62289515
   -996.62291507
   -996.62264444
   -996.62289064
   -996.62283696
   -996.61523014
   -996.62226310
   -996.62905100
   -996.62144231
   -996.62108060
   -996.62925319
   -996.62344324
   -996.62133869
   -996.62263250
   -996.62883561
   -996.62149040
   -996.62851271
   -996.62077802
   -996.62232260
   -996.62169009
   -996.62238067
   -996.62671793
   -996.62223149
   -996.62919479
   -996.61789883
   -996.62254971
   -996.62248554
   -996.62474509
   -996.62392120
   -996.61596280
   -996.62102285
   -996.62230156
   -996.62224213
   -996.62176809
   -996.62897567
   -996.60961836
   -996.62312571
   -996.62258955
   -996.62111352
   -996.62187209
   -996.62240865
   -996.62636283
   -996.62261207
   -996.62064420
   -996.61563904
   -996.62234820
   -996.62079865
   -996.62567765
   -996.60953971
   -996.62670721
   -996.62554978
   -996.62253025
   -996.62220721
   -996.62194323
   -996.62822256
   -996.62222461
   -996.62254062
   -996.62874360
   -996.61735303
   -996.62224841
   -996.61754294
   -996.61534795
   -996.62123328
   -996.62141821
   -996.62075577
   -996.62372445
   -996.62677866
   -996.61550516
   -996.61536754
   -996.61749319
   -996.62134139
   -996.62133351
   -996.62263433
   -996.61529878
   -996.62128178
   -996.62896279
   -996.62382480
   -996.61918520
   -996.62810880
   -996.62231949
   -996.62269160
   -996.62872830
   -996.62805382
   -996.61550812
   -996.62661486
   -996.62328980
   -996.61994740
   -996.62183391
   -996.62196471
   -996.61723744
   -996.62885080
   -996.62143973
   -996.62793330
   -996.62103705
   -996.62885415
   -996.62281947
   -996.62177025
   -996.62338527
   -996.62198563
   -996.62238645
   -996.62376047
