% The following energies apply to conformations described by the topology 
% R34.top.  Structures are given in trajectory coords.cdf, count: 2134.

% Item 0:
%   Energy -> orca_structures/coor*/Conf*.out
   -996.54052712
   -996.56864699
   -996.55984938
   -996.55649790
   -996.57360911
   -996.53668752
   -996.57992755
   -996.57667913
   -996.54368302
   -996.56367548
   -996.54577502
   -996.57331615
   -996.53429910
   -996.55549465
   -996.53296663
   -996.56412706
   -996.57184852
   -996.57974637
   -996.56119114
   -996.54589828
   -996.57457821
   -996.57034512
   -996.57867653
   -996.50541914
   -996.56634984
   -996.52932773
   -996.53943765
   -996.53274617
   -996.49673985
   -996.58093278
   -996.55047434
   -996.58412754
   -996.54596816
   -996.54598643
   -996.54276105
   -996.51128529
   -996.55673626
   -996.56157052
   -996.55807912
   -996.56705921
   -996.52316920
   -996.51983218
   -996.55005624
   -996.56294579
   -996.54310497
   -996.53447988
   -996.53798564
   -996.54687120
   -996.55693501
   -996.57422667
   -996.56348475
   -996.54919228
   -996.56748013
   -996.55433008
   -996.52384897
   -996.55935195
   -996.56490677
   -996.57145557
   -996.56408713
   -996.55598466
   -996.56776926
   -996.55103294
   -996.57978513
   -996.55773407
   -996.55395633
   -996.54156374
   -996.53874917
   -996.54486707
   -996.56864695
   -996.52488500
   -996.52773471
   -996.53623138
   -996.54889615
   -996.54975093
   -996.55187050
   -996.54566502
   -996.56321513
   -996.56563505
   -996.55695737
   -996.55035160
   -996.56738070
   -996.56901514
   -996.54381728
   -996.56728898
   -996.57699552
   -996.55120190
   -996.54442370
   -996.52484326
   -996.55741837
   -996.55920333
   -996.56703076
   -996.54383097
   -996.57310344
   -996.56766962
   -996.55039216
   -996.54137463
   -996.53422570
   -996.54011086
   -996.56336623
   -996.52971842
   -996.53190645
   -996.53866834
   -996.54900126
   -996.56480889
   -996.55494949
   -996.56077049
   -996.55486123
   -996.57751469
   -996.54840338
   -996.55201058
   -996.53663886
   -996.55512480
   -996.56075947
   -996.57391512
   -996.53337353
   -996.48530842
   -996.60048735
   -996.55424674
   -996.56737198
   -996.57246482
   -996.54684727
   -996.53924994
   -996.56298256
   -996.56792403
   -996.56646595
   -996.56180149
   -996.55126149
   -996.55639877
   -996.55893774
   -996.54379274
   -996.52736284
   -996.57373842
   -996.53206588
   -996.55316732
   -996.59190511
   -996.56175602
   -996.55502694
   -996.57098579
   -996.58315841
   -996.52272734
   -996.54521247
   -996.54083867
   -996.56523766
   -996.54228992
   -996.54130814
   -996.56010306
   -996.56742945
   -996.55855337
   -996.54097194
   -996.53437502
   -996.56846978
   -996.54401323
   -996.53455970
   -996.57049394
   -996.54574576
   -996.58197819
   -996.55581270
   -996.54274172
   -996.57239662
   -996.55751349
   -996.55612968
   -996.54309850
   -996.55520773
   -996.57615286
   -996.52968005
   -996.57409505
   -996.53877451
   -996.56254763
   -996.56839343
   -996.54208408
   -996.55307127
   -996.55445337
   -996.55023962
   -996.56082509
   -996.54158410
   -996.56582625
   -996.52905681
   -996.54768088
   -996.56467886
   -996.55921826
   -996.55739025
   -996.53936091
   -996.52994933
   -996.58804303
   -996.49750529
   -996.56626517
   -996.58609909
   -996.54873634
   -996.57200500
   -996.54871514
   -996.53854680
   -996.55289972
   -996.56700536
   -996.54277345
   -996.58035001
   -996.56086388
   -996.51802459
   -996.52039767
   -996.56108817
   -996.51049224
   -996.54185540
   -996.53432754
   -996.54539146
   -996.57811181
   -996.54826698
   -996.56922920
   -996.55438068
   -996.58327780
   -996.57352378
   -996.57466308
   -996.56139054
   -996.55052788
   -996.55018797
   -996.51969609
   -996.54317550
   -996.55331742
   -996.53789003
   -996.53743566
   -996.55002930
   -996.57431875
   -996.56905649
   -996.53354516
   -996.57735825
   -996.55982803
   -996.54888619
   -996.55620369
   -996.58221011
   -996.51767660
   -996.55398118
   -996.55299388
   -996.56276847
   -996.58436598
   -996.57317361
   -996.56083833
   -996.57890510
   -996.54300469
   -996.56425007
   -996.53156317
   -996.54186477
   -996.56158076
   -996.56992749
   -996.53700824
   -996.54177704
   -996.56404553
   -996.58141188
   -996.55262732
   -996.54523688
   -996.56625155
   -996.54551482
   -996.58756421
   -996.55410619
   -996.54365041
   -996.53211096
   -996.54556470
   -996.54815117
   -996.55967742
   -996.56519792
   -996.52935815
   -996.56333135
   -996.55689203
   -996.54682444
   -996.54273086
   -996.55071202
   -996.53892519
   -996.55772684
   -996.53003985
   -996.54420898
   -996.57060345
   -996.59007248
   -996.55961894
   -996.54858309
   -996.58190411
   -996.56316972
   -996.55362339
   -996.55744696
   -996.55152202
   -996.55096203
   -996.54994010
   -996.58482449
   -996.53443035
   -996.51952861
   -996.55481462
   -996.55449942
   -996.53636348
   -996.56298881
   -996.58774640
   -996.53355755
   -996.53937446
   -996.57671689
   -996.59665854
   -996.56363807
   -996.55297071
   -996.56015447
   -996.55871178
   -996.54803116
   -996.54866849
   -996.58978547
   -996.56186936
   -996.57167566
   -996.57509998
   -996.56840757
   -996.47614290
   -996.57025225
   -996.55605739
   -996.53900232
   -996.54492821
   -996.57262771
   -996.55732962
   -996.55965916
   -996.57454002
   -996.53875223
   -996.60786011
   -996.52225983
   -996.54304501
   -996.55182607
   -996.55191662
   -996.56373184
   -996.52496236
   -996.55532942
   -996.55347274
   -996.55782733
   -996.53713678
   -996.57949664
   -996.61004722
   -996.51418454
   -996.56322150
   -996.55199070
   -996.52319784
   -996.55853220
   -996.57688288
   -996.55530393
   -996.57051804
   -996.54372018
   -996.53036534
   -996.57539883
   -996.57123669
   -996.58545376
   -996.53546369
   -996.55021874
   -996.56717980
   -996.54693809
   -996.58444831
   -996.55437251
   -996.56821653
   -996.56757623
   -996.53725957
   -996.55244794
   -996.52152797
   -996.52624266
   -996.57518619
   -996.56797074
   -996.53765471
   -996.55230300
   -996.53862667
   -996.59032698
   -996.52583353
   -996.55582154
   -996.57714258
   -996.55461012
   -996.51002503
   -996.56256493
   -996.55542673
   -996.53268565
   -996.54612179
   -996.55460868
   -996.55737053
   -996.53286616
   -996.53080062
   -996.53819200
   -996.57548206
   -996.53986300
   -996.54296588
   -996.53684066
   -996.53336416
   -996.55940673
   -996.56785358
   -996.53570293
   -996.58408851
   -996.54385501
   -996.51618156
   -996.54546808
   -996.54498555
   -996.56733312
   -996.56469739
   -996.54208268
   -996.55084314
   -996.55065244
   -996.51890317
   -996.55672085
   -996.53338894
   -996.51328553
   -996.56377184
   -996.52753702
   -996.55470684
   -996.54566711
   -996.56345259
   -996.56490652
   -996.58715528
   -996.53953164
   -996.54406756
   -996.54293825
   -996.53690699
   -996.55830331
   -996.56979717
   -996.56156982
   -996.52953555
   -996.55532267
   -996.55742026
   -996.56990092
   -996.55828746
   -996.54553452
   -996.55189279
   -996.57441655
   -996.55272349
   -996.55202322
   -996.54575694
   -996.54889972
   -996.55439418
   -996.53438465
   -996.54350818
   -996.54641916
   -996.55709306
   -996.53832696
   -996.54854276
   -996.57006499
   -996.56128510
   -996.58912064
   -996.51289283
   -996.55019908
   -996.55716011
   -996.56347779
   -996.57683960
   -996.55505264
   -996.53480938
   -996.53456461
   -996.58681918
   -996.54666534
   -996.55058962
   -996.56954101
   -996.57951212
   -996.56451718
   -996.54044168
   -996.56391883
   -996.54926551
   -996.54918227
   -996.56847634
   -996.56730366
   -996.55083289
   -996.52928075
   -996.53678631
   -996.56139030
   -996.57612401
   -996.57072767
   -996.56635488
   -996.53749065
   -996.56426160
   -996.55924951
   -996.50416353
   -996.53961238
   -996.58211392
   -996.53431734
   -996.55609604
   -996.56347359
   -996.56246080
   -996.52472892
   -996.53611749
   -996.53812587
   -996.56379705
   -996.53339476
   -996.49466793
   -996.55809301
   -996.57472336
   -996.58144798
   -996.55850365
   -996.49740758
   -996.56526133
   -996.55403473
   -996.53615702
   -996.56828783
   -996.53216893
   -996.57020138
   -996.55541099
   -996.53632854
   -996.54292964
   -996.53946745
   -996.54394850
   -996.57603359
   -996.55745634
   -996.55964944
   -996.57256331
   -996.57418330
   -996.55552675
   -996.55724692
   -996.59707090
   -996.55109118
   -996.54429139
   -996.59363951
   -996.54310605
   -996.57358543
   -996.51731163
   -996.51565712
   -996.56557127
   -996.60144125
   -996.56808743
   -996.56628880
   -996.55292085
   -996.55991077
   -996.57358150
   -996.55447136
   -996.54797361
   -996.57570381
   -996.54427539
   -996.52050240
   -996.55829660
   -996.58018436
   -996.53232749
   -996.51188390
   -996.56762171
   -996.57881463
   -996.55730368
   -996.53218807
   -996.57489500
   -996.52727468
   -996.53436001
   -996.51849527
   -996.55543642
   -996.53479574
   -996.54713788
   -996.54888384
   -996.56306989
   -996.56278690
   -996.52817073
   -996.54873458
   -996.58634777
   -996.55151476
   -996.52414235
   -996.56892972
   -996.53339156
   -996.55571429
   -996.55672810
   -996.58061276
   -996.56778353
   -996.58385162
   -996.55179964
   -996.55402546
   -996.56571295
   -996.58376232
   -996.58908218
   -996.57469957
   -996.55532985
   -996.56046899
   -996.54719971
   -996.55450850
   -996.51596128
   -996.55374808
   -996.56887820
   -996.54657371
   -996.52137142
   -996.60160366
   -996.53081209
   -996.59377112
   -996.58031811
   -996.56581319
   -996.56164321
   -996.52545095
   -996.57085382
   -996.58671364
   -996.57369450
   -996.57066895
   -996.57234558
   -996.55193833
   -996.54505300
   -996.54594023
   -996.56784932
   -996.54940277
   -996.53786496
   -996.53659494
   -996.56127968
   -996.55681914
   -996.55963903
   -996.54424609
   -996.51952656
   -996.53636376
   -996.55401849
   -996.54443707
   -996.55060565
   -996.55154388
   -996.52702628
   -996.52536949
   -996.55026104
   -996.57246193
   -996.55298790
   -996.52780570
   -996.54949963
   -996.52717588
   -996.55773017
   -996.55259716
   -996.57131630
   -996.55693208
   -996.54945404
   -996.56061225
   -996.54334177
   -996.54798814
   -996.57878090
   -996.54313155
   -996.54759655
   -996.56237138
   -996.58827997
   -996.57423572
   -996.55227808
   -996.54953694
   -996.57007120
   -996.55782055
   -996.57093508
   -996.56626788
   -996.55022633
   -996.56120944
   -996.55536687
   -996.56208694
   -996.54874953
   -996.54765127
   -996.52057059
   -996.54831767
   -996.54978096
   -996.56298788
   -996.54098837
   -996.57052319
   -996.56112021
   -996.55873173
   -996.56153186
   -996.55078389
   -996.57368214
   -996.54593555
   -996.57525643
   -996.55277782
   -996.57158729
   -996.56118642
   -996.56559576
   -996.56984298
   -996.56402403
   -996.54620577
   -996.57598485
   -996.56534461
   -996.58083519
   -996.56528292
   -996.56593992
   -996.54093990
   -996.54155367
   -996.52410104
   -996.55711023
   -996.55521917
   -996.58403374
   -996.55576893
   -996.51614899
   -996.51383191
   -996.53270549
   -996.55086965
   -996.57228941
   -996.57174020
   -996.54483099
   -996.57448530
   -996.55167716
   -996.53954844
   -996.57451398
   -996.58324927
   -996.55858933
   -996.55021307
   -996.52679679
   -996.50340463
   -996.56257287
   -996.57353704
   -996.53401507
   -996.54640804
   -996.55524736
   -996.55303821
   -996.52769445
   -996.55798015
   -996.54784716
   -996.59933556
   -996.55103212
   -996.55756968
   -996.57806907
   -996.54699186
   -996.58578500
   -996.54074032
   -996.55199757
   -996.52879209
   -996.55295022
   -996.54783867
   -996.52198878
   -996.55672077
   -996.53978516
   -996.51357172
   -996.57880237
   -996.58270609
   -996.55669743
   -996.56289324
   -996.56586093
   -996.56094651
   -996.52871607
   -996.56038412
   -996.53272364
   -996.51417598
   -996.55969710
   -996.58117072
   -996.55237644
   -996.58103655
   -996.57427062
   -996.54336261
   -996.51485913
   -996.57068661
   -996.54870694
   -996.57768601
   -996.55450127
   -996.56993396
   -996.54286230
   -996.52706805
   -996.57504813
   -996.55775340
   -996.55171534
   -996.56932046
   -996.58387402
   -996.55379482
   -996.54694701
   -996.55873816
   -996.55763553
   -996.56395343
   -996.55304048
   -996.51353548
   -996.53196659
   -996.55997155
   -996.53314448
   -996.56503072
   -996.55928511
   -996.54279148
   -996.54607170
   -996.58103047
   -996.54771555
   -996.55860068
   -996.54227249
   -996.55861849
   -996.51416569
   -996.55690099
   -996.55480045
   -996.57290388
   -996.51884883
   -996.59229522
   -996.56140641
   -996.57988260
   -996.54108719
   -996.56979004
   -996.54334195
   -996.56066418
   -996.57019450
   -996.57869346
   -996.55823673
   -996.54201174
   -996.58450319
   -996.52892015
   -996.55345434
   -996.56231440
   -996.54478174
   -996.53376022
   -996.55951357
   -996.57347472
   -996.56497109
   -996.55670541
   -996.56639902
   -996.56075723
   -996.55807401
   -996.51851690
   -996.52382920
   -996.55402713
   -996.56134065
   -996.54707828
   -996.57059470
   -996.57240057
   -996.56917945
   -996.56063036
   -996.56493985
   -996.54328758
   -996.58109233
   -996.52565436
   -996.60811815
   -996.54633737
   -996.57997736
   -996.55077481
   -996.54888207
   -996.60219176
   -996.59011911
   -996.58899590
   -996.59502406
   -996.56435717
   -996.56886861
   -996.54983607
   -996.56801281
   -996.50763782
   -996.54798998
   -996.56071995
   -996.60978996
   -996.54302370
   -996.57425891
   -996.55374818
   -996.51796914
   -996.55790391
   -996.55903838
   -996.57226309
   -996.55466794
   -996.56241025
   -996.53708942
   -996.57690647
   -996.58325803
   -996.55025526
   -996.54811738
   -996.49725299
   -996.50492322
   -996.57108347
   -996.50948054
   -996.56186637
   -996.56399954
   -996.56579880
   -996.51836556
   -996.53779724
   -996.57014925
   -996.55306580
   -996.56036819
   -996.55989354
   -996.56637437
   -996.49782670
   -996.54382136
   -996.55337461
   -996.55325419
   -996.55258118
   -996.53971258
   -996.53335765
   -996.54839776
   -996.54125600
   -996.57095773
   -996.56856921
   -996.53212992
   -996.48848931
   -996.55475002
   -996.51645632
   -996.56664835
   -996.58626721
   -996.56152023
   -996.52743508
   -996.56034432
   -996.52118625
   -996.59306426
   -996.54845117
   -996.55358714
   -996.53205551
   -996.55225918
   -996.52123137
   -996.53626174
   -996.57232170
   -996.54898570
   -996.55679295
   -996.53748604
   -996.55076771
   -996.53011605
   -996.53335107
   -996.54222779
   -996.54529841
   -996.58217922
   -996.52371195
   -996.52913094
   -996.52306958
   -996.55218025
   -996.54516243
   -996.55609389
   -996.53195360
   -996.55319860
   -996.57038363
   -996.53459136
   -996.56564445
   -996.56203755
   -996.55785674
   -996.57380750
   -996.55800703
   -996.54949331
   -996.56673135
   -996.56884690
   -996.56037408
   -996.57612722
   -996.55276854
   -996.54786082
   -996.53502821
   -996.57672869
   -996.58575573
   -996.56011824
   -996.55380229
   -996.54182834
   -996.52161294
   -996.55758526
   -996.50148751
   -996.57726992
   -996.51272790
   -996.54451685
   -996.53898693
   -996.55003170
   -996.52794877
   -996.56816531
   -996.59250232
   -996.54114392
   -996.56679960
   -996.56658585
   -996.56390861
   -996.56197957
   -996.53505214
   -996.54837926
   -996.57369257
   -996.53975776
   -996.54445355
   -996.56614330
   -996.56265030
   -996.55502677
   -996.53885988
   -996.52754152
   -996.55817393
   -996.55367009
   -996.56206544
   -996.56270351
   -996.55827966
   -996.57182789
   -996.55873568
   -996.57139726
   -996.56518052
   -996.53928112
   -996.55220647
   -996.53942274
   -996.54001636
   -996.55799395
   -996.60225627
   -996.55066140
   -996.56528105
   -996.52999614
   -996.56864945
   -996.55201413
   -996.57732360
   -996.53863065
   -996.51682236
   -996.56019733
   -996.58718077
   -996.59486540
   -996.59300871
   -996.53975110
   -996.52508951
   -996.51933882
   -996.55297117
   -996.54367194
   -996.55963362
   -996.54804731
   -996.53109849
   -996.53078868
   -996.55375468
   -996.59009553
   -996.55561025
   -996.55343179
   -996.53596706
   -996.54595912
   -996.53010315
   -996.53777844
   -996.51181375
   -996.55178301
   -996.57665620
   -996.57280565
   -996.56063221
   -996.57010368
   -996.56446458
   -996.56689945
   -996.56546433
   -996.55673196
   -996.55128407
   -996.56904608
   -996.55501209
   -996.51174172
   -996.56864992
   -996.58596534
   -996.56063729
   -996.59774691
   -996.55724886
   -996.50013624
   -996.53844068
   -996.53536196
   -996.57297177
   -996.55481167
   -996.58408056
   -996.53923439
   -996.61628498
   -996.54226259
   -996.56458991
   -996.56603991
   -996.57361832
   -996.54395538
   -996.54613650
   -996.48798017
   -996.55642205
   -996.55846609
   -996.54869285
   -996.56936204
   -996.56224467
   -996.57235762
   -996.55892030
   -996.53642228
   -996.54542890
   -996.55098055
   -996.57153398
   -996.57400692
   -996.56114215
   -996.53820182
   -996.56869818
   -996.57639281
   -996.58955759
   -996.51249052
   -996.53128734
   -996.56535587
   -996.56798432
   -996.55262370
   -996.54075781
   -996.55756332
   -996.51226269
   -996.55051799
   -996.54933209
   -996.54737844
   -996.50700036
   -996.56520035
   -996.52389934
   -996.56114673
   -996.57177403
   -996.51575316
   -996.56485773
   -996.56835905
   -996.55360720
   -996.57805604
   -996.53266104
   -996.61217746
   -996.56668290
   -996.56041605
   -996.56321346
   -996.55079045
   -996.57216966
   -996.55584414
   -996.58131707
   -996.56881972
   -996.56428390
   -996.55884646
   -996.53812533
   -996.54078791
   -996.53949563
   -996.53674372
   -996.54983351
   -996.55783081
   -996.55972011
   -996.57553869
   -996.55423880
   -996.56897646
   -996.55499094
   -996.54074300
   -996.55072735
   -996.54454177
   -996.55555291
   -996.55325354
   -996.54347241
   -996.50070578
   -996.56199591
   -996.55126226
   -996.55048970
   -996.56781106
   -996.50710055
   -996.55886900
   -996.56755953
   -996.59159016
   -996.52318459
   -996.56894426
   -996.52649201
   -996.56540477
   -996.56128582
   -996.55775267
   -996.56994262
   -996.57026430
   -996.58621452
   -996.55001359
   -996.48771178
   -996.54572563
   -996.55813928
   -996.53978286
   -996.52873238
   -996.57354028
   -996.51276695
   -996.54609783
   -996.58754027
   -996.53946583
   -996.54688833
   -996.52748799
   -996.56895370
   -996.54943051
   -996.55348220
   -996.54794629
   -996.53408323
   -996.49395858
   -996.54712267
   -996.55388308
   -996.54955438
   -996.54860932
   -996.56467160
   -996.56710666
   -996.55750394
   -996.52551503
   -996.54731047
   -996.56485161
   -996.54623089
   -996.57177677
   -996.50096067
   -996.55054847
   -996.58388335
   -996.56265044
   -996.56758217
   -996.54539311
   -996.52710824
   -996.55315504
   -996.52349155
   -996.55767389
   -996.53809523
   -996.55250296
   -996.54829460
   -996.56954423
   -996.55778745
   -996.59190835
   -996.56400702
   -996.56931654
   -996.55789821
   -996.55077602
   -996.58037309
   -996.56762733
   -996.56280246
   -996.55268086
   -996.57893018
   -996.54855695
   -996.55684050
   -996.53130969
   -996.58787605
   -996.57032366
   -996.55434515
   -996.54152930
   -996.57272319
   -996.56789817
   -996.54628147
   -996.54822620
   -996.61798672
   -996.56137367
   -996.54593541
   -996.54363201
   -996.52757760
   -996.53098385
   -996.53829331
   -996.55620406
   -996.54757976
   -996.55337277
   -996.58893295
   -996.53465969
   -996.57081447
   -996.53381986
   -996.57212296
   -996.58769858
   -996.56236149
   -996.55408817
   -996.56117671
   -996.54612496
   -996.55851208
   -996.55027126
   -996.53955667
   -996.58857334
   -996.57638935
   -996.55329684
   -996.54979262
   -996.55655410
   -996.54832309
   -996.56030390
   -996.56119616
   -996.54267050
   -996.57074578
   -996.53607755
   -996.56706391
   -996.56403725
   -996.55381373
   -996.55565723
   -996.57913365
   -996.56363543
   -996.55508567
   -996.56891174
   -996.56553259
   -996.59750115
   -996.54660926
   -996.53932365
   -996.56314305
   -996.53473258
   -996.52642016
   -996.56804900
   -996.55998790
   -996.51262774
   -996.56158678
   -996.53661483
   -996.55473584
   -996.55826391
   -996.53278760
   -996.54097068
   -996.53942231
   -996.55355464
   -996.54857218
   -996.54955552
   -996.56378717
   -996.58258523
   -996.56052172
   -996.58011471
   -996.52252121
   -996.56451536
   -996.55385395
   -996.53877825
   -996.55165837
   -996.54069623
   -996.55524612
   -996.55274816
   -996.53367822
   -996.56024740
   -996.58337686
   -996.58647031
   -996.55728167
   -996.53336888
   -996.54836072
   -996.57306252
   -996.55645451
   -996.56321537
   -996.51629922
   -996.56726946
   -996.54851021
   -996.51997084
   -996.53823096
   -996.55934925
   -996.56088145
   -996.57592692
   -996.55558334
   -996.55543191
   -996.57878284
   -996.56376290
   -996.57278023
   -996.52398465
   -996.57081444
   -996.57489816
   -996.55430366
   -996.52266401
   -996.56409585
   -996.53873629
   -996.56316050
   -996.56962190
   -996.55411058
   -996.58593924
   -996.54328473
   -996.57366863
   -996.56047186
   -996.56037096
   -996.52817594
   -996.55503290
   -996.56731507
   -996.57178180
   -996.54324959
   -996.59102111
   -996.56764728
   -996.56490979
   -996.55263552
   -996.55955699
   -996.56602501
   -996.53441811
   -996.55290826
   -996.53671244
   -996.54626095
   -996.55323191
   -996.55990413
   -996.53532700
   -996.56972242
   -996.56867579
   -996.53360018
   -996.55260287
   -996.56234941
   -996.54738594
   -996.56416723
   -996.56571119
   -996.51717368
   -996.59216342
   -996.55367548
   -996.55630232
   -996.57569106
   -996.53303441
   -996.61473340
   -996.54443791
   -996.58633426
   -996.52619687
   -996.55289254
   -996.56596326
   -996.55144297
   -996.57407851
   -996.56141495
   -996.55843424
   -996.54842231
   -996.57563340
   -996.53679014
   -996.56060172
   -996.56040259
   -996.55616703
   -996.55167340
   -996.56295629
   -996.53393374
   -996.53196007
   -996.54591673
   -996.55731143
   -996.55592417
   -996.55265975
   -996.56363484
   -996.53847965
   -996.60057040
   -996.54519600
   -996.58540418
   -996.57566648
   -996.55734075
   -996.56526359
   -996.55832525
   -996.55877424
   -996.57175787
   -996.54449194
   -996.55914619
   -996.54410361
   -996.57094043
   -996.49898314
   -996.55269398
   -996.56710358
   -996.57896863
   -996.54433564
   -996.56477161
   -996.55753754
   -996.58129629
   -996.56480594
   -996.56492984
   -996.53177307
   -996.56162242
   -996.54669772
   -996.56023547
   -996.56081688
   -996.59994923
   -996.53896477
   -996.54720846
   -996.58809353
   -996.54633453
   -996.56318166
   -996.54540047
   -996.55880016
   -996.53534885
   -996.52673259
   -996.55664742
   -996.54822495
   -996.55358079
   -996.55097694
   -996.54794263
   -996.58059382
   -996.57795909
   -996.53367607
   -996.54504683
   -996.53861797
   -996.56655452
   -996.58715506
   -996.51545797
   -996.54092826
   -996.52260094
   -996.58392376
   -996.57763473
   -996.54765607
   -996.55001755
   -996.57590886
   -996.56562058
   -996.54783930
   -996.56740468
   -996.54810421
   -996.52482885
   -996.53100468
   -996.55812283
   -996.53185627
   -996.54259451
   -996.56473154
   -996.57026169
   -996.55829243
   -996.56174831
   -996.55230930
   -996.55029937
   -996.56217753
   -996.51629304
   -996.55858637
   -996.58233473
   -996.52182994
   -996.55075175
   -996.57471367
   -996.55833021
   -996.56474912
   -996.54828473
   -996.53191500
   -996.56748827
   -996.58591541
   -996.55160215
   -996.57241827
   -996.55563732
   -996.54334673
   -996.54528588
   -996.57280156
   -996.54944861
   -996.55243482
   -996.52395069
   -996.54070139
   -996.57707497
   -996.56116106
   -996.56141639
   -996.57102711
   -996.57769090
   -996.58516537
   -996.54861858
   -996.56493222
   -996.57225590
   -996.57951035
   -996.57260194
   -996.56661635
   -996.54398323
   -996.55888749
   -996.53825538
   -996.56864147
   -996.56341297
   -996.55656211
   -996.55383198
   -996.55342357
   -996.57066750
   -996.56363486
   -996.56322387
   -996.55902096
   -996.56562165
   -996.50042939
   -996.57072285
   -996.55762111
   -996.51556302
   -996.58015944
   -996.56476980
   -996.55949884
   -996.47947916
   -996.54644025
   -996.55226277
   -996.53283047
   -996.56779926
   -996.54004223
   -996.56197929
   -996.57051567
   -996.59044250
   -996.52357642
   -996.56301747
   -996.55819581
   -996.57127829
   -996.55716175
   -996.53504787
   -996.53190302
   -996.52975971
   -996.54995442
   -996.55375352
   -996.55035172
   -996.54800065
   -996.57348673
   -996.54242957
   -996.57476337
   -996.57461171
   -996.55430139
   -996.56596992
   -996.53140245
   -996.55661548
   -996.57086846
   -996.56016288
   -996.58749010
   -996.55340113
   -996.50371200
   -996.54110644
   -996.57047404
   -996.55510132
   -996.54377472
   -996.57694458
   -996.56227635
   -996.55807080
   -996.50135423
   -996.56361561
   -996.56449107
   -996.56350455
   -996.52130796
   -996.53984749
   -996.53401492
   -996.56934261
   -996.57846526
   -996.54536776
   -996.53614014
   -996.56274112
   -996.55415875
   -996.54444054
   -996.55965230
   -996.56906950
   -996.53456852
   -996.51348379
   -996.53139293
   -996.56212526
   -996.54481859
   -996.57462395
   -996.57305811
   -996.56575641
   -996.53872398
   -996.53622138
   -996.54290891
   -996.55046629
   -996.53713093
   -996.50294328
   -996.55593841
   -996.55666084
   -996.57483181
   -996.53802840
   -996.52383025
   -996.56312517
   -996.55697737
   -996.55797406
   -996.55530260
   -996.51284694
   -996.56920290
   -996.56783109
   -996.49608371
   -996.56504478
   -996.56233159
   -996.52507568
   -996.49840962
   -996.52115539
   -996.53594151
   -996.54434834
   -996.53338076
   -996.58648464
   -996.57460258
   -996.54774621
   -996.55213184
   -996.54792158
   -996.57239497
   -996.58350297
   -996.57149035
   -996.55395767
   -996.53948890
   -996.57662460
   -996.56954324
   -996.56342597
   -996.51480154
   -996.54901474
   -996.57699595
   -996.54617355
   -996.55592179
   -996.57173453
   -996.57683169
   -996.56030824
   -996.54853433
   -996.56121858
   -996.56425625
   -996.54836241
   -996.53913299
   -996.55388942
   -996.55125295
   -996.56962787
   -996.50093238
   -996.53197676
   -996.55873339
   -996.56282815
   -996.53248008
   -996.57020202
   -996.54300809
   -996.56147248
   -996.55452788
   -996.54928878
   -996.57126880
   -996.55434163
   -996.54899772
   -996.54306273
   -996.56447300
   -996.56123896
   -996.57784131
   -996.54847113
   -996.53640956
   -996.55180744
   -996.53924072
   -996.54358083
   -996.56013785
   -996.56404251
   -996.56038513
   -996.51041613
   -996.54959331
   -996.54262137
   -996.53805223
   -996.56498349
   -996.55299956
   -996.55369843
   -996.54399111
   -996.57067383
   -996.54375582
   -996.58423018
   -996.56256355
   -996.57772262
   -996.53913846
   -996.54714008
   -996.55300524
   -996.56458240
   -996.55528956
   -996.55902020
   -996.56790128
   -996.49617928
   -996.57668067
   -996.56911011
   -996.56662488
   -996.58778480
   -996.53075330
   -996.57272686
   -996.54385443
   -996.53856585
   -996.54731724
   -996.56982756
   -996.51483450
   -996.54766670
   -996.57583680
   -996.57534653
   -996.53583765
   -996.55896543
   -996.60030769
   -996.52144706
   -996.53334028
   -996.56092869
   -996.54014492
   -996.52879685
   -996.58979636
   -996.56950000
   -996.55240726
   -996.54590676
   -996.56727445
   -996.55732663
   -996.56166208
   -996.56090340
   -996.53044412
   -996.53382422
   -996.54329563
   -996.54834693
   -996.55747075
   -996.57286412
   -996.52333524
   -996.56302114
   -996.54445114
   -996.56932268
   -996.55561978
   -996.55185629
   -996.58056037
   -996.54157013
   -996.56940655
   -996.56185333
   -996.55418958
   -996.54392175
   -996.55434243
   -996.54695279
   -996.56991028
   -996.55619683
   -996.55323745
   -996.56212945
   -996.55477345
   -996.54903562
   -996.56288625
   -996.51904531
   -996.53362123
   -996.56370120
   -996.55957993
   -996.55956380
   -996.60466507
   -996.55243664
   -996.56253577
   -996.53102611
   -996.56349785
   -996.55230627
   -996.53517602
   -996.56094065
   -996.60036832
   -996.54897883
   -996.53572697
   -996.54997114
   -996.55381661
   -996.59160783
   -996.56343464
   -996.56151794
   -996.55583421
   -996.55872452
   -996.55053336
   -996.57710049
   -996.55799678
   -996.55262669
   -996.54512856
   -996.52445638
   -996.57996481
   -996.54134478
   -996.58136866
   -996.52617794
   -996.57302144
   -996.57122497
   -996.55011233
   -996.54965961
   -996.53980784
   -996.48829205
   -996.53662175
   -996.57419112
   -996.50053419
   -996.58631521
   -996.54448200
   -996.56028475
   -996.54744216
   -996.57351621
   -996.57883283
   -996.55909922
   -996.52461729
   -996.56633136
   -996.56025844
   -996.52503804
   -996.55592326
   -996.59912592
   -996.55143974
   -996.54733441
   -996.56543261
   -996.53691928
   -996.53525608
   -996.57450044
   -996.53222194
   -996.57376499
   -996.52459873
   -996.56621984
   -996.54328084
   -996.50723654
   -996.56521513
   -996.54694965
   -996.53053490
   -996.55119054
   -996.58027077
   -996.56505477
   -996.56650629
   -996.54609009
   -996.56010256
   -996.58532005
   -996.54192311
   -996.56475663
   -996.54790537
   -996.55717873
   -996.55635354
   -996.53524669
   -996.58507034
   -996.56455034
   -996.56504476
   -996.57508315
   -996.56880059
   -996.53895831
   -996.55342481
   -996.56527756
   -996.49031352
   -996.52998108
   -996.55798451
   -996.56242783
   -996.55026752
   -996.56646370
   -996.59604023
   -996.57861442
   -996.50073127
   -996.54182540
   -996.55320194
   -996.54131406
   -996.56286777
   -996.51938613
   -996.56714838
   -996.57496116
   -996.53847129
   -996.56768014
   -996.52538922
   -996.54556537
   -996.55686706
   -996.54683928
   -996.53964208
   -996.51814024
   -996.54015371
   -996.55322399
   -996.53965213
   -996.52899487
   -996.51995067
   -996.55296510
   -996.57398979
   -996.54948512
   -996.54184309
   -996.56892120
   -996.55614424
   -996.54590711
   -996.52606886
   -996.57771283
   -996.52819218
   -996.56676575
   -996.54048551
   -996.57002110
   -996.55327985
   -996.55364393
   -996.56941910
   -996.56585510
   -996.60494384
   -996.50703185
   -996.53103025
   -996.56111079
   -996.56454963
   -996.54062932
   -996.56665806
   -996.55424473
   -996.56972287
   -996.55653164
   -996.56569453
   -996.52109968
   -996.56676947
   -996.53815991
   -996.56681712
   -996.53155375
   -996.55153185
   -996.56560593
   -996.56362945
   -996.58081766
   -996.54336982
   -996.57461379
   -996.55663449
   -996.55067222
   -996.54123602
   -996.55774589
   -996.56352851
   -996.54883762
   -996.53390972
   -996.52839089
   -996.57427832
   -996.55309595
   -996.56795880
   -996.59962098
   -996.55897412
   -996.52605790
   -996.53509118
   -996.55440108
   -996.56327169
   -996.54480970
   -996.50973990
   -996.58037335
   -996.55136745
   -996.56468831
   -996.58652540
   -996.57129548
   -996.54035350
   -996.53517554
   -996.55424786
   -996.56752735
   -996.53841882
   -996.56560024
   -996.55000682
   -996.53412374
   -996.57044884
   -996.54397683
   -996.51687066
   -996.52263160
   -996.56140906
   -996.54598456
   -996.53678981
   -996.57297723
   -996.55963934
   -996.55646024
   -996.49799868
   -996.56574189
   -996.59289455
   -996.56187582
   -996.56461354
   -996.58477856
   -996.53367140
   -996.54625584
   -996.55659907
   -996.52664694
   -996.52919354
   -996.55663536
   -996.55445227
   -996.58119035
   -996.52902830
   -996.55355974
   -996.54714772
   -996.55004896
   -996.47386171
   -996.53930414
   -996.56603765
   -996.55384870
   -996.54005702
   -996.55697259
   -996.57031635
   -996.54358533
   -996.55145581
   -996.51861848
   -996.56678106
   -996.53525697
   -996.53728502
   -996.57533993
   -996.55095965
   -996.56114607
   -996.57211414
   -996.55722796
   -996.51565002
   -996.56848180
   -996.54716659
   -996.55478805
   -996.52304521
   -996.57364470
   -996.55961968
   -996.55360707
   -996.56494158
   -996.57418317
   -996.54696115
   -996.54808828
   -996.55891808
   -996.53069048
   -996.53029514
   -996.56922348
   -996.56632807
   -996.55771458
   -996.53529090
   -996.57878545
   -996.54924348
   -996.54781057
   -996.57786589
   -996.52723010
   -996.55410749
   -996.55048905
   -996.55994109
   -996.52560086
   -996.59086366
   -996.48816143
   -996.55681889
   -996.57752339
   -996.56356243
   -996.55716932
   -996.55502329
   -996.55789107
   -996.51853115
   -996.58343318
   -996.54024106
   -996.57882535
   -996.57028767
   -996.55667777
   -996.52832746
   -996.54860998
   -996.56950251
   -996.56988147
   -996.51061792
   -996.56828449
   -996.55612360
   -996.53451725
   -996.53482959
   -996.55652917
   -996.53930678
   -996.55823643
   -996.57527899
   -996.55657969
   -996.55923910
   -996.56470867
   -996.57851873
   -996.55226803
   -996.53341204
   -996.56070711
   -996.57268629
   -996.57956498
   -996.57404281
   -996.55418580
   -996.52119095
   -996.56351305
   -996.50327717
   -996.55763611
   -996.53760659
   -996.54203206
   -996.52578406
   -996.55630934
   -996.52695417
   -996.55388734
   -996.56218177
   -996.53239895
   -996.57567490
   -996.56493892
   -996.56152880
   -996.54201385
   -996.55401183
   -996.56000173
   -996.58269611
   -996.52658193
   -996.55734267
   -996.55272311
   -996.54085568
   -996.55315883
   -996.52961893
   -996.55973613
   -996.58309900
   -996.56707139
   -996.54803320
   -996.56953829
   -996.53078793
   -996.57082943
   -996.57526671
   -996.52355300
   -996.56324492
   -996.54126789
   -996.57743871
   -996.54679262
   -996.57612338
   -996.55864148
   -996.56376721
   -996.55454487
   -996.54098669
   -996.55296171
   -996.54284382
   -996.53642308
   -996.55245135
   -996.54113832
   -996.55843032
   -996.56681497
   -996.51075981
   -996.56506731
   -996.55726396
   -996.55436365
   -996.56634589
   -996.55650366
   -996.56665145
   -996.56837237
   -996.56750718
   -996.52854298
   -996.54958939
   -996.54032815
   -996.50142909
   -996.56254603
   -996.54152590
   -996.56768765
   -996.54560768
   -996.56448760
   -996.55571368
   -996.55819683
   -996.52306311
   -996.54348823
   -996.53975082
   -996.55528604
   -996.52895940
   -996.56803879
   -996.55013518
   -996.57288637
   -996.54058778
   -996.54082034
   -996.54413492
   -996.53233525
   -996.56592110
   -996.55843386
   -996.55030315
   -996.57202694
   -996.54590810
   -996.53343005
   -996.55165744
   -996.57733293
   -996.56510691
   -996.54179946
   -996.56328957
   -996.57602503
   -996.51752881
   -996.54664140
   -996.55210714
   -996.56287147
   -996.52377841
   -996.53445878
   -996.54885100
   -996.55190975
   -996.55858009
   -996.55710596
   -996.55508420
   -996.49950043
   -996.56253495
   -996.56559242
   -996.55333773
   -996.55591246
   -996.55685198
   -996.54335748
   -996.52191166
   -996.55605269
   -996.54885590
   -996.59409974
   -996.58148529
   -996.57623815
   -996.52501842
   -996.55304684
   -996.53573227
   -996.56861336
   -996.52166838
   -996.54170488
   -996.56691475
   -996.56535667
   -996.56042510
   -996.53348207
   -996.54356235
   -996.54628519
   -996.54639420
   -996.54803807
   -996.56956126
   -996.53454889
   -996.55523588
   -996.55394847
   -996.50654556
   -996.55542332
   -996.57320615
   -996.55874977
   -996.51070327
   -996.58701047
   -996.53958719
   -996.52706679
   -996.58207230
   -996.55502865
   -996.52621801
   -996.56451510
   -996.54787816
   -996.55957600
   -996.54897069
   -996.54558465
   -996.55409348
   -996.56797361
   -996.56408755
   -996.57323248
   -996.57250894
   -996.57133285
   -996.55572136
