% The following energies apply to conformations described by the topology 
% R20_iter1.top.  Structures are given in trajectory coords.cdf, count: 110.

% Item 0:
%   Energy -> orca_structures/coor*/NConf*.out
   -765.72589265
   -765.73197325
   -765.72778350
   -765.73312072
   -765.73139027
   -765.72854726
   -765.72972317
   -765.72794588
   -765.72764026
   -765.73162726
   -765.73233876
   -765.73142899
   -765.72046513
   -765.73178441
   -765.72982716
   -765.72951007
   -765.72984573
   -765.72425855
   -765.73093836
   -765.72891513
   -765.72982646
   -765.72898168
   -765.73171342
   -765.73014337
   -765.73335155
   -765.73033563
   -765.72641672
   -765.73129110
   -765.72822880
   -765.73299068
   -765.73189550
   -765.72605230
   -765.72685270
   -765.72956926
   -765.72030152
   -765.73146065
   -765.73102358
   -765.72902332
   -765.72964696
   -765.72739924
   -765.72912157
   -765.73129539
   -765.73043293
   -765.73019270
   -765.72386251
   -765.72968647
   -765.73130274
   -765.72864229
   -765.73186241
   -765.73032814
   -765.73236737
   -765.73161399
   -765.72606209
   -765.73076090
   -765.72950610
   -765.72578188
   -765.72736518
   -765.72853104
   -765.72930823
   -765.72717989
   -765.73059394
   -765.73214454
   -765.73032763
   -765.73234300
   -765.72942181
   -765.72867098
   -765.73320672
   -765.72975146
   -765.72924152
   -765.72672592
   -765.73156552
   -765.72720768
   -765.72665648
   -765.72990947
   -765.72694371
   -765.73001314
   -765.72804328
   -765.73084209
   -765.73008869
   -765.73175846
   -765.73160157
   -765.73049218
   -765.73196786
   -765.72938736
   -765.73181219
   -765.72965311
   -765.72470449
   -765.73164680
   -765.72871896
   -765.73047128
   -765.72906308
   -765.72843561
   -765.72501211
   -765.73193543
   -765.72914491
   -765.73031027
   -765.72817971
   -765.72617387
   -765.72939754
   -765.72703550
   -765.73086293
   -765.72973271
   -765.72992808
   -765.73049188
   -765.72061376
   -765.73101793
   -765.72645567
   -765.71826353
   -765.72505678
   -765.73208818
