% The following energies apply to conformations described by the topology 
% R42_iter1.top.  Structures are given in trajectory coords.cdf, count: 152.

% Item 0:
%   Energy -> orca_structures/coor*/NConf*.out
   -651.39874714
   -651.39555569
   -651.39857846
   -651.39886631
   -651.40049997
   -651.35896178
   -651.39922440
   -651.39136526
   -651.36026425
   -651.39812272
   -651.39204028
   -651.39713280
   -651.38911018
   -651.38622338
   -651.35141193
   -651.40284948
   -651.39931522
   -651.39040043
   -651.38884876
   -651.39824233
   -651.39740439
   -651.38836267
   -651.37429081
   -651.38176071
   -651.39807396
   -651.39743951
   -651.39994669
   -651.35746758
   -651.39861872
   -651.39718455
   -651.39867950
   -651.38461581
   -651.39570307
   -651.38456257
   -651.34910360
   -651.39540453
   -651.39199529
   -651.39997618
   -651.39428418
   -651.38527981
   -651.38297270
   -651.36081134
   -651.35186706
   -651.38525448
   -651.39476077
   -651.37714784
   -651.39640925
   -651.39139743
   -651.39912491
   -651.36125552
   -651.39068367
   -651.35507794
   -651.39593723
   -651.39772977
   -651.39042527
   -651.36473090
   -651.36074600
   -651.36273009
   -651.39885629
   -651.39020416
   -651.36072865
   -651.40049000
   -651.40182811
   -651.39691620
   -651.39017628
   -651.39912593
   -651.39249196
   -651.39626688
   -651.35469319
   -651.39071975
   -651.39953665
   -651.39888381
   -651.39069117
   -651.40063265
   -651.38411446
   -651.38538033
   -651.36136360
   -651.39831576
   -651.39109421
   -651.37995208
   -651.37964526
   -651.39122919
   -651.38307377
   -651.39811040
   -651.38784296
   -651.39809007
   -651.39478297
   -651.39289764
   -651.39796816
   -651.35070776
   -651.40095547
   -651.39055824
   -651.39881337
   -651.37401460
   -651.38982918
   -651.35901353
   -651.38634399
   -651.39855684
   -651.38705889
   -651.40257474
   -651.39411863
   -651.39831024
   -651.39044484
   -651.39990358
   -651.38898330
   -651.39632845
   -651.38763836
   -651.39894960
   -651.39301657
   -651.39488939
   -651.39917045
   -651.39559494
   -651.39999162
   -651.39172723
   -651.39431053
   -651.39436738
   -651.39436757
   -651.39926255
   -651.39480046
   -651.39805619
   -651.39186312
   -651.36551603
   -651.39975301
   -651.40129425
   -651.38753721
   -651.38874779
   -651.35376438
   -651.39478727
   -651.40012835
   -651.36467780
   -651.39959278
   -651.39929588
   -651.39448085
   -651.36261343
   -651.39863947
   -651.40059512
   -651.39980721
   -651.40111616
   -651.39369200
   -651.35361081
   -651.34748784
   -651.38764686
   -651.38723774
   -651.38133737
   -651.38452702
   -651.39876609
   -651.38848709
   -651.38229327
   -651.39874488
   -651.40010615
   -651.39373436
   -651.39860340
