% The following energies apply to conformations described by the topology 
% R42.top.  Structures are given in trajectory coords.cdf, count: 2480.

% Item 0:
%   Energy -> orca_structures/coor*/Conf*.out
   -651.38647974
   -651.40324766
   -651.42401114
   -651.41234547
   -651.39601830
   -651.41568543
   -651.37424219
   -651.44039233
   -651.39283489
   -651.38707080
   -651.38811378
   -651.39337678
   -651.43058943
   -651.39818693
   -651.34388280
   -651.39021745
   -651.37162146
   -651.41617656
   -651.41886345
   -651.44092510
   -651.39542248
   -651.41666868
   -651.43665155
   -651.40410469
   -651.41980086
   -651.41937952
   -651.32041171
   -651.42371945
   -651.34923031
   -651.40775858
   -651.39919706
   -651.41243122
   -651.39866761
   -651.41640473
   -651.42377587
   -651.39859215
   -651.41940839
   -651.38139936
   -651.40272059
   -651.37565872
   -651.40838620
   -651.39952579
   -651.39023278
   -651.42170300
   -651.36667177
   -651.40528559
   -651.37967416
   -651.40518854
   -651.42691375
   -651.39307402
   -651.43261853
   -651.38553159
   -651.39749294
   -651.39645285
   -651.38483252
   -651.42660549
   -651.35999096
   -651.37403042
   -651.38872804
   -651.41616448
   -651.39433115
   -651.37836618
   -651.42215036
   -651.40571045
   -651.40812637
   -651.40893203
   -651.39791575
   -651.39300280
   -651.38656945
   -651.41167638
   -651.38794795
   -651.39397167
   -651.38438576
   -651.42855560
   -651.42478784
   -651.41664625
   -651.39788093
   -651.39650025
   -651.41538540
   -651.42430665
   -651.41900857
   -651.38665790
   -651.41812769
   -651.39242203
   -651.39882066
   -651.39190308
   -651.39114227
   -651.39361261
   -651.39435409
   -651.40819454
   -651.39058110
   -651.43009551
   -651.39078470
   -651.38057342
   -651.40362189
   -651.43287083
   -651.40760839
   -651.42784335
   -651.37671078
   -651.42664596
   -651.39471186
   -651.40588745
   -651.41500178
   -651.41216599
   -651.38914333
   -651.41767608
   -651.39815982
   -651.41184661
   -651.40931383
   -651.36639010
   -651.39043797
   -651.37745933
   -651.38367717
   -651.40983509
   -651.39333294
   -651.42395478
   -651.38714883
   -651.39624491
   -651.43171693
   -651.40632854
   -651.40459343
   -651.40124201
   -651.41632607
   -651.40133027
   -651.38619762
   -651.42578496
   -651.41310387
   -651.39643476
   -651.42472655
   -651.41006118
   -651.43651148
   -651.41945853
   -651.39829529
   -651.40082373
   -651.40755343
   -651.43822987
   -651.40158726
   -651.40570875
   -651.39955742
   -651.40309616
   -651.41719781
   -651.41586109
   -651.42830659
   -651.39558968
   -651.39762351
   -651.41587911
   -651.41993995
   -651.37443919
   -651.40202712
   -651.42148484
   -651.42158872
   -651.39905818
   -651.39978492
   -651.40721331
   -651.43391452
   -651.41731703
   -651.39463166
   -651.43153474
   -651.41599411
   -651.38455294
   -651.42478238
   -651.42221652
   -651.40220082
   -651.40616233
   -651.42900789
   -651.41188166
   -651.39489411
   -651.40313491
   -651.41394625
   -651.38641646
   -651.39259197
   -651.39616558
   -651.41484723
   -651.38961842
   -651.39920657
   -651.41147860
   -651.40046330
   -651.41177774
   -651.41162344
   -651.36054627
   -651.42646043
   -651.40459385
   -651.37568074
   -651.40228177
   -651.43136512
   -651.36545458
   -651.42423397
   -651.41425248
   -651.40050501
   -651.41731531
   -651.42272012
   -651.38655426
   -651.41769270
   -651.42624416
   -651.41380121
   -651.41208597
   -651.41474894
   -651.40648402
   -651.42491745
   -651.39226938
   -651.42353838
   -651.41954916
   -651.38260115
   -651.43342034
   -651.38776936
   -651.43034174
   -651.40162354
   -651.41974957
   -651.39982229
   -651.40595024
   -651.42562413
   -651.39139875
   -651.41096145
   -651.38102322
   -651.41528607
   -651.40935845
   -651.41682399
   -651.40036930
   -651.39770262
   -651.41182598
   -651.38164296
   -651.39588657
   -651.41931974
   -651.40193702
   -651.42279352
   -651.39083065
   -651.41346870
   -651.41681214
   -651.39008389
   -651.41426284
   -651.42663116
   -651.43400257
   -651.42356040
   -651.39271630
   -651.39016571
   -651.39370438
   -651.37345598
   -651.38403918
   -651.42733111
   -651.39063140
   -651.35444172
   -651.39219281
   -651.42082465
   -651.43066323
   -651.42891439
   -651.38123545
   -651.41334529
   -651.40720416
   -651.42299833
   -651.43167351
   -651.41433432
   -651.38114909
   -651.42340888
   -651.37637635
   -651.42231307
   -651.42338933
   -651.43303088
   -651.40105663
   -651.42901238
   -651.40559784
   -651.43134752
   -651.40105369
   -651.41273499
   -651.39740557
   -651.38782720
   -651.37211294
   -651.41022213
   -651.40893503
   -651.36789637
   -651.41783393
   -651.38599512
   -651.39150342
   -651.40174491
   -651.42010823
   -651.42140225
   -651.41838006
   -651.41819286
   -651.40153912
   -651.38768664
   -651.41201924
   -651.42757920
   -651.42035256
   -651.39840549
   -651.41867087
   -651.39632147
   -651.38469031
   -651.40724709
   -651.40162455
   -651.40675437
   -651.41736979
   -651.38425390
   -651.40988087
   -651.40065701
   -651.38172810
   -651.40725960
   -651.38593360
   -651.42427425
   -651.40023017
   -651.40915071
   -651.39021060
   -651.41190298
   -651.41701033
   -651.40045611
   -651.40928788
   -651.40425589
   -651.43374035
   -651.41595851
   -651.39031651
   -651.42373853
   -651.34030191
   -651.39287714
   -651.39257442
   -651.42293250
   -651.40312833
   -651.41433848
   -651.40134248
   -651.40813032
   -651.38502107
   -651.39263920
   -651.39573020
   -651.42393781
   -651.42503035
   -651.39094715
   -651.39212547
   -651.38240789
   -651.43109722
   -651.42452696
   -651.42169794
   -651.39432020
   -651.42631468
   -651.42732387
   -651.39123458
   -651.42317326
   -651.42747994
   -651.38920817
   -651.41445778
   -651.40855945
   -651.40639954
   -651.39772206
   -651.37184201
   -651.33828328
   -651.42451462
   -651.41604972
   -651.39919782
   -651.41720860
   -651.39980004
   -651.42085341
   -651.42095869
   -651.37736364
   -651.39596817
   -651.41138368
   -651.43003162
   -651.42531028
   -651.39372185
   -651.41444869
   -651.41658675
   -651.38854106
   -651.43757994
   -651.41673020
   -651.38484997
   -651.42001962
   -651.40552157
   -651.39242186
   -651.43264400
   -651.43421351
   -651.41557488
   -651.42219786
   -651.40444615
   -651.41375131
   -651.39861697
   -651.42258376
   -651.41556782
   -651.43066660
   -651.43684489
   -651.40057934
   -651.37530897
   -651.40199435
   -651.40157938
   -651.32431864
   -651.38497668
   -651.42501968
   -651.41904667
   -651.37539040
   -651.42389796
   -651.39951008
   -651.42235302
   -651.41557315
   -651.40069732
   -651.39471766
   -651.39659738
   -651.39755489
   -651.42914213
   -651.42166402
   -651.38750088
   -651.40347572
   -651.41423901
   -651.42337945
   -651.41946020
   -651.43039323
   -651.42667708
   -651.34906438
   -651.40702114
   -651.42799009
   -651.39080444
   -651.41460935
   -651.41913754
   -651.39823265
   -651.42912997
   -651.40032874
   -651.39596221
   -651.42889237
   -651.40343554
   -651.42056796
   -651.38878338
   -651.39546869
   -651.38212266
   -651.42931408
   -651.40627864
   -651.42202802
   -651.41215243
   -651.39776562
   -651.39058273
   -651.41295430
   -651.39229580
   -651.40668800
   -651.42239661
   -651.36760242
   -651.39724140
   -651.39742494
   -651.41607874
   -651.32613929
   -651.41953844
   -651.38685350
   -651.41388836
   -651.42259403
   -651.41262998
   -651.40268620
   -651.42602204
   -651.37945415
   -651.39100939
   -651.42019144
   -651.40474137
   -651.40113048
   -651.40627105
   -651.37407132
   -651.41822791
   -651.40412730
   -651.40168833
   -651.40510222
   -651.39469398
   -651.41031308
   -651.40445882
   -651.40717401
   -651.39820169
   -651.37993441
   -651.41958041
   -651.38982253
   -651.38772492
   -651.42160416
   -651.42199864
   -651.42324079
   -651.41183782
   -651.40541686
   -651.39432874
   -651.41275420
   -651.40261292
   -651.42483025
   -651.41478310
   -651.39185151
   -651.40033431
   -651.39818595
   -651.38992275
   -651.40425213
   -651.38726874
   -651.42022689
   -651.38898893
   -651.39272640
   -651.36053286
   -651.39862217
   -651.40667178
   -651.43021815
   -651.41440306
   -651.38131422
   -651.39584577
   -651.40536714
   -651.43045413
   -651.40723778
   -651.37651429
   -651.39886335
   -651.41234305
   -651.43024543
   -651.38322636
   -651.39021995
   -651.37064902
   -651.40748829
   -651.39084417
   -651.38241046
   -651.42164454
   -651.40734899
   -651.39293606
   -651.42325800
   -651.43230829
   -651.36603072
   -651.42279389
   -651.40806349
   -651.40993264
   -651.39872404
   -651.41426794
   -651.39623194
   -651.41498221
   -651.39643603
   -651.41669206
   -651.43049263
   -651.40559432
   -651.37994680
   -651.41550099
   -651.42029205
   -651.40773908
   -651.39279879
   -651.39572317
   -651.40172308
   -651.35509929
   -651.42583414
   -651.39775069
   -651.41665500
   -651.40033814
   -651.39393805
   -651.40658693
   -651.40375224
   -651.38484913
   -651.39107104
   -651.41059200
   -651.41236505
   -651.42659866
   -651.39357545
   -651.37389315
   -651.42094522
   -651.38959837
   -651.38619734
   -651.42832949
   -651.43836959
   -651.38848861
   -651.39811407
   -651.36040884
   -651.39704259
   -651.38843577
   -651.38299136
   -651.34849684
   -651.36676188
   -651.41714080
   -651.43262618
   -651.42583489
   -651.34743761
   -651.42382889
   -651.42538016
   -651.38418473
   -651.42838047
   -651.41915496
   -651.36388277
   -651.38815761
   -651.42250605
   -651.41418674
   -651.40590631
   -651.40192424
   -651.39103214
   -651.41522167
   -651.42203013
   -651.43259273
   -651.40708100
   -651.41063879
   -651.41179803
   -651.40709288
   -651.40862337
   -651.43510230
   -651.42127373
   -651.41264281
   -651.43165602
   -651.42008428
   -651.38881507
   -651.40254856
   -651.40452853
   -651.38384386
   -651.41218324
   -651.39672909
   -651.39858436
   -651.42133756
   -651.42974070
   -651.43182133
   -651.42517789
   -651.40666018
   -651.42405384
   -651.39560345
   -651.34284643
   -651.39531216
   -651.43120849
   -651.40555660
   -651.43248134
   -651.39983082
   -651.42020098
   -651.37041370
   -651.40896510
   -651.31401750
   -651.39992723
   -651.37700670
   -651.38695095
   -651.40339378
   -651.39291952
   -651.41869136
   -651.41299854
   -651.41598884
   -651.39111020
   -651.38810943
   -651.42540148
   -651.38273947
   -651.37268764
   -651.42623166
   -651.36896967
   -651.39985034
   -651.42386457
   -651.40964096
   -651.42880189
   -651.43208243
   -651.42058042
   -651.38492975
   -651.42985870
   -651.40240001
   -651.42030956
   -651.42145522
   -651.42838748
   -651.41960063
   -651.30913928
   -651.41469672
   -651.38253620
   -651.37963662
   -651.41131759
   -651.39054033
   -651.39841483
   -651.38651110
   -651.41661756
   -651.40456586
   -651.42527208
   -651.39298572
   -651.43022805
   -651.39672347
   -651.43201655
   -651.41631662
   -651.41876718
   -651.40445183
   -651.40895611
   -651.40347019
   -651.38871460
   -651.41989658
   -651.40831301
   -651.41713916
   -651.42849522
   -651.39416412
   -651.36619270
   -651.42535578
   -651.41831163
   -651.42234630
   -651.39021377
   -651.39213722
   -651.37208141
   -651.38642493
   -651.40570408
   -651.42217848
   -651.40373458
   -651.41712535
   -651.35728080
   -651.41891418
   -651.38176750
   -651.41642087
   -651.37159559
   -651.40193088
   -651.41908014
   -651.40992112
   -651.42647828
   -651.35194307
   -651.42011575
   -651.32744267
   -651.42965624
   -651.42864217
   -651.41232450
   -651.40274921
   -651.41620306
   -651.29679349
   -651.40103253
   -651.42161144
   -651.38126320
   -651.41506097
   -651.38813299
   -651.40373453
   -651.41970209
   -651.42255335
   -651.40735374
   -651.41954345
   -651.42320714
   -651.40781309
   -651.39003552
   -651.41578400
   -651.43666331
   -651.38145352
   -651.39475648
   -651.39256830
   -651.38734206
   -651.41146564
   -651.38633294
   -651.42457574
   -651.40188808
   -651.42641634
   -651.42274454
   -651.41400862
   -651.40583910
   -651.41432862
   -651.39393039
   -651.40354377
   -651.39414383
   -651.41781094
   -651.42533807
   -651.38452809
   -651.42926660
   -651.40003524
   -651.39395302
   -651.40762799
   -651.40123519
   -651.38016771
   -651.40208474
   -651.38719961
   -651.41226929
   -651.42103118
   -651.39241829
   -651.42564722
   -651.38804157
   -651.42629346
   -651.41043315
   -651.39040722
   -651.39823941
   -651.42166874
   -651.39432996
   -651.41248148
   -651.42649515
   -651.41800112
   -651.40112724
   -651.42263443
   -651.38902435
   -651.42016367
   -651.39623443
   -651.40967792
   -651.39874804
   -651.40292374
   -651.37853434
   -651.40579600
   -651.40062109
   -651.37267533
   -651.43415219
   -651.41007158
   -651.40712135
   -651.43656591
   -651.39996929
   -651.36485083
   -651.42369016
   -651.42671949
   -651.40244249
   -651.42198017
   -651.39917353
   -651.39093987
   -651.39208441
   -651.39555181
   -651.43158537
   -651.41123659
   -651.40407122
   -651.40884864
   -651.40983364
   -651.35939618
   -651.42554994
   -651.42372834
   -651.40048516
   -651.39334748
   -651.38695768
   -651.41821363
   -651.40806302
   -651.41225109
   -651.42683486
   -651.43240046
   -651.37630563
   -651.41944394
   -651.41158898
   -651.41962946
   -651.41654446
   -651.42286328
   -651.40992748
   -651.43379868
   -651.41428071
   -651.38863258
   -651.39702265
   -651.40450643
   -651.40145439
   -651.41870785
   -651.41810642
   -651.40122201
   -651.37847298
   -651.42339541
   -651.42365630
   -651.40368041
   -651.38106872
   -651.39242338
   -651.39253694
   -651.40717010
   -651.42242982
   -651.40980580
   -651.42363603
   -651.35182750
   -651.37887657
   -651.42379100
   -651.44277999
   -651.38693414
   -651.43130248
   -651.42183856
   -651.36623519
   -651.41868180
   -651.41370819
   -651.42018415
   -651.38727276
   -651.42499088
   -651.40688098
   -651.40641295
   -651.40924744
   -651.41615671
   -651.38685699
   -651.41093626
   -651.40723485
   -651.41909161
   -651.41188306
   -651.43385669
   -651.43476524
   -651.40807365
   -651.42275941
   -651.39876177
   -651.42183841
   -651.42713046
   -651.39242044
   -651.42024500
   -651.38360573
   -651.40264204
   -651.39813564
   -651.39611493
   -651.39565009
   -651.40533807
   -651.41221610
   -651.37696166
   -651.42508742
   -651.40835942
   -651.41636862
   -651.40365108
   -651.42177084
   -651.41502422
   -651.37041875
   -651.41754658
   -651.38910723
   -651.40575243
   -651.41144030
   -651.43062883
   -651.43026922
   -651.42730910
   -651.40333584
   -651.42205442
   -651.41385511
   -651.41326133
   -651.42060613
   -651.41679636
   -651.38998966
   -651.42265043
   -651.40894259
   -651.42057137
   -651.42041136
   -651.40583363
   -651.40475114
   -651.41808477
   -651.41889434
   -651.40608410
   -651.40729746
   -651.40987931
   -651.42488635
   -651.41629670
   -651.38522907
   -651.41799431
   -651.42972487
   -651.41504686
   -651.40226573
   -651.38242537
   -651.39035159
   -651.42260706
   -651.39180898
   -651.39357564
   -651.38843458
   -651.40444322
   -651.42719001
   -651.40991538
   -651.42372091
   -651.39751860
   -651.42801036
   -651.39207097
   -651.38174571
   -651.43561263
   -651.39646709
   -651.42681261
   -651.40239741
   -651.41521030
   -651.40270717
   -651.39552709
   -651.43482784
   -651.41842475
   -651.43473464
   -651.43726731
   -651.38415894
   -651.39112685
   -651.42484947
   -651.40276972
   -651.36278290
   -651.36975981
   -651.37455850
   -651.43783513
   -651.41083787
   -651.42258178
   -651.40631364
   -651.39651064
   -651.42935439
   -651.42900130
   -651.38441376
   -651.39747149
   -651.39354495
   -651.40953181
   -651.39475313
   -651.43036808
   -651.40301623
   -651.39653103
   -651.41202408
   -651.39048833
   -651.43211657
   -651.40911627
   -651.41201723
   -651.39956230
   -651.42235688
   -651.41693774
   -651.40058122
   -651.39247915
   -651.41125687
   -651.40363937
   -651.42283172
   -651.40040613
   -651.34553226
   -651.38616077
   -651.41363998
   -651.40571548
   -651.43020984
   -651.41636696
   -651.39837527
   -651.41638161
   -651.42543920
   -651.41017764
   -651.37616138
   -651.39643566
   -651.37512429
   -651.43176208
   -651.37837053
   -651.36813432
   -651.37340912
   -651.39079863
   -651.39053959
   -651.41760878
   -651.42476413
   -651.41304938
   -651.38566510
   -651.41832801
   -651.42167075
   -651.40587184
   -651.43205979
   -651.40455048
   -651.39824628
   -651.37930446
   -651.43067577
   -651.36232196
   -651.42565385
   -651.41341843
   -651.38838638
   -651.36465683
   -651.39122367
   -651.39170093
   -651.38897660
   -651.39139570
   -651.40896321
   -651.37109640
   -651.39774337
   -651.40269342
   -651.40974142
   -651.40422887
   -651.37188458
   -651.42103427
   -651.38430002
   -651.38693479
   -651.38645075
   -651.41773509
   -651.36885935
   -651.41803159
   -651.39995009
   -651.41541679
   -651.40678527
   -651.38978510
   -651.39777114
   -651.39000035
   -651.41206067
   -651.39552783
   -651.40774409
   -651.37402562
   -651.39934768
   -651.43478184
   -651.41381898
   -651.37097412
   -651.37386829
   -651.43589754
   -651.37214958
   -651.38920351
   -651.40084301
   -651.38996057
   -651.37635685
   -651.42692587
   -651.41092657
   -651.41982803
   -651.43311511
   -651.38921146
   -651.42337294
   -651.38301378
   -651.37177636
   -651.41121235
   -651.38679112
   -651.40487933
   -651.42482954
   -651.41482737
   -651.39726859
   -651.43042235
   -651.40059734
   -651.41949882
   -651.38950245
   -651.39253232
   -651.38403451
   -651.40637092
   -651.39712435
   -651.41207203
   -651.38750342
   -651.39971070
   -651.42295700
   -651.39459090
   -651.42161897
   -651.41859252
   -651.40341111
   -651.41604353
   -651.40199505
   -651.40694142
   -651.40685302
   -651.41049592
   -651.42059658
   -651.40949877
   -651.40377571
   -651.39276816
   -651.38383478
   -651.39437440
   -651.40592337
   -651.39714758
   -651.38093166
   -651.40837111
   -651.40756038
   -651.43242698
   -651.43681474
   -651.38119791
   -651.38925089
   -651.39086160
   -651.40440548
   -651.42631870
   -651.38851620
   -651.42259546
   -651.40560874
   -651.36029380
   -651.42546267
   -651.43051337
   -651.42905844
   -651.43114014
   -651.40058884
   -651.40233722
   -651.39837638
   -651.40581458
   -651.40823185
   -651.41125321
   -651.35851828
   -651.39965913
   -651.36724214
   -651.42251416
   -651.41294389
   -651.32769930
   -651.40425911
   -651.40473344
   -651.42513243
   -651.38771304
   -651.41389922
   -651.40272879
   -651.41581813
   -651.40781063
   -651.41910678
   -651.40730342
   -651.43228785
   -651.41029000
   -651.41029625
   -651.40661534
   -651.41992756
   -651.42737439
   -651.40191311
   -651.40784827
   -651.36567413
   -651.42711122
   -651.39825128
   -651.40060220
   -651.40494951
   -651.39207532
   -651.39225537
   -651.42299245
   -651.43226015
   -651.38817462
   -651.41027227
   -651.36785946
   -651.38054783
   -651.39168313
   -651.37569506
   -651.40653526
   -651.42827686
   -651.39310327
   -651.39941388
   -651.39117440
   -651.42486666
   -651.39916288
   -651.40379427
   -651.40585675
   -651.40509389
   -651.42175499
   -651.39076512
   -651.42737115
   -651.36065697
   -651.41339918
   -651.38557854
   -651.40461406
   -651.39387760
   -651.42534475
   -651.41268504
   -651.39625409
   -651.41688232
   -651.41171359
   -651.36180666
   -651.39874439
   -651.39167305
   -651.38741482
   -651.42351572
   -651.43884512
   -651.43188868
   -651.42604595
   -651.43626258
   -651.41648680
   -651.40006957
   -651.40250545
   -651.40719129
   -651.39850935
   -651.37700102
   -651.42422851
   -651.38272097
   -651.40317697
   -651.40706275
   -651.40564202
   -651.41649724
   -651.40330729
   -651.43749563
   -651.34536184
   -651.41288332
   -651.40397675
   -651.37512488
   -651.42218136
   -651.40297846
   -651.42717024
   -651.40005062
   -651.42842927
   -651.42211378
   -651.40762545
   -651.38779791
   -651.42777243
   -651.40949777
   -651.37627279
   -651.41836944
   -651.41714198
   -651.41139472
   -651.41745482
   -651.40701235
   -651.38887885
   -651.40818452
   -651.40277152
   -651.42140497
   -651.38285546
   -651.40101901
   -651.41853094
   -651.39998835
   -651.40038880
   -651.39059425
   -651.39990547
   -651.39919137
   -651.37431109
   -651.43511021
   -651.40717538
   -651.42113409
   -651.40275190
   -651.38433005
   -651.38980408
   -651.39640439
   -651.38670622
   -651.41649273
   -651.42398311
   -651.39972294
   -651.42755955
   -651.36636400
   -651.40470584
   -651.36592576
   -651.40537661
   -651.39726559
   -651.40013742
   -651.41308447
   -651.39969725
   -651.37866008
   -651.42506895
   -651.38787578
   -651.38421724
   -651.39691065
   -651.39668254
   -651.42128458
   -651.39773087
   -651.38708876
   -651.41908076
   -651.40041875
   -651.42579747
   -651.41647423
   -651.39938627
   -651.43169888
   -651.35959815
   -651.39352893
   -651.38350270
   -651.41055318
   -651.42284737
   -651.35852462
   -651.41926245
   -651.41876877
   -651.41378292
   -651.42128426
   -651.39776748
   -651.39932508
   -651.40737799
   -651.37772343
   -651.42095562
   -651.37533847
   -651.40524420
   -651.40022068
   -651.42415613
   -651.39715746
   -651.41354964
   -651.39602566
   -651.41955485
   -651.39320178
   -651.41861634
   -651.39900609
   -651.39683285
   -651.41760635
   -651.40175093
   -651.39760183
   -651.39374942
   -651.40316468
   -651.41545944
   -651.37557784
   -651.42000851
   -651.36222900
   -651.40751407
   -651.38741084
   -651.39833604
   -651.42635109
   -651.39822744
   -651.41138059
   -651.41629431
   -651.42418082
   -651.38917479
   -651.39016992
   -651.38949262
   -651.37361620
   -651.41844045
   -651.39294335
   -651.39582769
   -651.39488597
   -651.40004010
   -651.40083270
   -651.39283888
   -651.42668001
   -651.39163326
   -651.30678292
   -651.38892609
   -651.37799710
   -651.42141428
   -651.38891714
   -651.38537124
   -651.39209324
   -651.32143403
   -651.38385252
   -651.39836446
   -651.39769428
   -651.39845564
   -651.41875260
   -651.41420172
   -651.41385622
   -651.37972101
   -651.39492412
   -651.39894050
   -651.41447590
   -651.41298645
   -651.42147772
   -651.40257278
   -651.43232023
   -651.35976904
   -651.40901520
   -651.35809554
   -651.37559241
   -651.42122575
   -651.41851833
   -651.42284176
   -651.43200921
   -651.42357352
   -651.41004328
   -651.39357759
   -651.41892571
   -651.43409721
   -651.42004085
   -651.41746594
   -651.38220793
   -651.40324093
   -651.39002529
   -651.42834606
   -651.37586666
   -651.37681379
   -651.41772933
   -651.41819628
   -651.41183479
   -651.41216921
   -651.42426355
   -651.42656286
   -651.40294702
   -651.40121781
   -651.40714468
   -651.39510437
   -651.42685935
   -651.42464601
   -651.40527803
   -651.41467318
   -651.41513475
   -651.37453324
   -651.42079444
   -651.37811153
   -651.42163073
   -651.40852248
   -651.41347454
   -651.32025895
   -651.39041975
   -651.39169473
   -651.41580476
   -651.42714749
   -651.42066536
   -651.39644762
   -651.42370150
   -651.39708687
   -651.39343778
   -651.40730599
   -651.42997810
   -651.36883099
   -651.41232331
   -651.41102019
   -651.41457560
   -651.41004086
   -651.41772097
   -651.40916271
   -651.40003981
   -651.39361256
   -651.40785359
   -651.37568897
   -651.40039046
   -651.39325354
   -651.35785249
   -651.37455503
   -651.41488553
   -651.38971814
   -651.37550709
   -651.40569446
   -651.42872886
   -651.37300061
   -651.40362231
   -651.40607716
   -651.38355649
   -651.41383341
   -651.41421676
   -651.41858163
   -651.41841788
   -651.40137338
   -651.37440239
   -651.41517780
   -651.40121690
   -651.40691093
   -651.42765326
   -651.40448321
   -651.40566684
   -651.41558496
   -651.40320536
   -651.42370164
   -651.40115844
   -651.40776840
   -651.38514150
   -651.40441904
   -651.42287891
   -651.40369602
   -651.35025103
   -651.38334265
   -651.32446008
   -651.43651832
   -651.40212139
   -651.41182992
   -651.40132353
   -651.42829134
   -651.42993530
   -651.41452558
   -651.41871439
   -651.40708472
   -651.37360503
   -651.39196166
   -651.39850910
   -651.41264603
   -651.41945039
   -651.37199124
   -651.42745511
   -651.40475014
   -651.32914510
   -651.39127231
   -651.40720886
   -651.43069863
   -651.38598882
   -651.39503816
   -651.40456550
   -651.41476599
   -651.39247381
   -651.41270087
   -651.39825892
   -651.40678222
   -651.41529594
   -651.39347937
   -651.39178246
   -651.42093307
   -651.42592746
   -651.40148207
   -651.40614056
   -651.40573418
   -651.41683478
   -651.42302790
   -651.41427520
   -651.43880368
   -651.38609935
   -651.39518703
   -651.40005087
   -651.42774374
   -651.39642436
   -651.37250456
   -651.40131196
   -651.42142275
   -651.40489503
   -651.42978508
   -651.41700732
   -651.39927451
   -651.40469997
   -651.39842752
   -651.41944359
   -651.41400443
   -651.40323701
   -651.29397602
   -651.31604918
   -651.40161022
   -651.42354339
   -651.41701910
   -651.42570729
   -651.42163102
   -651.43119483
   -651.41685480
   -651.38531924
   -651.40507442
   -651.42832243
   -651.36358292
   -651.41013301
   -651.39180271
   -651.41487696
   -651.42562892
   -651.38261581
   -651.40660312
   -651.39444826
   -651.40614140
   -651.37789744
   -651.39557756
   -651.40772887
   -651.41726423
   -651.39483993
   -651.38245643
   -651.41614146
   -651.41936545
   -651.40961001
   -651.38777288
   -651.41653885
   -651.42408409
   -651.39791325
   -651.40571289
   -651.39005087
   -651.42816631
   -651.42864055
   -651.39891683
   -651.39912410
   -651.40055224
   -651.41574384
   -651.42930571
   -651.39988854
   -651.42688356
   -651.40787912
   -651.42342791
   -651.39427919
   -651.39855741
   -651.42976125
   -651.40868552
   -651.36546939
   -651.43407600
   -651.40814829
   -651.40944941
   -651.43860896
   -651.40281636
   -651.40696395
   -651.41624408
   -651.42768324
   -651.38271732
   -651.41222344
   -651.41770392
   -651.42649392
   -651.40679391
   -651.38761198
   -651.41648807
   -651.41464719
   -651.39891158
   -651.41786496
   -651.40135345
   -651.40705692
   -651.37891716
   -651.42134194
   -651.41237863
   -651.43109984
   -651.38300032
   -651.41831610
   -651.41269854
   -651.41079273
   -651.41357434
   -651.38464164
   -651.40147176
   -651.39015189
   -651.38833193
   -651.40156636
   -651.40913493
   -651.43141914
   -651.43428647
   -651.40367908
   -651.38782984
   -651.40393243
   -651.38586542
   -651.43072144
   -651.43337866
   -651.37194442
   -651.37925796
   -651.36567186
   -651.39840524
   -651.39436479
   -651.38011938
   -651.40247685
   -651.41340737
   -651.42833308
   -651.41060660
   -651.42237480
   -651.41076649
   -651.41122124
   -651.36049075
   -651.40516730
   -651.42248948
   -651.41831685
   -651.41504257
   -651.41996563
   -651.38641970
   -651.40651265
   -651.42050794
   -651.39777157
   -651.40350193
   -651.40926191
   -651.39966444
   -651.42257792
   -651.40992804
   -651.40332386
   -651.41220036
   -651.39470237
   -651.39130936
   -651.40486722
   -651.42219557
   -651.37829963
   -651.39332562
   -651.40916085
   -651.38163080
   -651.37473379
   -651.42436180
   -651.40952060
   -651.39545685
   -651.43067395
   -651.42607733
   -651.37494110
   -651.42502601
   -651.42488136
   -651.38907387
   -651.38302080
   -651.40830630
   -651.42151844
   -651.37781554
   -651.43231952
   -651.40217340
   -651.38545921
   -651.38188643
   -651.40483205
   -651.42041459
   -651.39034303
   -651.39566604
   -651.42352617
   -651.43180660
   -651.42120337
   -651.42065307
   -651.40601829
   -651.41108372
   -651.39572448
   -651.40881986
   -651.40806794
   -651.41154632
   -651.43062061
   -651.40466738
   -651.42406711
   -651.42858628
   -651.40134705
   -651.39761790
   -651.41463396
   -651.41958137
   -651.42234865
   -651.40821040
   -651.41077545
   -651.41446810
   -651.40796943
   -651.42002459
   -651.38788641
   -651.40898788
   -651.39318333
   -651.41548139
   -651.41245295
   -651.38961467
   -651.39882210
   -651.41103617
   -651.43037306
   -651.40808326
   -651.42851894
   -651.37415089
   -651.42594681
   -651.41717816
   -651.40723320
   -651.43263620
   -651.39774024
   -651.39327075
   -651.41130192
   -651.38254376
   -651.43289615
   -651.41100278
   -651.37273996
   -651.41689299
   -651.43413441
   -651.41004447
   -651.42767797
   -651.43113264
   -651.40856292
   -651.42619790
   -651.40412445
   -651.42201741
   -651.41077648
   -651.39893109
   -651.42219862
   -651.40180704
   -651.35943427
   -651.39774650
   -651.40366884
   -651.37237430
   -651.39110340
   -651.39493217
   -651.39548017
   -651.37564299
   -651.42310508
   -651.42301823
   -651.38942280
   -651.39750447
   -651.40821517
   -651.40562651
   -651.40660003
   -651.41857260
   -651.40466149
   -651.39631867
   -651.38922100
   -651.43629216
   -651.42902704
   -651.41415527
   -651.42383622
   -651.40208975
   -651.40225036
   -651.40607880
   -651.41716178
   -651.42561096
   -651.38107480
   -651.37404228
   -651.41292985
   -651.42036730
   -651.40556918
   -651.40883519
   -651.39386516
   -651.40242064
   -651.40305927
   -651.40078478
   -651.38596787
   -651.42543663
   -651.39642168
   -651.41944081
   -651.39129572
   -651.40343889
   -651.39569801
   -651.41472800
   -651.40442528
   -651.40058752
   -651.41365208
   -651.40711565
   -651.40825909
   -651.42212188
   -651.43123326
   -651.39248916
   -651.40123943
   -651.40250898
   -651.40668772
   -651.42445805
   -651.43351296
   -651.40891873
   -651.39002979
   -651.40902350
   -651.41414823
   -651.40797306
   -651.36545330
   -651.40482444
   -651.36916641
   -651.39965014
   -651.41707306
   -651.36886601
   -651.42646081
   -651.42530266
   -651.42854178
   -651.40705589
   -651.42052024
   -651.40604040
   -651.40835126
   -651.39132800
   -651.38115005
   -651.40325547
   -651.42140810
   -651.43078144
   -651.42142691
   -651.40166951
   -651.39303176
   -651.38097206
   -651.39204592
   -651.38022819
   -651.40069949
   -651.42807781
   -651.38951978
   -651.39782257
   -651.38963823
   -651.42401110
   -651.42539372
   -651.42120474
   -651.41525091
   -651.39757185
   -651.43686979
   -651.40186744
   -651.37707001
   -651.38494804
   -651.40826780
   -651.41077731
   -651.43524320
   -651.41004184
   -651.39900895
   -651.37712115
   -651.42455765
   -651.39597005
   -651.40083543
   -651.40053706
   -651.41662043
   -651.40096212
   -651.42157200
   -651.37301862
   -651.42437436
   -651.40058598
   -651.42578238
   -651.40992908
   -651.40700120
   -651.38552784
   -651.40171652
   -651.42050263
   -651.40829486
   -651.42700686
   -651.39950349
   -651.37982227
   -651.40561596
   -651.37731137
   -651.41634604
   -651.37723990
   -651.40471899
   -651.44093378
   -651.39379416
   -651.41579142
   -651.39285568
   -651.38423310
   -651.41030388
   -651.41135219
   -651.38395826
   -651.37319671
   -651.41065761
   -651.41174655
   -651.39241535
   -651.41891927
   -651.41886317
   -651.37932639
   -651.41443169
   -651.40801253
   -651.39061370
   -651.41325993
   -651.39589704
   -651.42140197
   -651.37893261
   -651.42422939
   -651.40707658
   -651.40332324
   -651.37771679
   -651.38956912
   -651.42760777
   -651.42900991
   -651.36710301
   -651.40144622
   -651.40840922
   -651.42852089
   -651.38902767
   -651.40131289
   -651.38810834
   -651.41209807
   -651.40036794
   -651.42288477
   -651.42145263
   -651.41680564
   -651.39815479
   -651.43101559
   -651.39784264
   -651.40036713
   -651.38868468
   -651.41423389
   -651.32779918
   -651.41368647
   -651.41383137
   -651.38714905
   -651.42508571
   -651.42691793
   -651.41170704
   -651.40872969
   -651.41712454
   -651.37930428
   -651.41468717
   -651.42390175
   -651.39727951
   -651.37449247
   -651.39941361
   -651.41948993
   -651.41120869
   -651.38461504
   -651.39807883
   -651.38325550
   -651.39326015
   -651.37845607
   -651.38428593
   -651.43500231
   -651.43222403
   -651.43129154
   -651.42627863
   -651.40852432
   -651.40883025
   -651.37932351
   -651.42142965
   -651.43371396
   -651.41590252
   -651.40502105
   -651.40343133
   -651.39420881
   -651.41576421
   -651.40627306
   -651.39357529
   -651.42498885
   -651.41906199
   -651.43796075
   -651.40685124
   -651.39395099
   -651.40620705
   -651.41821803
   -651.38475968
   -651.39360958
   -651.42418966
   -651.37600221
   -651.40741347
   -651.39428530
   -651.37983298
   -651.41517601
   -651.36231312
   -651.42299269
   -651.39239234
   -651.41983902
   -651.41206741
   -651.41707551
   -651.42860641
   -651.42362558
   -651.42692814
   -651.43388910
   -651.38859682
   -651.41521955
   -651.39883483
   -651.38168361
   -651.40508554
   -651.40808065
   -651.40066689
   -651.43608456
   -651.39821594
   -651.41845073
   -651.39685212
   -651.43001450
   -651.39505864
   -651.39968737
   -651.40342508
   -651.39528275
   -651.43285870
   -651.40402261
   -651.39648358
   -651.40743794
   -651.40984795
   -651.40578685
   -651.41890284
   -651.40899658
   -651.40358387
   -651.39701710
   -651.39566534
   -651.41407772
   -651.39251357
   -651.39776388
   -651.36465472
   -651.38814358
   -651.42107150
   -651.43811889
   -651.38802411
   -651.41062646
   -651.39855377
   -651.42374997
   -651.42132995
   -651.41426817
   -651.43090499
   -651.40652581
   -651.41710090
   -651.40910880
   -651.41215508
   -651.41243035
   -651.41771622
   -651.42110389
   -651.38096816
   -651.41621532
   -651.44453262
   -651.41620462
   -651.38745172
   -651.40143777
   -651.38954593
   -651.42395305
   -651.40019593
   -651.38292119
   -651.41166969
   -651.40964168
   -651.42326388
   -651.40298006
   -651.43180190
   -651.37543164
   -651.43420760
   -651.39603903
   -651.40080575
   -651.36934056
   -651.42041227
   -651.40052027
   -651.41632284
   -651.40865335
   -651.37544633
   -651.41960084
   -651.41239321
   -651.40643493
   -651.41465374
   -651.43334225
   -651.40446079
   -651.39557366
   -651.41830482
   -651.41095088
   -651.41038513
   -651.36937622
   -651.40640153
   -651.40296245
   -651.39856072
   -651.39949571
   -651.41819367
   -651.40488937
   -651.38069543
   -651.41792121
   -651.37231757
   -651.37959413
   -651.37657576
   -651.41594591
   -651.39414212
   -651.41719717
   -651.39605739
   -651.42980278
   -651.41885161
   -651.42532496
   -651.37788117
   -651.42213379
   -651.38461475
   -651.40658879
   -651.41843154
   -651.40714251
   -651.38345657
   -651.41822010
   -651.41831864
   -651.39751907
   -651.36802956
   -651.43600133
   -651.42526499
   -651.41375609
   -651.39416343
   -651.39164618
   -651.40251154
   -651.40031480
   -651.39270377
   -651.42477877
   -651.40258173
   -651.43321543
   -651.38470328
   -651.40229266
   -651.41505390
   -651.40645893
   -651.42421069
   -651.40614246
   -651.39463172
   -651.40033226
   -651.40683971
   -651.37129893
   -651.38832287
   -651.40424972
   -651.43320387
   -651.36040197
   -651.39476436
   -651.38047462
   -651.41549641
   -651.42501583
   -651.39260289
   -651.40336256
   -651.40618879
   -651.41507152
   -651.42638227
   -651.39158142
   -651.42926956
   -651.40369448
   -651.40484663
   -651.41520977
   -651.39864870
   -651.38430536
   -651.32866475
   -651.43233584
   -651.43585589
   -651.39883514
   -651.40464100
   -651.42870107
   -651.42684346
   -651.43284298
   -651.41956274
   -651.41564968
   -651.40356540
   -651.42393818
   -651.41599210
   -651.38701671
   -651.41294748
   -651.40036228
   -651.40686020
   -651.42195189
   -651.37272123
   -651.39846877
   -651.40630735
   -651.41497420
   -651.40573138
   -651.40962776
   -651.38748400
   -651.39270042
   -651.41999168
   -651.42342379
   -651.39408723
   -651.40148200
   -651.38220805
   -651.41684618
   -651.38553406
   -651.41062497
   -651.42688220
   -651.38463510
   -651.39130836
   -651.38536832
   -651.35523055
   -651.41774482
   -651.43164246
   -651.41221171
   -651.41865363
   -651.41976911
   -651.41181174
   -651.40397644
   -651.42664509
   -651.40762469
   -651.38906807
   -651.31986508
   -651.43535777
   -651.39103821
   -651.42106303
   -651.42625935
   -651.39215520
   -651.39422224
   -651.42545401
   -651.38430002
   -651.42142334
   -651.36085743
   -651.38275139
   -651.42128344
   -651.42588445
   -651.35502522
   -651.40696774
   -651.38885489
   -651.41236374
   -651.43431756
   -651.42548092
   -651.41362928
   -651.42856670
   -651.42152696
   -651.36958141
   -651.32567351
   -651.38636617
   -651.37588377
   -651.40364965
   -651.38126809
   -651.42260908
   -651.42171898
   -651.41668855
   -651.42266385
   -651.41411029
   -651.42472251
   -651.42899017
   -651.41769306
   -651.43305953
   -651.39917683
   -651.39661374
   -651.38454346
   -651.44276569
   -651.39351723
   -651.39307419
   -651.31643356
   -651.37458853
   -651.39980862
   -651.39803543
   -651.42052744
   -651.41572306
   -651.42359509
   -651.39369327
   -651.43196438
   -651.40779390
   -651.42947517
   -651.38937412
   -651.41844857
   -651.39101895
   -651.41102936
   -651.42129088
   -651.42136121
   -651.41301850
   -651.39970278
   -651.42198420
   -651.42221304
   -651.39930302
   -651.41294145
   -651.39033710
   -651.40998861
   -651.38641449
   -651.41695225
   -651.40277503
   -651.42353017
   -651.39262018
   -651.42524071
   -651.42949475
   -651.37696063
   -651.37683903
   -651.41413796
   -651.41851596
   -651.40715705
   -651.42438856
   -651.38875578
   -651.42486438
   -651.42812008
   -651.42796014
   -651.43110512
   -651.42925223
   -651.39501663
   -651.38708523
   -651.40730467
   -651.43467259
   -651.38286439
   -651.38110690
   -651.39952980
   -651.43912445
   -651.40676087
   -651.40569532
   -651.39893200
   -651.37625372
   -651.41119402
   -651.40260362
   -651.39626128
   -651.43359857
   -651.43615111
   -651.39388324
   -651.38971273
   -651.43696848
   -651.36622234
   -651.41551519
   -651.39779760
   -651.43779472
   -651.43186195
   -651.36218111
   -651.42617226
   -651.39562074
   -651.38903406
   -651.40127295
   -651.39862415
   -651.40232200
   -651.38983785
   -651.42777518
   -651.39439287
   -651.40651204
   -651.41920398
   -651.40751738
   -651.37816409
   -651.41968515
   -651.40256333
   -651.40367129
   -651.40740229
   -651.39760278
   -651.40900537
   -651.42373545
   -651.41482355
   -651.40527485
   -651.40300726
   -651.40832639
   -651.42276923
   -651.39428342
   -651.34622385
   -651.37901663
   -651.41304247
   -651.41255767
   -651.38058454
   -651.40883944
   -651.42248689
   -651.42467579
   -651.38319448
   -651.42182762
   -651.40664405
   -651.39994402
   -651.40972736
   -651.40465967
   -651.42170728
   -651.39660341
   -651.40795953
   -651.39324426
   -651.41970363
   -651.36653498
   -651.39294021
   -651.39913003
   -651.39135656
   -651.34620545
   -651.37767413
   -651.42682047
   -651.38087563
   -651.40296818
   -651.40682571
   -651.41116006
   -651.41713028
   -651.41423457
   -651.42374354
   -651.42524989
   -651.40008908
   -651.42705337
   -651.42076117
   -651.41406679
   -651.39524364
   -651.39042009
   -651.34578909
   -651.38471020
   -651.42660440
   -651.42499812
   -651.37640535
   -651.40387203
   -651.42807393
   -651.38725213
   -651.42915500
   -651.42421453
   -651.38369484
   -651.42430455
   -651.42356894
   -651.41991986
   -651.39669294
   -651.41704485
   -651.40118971
   -651.39968385
   -651.38546213
   -651.41006676
   -651.39678380
   -651.40472241
   -651.39636709
   -651.37555527
   -651.41527774
   -651.42338232
   -651.40302777
   -651.43116657
   -651.37049503
   -651.38832054
   -651.38315606
   -651.39826087
   -651.40505083
   -651.40018834
   -651.39597811
   -651.39109282
   -651.38871931
   -651.40235553
   -651.43139032
   -651.39600845
   -651.40539861
   -651.39128620
   -651.43052899
   -651.38615058
   -651.39978217
   -651.42155938
   -651.39840796
   -651.38255493
   -651.41310776
   -651.40709375
   -651.37003846
   -651.39672772
   -651.38898433
   -651.39806290
   -651.40712154
   -651.39060260
   -651.42685779
   -651.40778906
   -651.35106062
   -651.40422930
   -651.42653479
   -651.39859882
   -651.39847039
   -651.42015052
   -651.39317105
   -651.40619277
   -651.42393523
   -651.43571551
   -651.41871742
   -651.36155705
   -651.40096282
   -651.42027528
   -651.38656453
   -651.39360331
   -651.41066257
   -651.39767667
   -651.42725791
   -651.38070273
   -651.42227989
   -651.40824384
   -651.42571523
   -651.42453232
   -651.38706750
   -651.41725132
   -651.39555054
   -651.39004939
   -651.39226523
   -651.40615588
   -651.41315598
   -651.39434922
   -651.43136727
   -651.39790078
   -651.40427234
   -651.38851211
   -651.41674496
   -651.42954774
   -651.40972373
   -651.42205973
   -651.37656312
   -651.38558487
   -651.38812813
   -651.42694560
   -651.41320829
   -651.42854259
   -651.41139614
   -651.41249438
   -651.40313366
   -651.39118455
   -651.39583846
   -651.37171399
   -651.44063728
   -651.36905654
   -651.38970489
   -651.40017940
   -651.38748378
   -651.40912544
   -651.40664242
   -651.39952971
   -651.39126010
   -651.38200557
   -651.36551921
   -651.38905410
   -651.38820836
   -651.41230923
   -651.41732967
   -651.43271025
   -651.42291581
   -651.38566268
   -651.39420688
   -651.42222545
   -651.38828034
   -651.38752617
   -651.42567975
   -651.41625539
   -651.38739183
   -651.37080013
   -651.43006279
   -651.40966786
   -651.40512978
   -651.41963861
   -651.39845156
   -651.42746173
   -651.39630220
   -651.41085267
   -651.39498990
   -651.42216127
   -651.39988289
   -651.42024004
   -651.41860816
   -651.40247654
   -651.42097385
   -651.42087855
   -651.42245912
