% The following energies apply to conformations described by the topology 
% R65_iter1.top.  Structures are given in trajectory coords.cdf, count: 69.

% Item 0:
%   Energy -> orca_structures/coor*/NConf*.out
   -932.94897495
   -932.93623792
   -932.94890479
   -932.94314970
   -932.95030050
   -932.94971045
   -932.94980730
   -932.93574800
   -932.93874058
   -932.94987022
   -932.94008521
   -932.94423643
   -932.94513703
   -932.94339715
   -932.94899200
   -932.94828020
   -932.94351730
   -932.94356845
   -932.93130163
   -932.94618284
   -932.94340006
   -932.94838251
   -932.94972357
   -932.94562879
   -932.95033121
   -932.94833766
   -932.94828686
   -932.93858397
   -932.94197278
   -932.93668503
   -932.93935196
   -932.93298303
   -932.94340616
   -932.94596022
   -932.93764404
   -932.94543205
   -932.94890375
   -932.94354301
   -932.95085572
   -932.94799922
   -932.94006044
   -932.93989513
   -932.94367391
   -932.94835443
   -932.95128653
   -932.95038560
   -932.93117557
   -932.94541110
   -932.94003447
   -932.93938767
   -932.94014087
   -932.94372018
   -932.93637224
   -932.94975328
   -932.94843746
   -932.95087481
   -932.94323564
   -932.95136426
   -932.95067856
   -932.94505635
   -932.94358360
   -932.94259035
   -932.94902940
   -932.94307389
   -932.93656804
   -932.94627031
   -932.94905491
   -932.94893733
   -932.93213776
