% The following energies apply to conformations described by the topology 
% R44.top.  Structures are given in trajectory coords.cdf, count: 2463.

% Item 0:
%   Energy -> orca_structures/coor*/Conf*.out
   -688.49402430
   -688.51087095
   -688.53672036
   -688.48918336
   -688.51587740
   -688.48647629
   -688.54717380
   -688.46164825
   -688.50396711
   -688.49291342
   -688.51444584
   -688.54157908
   -688.50810788
   -688.48205463
   -688.49316340
   -688.51034687
   -688.53321498
   -688.52337429
   -688.54183102
   -688.47285574
   -688.52713613
   -688.54762351
   -688.49698477
   -688.53292737
   -688.53066778
   -688.52354737
   -688.43236853
   -688.50931242
   -688.49975486
   -688.52389162
   -688.50590630
   -688.52653188
   -688.53795925
   -688.50646982
   -688.53793535
   -688.50762125
   -688.51431152
   -688.49394995
   -688.50577703
   -688.51281033
   -688.50624312
   -688.49124928
   -688.53765304
   -688.47319574
   -688.51117155
   -688.46487298
   -688.52146797
   -688.53253220
   -688.49050112
   -688.54139210
   -688.50246404
   -688.47899615
   -688.51047045
   -688.46620623
   -688.45388188
   -688.49514286
   -688.47735406
   -688.45161139
   -688.52682600
   -688.49395002
   -688.50037897
   -688.54126700
   -688.51152457
   -688.48791733
   -688.52472502
   -688.49662032
   -688.52015366
   -688.51376664
   -688.47479238
   -688.50602668
   -688.48809562
   -688.50581578
   -688.48493856
   -688.52742973
   -688.53681819
   -688.52708659
   -688.50526280
   -688.51772067
   -688.52192805
   -688.54076087
   -688.51752262
   -688.47438156
   -688.52276626
   -688.48801443
   -688.50862156
   -688.51671192
   -688.48474431
   -688.50078813
   -688.51797761
   -688.50952710
   -688.52452509
   -688.48185941
   -688.54138218
   -688.49258045
   -688.50525054
   -688.49984508
   -688.55790875
   -688.50897785
   -688.51876896
   -688.50026581
   -688.52551167
   -688.53098513
   -688.50598326
   -688.50208545
   -688.53234896
   -688.51107552
   -688.50407155
   -688.52542011
   -688.50698164
   -688.52625988
   -688.52573482
   -688.48873401
   -688.49805180
   -688.46699664
   -688.48275545
   -688.53039462
   -688.49993525
   -688.53470813
   -688.50518988
   -688.51275730
   -688.46993079
   -688.51136746
   -688.52094423
   -688.52124048
   -688.50392375
   -688.50445503
   -688.49634967
   -688.52664844
   -688.50796448
   -688.52565557
   -688.50242155
   -688.52779270
   -688.51512547
   -688.54089524
   -688.51278977
   -688.47986782
   -688.50623171
   -688.51248142
   -688.54173230
   -688.50009572
   -688.51733734
   -688.50945281
   -688.50244214
   -688.52916276
   -688.51989617
   -688.53400465
   -688.51199156
   -688.47007232
   -688.52433625
   -688.51732708
   -688.52599879
   -688.45576754
   -688.50929280
   -688.52149184
   -688.49620653
   -688.49920581
   -688.48332466
   -688.51392957
   -688.51513938
   -688.54414537
   -688.51798986
   -688.49459234
   -688.53735386
   -688.52357368
   -688.47689436
   -688.52286736
   -688.50009845
   -688.49635572
   -688.52787600
   -688.51471001
   -688.49157882
   -688.50601934
   -688.53489992
   -688.47731522
   -688.50141790
   -688.52557337
   -688.48261217
   -688.51421967
   -688.52817385
   -688.49599443
   -688.53788973
   -688.51990430
   -688.49201660
   -688.46025583
   -688.53859968
   -688.50689255
   -688.49404975
   -688.51331400
   -688.50819691
   -688.53389074
   -688.52865846
   -688.51337967
   -688.51473040
   -688.50393351
   -688.52456459
   -688.45807154
   -688.52513561
   -688.48651190
   -688.51710047
   -688.53440740
   -688.52036305
   -688.50199937
   -688.52374731
   -688.50781218
   -688.52114497
   -688.51660021
   -688.49242404
   -688.52746559
   -688.49224340
   -688.55469315
   -688.51213075
   -688.53101439
   -688.53148556
   -688.50404931
   -688.51941198
   -688.50617916
   -688.50936157
   -688.51955380
   -688.50586951
   -688.50292752
   -688.52078377
   -688.51395344
   -688.52906591
   -688.50157539
   -688.52401247
   -688.52385292
   -688.47729680
   -688.49813774
   -688.50525476
   -688.50963761
   -688.53440813
   -688.51168142
   -688.52709162
   -688.53308804
   -688.52252749
   -688.51115594
   -688.50386506
   -688.52103275
   -688.52325540
   -688.53714429
   -688.49453294
   -688.48685528
   -688.47994136
   -688.48793203
   -688.52100498
   -688.50260709
   -688.53389156
   -688.50166296
   -688.50338281
   -688.52804634
   -688.53637847
   -688.51835892
   -688.47803000
   -688.53950266
   -688.52307605
   -688.52304362
   -688.54673697
   -688.53444229
   -688.50817538
   -688.48622767
   -688.52436444
   -688.49913591
   -688.51973122
   -688.52435116
   -688.54162170
   -688.51112361
   -688.53132070
   -688.52900147
   -688.53266756
   -688.51050120
   -688.51242854
   -688.51125262
   -688.50174724
   -688.49110022
   -688.50742458
   -688.51303388
   -688.52918535
   -688.49734325
   -688.50846019
   -688.52084766
   -688.52842642
   -688.52901535
   -688.53269422
   -688.52508550
   -688.46719208
   -688.53104967
   -688.52340036
   -688.51500642
   -688.48691388
   -688.50113338
   -688.51805213
   -688.52012503
   -688.52044936
   -688.51221380
   -688.52106995
   -688.52353386
   -688.47929475
   -688.51976857
   -688.52202619
   -688.50252001
   -688.51958658
   -688.50898165
   -688.54115104
   -688.51023952
   -688.50226645
   -688.49761979
   -688.52870508
   -688.51353249
   -688.52328261
   -688.52556357
   -688.50193864
   -688.51452897
   -688.52404747
   -688.54982526
   -688.49209227
   -688.53728718
   -688.50414488
   -688.52918057
   -688.53647970
   -688.52216372
   -688.52391459
   -688.49478099
   -688.52195511
   -688.48147676
   -688.49714033
   -688.54217393
   -688.52729772
   -688.51051175
   -688.49994140
   -688.53811618
   -688.53893331
   -688.51562800
   -688.51534574
   -688.53681390
   -688.54163932
   -688.50405316
   -688.52384931
   -688.53630972
   -688.51346205
   -688.52737512
   -688.51847500
   -688.51072420
   -688.51369308
   -688.52878037
   -688.51436882
   -688.52049430
   -688.51603556
   -688.51141128
   -688.49001188
   -688.48857461
   -688.44077056
   -688.52568261
   -688.52595928
   -688.53379107
   -688.47535236
   -688.51577216
   -688.51122867
   -688.53926886
   -688.53762994
   -688.50189005
   -688.52381508
   -688.51434000
   -688.49812205
   -688.52001929
   -688.55810880
   -688.53097169
   -688.47874539
   -688.53023804
   -688.50542123
   -688.49222422
   -688.54679493
   -688.53946303
   -688.51745590
   -688.53158964
   -688.49974604
   -688.51768802
   -688.51096794
   -688.52248162
   -688.52829136
   -688.54684658
   -688.55339117
   -688.50246307
   -688.46486702
   -688.51599210
   -688.50862346
   -688.49096038
   -688.51089007
   -688.51778619
   -688.46936383
   -688.52719748
   -688.50631835
   -688.52323478
   -688.53084278
   -688.51016009
   -688.50728014
   -688.49231794
   -688.45224441
   -688.47448858
   -688.53836541
   -688.52465087
   -688.52758794
   -688.53328970
   -688.50786627
   -688.53703490
   -688.53780104
   -688.52172858
   -688.45600637
   -688.50747037
   -688.51200166
   -688.50064943
   -688.51940549
   -688.52985361
   -688.50153092
   -688.53791723
   -688.50787329
   -688.50999799
   -688.52623182
   -688.50815450
   -688.48200606
   -688.53404345
   -688.49846665
   -688.50604660
   -688.48702629
   -688.53850088
   -688.52045908
   -688.50256488
   -688.54317798
   -688.49407054
   -688.51730867
   -688.49837672
   -688.49889148
   -688.51209524
   -688.51670965
   -688.53148645
   -688.53926372
   -688.52412843
   -688.50867019
   -688.50920724
   -688.51639512
   -688.53991980
   -688.52031730
   -688.48204686
   -688.51788128
   -688.53267179
   -688.51269484
   -688.51500019
   -688.53471262
   -688.47692188
   -688.48303840
   -688.52549593
   -688.52064900
   -688.51843291
   -688.50507971
   -688.47684490
   -688.50567549
   -688.50426148
   -688.53014493
   -688.51506760
   -688.51174695
   -688.51657586
   -688.50315024
   -688.51983206
   -688.53260071
   -688.50219892
   -688.46927618
   -688.53497202
   -688.44721845
   -688.48196610
   -688.53086537
   -688.52546690
   -688.53562363
   -688.52395694
   -688.51522647
   -688.50865419
   -688.50083282
   -688.52180065
   -688.53211814
   -688.50315844
   -688.52711437
   -688.52121872
   -688.48335024
   -688.51360303
   -688.51197284
   -688.50913976
   -688.49267028
   -688.51219363
   -688.52705711
   -688.49260312
   -688.52259345
   -688.51600217
   -688.48803806
   -688.46391102
   -688.50179997
   -688.50170330
   -688.50514438
   -688.51583350
   -688.50812951
   -688.49631543
   -688.51835541
   -688.51340020
   -688.53923415
   -688.51165797
   -688.48474623
   -688.51170047
   -688.50029675
   -688.53753154
   -688.49563750
   -688.49062206
   -688.52198616
   -688.52121946
   -688.51540079
   -688.51389303
   -688.47996769
   -688.39294245
   -688.54955148
   -688.46660895
   -688.53737615
   -688.45202458
   -688.48930692
   -688.52832747
   -688.50271941
   -688.51552768
   -688.51227592
   -688.52945471
   -688.50930139
   -688.52013899
   -688.54382204
   -688.51410110
   -688.48085263
   -688.52827315
   -688.45647113
   -688.50811985
   -688.47077316
   -688.49116965
   -688.51515601
   -688.46161768
   -688.52971609
   -688.48465493
   -688.53009073
   -688.50511346
   -688.49927685
   -688.51291322
   -688.51239399
   -688.50342876
   -688.50197060
   -688.51853603
   -688.53515840
   -688.50418581
   -688.52150361
   -688.49921922
   -688.48988680
   -688.52557341
   -688.53163652
   -688.55786721
   -688.50758737
   -688.48723531
   -688.45904397
   -688.49690188
   -688.47984752
   -688.51815089
   -688.42648260
   -688.44955536
   -688.53126850
   -688.54812403
   -688.53878356
   -688.52660520
   -688.42793571
   -688.51889270
   -688.52976211
   -688.49459848
   -688.51559101
   -688.52544401
   -688.45103198
   -688.50826127
   -688.53187051
   -688.51269737
   -688.50231938
   -688.51069155
   -688.48909889
   -688.49148297
   -688.51023288
   -688.52079702
   -688.54481268
   -688.51707136
   -688.45256181
   -688.52892651
   -688.51271618
   -688.50488716
   -688.55146348
   -688.53037438
   -688.52379371
   -688.55038923
   -688.53441319
   -688.52284434
   -688.49533979
   -688.51580710
   -688.50686739
   -688.49205218
   -688.52928235
   -688.52705060
   -688.49125457
   -688.50616671
   -688.53569309
   -688.52415158
   -688.45448230
   -688.54400590
   -688.49342429
   -688.52971932
   -688.51239526
   -688.44324176
   -688.49285279
   -688.54228644
   -688.50728070
   -688.55169035
   -688.51641805
   -688.51798052
   -688.50333429
   -688.41556027
   -688.53444971
   -688.51102126
   -688.48351339
   -688.48251963
   -688.51909199
   -688.48609075
   -688.52965643
   -688.51464726
   -688.52088420
   -688.49441018
   -688.48824902
   -688.54089944
   -688.51652109
   -688.49162049
   -688.44985842
   -688.52451552
   -688.46837249
   -688.50608888
   -688.54790594
   -688.51024319
   -688.54072621
   -688.54271121
   -688.49018753
   -688.53203141
   -688.51594210
   -688.52831262
   -688.54087710
   -688.54496013
   -688.51340904
   -688.49510054
   -688.51391587
   -688.48653949
   -688.45484430
   -688.52391654
   -688.48978368
   -688.50161896
   -688.49832958
   -688.52174495
   -688.46717534
   -688.52381084
   -688.50847725
   -688.55339764
   -688.54125077
   -688.52576884
   -688.52614681
   -688.51152729
   -688.52116976
   -688.51535161
   -688.45849036
   -688.52984538
   -688.51489678
   -688.51911033
   -688.53825263
   -688.49962325
   -688.52051123
   -688.52523313
   -688.48914412
   -688.50314556
   -688.49361601
   -688.49399332
   -688.51644439
   -688.52100822
   -688.50193190
   -688.47270595
   -688.44356111
   -688.53298058
   -688.49273042
   -688.51840143
   -688.48118418
   -688.50808992
   -688.51813070
   -688.46882325
   -688.52606532
   -688.52856283
   -688.43181244
   -688.50160875
   -688.53731955
   -688.52483718
   -688.51532379
   -688.51507931
   -688.52172359
   -688.54886591
   -688.50568682
   -688.52395308
   -688.46706750
   -688.51090646
   -688.52159805
   -688.52692075
   -688.53858570
   -688.51683106
   -688.52391307
   -688.53123419
   -688.52056010
   -688.48613169
   -688.51727985
   -688.54253551
   -688.48763262
   -688.50350272
   -688.50302760
   -688.52312051
   -688.52410347
   -688.49173875
   -688.53849837
   -688.51677257
   -688.53931022
   -688.50487601
   -688.51085647
   -688.51688818
   -688.49603336
   -688.52631116
   -688.51504109
   -688.51695607
   -688.53711849
   -688.46879945
   -688.54423979
   -688.49328062
   -688.50335841
   -688.51671133
   -688.50393775
   -688.49736252
   -688.50151055
   -688.53147624
   -688.47491935
   -688.53179608
   -688.52959651
   -688.50970821
   -688.50907779
   -688.53691939
   -688.50342829
   -688.49657393
   -688.50403492
   -688.52213161
   -688.51770078
   -688.53064843
   -688.54420222
   -688.52068424
   -688.52187794
   -688.53241181
   -688.50613093
   -688.52076715
   -688.51146431
   -688.51945385
   -688.51190363
   -688.50575816
   -688.53799560
   -688.51071780
   -688.50941317
   -688.50718383
   -688.51033095
   -688.54522572
   -688.51055512
   -688.54526491
   -688.51139272
   -688.52427783
   -688.53142779
   -688.52235176
   -688.53190073
   -688.51689293
   -688.51423408
   -688.48165585
   -688.50018163
   -688.51845621
   -688.51063880
   -688.50212281
   -688.51059630
   -688.50853816
   -688.44781975
   -688.53005367
   -688.53135971
   -688.50487857
   -688.51417650
   -688.44563531
   -688.53416994
   -688.52209411
   -688.51456104
   -688.52554723
   -688.53482731
   -688.50202305
   -688.53129153
   -688.52222343
   -688.52587164
   -688.52749575
   -688.52690982
   -688.52190299
   -688.54263424
   -688.51881859
   -688.49506224
   -688.49568696
   -688.50424270
   -688.50917878
   -688.51856163
   -688.50822902
   -688.50070139
   -688.53641261
   -688.52552643
   -688.51414566
   -688.47315256
   -688.46690577
   -688.47176317
   -688.51547640
   -688.49811558
   -688.52202708
   -688.52091849
   -688.52534125
   -688.48028380
   -688.51950815
   -688.54875361
   -688.44517671
   -688.53714730
   -688.52840595
   -688.44417097
   -688.53137903
   -688.52859117
   -688.53459249
   -688.48327874
   -688.52600239
   -688.51363110
   -688.50226849
   -688.51427370
   -688.52104150
   -688.46923789
   -688.52876575
   -688.51652740
   -688.51493962
   -688.52001148
   -688.53736788
   -688.54157131
   -688.50532254
   -688.52373004
   -688.49937473
   -688.53246387
   -688.54070447
   -688.49643624
   -688.48064250
   -688.50207312
   -688.50574887
   -688.51285601
   -688.49562764
   -688.50296607
   -688.51950903
   -688.52218652
   -688.52782936
   -688.52548886
   -688.52723394
   -688.53666816
   -688.50922470
   -688.51422290
   -688.52411318
   -688.52734657
   -688.48964330
   -688.51103704
   -688.50390338
   -688.51290446
   -688.49883163
   -688.53600978
   -688.53832047
   -688.53537233
   -688.53461801
   -688.50209417
   -688.52929869
   -688.52941287
   -688.52759441
   -688.51615712
   -688.51772367
   -688.53834982
   -688.51580044
   -688.51202312
   -688.53276468
   -688.53307062
   -688.48920108
   -688.51695696
   -688.52617190
   -688.52650362
   -688.50218580
   -688.52432766
   -688.50783822
   -688.50926192
   -688.51985795
   -688.52541267
   -688.52180850
   -688.52658936
   -688.52241032
   -688.50690381
   -688.48848785
   -688.52655737
   -688.52768552
   -688.51461992
   -688.48971476
   -688.48614036
   -688.50633756
   -688.53528000
   -688.50249786
   -688.52352268
   -688.51858348
   -688.49643182
   -688.53754413
   -688.52332291
   -688.46758506
   -688.52972709
   -688.55995301
   -688.52066846
   -688.53577275
   -688.50256555
   -688.53645462
   -688.50116200
   -688.50182151
   -688.55017046
   -688.53632077
   -688.55792095
   -688.55481837
   -688.44105898
   -688.48410079
   -688.53716297
   -688.51507955
   -688.43595406
   -688.46847786
   -688.56139332
   -688.52065434
   -688.52614142
   -688.51647615
   -688.49452637
   -688.53817892
   -688.53683483
   -688.50585282
   -688.51829296
   -688.50394260
   -688.50243739
   -688.50884639
   -688.48882027
   -688.51459420
   -688.49961759
   -688.54912587
   -688.51114836
   -688.52743536
   -688.51533339
   -688.50484722
   -688.53883452
   -688.51328056
   -688.51777067
   -688.50276080
   -688.51617274
   -688.52116758
   -688.44687124
   -688.51346810
   -688.51197130
   -688.54125915
   -688.51226880
   -688.51531337
   -688.53859183
   -688.52966778
   -688.49116433
   -688.50666612
   -688.45777988
   -688.53927278
   -688.48167048
   -688.49522274
   -688.49166078
   -688.48418338
   -688.44463368
   -688.51783343
   -688.51832448
   -688.54443788
   -688.52531081
   -688.48199867
   -688.54399573
   -688.53860439
   -688.52940415
   -688.53157176
   -688.51684109
   -688.50428566
   -688.47867376
   -688.54026596
   -688.46562123
   -688.53748060
   -688.53330085
   -688.50513440
   -688.48300081
   -688.51886416
   -688.48427321
   -688.47999530
   -688.52964258
   -688.50725689
   -688.49693052
   -688.49035392
   -688.51958638
   -688.50208787
   -688.50900986
   -688.45618047
   -688.53815279
   -688.46937852
   -688.51439499
   -688.48471104
   -688.44787927
   -688.51201353
   -688.51850702
   -688.51998939
   -688.50413406
   -688.50156220
   -688.51161797
   -688.49834772
   -688.49652599
   -688.49670628
   -688.47506127
   -688.50544007
   -688.44986597
   -688.50691577
   -688.53424196
   -688.51560117
   -688.48059047
   -688.47808288
   -688.53649346
   -688.48970068
   -688.49950584
   -688.50429282
   -688.49781538
   -688.49265778
   -688.48638479
   -688.53291015
   -688.53040285
   -688.52598035
   -688.55336547
   -688.52660249
   -688.46675699
   -688.52410175
   -688.46359317
   -688.52631385
   -688.46655336
   -688.50037388
   -688.50496736
   -688.50148017
   -688.53633215
   -688.50239463
   -688.51886900
   -688.52717480
   -688.50357315
   -688.53105432
   -688.50510752
   -688.49493571
   -688.49207507
   -688.52729940
   -688.49719991
   -688.50176589
   -688.50889482
   -688.50075335
   -688.53997076
   -688.51425758
   -688.52400464
   -688.52668886
   -688.51403573
   -688.50044537
   -688.51727155
   -688.52238284
   -688.51279300
   -688.51872791
   -688.53198694
   -688.52332211
   -688.51626882
   -688.48168253
   -688.45954250
   -688.49026718
   -688.51822072
   -688.47807058
   -688.51374305
   -688.53105596
   -688.54614212
   -688.50423404
   -688.46340203
   -688.48589796
   -688.50965492
   -688.51880460
   -688.52821417
   -688.51328079
   -688.51839853
   -688.44383590
   -688.52698925
   -688.53788297
   -688.53787644
   -688.50573274
   -688.54850203
   -688.51018905
   -688.50089523
   -688.52300964
   -688.53080827
   -688.52037503
   -688.51253937
   -688.51572007
   -688.49233710
   -688.52141287
   -688.50164342
   -688.51499410
   -688.51320643
   -688.50816746
   -688.52431668
   -688.53025905
   -688.50628032
   -688.52749355
   -688.52169416
   -688.52341948
   -688.52520325
   -688.51954782
   -688.50750179
   -688.53637105
   -688.51688650
   -688.52801190
   -688.50522326
   -688.51907394
   -688.53718609
   -688.49257098
   -688.50537242
   -688.47526080
   -688.52705045
   -688.50543251
   -688.51311131
   -688.53311851
   -688.46529375
   -688.49529102
   -688.51219745
   -688.53273207
   -688.44126513
   -688.51648324
   -688.46215521
   -688.47897759
   -688.50529197
   -688.46493872
   -688.53015981
   -688.55269598
   -688.53698973
   -688.51147290
   -688.49307920
   -688.52376754
   -688.52551795
   -688.51869581
   -688.51730649
   -688.53294373
   -688.51896370
   -688.53482047
   -688.53192467
   -688.50568954
   -688.51930309
   -688.45019155
   -688.52210850
   -688.50182863
   -688.52109415
   -688.51728862
   -688.51875607
   -688.49292896
   -688.51533875
   -688.47786165
   -688.49598062
   -688.47236877
   -688.51987820
   -688.54380974
   -688.54814171
   -688.54745700
   -688.54014162
   -688.51739511
   -688.49679724
   -688.51264884
   -688.52744599
   -688.51066514
   -688.48795750
   -688.42628863
   -688.51092497
   -688.52061379
   -688.52205019
   -688.45259626
   -688.52091612
   -688.54783416
   -688.42837662
   -688.48836096
   -688.49434341
   -688.53354628
   -688.50545307
   -688.53765240
   -688.49379782
   -688.53944975
   -688.52382939
   -688.51583436
   -688.48179109
   -688.52967298
   -688.52285880
   -688.49065398
   -688.51405381
   -688.52523419
   -688.52391828
   -688.52323129
   -688.51024559
   -688.49169002
   -688.51968925
   -688.51739848
   -688.53240430
   -688.45239161
   -688.51569414
   -688.52079903
   -688.51170169
   -688.47500265
   -688.49226774
   -688.51141024
   -688.48049202
   -688.47532290
   -688.53657993
   -688.51220399
   -688.51254271
   -688.52422593
   -688.49736793
   -688.48053560
   -688.47487222
   -688.48759660
   -688.53028342
   -688.43805636
   -688.51551072
   -688.53213201
   -688.45231051
   -688.52223193
   -688.43834794
   -688.50754728
   -688.49268218
   -688.48751720
   -688.51464897
   -688.50995357
   -688.47642547
   -688.54134304
   -688.48336517
   -688.50422155
   -688.49457522
   -688.51078153
   -688.50396608
   -688.50259544
   -688.49723921
   -688.51516467
   -688.52369173
   -688.54116568
   -688.52351757
   -688.52762425
   -688.49172418
   -688.51341245
   -688.49564507
   -688.50170957
   -688.53036376
   -688.50865889
   -688.53266784
   -688.53510548
   -688.53095323
   -688.52856138
   -688.51820050
   -688.49937556
   -688.52938469
   -688.52425422
   -688.46917384
   -688.52121448
   -688.47258084
   -688.51374989
   -688.53105987
   -688.52508472
   -688.50780327
   -688.51457370
   -688.48946755
   -688.51456897
   -688.51206955
   -688.51032950
   -688.51103480
   -688.50941847
   -688.51001526
   -688.51492403
   -688.50856822
   -688.44401117
   -688.49891905
   -688.51012973
   -688.52597246
   -688.49522868
   -688.51912094
   -688.46395368
   -688.51276765
   -688.50431774
   -688.49132915
   -688.51674202
   -688.53110607
   -688.50757144
   -688.49817670
   -688.51678522
   -688.53937700
   -688.52254661
   -688.49284960
   -688.51217064
   -688.51460467
   -688.48336416
   -688.49807104
   -688.51646715
   -688.50569238
   -688.52172205
   -688.52050722
   -688.51753110
   -688.53786457
   -688.52018941
   -688.52895199
   -688.49570899
   -688.47220740
   -688.52648306
   -688.49287127
   -688.46356676
   -688.50406083
   -688.49552428
   -688.49800656
   -688.50629892
   -688.49304308
   -688.52561269
   -688.49983273
   -688.44546366
   -688.49004217
   -688.49134451
   -688.51212141
   -688.53126425
   -688.51189396
   -688.49592083
   -688.52169248
   -688.52920885
   -688.53485449
   -688.48457993
   -688.47791314
   -688.53156021
   -688.51498977
   -688.51958239
   -688.52927815
   -688.52382288
   -688.51462170
   -688.51547269
   -688.53340299
   -688.54341416
   -688.53464873
   -688.51416505
   -688.49123189
   -688.51297153
   -688.49379344
   -688.52704156
   -688.48076458
   -688.46682740
   -688.52411658
   -688.52442514
   -688.52616734
   -688.51411429
   -688.50116719
   -688.53307956
   -688.49782439
   -688.49430113
   -688.51081222
   -688.45360514
   -688.51249849
   -688.53330628
   -688.51592948
   -688.51878361
   -688.51387255
   -688.46053219
   -688.53299277
   -688.47426599
   -688.52220379
   -688.43183619
   -688.52029357
   -688.52939680
   -688.51855862
   -688.50198639
   -688.50343248
   -688.53256254
   -688.51399121
   -688.53331926
   -688.49657840
   -688.54299443
   -688.50812141
   -688.51986671
   -688.51809688
   -688.52566628
   -688.48857087
   -688.51273802
   -688.51394979
   -688.52088114
   -688.53152977
   -688.52061869
   -688.51014574
   -688.49961520
   -688.51102692
   -688.51991078
   -688.48754414
   -688.51225736
   -688.51380800
   -688.48272642
   -688.49207564
   -688.51891410
   -688.51092852
   -688.54392710
   -688.47394864
   -688.51522901
   -688.51070308
   -688.48216924
   -688.53330211
   -688.51891040
   -688.52474369
   -688.52957959
   -688.50363210
   -688.49218827
   -688.52815319
   -688.49785699
   -688.49875987
   -688.53896024
   -688.50565179
   -688.49681072
   -688.53113707
   -688.47687231
   -688.52919755
   -688.51843379
   -688.47854487
   -688.49314272
   -688.53093446
   -688.52445392
   -688.51163030
   -688.47490181
   -688.48484457
   -688.55048585
   -688.51022593
   -688.52283030
   -688.53263741
   -688.53461370
   -688.52165669
   -688.50650396
   -688.50421354
   -688.46642985
   -688.48998934
   -688.48302962
   -688.51003752
   -688.53246167
   -688.43292022
   -688.53861454
   -688.53724580
   -688.50389380
   -688.52859179
   -688.56028133
   -688.49107113
   -688.51536238
   -688.52828598
   -688.49444467
   -688.48600928
   -688.51494447
   -688.52029694
   -688.45201867
   -688.51102632
   -688.50356613
   -688.50757949
   -688.51735296
   -688.49360540
   -688.46618036
   -688.51278545
   -688.51654660
   -688.48106355
   -688.52160870
   -688.52112643
   -688.53000816
   -688.52429267
   -688.54872977
   -688.48301907
   -688.50568294
   -688.49031124
   -688.52985297
   -688.51282805
   -688.49809179
   -688.51764249
   -688.51141845
   -688.51020842
   -688.54335054
   -688.51712022
   -688.52828653
   -688.49828048
   -688.49910793
   -688.50943922
   -688.53943424
   -688.50823095
   -688.52738346
   -688.47541241
   -688.52035769
   -688.52187921
   -688.53285959
   -688.53830441
   -688.53338423
   -688.54305512
   -688.51816014
   -688.50322577
   -688.51781861
   -688.53508916
   -688.53041551
   -688.42860972
   -688.51985990
   -688.48223542
   -688.47663623
   -688.52392817
   -688.53695026
   -688.43669319
   -688.46240295
   -688.52477755
   -688.46089406
   -688.50563459
   -688.53419982
   -688.52154578
   -688.50102769
   -688.47935903
   -688.51677324
   -688.52891211
   -688.51877063
   -688.47835405
   -688.52121762
   -688.50342412
   -688.49332268
   -688.50457037
   -688.48045269
   -688.45817601
   -688.52703253
   -688.50516352
   -688.51528660
   -688.48971690
   -688.53458189
   -688.51846578
   -688.53261482
   -688.53099400
   -688.52801967
   -688.50050052
   -688.50391629
   -688.53465111
   -688.51974778
   -688.53942693
   -688.49579887
   -688.51436362
   -688.55684506
   -688.51680425
   -688.51558800
   -688.52413227
   -688.50594464
   -688.52504232
   -688.49715566
   -688.50894377
   -688.52504526
   -688.50978586
   -688.49370064
   -688.52454774
   -688.53546742
   -688.52321805
   -688.52066819
   -688.51192492
   -688.50564470
   -688.50466176
   -688.53183061
   -688.52524097
   -688.54765059
   -688.50336521
   -688.51203848
   -688.53087423
   -688.51423366
   -688.51979391
   -688.49755351
   -688.50389210
   -688.49757173
   -688.49083921
   -688.51526767
   -688.52178990
   -688.53622963
   -688.45760182
   -688.51198945
   -688.49573390
   -688.51658569
   -688.46991245
   -688.54772065
   -688.53362834
   -688.48634085
   -688.49403154
   -688.47124382
   -688.50966351
   -688.52861975
   -688.50131081
   -688.48638091
   -688.51785397
   -688.50598605
   -688.51183830
   -688.53569178
   -688.51541513
   -688.52219199
   -688.51233850
   -688.51419755
   -688.46396446
   -688.52334949
   -688.53887952
   -688.53097473
   -688.51057645
   -688.52405099
   -688.50430035
   -688.50617753
   -688.45333485
   -688.49151155
   -688.52455190
   -688.50694380
   -688.50892979
   -688.52454963
   -688.51291868
   -688.51673464
   -688.50632811
   -688.51987938
   -688.48958624
   -688.50454937
   -688.51631584
   -688.52883986
   -688.47061935
   -688.50465128
   -688.52491191
   -688.52779557
   -688.51289000
   -688.51714222
   -688.53513047
   -688.45784579
   -688.52460487
   -688.53807532
   -688.49373502
   -688.50326624
   -688.51337595
   -688.52444150
   -688.47104147
   -688.54690237
   -688.48555433
   -688.47207617
   -688.47977332
   -688.52688352
   -688.51869741
   -688.51608304
   -688.50309782
   -688.52736175
   -688.53323191
   -688.52721428
   -688.54346866
   -688.52666610
   -688.50343741
   -688.51877602
   -688.49291043
   -688.50091562
   -688.51822454
   -688.51916224
   -688.53055423
   -688.44160541
   -688.50513939
   -688.51880892
   -688.52690301
   -688.53886693
   -688.51344794
   -688.50909083
   -688.51690402
   -688.52392460
   -688.47521368
   -688.51971022
   -688.49443966
   -688.51694340
   -688.53104199
   -688.49306310
   -688.49486219
   -688.50871157
   -688.52471289
   -688.48409623
   -688.52950498
   -688.53035938
   -688.52434975
   -688.53557202
   -688.50918950
   -688.50161266
   -688.52977987
   -688.49631297
   -688.54155088
   -688.50209126
   -688.47718262
   -688.53365173
   -688.55435563
   -688.51088800
   -688.53057929
   -688.53848185
   -688.50091064
   -688.53120971
   -688.51598237
   -688.53748253
   -688.52420174
   -688.51721181
   -688.49829380
   -688.46757796
   -688.51077111
   -688.52571023
   -688.48476697
   -688.50507592
   -688.50528676
   -688.49902782
   -688.48116373
   -688.49898735
   -688.53730395
   -688.50664503
   -688.48311973
   -688.51257806
   -688.51806258
   -688.49987493
   -688.49813666
   -688.49905189
   -688.52719011
   -688.53603627
   -688.52917618
   -688.52023259
   -688.52875394
   -688.54024522
   -688.50722980
   -688.51815269
   -688.51843532
   -688.51613403
   -688.54380456
   -688.47533218
   -688.48259676
   -688.52575530
   -688.52397145
   -688.51512717
   -688.51012989
   -688.48751329
   -688.51512198
   -688.51089050
   -688.51739801
   -688.52455106
   -688.50263888
   -688.49657678
   -688.51262808
   -688.50340783
   -688.50736595
   -688.51176683
   -688.51898253
   -688.52680366
   -688.51146357
   -688.50241964
   -688.43130343
   -688.53186884
   -688.49791125
   -688.50904672
   -688.51596202
   -688.52677629
   -688.53051204
   -688.55175105
   -688.51498153
   -688.49766767
   -688.50378190
   -688.51015145
   -688.49895709
   -688.48906519
   -688.47625380
   -688.50468105
   -688.47620877
   -688.48895964
   -688.53655476
   -688.46094621
   -688.53155844
   -688.53434606
   -688.53173341
   -688.53137862
   -688.51864573
   -688.50524105
   -688.50483193
   -688.49642022
   -688.52838026
   -688.51281391
   -688.53605607
   -688.53525079
   -688.52955990
   -688.53360890
   -688.50203224
   -688.50501526
   -688.51064012
   -688.48977973
   -688.48660605
   -688.45736355
   -688.53631326
   -688.48156257
   -688.50174581
   -688.52839192
   -688.53126338
   -688.51912123
   -688.49746651
   -688.50704105
   -688.52224201
   -688.54404031
   -688.50997974
   -688.51456370
   -688.48583161
   -688.51689060
   -688.54710360
   -688.48913270
   -688.49784602
   -688.53198605
   -688.50367478
   -688.50131803
   -688.51042204
   -688.53404509
   -688.52174855
   -688.48493462
   -688.50722086
   -688.53872336
   -688.50782149
   -688.49589637
   -688.50147369
   -688.51054083
   -688.51169562
   -688.46454094
   -688.49382334
   -688.47693084
   -688.51872521
   -688.48768226
   -688.52663412
   -688.46023562
   -688.50623455
   -688.54905417
   -688.51172063
   -688.49715939
   -688.52470809
   -688.51085848
   -688.48302823
   -688.52250317
   -688.51342394
   -688.50860845
   -688.51619326
   -688.52786925
   -688.50738199
   -688.52599387
   -688.52367566
   -688.47760740
   -688.51670838
   -688.49880935
   -688.50239569
   -688.50634004
   -688.50953066
   -688.53834743
   -688.50273327
   -688.52365546
   -688.50332532
   -688.51928677
   -688.53732125
   -688.54465809
   -688.48287411
   -688.51177638
   -688.51390670
   -688.50716951
   -688.52937482
   -688.49167260
   -688.51770808
   -688.49669833
   -688.53450386
   -688.48605721
   -688.53792874
   -688.53430640
   -688.52588695
   -688.51213385
   -688.53584886
   -688.50754261
   -688.52567166
   -688.49015588
   -688.52185793
   -688.52359813
   -688.52251013
   -688.52897196
   -688.50645837
   -688.53939538
   -688.54200840
   -688.52528461
   -688.52216837
   -688.50599708
   -688.46932226
   -688.52732994
   -688.52387558
   -688.51858479
   -688.47547821
   -688.52033405
   -688.50763974
   -688.51151312
   -688.48947908
   -688.51548968
   -688.48903286
   -688.49885520
   -688.50597036
   -688.50929707
   -688.45568584
   -688.49590992
   -688.53461478
   -688.54650717
   -688.53259862
   -688.51226480
   -688.51844802
   -688.49070053
   -688.54196583
   -688.52605988
   -688.52477465
   -688.53045562
   -688.52025317
   -688.50064292
   -688.52128371
   -688.51251401
   -688.46450770
   -688.45827136
   -688.52101374
   -688.48644480
   -688.54256049
   -688.51311871
   -688.48647916
   -688.52162138
   -688.52299093
   -688.49134690
   -688.49741230
   -688.52183626
   -688.47797800
   -688.55386887
   -688.49804530
   -688.49713392
   -688.48716348
   -688.52838021
   -688.53058201
   -688.51261149
   -688.52823656
   -688.52117851
   -688.50446828
   -688.54921592
   -688.52934338
   -688.54019293
   -688.54661920
   -688.48433389
   -688.50687684
   -688.49697905
   -688.47445851
   -688.51381689
   -688.51129773
   -688.51197664
   -688.55181118
   -688.49235444
   -688.51520799
   -688.49874660
   -688.53285770
   -688.49384652
   -688.49580807
   -688.50412460
   -688.52001412
   -688.49384897
   -688.50680245
   -688.55162182
   -688.49763929
   -688.50505069
   -688.50344296
   -688.52875851
   -688.51152754
   -688.51499787
   -688.48261314
   -688.49888470
   -688.50899547
   -688.53087967
   -688.52571107
   -688.49690778
   -688.45613787
   -688.46226625
   -688.53370628
   -688.54143238
   -688.49316330
   -688.52433268
   -688.48303596
   -688.52603974
   -688.52402705
   -688.43819210
   -688.51449152
   -688.50807877
   -688.51400242
   -688.49303302
   -688.52312356
   -688.52815541
   -688.52634690
   -688.50767576
   -688.51432656
   -688.55805342
   -688.42073676
   -688.49731232
   -688.49586274
   -688.50365908
   -688.51026616
   -688.49650260
   -688.48923331
   -688.49201822
   -688.52115780
   -688.50290971
   -688.53813570
   -688.48556292
   -688.54525072
   -688.55630699
   -688.49603689
   -688.51581280
   -688.51559923
   -688.48597746
   -688.53440469
   -688.52290575
   -688.51444860
   -688.50126690
   -688.46721281
   -688.52211962
   -688.51773346
   -688.49169395
   -688.52910322
   -688.40256933
   -688.41943817
   -688.50373407
   -688.52948971
   -688.49917552
   -688.51793130
   -688.49228125
   -688.50732019
   -688.51663316
   -688.49668558
   -688.48755302
   -688.53200287
   -688.45123994
   -688.51302962
   -688.53244281
   -688.51356231
   -688.49120360
   -688.53923429
   -688.52842427
   -688.54336141
   -688.51909887
   -688.49258510
   -688.50758761
   -688.52018327
   -688.51277836
   -688.45460812
   -688.51575916
   -688.53288807
   -688.53903732
   -688.54441717
   -688.52632430
   -688.51446626
   -688.50010105
   -688.51779334
   -688.49217086
   -688.51359345
   -688.49789877
   -688.48374714
   -688.52834026
   -688.50740463
   -688.53837434
   -688.50390086
   -688.51191623
   -688.53233281
   -688.52572219
   -688.53539901
   -688.51223016
   -688.48545131
   -688.50479616
   -688.51633532
   -688.46479980
   -688.50153308
   -688.52137184
   -688.54270094
   -688.46941482
   -688.51098563
   -688.48763623
   -688.53286652
   -688.53724065
   -688.50214781
   -688.51443132
   -688.49650158
   -688.53052286
   -688.51497408
   -688.48794440
   -688.53350353
   -688.52323556
   -688.49830604
   -688.51567066
   -688.50085548
   -688.50475842
   -688.51734562
   -688.54249763
   -688.54355447
   -688.51146252
   -688.51007887
   -688.54381642
   -688.52751901
   -688.54908673
   -688.51957893
   -688.51130378
   -688.51116101
   -688.52030808
   -688.50291652
   -688.52664488
   -688.50196695
   -688.51825063
   -688.53894296
   -688.47767804
   -688.49272345
   -688.50801207
   -688.51250712
   -688.49205940
   -688.52770082
   -688.48662225
   -688.48952898
   -688.51799485
   -688.51915391
   -688.52127790
   -688.49902887
   -688.52173865
   -688.50194089
   -688.53377100
   -688.52950614
   -688.49415796
   -688.47636203
   -688.52382506
   -688.53736721
   -688.51326890
   -688.53761336
   -688.52029639
   -688.52747043
   -688.54003776
   -688.52415741
   -688.54085029
   -688.49596117
   -688.55142233
   -688.48926574
   -688.52416716
   -688.53477256
   -688.49529796
   -688.49445312
   -688.50036556
   -688.51013315
   -688.51608695
   -688.50223409
   -688.48553769
   -688.53123948
   -688.53150925
   -688.45666669
   -688.51839356
   -688.49160648
   -688.52062395
   -688.53432435
   -688.53292563
   -688.51443777
   -688.53764068
   -688.49074601
   -688.49969880
   -688.46907557
   -688.48868847
   -688.53731761
   -688.51232208
   -688.51689263
   -688.53892827
   -688.54002416
   -688.53272029
   -688.51362260
   -688.54400777
   -688.52821031
   -688.51051134
   -688.47129788
   -688.50327479
   -688.50488469
   -688.48936302
   -688.55743829
   -688.50272872
   -688.49696411
   -688.51979607
   -688.48509109
   -688.52112447
   -688.49920989
   -688.51334576
   -688.52582132
   -688.52051314
   -688.54015792
   -688.50651021
   -688.53879026
   -688.52300779
   -688.53381274
   -688.49575595
   -688.52914940
   -688.50161516
   -688.49405161
   -688.53542373
   -688.51546661
   -688.50341311
   -688.50890010
   -688.53576965
   -688.53302529
   -688.50473087
   -688.51296406
   -688.48381908
   -688.51288862
   -688.44438830
   -688.43271467
   -688.53048105
   -688.49985705
   -688.52345447
   -688.54203771
   -688.51400356
   -688.51583488
   -688.53997897
   -688.46879666
   -688.52658528
   -688.51321575
   -688.50994710
   -688.52597488
   -688.50179687
   -688.52967275
   -688.52120838
   -688.52760546
   -688.53739739
   -688.52574350
   -688.51669073
   -688.51522702
   -688.51101217
   -688.50147035
   -688.53711893
   -688.46987545
   -688.47471290
   -688.49688342
   -688.55429090
   -688.50336979
   -688.51488537
   -688.50812709
   -688.47808863
   -688.52275506
   -688.52316254
   -688.50848367
   -688.44775185
   -688.54932123
   -688.49774856
   -688.49222975
   -688.47853832
   -688.49018154
   -688.53450494
   -688.51152293
   -688.56297564
   -688.53045583
   -688.54485663
   -688.47258660
   -688.50765982
   -688.49718331
   -688.49959486
   -688.51376186
   -688.49318318
   -688.55504001
   -688.49488150
   -688.53676892
   -688.52588566
   -688.49291083
   -688.52881116
   -688.49624686
   -688.50687183
   -688.52096454
   -688.53819703
   -688.51679981
   -688.53732165
   -688.53220880
   -688.52121247
   -688.52323094
   -688.51896889
   -688.52158498
   -688.52245733
   -688.53443417
   -688.51005682
   -688.47094802
   -688.52541760
   -688.51749415
   -688.50030519
   -688.52760753
   -688.54092006
   -688.53663468
   -688.52291413
   -688.50255977
   -688.52643635
   -688.53889756
   -688.53002806
   -688.52377551
   -688.49539065
   -688.52321426
   -688.50507144
   -688.52416648
   -688.49745231
   -688.50370179
   -688.51292159
   -688.49259220
   -688.51049327
   -688.49389143
   -688.52472371
   -688.52681270
   -688.52727278
   -688.52146366
   -688.51695728
   -688.52280327
   -688.54677573
   -688.52113078
   -688.53198803
   -688.53518783
   -688.52406983
   -688.48924061
   -688.51906934
   -688.50438178
   -688.50933535
   -688.52484718
   -688.52275333
   -688.52004467
   -688.52425893
   -688.43773474
   -688.53674481
   -688.47942534
   -688.53099500
   -688.49202915
   -688.52613307
   -688.51980782
   -688.53161559
   -688.45930294
   -688.52708199
   -688.51061228
   -688.49179965
   -688.49136134
   -688.51467577
   -688.51033190
   -688.51034540
   -688.51655603
   -688.45993988
   -688.52100347
   -688.52901590
   -688.50954143
   -688.54961777
   -688.47863606
   -688.53138394
   -688.50481578
   -688.51449686
   -688.51770939
   -688.49977652
   -688.51361308
   -688.46559503
   -688.50134233
   -688.51657550
   -688.49432457
   -688.54323364
   -688.49361966
   -688.51578223
   -688.54236581
   -688.46676818
   -688.50663887
   -688.52745932
   -688.51722201
   -688.43794870
   -688.50633863
   -688.49614256
   -688.50325230
   -688.50449206
   -688.51404589
   -688.52068542
   -688.50633356
   -688.51216637
   -688.50763554
   -688.51579958
   -688.49548573
   -688.49454007
   -688.52251068
   -688.50950098
   -688.50020106
   -688.53613787
   -688.53224940
   -688.52925586
   -688.49076244
   -688.52262850
   -688.51940915
   -688.49839663
   -688.51913397
   -688.51273511
   -688.50434527
   -688.51235632
   -688.53958890
   -688.49695527
   -688.54270708
   -688.52588625
   -688.49690228
   -688.52830428
   -688.45890932
   -688.52165896
   -688.51168149
   -688.50428962
   -688.49450680
   -688.49157989
   -688.50946821
   -688.53869558
   -688.51677124
   -688.50140791
   -688.52309275
   -688.48657386
   -688.51918352
   -688.54421519
   -688.51591245
   -688.53440047
   -688.49397898
   -688.48656402
   -688.48735286
   -688.49545182
   -688.52521922
   -688.51594203
   -688.54331545
   -688.51319853
   -688.51302561
   -688.49999903
   -688.50861930
   -688.50944271
   -688.49208533
   -688.55442955
   -688.52942579
   -688.48213419
   -688.50215296
   -688.51117274
   -688.51446142
   -688.51217757
   -688.50840602
   -688.49358466
   -688.46716770
   -688.49098768
   -688.49554678
   -688.51004055
   -688.52122639
   -688.52640608
   -688.54460229
   -688.53033056
   -688.47946440
   -688.49089448
   -688.54258843
   -688.49026178
   -688.47785094
   -688.52668358
   -688.53511451
   -688.49740573
   -688.47847822
   -688.53289841
   -688.52936305
   -688.51710401
   -688.54165282
   -688.46893912
   -688.50489637
   -688.52895777
   -688.50196792
   -688.51860334
   -688.50590782
   -688.53500695
   -688.49231103
   -688.51923041
   -688.52382443
   -688.51682496
   -688.53054438
   -688.53362680
   -688.52359980
