% The following energies apply to conformations described by the topology 
% R43.top.  Structures are given in trajectory coords.cdf, count: 2765.

% Item 0:
%   Energy -> orca_structures/coor*/Conf*.out
   -613.33894829
   -613.33003093
   -613.35893866
   -613.34956691
   -613.34424743
   -613.32867127
   -613.36078307
   -613.32725291
   -613.37761457
   -613.35375149
   -613.34746302
   -613.34227353
   -613.33994505
   -613.38121219
   -613.30901222
   -613.34798162
   -613.32770422
   -613.35487251
   -613.34677998
   -613.24090970
   -613.36420174
   -613.36300710
   -613.38030504
   -613.34437962
   -613.36626267
   -613.36549106
   -613.31378523
   -613.31761169
   -613.35932952
   -613.33907582
   -613.36033540
   -613.33809398
   -613.31046577
   -613.36464324
   -613.34945242
   -613.32458772
   -613.35368591
   -613.36179319
   -613.36681886
   -613.37128659
   -613.35696611
   -613.37062982
   -613.33885014
   -613.32397298
   -613.33990505
   -613.33268115
   -613.33490491
   -613.34730157
   -613.32752907
   -613.36000229
   -613.31090848
   -613.34194827
   -613.33647258
   -613.33667950
   -613.32619332
   -613.31724531
   -613.34536719
   -613.37335136
   -613.33199937
   -613.32915276
   -613.31440469
   -613.35710687
   -613.32869035
   -613.30632948
   -613.25833225
   -613.34325380
   -613.36473253
   -613.31263339
   -613.34966922
   -613.34165165
   -613.36255190
   -613.35271026
   -613.32319226
   -613.35453443
   -613.34670837
   -613.35748084
   -613.34012923
   -613.33509027
   -613.35371060
   -613.34867963
   -613.36249557
   -613.33691313
   -613.35998167
   -613.33764384
   -613.35955996
   -613.31530008
   -613.34834722
   -613.34046355
   -613.36295119
   -613.31666285
   -613.34987707
   -613.32279827
   -613.28932104
   -613.34127199
   -613.36804745
   -613.32612295
   -613.34668372
   -613.33507573
   -613.30999335
   -613.30816609
   -613.34104301
   -613.33789508
   -613.34189655
   -613.34673250
   -613.34743147
   -613.27308654
   -613.34928068
   -613.35908377
   -613.34444379
   -613.33945903
   -613.25664442
   -613.38857301
   -613.34868439
   -613.34343330
   -613.34434027
   -613.34465278
   -613.36112775
   -613.33700738
   -613.34956749
   -613.35964635
   -613.30601529
   -613.33937903
   -613.36005111
   -613.34494607
   -613.35268067
   -613.35156371
   -613.32841637
   -613.33962654
   -613.32705088
   -613.32449469
   -613.36505159
   -613.33641339
   -613.34319708
   -613.34309187
   -613.35269556
   -613.37528287
   -613.34210150
   -613.35204889
   -613.36135687
   -613.36005119
   -613.34138183
   -613.34423251
   -613.36461744
   -613.20094741
   -613.32603385
   -613.31852257
   -613.35584965
   -613.34148629
   -613.36172943
   -613.35706753
   -613.33918439
   -613.37880721
   -613.35086279
   -613.35448032
   -613.34840526
   -613.30197323
   -613.33431739
   -613.33328549
   -613.37139715
   -613.34251489
   -613.34415753
   -613.34098654
   -613.34479541
   -613.34379594
   -613.36272813
   -613.35273879
   -613.34641018
   -613.35245649
   -613.35622777
   -613.35698021
   -613.33564199
   -613.35333430
   -613.34060006
   -613.33625561
   -613.35591238
   -613.33181448
   -613.33841427
   -613.35167469
   -613.34237116
   -613.34569060
   -613.36514199
   -613.33794797
   -613.36252299
   -613.35408425
   -613.33851356
   -613.28654352
   -613.34604235
   -613.33706790
   -613.36804809
   -613.34596374
   -613.34680129
   -613.34950026
   -613.33246317
   -613.36305198
   -613.32572242
   -613.33709869
   -613.33902001
   -613.34106509
   -613.21328468
   -613.33442233
   -613.33911795
   -613.32042019
   -613.35820271
   -613.33547189
   -613.36161324
   -613.34967884
   -613.36703760
   -613.25280194
   -613.30597413
   -613.36658528
   -613.34532626
   -613.32992304
   -613.34375965
   -613.32798630
   -613.35112254
   -613.32660778
   -613.36659697
   -613.36232114
   -613.33142539
   -613.32988219
   -613.34120000
   -613.36226414
   -613.32276206
   -613.36474947
   -613.32959317
   -613.35051527
   -613.36843051
   -613.35267329
   -613.35618941
   -613.32439341
   -613.33549321
   -613.35452933
   -613.34197363
   -613.34366499
   -613.36250203
   -613.35606854
   -613.34507333
   -613.37981969
   -613.33454062
   -613.36639990
   -613.37363595
   -613.33051132
   -613.35874503
   -613.33144090
   -613.34103262
   -613.34441176
   -613.32293472
   -613.33366003
   -613.35892196
   -613.33393137
   -613.36125446
   -613.35217385
   -613.34386368
   -613.33222002
   -613.32655509
   -613.34950149
   -613.33537692
   -613.35641604
   -613.33734466
   -613.36140974
   -613.34145367
   -613.32136969
   -613.35846097
   -613.37052746
   -613.34009802
   -613.33971284
   -613.34114938
   -613.37100550
   -613.37214955
   -613.37510253
   -613.34922889
   -613.34297568
   -613.33927481
   -613.30335066
   -613.32686685
   -613.35505263
   -613.33441653
   -613.36714637
   -613.35096393
   -613.31217604
   -613.34328218
   -613.33811026
   -613.36346652
   -613.34543233
   -613.33239768
   -613.32042965
   -613.36987324
   -613.36785059
   -613.37046356
   -613.37654577
   -613.33331886
   -613.34295308
   -613.36115550
   -613.32583310
   -613.34243608
   -613.33622908
   -613.34118609
   -613.37057498
   -613.36098015
   -613.35540676
   -613.36446244
   -613.36389488
   -613.37410152
   -613.35744785
   -613.34749110
   -613.34649490
   -613.32926614
   -613.32936682
   -613.34691106
   -613.35045442
   -613.32564328
   -613.36807973
   -613.34139262
   -613.34707651
   -613.35738383
   -613.35018876
   -613.35735867
   -613.35292848
   -613.32325975
   -613.33045573
   -613.36021946
   -613.34501315
   -613.34365668
   -613.37520899
   -613.35240016
   -613.31483189
   -613.32469050
   -613.34763004
   -613.34431844
   -613.35473755
   -613.36086479
   -613.35296214
   -613.33948056
   -613.35908774
   -613.34009446
   -613.34079036
   -613.36027639
   -613.34765582
   -613.34802190
   -613.35066004
   -613.34352872
   -613.36563295
   -613.34446043
   -613.33604938
   -613.34358117
   -613.36068926
   -613.35273769
   -613.37143459
   -613.36038389
   -613.34267002
   -613.35551926
   -613.35464114
   -613.38019720
   -613.33805757
   -613.35401776
   -613.33235387
   -613.33293762
   -613.34805709
   -613.34882069
   -613.36260333
   -613.36477645
   -613.35134248
   -613.34585339
   -613.34607391
   -613.33938894
   -613.34597493
   -613.34041367
   -613.37672818
   -613.35337248
   -613.34314128
   -613.32950605
   -613.34241242
   -613.38015797
   -613.35915969
   -613.33533356
   -613.35351959
   -613.38040271
   -613.35536398
   -613.33484598
   -613.33692546
   -613.37785040
   -613.34855153
   -613.35181523
   -613.35097169
   -613.34766438
   -613.34553714
   -613.33927449
   -613.32082031
   -613.36208308
   -613.35122475
   -613.35149840
   -613.34497177
   -613.35629314
   -613.30187661
   -613.34515781
   -613.35124634
   -613.36437772
   -613.36785254
   -613.32915227
   -613.36028517
   -613.31664991
   -613.33772176
   -613.34074582
   -613.37006881
   -613.33704892
   -613.36121906
   -613.34809242
   -613.35497459
   -613.33177133
   -613.39133354
   -613.34120625
   -613.32980150
   -613.37164630
   -613.34592992
   -613.33487720
   -613.34302562
   -613.36032728
   -613.34955365
   -613.35673525
   -613.35230536
   -613.34027934
   -613.30313453
   -613.35434613
   -613.38329619
   -613.31931106
   -613.38827020
   -613.35124625
   -613.32436346
   -613.32467639
   -613.35596074
   -613.34302025
   -613.28776717
   -613.33449133
   -613.37407350
   -613.36779490
   -613.33747930
   -613.32611654
   -613.31292725
   -613.34895399
   -613.32875492
   -613.26372728
   -613.33373174
   -613.30994654
   -613.34897182
   -613.35430053
   -613.34208609
   -613.37523684
   -613.34000951
   -613.32598402
   -613.32550504
   -613.35185602
   -613.35473491
   -613.36661829
   -613.35468483
   -613.36588795
   -613.37418432
   -613.35678967
   -613.32186759
   -613.35718472
   -613.37261208
   -613.33908315
   -613.35855645
   -613.35786723
   -613.33855836
   -613.35157205
   -613.34042067
   -613.35038800
   -613.32591374
   -613.33496115
   -613.35368425
   -613.35227447
   -613.35174963
   -613.31665951
   -613.32686434
   -613.34669963
   -613.30592075
   -613.31909307
   -613.34962205
   -613.35966587
   -613.37619874
   -613.21734444
   -613.34980804
   -613.33913199
   -613.35816767
   -613.34178283
   -613.34034500
   -613.36809934
   -613.36075456
   -613.36524466
   -613.32356168
   -613.34729052
   -613.35422452
   -613.35056894
   -613.36762829
   -613.33357141
   -613.33094226
   -613.35784303
   -613.36421339
   -613.33172362
   -613.36142649
   -613.36461169
   -613.36326281
   -613.34037148
   -613.35680605
   -613.34407182
   -613.35731903
   -613.35364587
   -613.33742632
   -613.34158412
   -613.34906222
   -613.34759360
   -613.34216955
   -613.35399627
   -613.35309095
   -613.33949962
   -613.34596019
   -613.33600717
   -613.34440149
   -613.36285549
   -613.35235002
   -613.31672359
   -613.37673585
   -613.33549917
   -613.33874181
   -613.25557410
   -613.36211241
   -613.34876160
   -613.34597416
   -613.34759866
   -613.33917809
   -613.37298779
   -613.33970731
   -613.33222766
   -613.35013637
   -613.34424548
   -613.34737912
   -613.33561667
   -613.34912128
   -613.37014217
   -613.35609056
   -613.35017795
   -613.20859644
   -613.32748579
   -613.35138675
   -613.34491483
   -613.34589433
   -613.36497734
   -613.33205488
   -613.33522729
   -613.33018471
   -613.34731794
   -613.34412827
   -613.35606964
   -613.22257105
   -613.32850352
   -613.34855778
   -613.33533739
   -613.35808780
   -613.33626677
   -613.34212558
   -613.36022161
   -613.34598279
   -613.37224479
   -613.33471381
   -613.33811888
   -613.33295488
   -613.35660524
   -613.35986144
   -613.34803873
   -613.35432008
   -613.32156987
   -613.33850635
   -613.38170246
   -613.32604101
   -613.36518107
   -613.32913344
   -613.35354832
   -613.36943053
   -613.35114515
   -613.35886921
   -613.34796005
   -613.33535721
   -613.36700449
   -613.35181553
   -613.33175878
   -613.35178173
   -613.36522614
   -613.35559943
   -613.33921478
   -613.35048257
   -613.35082120
   -613.34540463
   -613.33020514
   -613.31498056
   -613.36963345
   -613.35489450
   -613.36131250
   -613.34767252
   -613.32512405
   -613.35639965
   -613.35236952
   -613.33653678
   -613.34243585
   -613.35928431
   -613.34087667
   -613.37963631
   -613.34320597
   -613.32259162
   -613.33264519
   -613.33781283
   -613.32661147
   -613.35732478
   -613.34789115
   -613.32123147
   -613.34327339
   -613.35165458
   -613.37480659
   -613.38522086
   -613.35341822
   -613.29678078
   -613.31740857
   -613.33265105
   -613.31499215
   -613.34422901
   -613.34918527
   -613.31412307
   -613.33364573
   -613.36569789
   -613.35693946
   -613.37723085
   -613.36052489
   -613.34466230
   -613.35537626
   -613.35507963
   -613.33833034
   -613.38223401
   -613.36122588
   -613.32123461
   -613.36541035
   -613.32437397
   -613.34574373
   -613.33241828
   -613.32315762
   -613.34581353
   -613.35415854
   -613.29461937
   -613.36552997
   -613.30293320
   -613.35425097
   -613.35845732
   -613.34336596
   -613.32607879
   -613.34995689
   -613.30972933
   -613.38861034
   -613.36219587
   -613.35511288
   -613.32946084
   -613.31047741
   -613.35014516
   -613.33012491
   -613.36708990
   -613.31301709
   -613.36322267
   -613.32480238
   -613.34462407
   -613.35619400
   -613.36034651
   -613.37645033
   -613.34376267
   -613.36116257
   -613.35107870
   -613.30625205
   -613.34430001
   -613.37593823
   -613.32741049
   -613.36391745
   -613.35361153
   -613.36974044
   -613.33878070
   -613.31961342
   -613.35586930
   -613.31827505
   -613.35204932
   -613.32355767
   -613.36320825
   -613.35329535
   -613.32425796
   -613.34800903
   -613.35331599
   -613.34980702
   -613.32429546
   -613.37246961
   -613.37170284
   -613.33955539
   -613.32609915
   -613.35277375
   -613.29256617
   -613.33134766
   -613.35357552
   -613.37384234
   -613.36989197
   -613.35408457
   -613.32827626
   -613.37642099
   -613.37159872
   -613.34959576
   -613.35399813
   -613.35469127
   -613.36365269
   -613.37347098
   -613.38106845
   -613.35474104
   -613.33632350
   -613.35550674
   -613.31208302
   -613.34222057
   -613.35717899
   -613.33537561
   -613.34516909
   -613.34081370
   -613.33671318
   -613.35314923
   -613.32708288
   -613.34401798
   -613.34809981
   -613.38197292
   -613.36691017
   -613.36609771
   -613.35184236
   -613.35584063
   -613.36255224
   -613.34809887
   -613.36097721
   -613.35668620
   -613.35593637
   -613.36637518
   -613.35365974
   -613.32759224
   -613.36513661
   -613.30265819
   -613.36519383
   -613.35311566
   -613.34556735
   -613.32747974
   -613.34326789
   -613.35348481
   -613.30923597
   -613.30919172
   -613.32156871
   -613.33571098
   -613.30322318
   -613.36150123
   -613.33347192
   -613.34519992
   -613.32489287
   -613.32828229
   -613.34896993
   -613.30991431
   -613.32482058
   -613.33936431
   -613.33811830
   -613.35867251
   -613.30986328
   -613.36824154
   -613.29122405
   -613.32196599
   -613.33199835
   -613.35800007
   -613.34933788
   -613.36015812
   -613.35149003
   -613.34614306
   -613.38265905
   -613.36773875
   -613.34301490
   -613.33567846
   -613.34223828
   -613.35226712
   -613.36934110
   -613.37694926
   -613.35545896
   -613.35901512
   -613.36833850
   -613.35539203
   -613.33378573
   -613.35610786
   -613.34522104
   -613.35051647
   -613.33342734
   -613.34179344
   -613.35235468
   -613.32209668
   -613.37189137
   -613.35543606
   -613.33259515
   -613.35022957
   -613.34081311
   -613.35907501
   -613.33824186
   -613.34799077
   -613.34036529
   -613.33940135
   -613.35804308
   -613.35173098
   -613.35459632
   -613.33410800
   -613.36923400
   -613.35827239
   -613.32283712
   -613.35349712
   -613.33794667
   -613.33885451
   -613.33773357
   -613.34465603
   -613.35071634
   -613.36643327
   -613.35161080
   -613.35504536
   -613.33046512
   -613.33944565
   -613.38476633
   -613.34382166
   -613.33887308
   -613.35731595
   -613.33804424
   -613.35382575
   -613.35458710
   -613.37270691
   -613.36181664
   -613.35416582
   -613.37023105
   -613.35167307
   -613.34081629
   -613.35036057
   -613.34912830
   -613.35317716
   -613.36035044
   -613.30871879
   -613.33555050
   -613.33460864
   -613.34968116
   -613.33062332
   -613.37600490
   -613.34540402
   -613.33959209
   -613.26674267
   -613.34252642
   -613.33548889
   -613.34416787
   -613.34235006
   -613.34205942
   -613.36404247
   -613.35605273
   -613.35935193
   -613.34823419
   -613.37758618
   -613.35679894
   -613.34854074
   -613.33786309
   -613.33003356
   -613.35978169
   -613.34234672
   -613.34833465
   -613.34492208
   -613.35207188
   -613.33492903
   -613.34705745
   -613.34623778
   -613.32149179
   -613.31985328
   -613.36271597
   -613.35827756
   -613.35214081
   -613.33948799
   -613.31878908
   -613.38214819
   -613.33390748
   -613.33942531
   -613.36243929
   -613.33319464
   -613.34406606
   -613.37117973
   -613.33620933
   -613.32225383
   -613.34808612
   -613.31056936
   -613.33708508
   -613.37175299
   -613.34557374
   -613.33302919
   -613.33422832
   -613.31885380
   -613.33513818
   -613.34675226
   -613.36549934
   -613.33754084
   -613.31859581
   -613.34925979
   -613.32691362
   -613.36551575
   -613.35626598
   -613.35921595
   -613.33511336
   -613.34306657
   -613.34633922
   -613.35160372
   -613.33182294
   -613.34219667
   -613.35802289
   -613.31944106
   -613.33616766
   -613.34197424
   -613.32097692
   -613.34735093
   -613.36660837
   -613.34219763
   -613.36639048
   -613.36506367
   -613.22414239
   -613.35192055
   -613.33606199
   -613.36096058
   -613.32972719
   -613.36142934
   -613.33627954
   -613.36085612
   -613.34224997
   -613.35476005
   -613.32585783
   -613.35185397
   -613.35136185
   -613.31733470
   -613.36251768
   -613.35237077
   -613.34750742
   -613.35847086
   -613.37664648
   -613.37983244
   -613.34397278
   -613.34706725
   -613.33878275
   -613.35406222
   -613.35576415
   -613.33916726
   -613.31214378
   -613.32416016
   -613.34780312
   -613.34926832
   -613.33577338
   -613.35177981
   -613.35405034
   -613.35752631
   -613.33408188
   -613.36718648
   -613.34626734
   -613.34856810
   -613.33745297
   -613.38376319
   -613.34400790
   -613.34451900
   -613.36768952
   -613.36451523
   -613.30938662
   -613.31229624
   -613.34605242
   -613.34484667
   -613.33399826
   -613.37933974
   -613.38196738
   -613.37044652
   -613.37540860
   -613.36240809
   -613.36121638
   -613.33874177
   -613.36173936
   -613.34295776
   -613.35509792
   -613.37168637
   -613.31975294
   -613.35115345
   -613.37165652
   -613.35416661
   -613.35940968
   -613.36032884
   -613.35665645
   -613.35875551
   -613.33433765
   -613.34812275
   -613.36230190
   -613.32233710
   -613.36289925
   -613.34577756
   -613.35899951
   -613.35955910
   -613.34168756
   -613.32267360
   -613.34660982
   -613.31446410
   -613.30843851
   -613.35791354
   -613.34359412
   -613.35378007
   -613.33419543
   -613.34969063
   -613.34418645
   -613.36615333
   -613.35429315
   -613.35610014
   -613.36320786
   -613.35660545
   -613.33532957
   -613.36349734
   -613.36338051
   -613.35368014
   -613.32830752
   -613.35965031
   -613.37372321
   -613.34674541
   -613.33960065
   -613.35332488
   -613.38739105
   -613.36980975
   -613.39161101
   -613.39193098
   -613.34191846
   -613.24684218
   -613.34741428
   -613.35143825
   -613.36219992
   -613.33914084
   -613.35875524
   -613.34928438
   -613.32668550
   -613.34153479
   -613.33271605
   -613.36325419
   -613.35371608
   -613.34889426
   -613.36299617
   -613.37015927
   -613.31879298
   -613.35810103
   -613.34137478
   -613.36088104
   -613.35969003
   -613.33291902
   -613.34912495
   -613.35134525
   -613.35371926
   -613.37043176
   -613.30317376
   -613.34444912
   -613.36254732
   -613.34472203
   -613.34534583
   -613.33783741
   -613.32881907
   -613.36182227
   -613.34667784
   -613.34732010
   -613.35547599
   -613.35695535
   -613.35823193
   -613.36103689
   -613.30852519
   -613.34938664
   -613.33457033
   -613.34303657
   -613.37538209
   -613.25322511
   -613.34607557
   -613.36507900
   -613.34667392
   -613.32260704
   -613.34072339
   -613.33220921
   -613.37313275
   -613.32520762
   -613.32235131
   -613.31705878
   -613.32767319
   -613.34621147
   -613.34485140
   -613.36038368
   -613.34385421
   -613.34798169
   -613.37153975
   -613.36133569
   -613.33622653
   -613.36944886
   -613.33421557
   -613.36907880
   -613.36308055
   -613.36754967
   -613.35671924
   -613.30390027
   -613.31906795
   -613.37562869
   -613.32952568
   -613.36769258
   -613.36533208
   -613.34688248
   -613.32341927
   -613.33162117
   -613.33118798
   -613.32692610
   -613.36183285
   -613.34310019
   -613.32613376
   -613.35097393
   -613.32512006
   -613.34742881
   -613.35963265
   -613.34215259
   -613.32175366
   -613.34275652
   -613.33153730
   -613.36544300
   -613.31154099
   -613.35257411
   -613.20758687
   -613.32219384
   -613.31425423
   -613.33353862
   -613.32425797
   -613.34942947
   -613.34934778
   -613.33039538
   -613.32031424
   -613.32729041
   -613.33901207
   -613.34203311
   -613.33464268
   -613.34235540
   -613.34105712
   -613.33698458
   -613.34482159
   -613.33881402
   -613.36211817
   -613.35286153
   -613.32385546
   -613.33980941
   -613.35870560
   -613.34236429
   -613.35414212
   -613.34291195
   -613.33089578
   -613.33742403
   -613.33500936
   -613.36177822
   -613.36580178
   -613.34465052
   -613.38138699
   -613.36400170
   -613.30339847
   -613.31263516
   -613.33864493
   -613.33947015
   -613.30208277
   -613.36479628
   -613.32157612
   -613.33697018
   -613.34032030
   -613.35141851
   -613.34623340
   -613.35362089
   -613.37043330
   -613.33988807
   -613.35907843
   -613.34792783
   -613.35378431
   -613.33908248
   -613.36319649
   -613.34003859
   -613.32687356
   -613.35276118
   -613.33310935
   -613.36571451
   -613.34570985
   -613.36222317
   -613.35047145
   -613.33699612
   -613.34524489
   -613.35341159
   -613.34995610
   -613.31245089
   -613.35340927
   -613.36607071
   -613.35822972
   -613.35711882
   -613.35487669
   -613.35103129
   -613.31522837
   -613.34382372
   -613.33401054
   -613.35800967
   -613.33265258
   -613.34463053
   -613.36604387
   -613.38088497
   -613.34200008
   -613.34341902
   -613.32147190
   -613.35423599
   -613.36028033
   -613.35838067
   -613.33307266
   -613.34487377
   -613.36524699
   -613.37292596
   -613.37746662
   -613.38381455
   -613.36160555
   -613.36149009
   -613.31480599
   -613.32541822
   -613.34356870
   -613.36056304
   -613.36735520
   -613.34844248
   -613.32788495
   -613.35241678
   -613.31600728
   -613.34386969
   -613.32528201
   -613.37599615
   -613.33856913
   -613.31657946
   -613.34727503
   -613.34974691
   -613.34493415
   -613.36019504
   -613.36574726
   -613.34740732
   -613.34470386
   -613.35460060
   -613.34147359
   -613.36056526
   -613.35288028
   -613.34739079
   -613.35587525
   -613.35349364
   -613.36299733
   -613.35225691
   -613.35285822
   -613.36887297
   -613.30472690
   -613.33707148
   -613.30646610
   -613.34845566
   -613.33068365
   -613.33369904
   -613.36059686
   -613.31208259
   -613.36000080
   -613.36740213
   -613.35268616
   -613.32053995
   -613.38571143
   -613.33758387
   -613.35183103
   -613.31506309
   -613.31917977
   -613.34631625
   -613.32376704
   -613.35918878
   -613.38229066
   -613.33719660
   -613.34474754
   -613.32413766
   -613.33466751
   -613.35216066
   -613.35415195
   -613.35104721
   -613.35218510
   -613.36963443
   -613.36017964
   -613.35742080
   -613.36543043
   -613.33851862
   -613.32916192
   -613.34410003
   -613.35492421
   -613.31739618
   -613.34515031
   -613.34747134
   -613.34203413
   -613.35840486
   -613.34675703
   -613.35845596
   -613.34301463
   -613.34360727
   -613.33102982
   -613.31865970
   -613.33059506
   -613.35460439
   -613.35034155
   -613.34499116
   -613.36701259
   -613.37965971
   -613.33501829
   -613.36954512
   -613.36390490
   -613.37019599
   -613.35050037
   -613.33580694
   -613.35362762
   -613.34846720
   -613.30614437
   -613.34745754
   -613.31695383
   -613.32595405
   -613.33975514
   -613.34443244
   -613.35355854
   -613.33127559
   -613.35404452
   -613.33186498
   -613.35987383
   -613.23031451
   -613.35370700
   -613.33595928
   -613.33398830
   -613.36112531
   -613.34878428
   -613.35553567
   -613.35071254
   -613.36040274
   -613.36214894
   -613.35056819
   -613.33508154
   -613.31045269
   -613.27605147
   -613.34257302
   -613.32394097
   -613.31651871
   -613.34149328
   -613.34850096
   -613.36267404
   -613.34891072
   -613.34700564
   -613.33184118
   -613.32909317
   -613.35573546
   -613.35008918
   -613.36666371
   -613.35210684
   -613.35582492
   -613.30378547
   -613.33229087
   -613.34378467
   -613.30882402
   -613.34672274
   -613.32613666
   -613.34363130
   -613.37057880
   -613.36068894
   -613.33327707
   -613.35933979
   -613.35044943
   -613.34675409
   -613.29711567
   -613.34131256
   -613.32776303
   -613.35917368
   -613.33497232
   -613.34478359
   -613.36283417
   -613.34652942
   -613.35417098
   -613.33867577
   -613.33173538
   -613.34273016
   -613.30973719
   -613.31735162
   -613.31339887
   -613.35100249
   -613.31803601
   -613.30638746
   -613.37256352
   -613.33506019
   -613.33077206
   -613.35101307
   -613.35629812
   -613.34249972
   -613.29717574
   -613.35874305
   -613.34477069
   -613.35195105
   -613.35070781
   -613.35991169
   -613.35694187
   -613.34889779
   -613.36774077
   -613.32805405
   -613.33648009
   -613.35492120
   -613.34265339
   -613.31861022
   -613.36611397
   -613.31143750
   -613.36210977
   -613.35099826
   -613.34367473
   -613.34900694
   -613.36100739
   -613.32838595
   -613.31207019
   -613.36612053
   -613.32448908
   -613.30867796
   -613.34469030
   -613.34061281
   -613.36909220
   -613.36384815
   -613.34993349
   -613.33840021
   -613.34720265
   -613.35326809
   -613.35152229
   -613.35582930
   -613.34978537
   -613.33958811
   -613.30701528
   -613.35308497
   -613.35624479
   -613.34303303
   -613.32434535
   -613.33015091
   -613.36126558
   -613.33120798
   -613.31839141
   -613.31615431
   -613.34996290
   -613.33561825
   -613.35115426
   -613.34273728
   -613.32844590
   -613.34741366
   -613.35550947
   -613.36763271
   -613.35127597
   -613.33126312
   -613.35374693
   -613.34723901
   -613.37042623
   -613.35730248
   -613.31139732
   -613.33311083
   -613.35438364
   -613.33716485
   -613.32064950
   -613.32546830
   -613.32063675
   -613.32865081
   -613.34192356
   -613.35458628
   -613.35853003
   -613.35314009
   -613.37172848
   -613.35136871
   -613.36344460
   -613.35870288
   -613.32254533
   -613.27418195
   -613.36617741
   -613.35573597
   -613.35125013
   -613.33306995
   -613.31960845
   -613.35033562
   -613.34186839
   -613.34649230
   -613.32954217
   -613.36970710
   -613.35444092
   -613.34006049
   -613.32898438
   -613.35229007
   -613.36144980
   -613.35631868
   -613.36372702
   -613.34750093
   -613.35224336
   -613.35477484
   -613.35723660
   -613.34484154
   -613.38462094
   -613.32536915
   -613.32150853
   -613.31444312
   -613.31952180
   -613.31207182
   -613.36227778
   -613.32867331
   -613.35162054
   -613.35423400
   -613.38142837
   -613.36476541
   -613.34402162
   -613.35079243
   -613.36695225
   -613.36853334
   -613.37334983
   -613.34201689
   -613.36055944
   -613.35758185
   -613.37621971
   -613.33752311
   -613.33079189
   -613.36411866
   -613.35437708
   -613.35223325
   -613.34795188
   -613.36065706
   -613.37671886
   -613.34994002
   -613.34117409
   -613.33892062
   -613.35465555
   -613.30960179
   -613.32855928
   -613.36115939
   -613.34425381
   -613.36036820
   -613.35647294
   -613.34198387
   -613.32321665
   -613.32604412
   -613.32418022
   -613.34147788
   -613.34866609
   -613.35068479
   -613.34828510
   -613.35507271
   -613.35101334
   -613.34043160
   -613.36639858
   -613.34890802
   -613.34892915
   -613.35418141
   -613.38265273
   -613.34513744
   -613.34953312
   -613.36129461
   -613.38042086
   -613.32852798
   -613.33845865
   -613.36291131
   -613.34940598
   -613.35493799
   -613.31393826
   -613.33175024
   -613.35296376
   -613.35765006
   -613.32176876
   -613.34027140
   -613.35641794
   -613.33332843
   -613.31893479
   -613.33951353
   -613.32971509
   -613.34337061
   -613.28552665
   -613.33622918
   -613.33300665
   -613.33258334
   -613.33294076
   -613.33927964
   -613.34329248
   -613.34054919
   -613.34069649
   -613.33048339
   -613.33182588
   -613.36436472
   -613.35157871
   -613.36568207
   -613.32514990
   -613.32874549
   -613.35701084
   -613.33513308
   -613.30276235
   -613.31306456
   -613.37803439
   -613.32826021
   -613.31607059
   -613.31753489
   -613.36525586
   -613.33016526
   -613.35613769
   -613.31694876
   -613.34833648
   -613.31021102
   -613.32775400
   -613.33493150
   -613.37256029
   -613.37458224
   -613.35396866
   -613.31135748
   -613.34461027
   -613.33815703
   -613.38904186
   -613.34807346
   -613.32222274
   -613.35680279
   -613.32413842
   -613.35385573
   -613.35939738
   -613.35237003
   -613.35686862
   -613.34242693
   -613.34327796
   -613.35301426
   -613.36088495
   -613.35125458
   -613.36353157
   -613.33258197
   -613.37176500
   -613.36455930
   -613.35210643
   -613.38824816
   -613.33238038
   -613.35738813
   -613.36165983
   -613.34155591
   -613.32589857
   -613.35420430
   -613.35366696
   -613.34081853
   -613.34862309
   -613.34508218
   -613.34800374
   -613.30760756
   -613.33813926
   -613.36780196
   -613.32094469
   -613.34858738
   -613.34719550
   -613.35283895
   -613.32253536
   -613.33294959
   -613.35377680
   -613.35744363
   -613.35967828
   -613.34034469
   -613.34594957
   -613.35596571
   -613.35306464
   -613.36222902
   -613.34011652
   -613.34424822
   -613.35221376
   -613.35046570
   -613.35448144
   -613.32102616
   -613.38157237
   -613.34864564
   -613.35818127
   -613.32026689
   -613.33486680
   -613.33761028
   -613.33045741
   -613.36083568
   -613.34292739
   -613.35418151
   -613.34907574
   -613.36030761
   -613.37121820
   -613.35542032
   -613.34670991
   -613.35187366
   -613.35427781
   -613.36411617
   -613.37761471
   -613.34325646
   -613.34309050
   -613.35989059
   -613.35939062
   -613.36446047
   -613.32548369
   -613.31390071
   -613.35595887
   -613.31965963
   -613.34523921
   -613.36072972
   -613.36963529
   -613.36760214
   -613.33204348
   -613.35153268
   -613.35012403
   -613.32054273
   -613.34207920
   -613.34581932
   -613.36854367
   -613.36585068
   -613.32813667
   -613.34627855
   -613.35799561
   -613.35695267
   -613.35001229
   -613.34352515
   -613.35479821
   -613.36513929
   -613.34886338
   -613.32295235
   -613.33820514
   -613.32432823
   -613.37631405
   -613.35897683
   -613.29890064
   -613.34175494
   -613.34555365
   -613.35363390
   -613.34824570
   -613.37678683
   -613.35012850
   -613.37663049
   -613.35270741
   -613.36667745
   -613.34728675
   -613.35397879
   -613.31659436
   -613.29292061
   -613.31842781
   -613.35302867
   -613.34793090
   -613.33546482
   -613.36505773
   -613.31864658
   -613.34797778
   -613.35386638
   -613.39010236
   -613.35542876
   -613.35146299
   -613.32271730
   -613.34442928
   -613.36175322
   -613.33078561
   -613.33451624
   -613.31179068
   -613.36776972
   -613.29678876
   -613.36576211
   -613.34784769
   -613.33174231
   -613.32610395
   -613.31460106
   -613.37463665
   -613.36208611
   -613.36637680
   -613.24247814
   -613.33701273
   -613.32861913
   -613.36439268
   -613.34659506
   -613.35726364
   -613.38334625
   -613.34493082
   -613.32021077
   -613.33794485
   -613.37303753
   -613.34646502
   -613.35580561
   -613.34110187
   -613.34260071
   -613.34495809
   -613.33660318
   -613.33534254
   -613.35370863
   -613.38884032
   -613.37905638
   -613.29928101
   -613.34534307
   -613.29854065
   -613.37764479
   -613.37051186
   -613.32884999
   -613.33616387
   -613.31263557
   -613.35366037
   -613.36232593
   -613.32402220
   -613.34159787
   -613.33544389
   -613.34094261
   -613.33421660
   -613.37007169
   -613.34792894
   -613.31827518
   -613.33136057
   -613.35916786
   -613.34874157
   -613.35042343
   -613.33181191
   -613.37763930
   -613.36472004
   -613.32703281
   -613.36723306
   -613.33317475
   -613.32627508
   -613.34030194
   -613.32970968
   -613.36293847
   -613.31190469
   -613.32497464
   -613.33211851
   -613.33620649
   -613.35797976
   -613.35438846
   -613.36052678
   -613.35700644
   -613.33957049
   -613.35417253
   -613.34627443
   -613.33825410
   -613.34329439
   -613.32614980
   -613.35161579
   -613.35028525
   -613.34457958
   -613.33077636
   -613.36824806
   -613.32680742
   -613.35465964
   -613.36572846
   -613.33773028
   -613.36046310
   -613.37270687
   -613.32627989
   -613.34130689
   -613.35153549
   -613.33238003
   -613.32926779
   -613.36526015
   -613.33599599
   -613.35009335
   -613.32758907
   -613.35739408
   -613.32078055
   -613.35495410
   -613.34061265
   -613.36536243
   -613.36880817
   -613.32791318
   -613.35615600
   -613.30671026
   -613.37664052
   -613.30134856
   -613.36341288
   -613.34399705
   -613.35127962
   -613.35298153
   -613.36803898
   -613.37979792
   -613.36142672
   -613.35041820
   -613.34658365
   -613.35903122
   -613.37014743
   -613.35495254
   -613.36050850
   -613.36327920
   -613.34879119
   -613.34659142
   -613.36140455
   -613.32206471
   -613.33110981
   -613.36554795
   -613.32293337
   -613.33844030
   -613.35375956
   -613.34066057
   -613.36540851
   -613.35507601
   -613.31784923
   -613.34286242
   -613.34575729
   -613.34979329
   -613.26079379
   -613.35701660
   -613.35476029
   -613.31591614
   -613.36807787
   -613.34864216
   -613.33728945
   -613.37888059
   -613.33210872
   -613.33846162
   -613.35992567
   -613.33331942
   -613.31902795
   -613.37043992
   -613.33538425
   -613.31482494
   -613.36644890
   -613.38435549
   -613.31773590
   -613.36210694
   -613.33129619
   -613.32104374
   -613.37027937
   -613.31147906
   -613.37269380
   -613.36128220
   -613.33527660
   -613.35211485
   -613.33326994
   -613.34885531
   -613.31324506
   -613.31817425
   -613.35724318
   -613.31583547
   -613.34373396
   -613.35062360
   -613.35986663
   -613.33189950
   -613.35495037
   -613.37133881
   -613.34748124
   -613.33901111
   -613.36614997
   -613.35183901
   -613.34046045
   -613.34924550
   -613.33354094
   -613.35262734
   -613.36889069
   -613.35411836
   -613.36927401
   -613.36447873
   -613.35588236
   -613.32041994
   -613.31853000
   -613.31730796
   -613.36494718
   -613.25328699
   -613.34248027
   -613.35310766
   -613.32008001
   -613.36515095
   -613.38591419
   -613.34238484
   -613.33912763
   -613.35020865
   -613.36245191
   -613.31161958
   -613.36233869
   -613.35138566
   -613.33110361
   -613.33712602
   -613.33125637
   -613.34979957
   -613.34926905
   -613.36758534
   -613.34209602
   -613.32052274
   -613.34323168
   -613.33887560
   -613.34918392
   -613.35781751
   -613.30487078
   -613.35480265
   -613.34365168
   -613.35331626
   -613.34397908
   -613.31978432
   -613.33265625
   -613.37062597
   -613.35268070
   -613.33997397
   -613.34044597
   -613.36190993
   -613.34284257
   -613.36614534
   -613.38868420
   -613.35500535
   -613.34174926
   -613.33614541
   -613.35229703
   -613.36245929
   -613.34361079
   -613.32721112
   -613.33611608
   -613.33022718
   -613.32528011
   -613.35905202
   -613.33390808
   -613.31442434
   -613.36673549
   -613.34910167
   -613.35668072
   -613.34808364
   -613.36015140
   -613.35210133
   -613.34720817
   -613.35042824
   -613.34416860
   -613.35078817
   -613.37604558
   -613.35318321
   -613.36326450
   -613.36551969
   -613.25379180
   -613.35319664
   -613.34443781
   -613.34594562
   -613.34153270
   -613.32506234
   -613.33313004
   -613.31940996
   -613.35948302
   -613.34217185
   -613.36679511
   -613.32003657
   -613.32733519
   -613.37470975
   -613.35771812
   -613.35559883
   -613.35330904
   -613.35019170
   -613.35846858
   -613.35869755
   -613.35945589
   -613.33701380
   -613.35029228
   -613.35378604
   -613.36016075
   -613.37431117
   -613.34426560
   -613.33916459
   -613.31528254
   -613.33067014
   -613.37687086
   -613.20502916
   -613.35058241
   -613.35656295
   -613.37041888
   -613.35502624
   -613.34178725
   -613.32363205
   -613.34507872
   -613.36847255
   -613.35253852
   -613.35317801
   -613.33987799
   -613.32076152
   -613.30320379
   -613.33916223
   -613.35372669
   -613.35237815
   -613.33265437
   -613.32567385
   -613.33434702
   -613.35490859
   -613.33564921
   -613.33871101
   -613.29456270
   -613.35626000
   -613.36258545
   -613.35510245
   -613.32624307
   -613.32687660
   -613.34259721
   -613.34049872
   -613.34260518
   -613.35415502
   -613.33890493
   -613.34041298
   -613.31092821
   -613.35809092
   -613.35627172
   -613.34784144
   -613.33316995
   -613.34966939
   -613.33282852
   -613.36546043
   -613.32789380
   -613.33575584
   -613.34379366
   -613.36835536
   -613.33709447
   -613.33042246
   -613.33901027
   -613.35431337
   -613.33599901
   -613.34149790
   -613.33494825
   -613.37082110
   -613.36197547
   -613.32995230
   -613.34723607
   -613.33789831
   -613.34174759
   -613.34761268
   -613.34227770
   -613.34904103
   -613.33853425
   -613.35377678
   -613.32663415
   -613.36075051
   -613.36930351
   -613.36130154
   -613.35129104
   -613.36667535
   -613.34454285
   -613.31433750
   -613.33313923
   -613.35990416
   -613.33518065
   -613.34730527
   -613.35710949
   -613.34920263
   -613.33560063
   -613.36137607
   -613.37668872
   -613.37247453
   -613.34405549
   -613.35807892
   -613.37068058
   -613.32494755
   -613.36446832
   -613.33239533
   -613.35511784
   -613.34966582
   -613.32944865
   -613.35591764
   -613.35153512
   -613.34227388
   -613.32308386
   -613.35262402
   -613.35469183
   -613.34987889
   -613.34583019
   -613.36521404
   -613.34099264
   -613.32724895
   -613.37107342
   -613.37026915
   -613.36700589
   -613.36255608
   -613.33121875
   -613.31946414
   -613.36072703
   -613.35954567
   -613.35443552
   -613.36688550
   -613.35801432
   -613.34394001
   -613.33733089
   -613.34755537
   -613.35068780
   -613.35171876
   -613.34567623
   -613.35902156
   -613.36199820
   -613.33875124
   -613.34449284
   -613.37814925
   -613.30478764
   -613.31361724
   -613.36165578
   -613.33923613
   -613.34490698
   -613.34003248
   -613.32604226
   -613.38856113
   -613.33719862
   -613.34769034
   -613.33576972
   -613.35976894
   -613.32125230
   -613.35862634
   -613.34081118
   -613.37123764
   -613.35296707
   -613.33884896
   -613.35189508
   -613.37613683
   -613.36219359
   -613.36091078
   -613.35983551
   -613.32307013
   -613.33875127
   -613.35114484
   -613.33264652
   -613.36049416
   -613.35466856
   -613.34883611
   -613.34167836
   -613.38596564
   -613.32846351
   -613.30467426
   -613.35583212
   -613.33965730
   -613.37419099
   -613.34590915
   -613.34991267
   -613.33618503
   -613.35522785
   -613.33078307
   -613.35172507
   -613.35071846
   -613.38681814
   -613.33776672
   -613.33077826
   -613.34196577
   -613.32270652
   -613.34284347
   -613.37837680
   -613.22095902
   -613.35187021
   -613.35248454
   -613.34488049
   -613.33393432
   -613.37322336
   -613.35495873
   -613.34096794
   -613.33617358
   -613.34092086
   -613.33048114
   -613.37154181
   -613.34233650
   -613.36350281
   -613.33148179
   -613.35591843
   -613.36321071
   -613.36060882
   -613.35460771
   -613.31544724
   -613.34205975
   -613.35695605
   -613.30928929
   -613.35655210
   -613.34465075
   -613.31399006
   -613.32774018
   -613.35691378
   -613.26851315
   -613.31985075
   -613.34795162
   -613.34951925
   -613.34809600
   -613.36837700
   -613.33441536
   -613.34635592
   -613.33267206
   -613.31697601
   -613.35968602
   -613.35056812
   -613.35485884
   -613.36016722
   -613.30596615
   -613.38435764
   -613.33679778
   -613.31642881
   -613.35098707
   -613.32601255
   -613.36156785
   -613.35656055
   -613.34810796
   -613.35880728
   -613.33040729
   -613.36441495
   -613.35925492
   -613.32733342
   -613.34955406
   -613.34834048
   -613.34059525
   -613.34058226
   -613.32257598
   -613.35730582
   -613.33934322
   -613.31026150
   -613.33421103
   -613.35838366
   -613.34010395
   -613.32556507
   -613.34401014
   -613.33697247
   -613.33793293
   -613.37006082
   -613.31914187
   -613.30894783
   -613.34791558
   -613.34021579
   -613.34920941
   -613.36077670
   -613.33725954
   -613.36303580
   -613.35908340
   -613.36172641
   -613.37166893
   -613.22941583
   -613.35215844
   -613.33519426
   -613.34883777
   -613.33639764
   -613.35450036
   -613.33694996
   -613.35589543
   -613.36521302
   -613.33295524
   -613.33081946
   -613.35291415
   -613.36661904
   -613.34160717
   -613.34024649
   -613.33431259
   -613.33518183
   -613.35870741
   -613.30962190
   -613.35055164
   -613.31491468
   -613.35826922
   -613.31693593
   -613.37012138
   -613.34160609
   -613.33783645
   -613.35823534
   -613.35132561
   -613.34889661
   -613.33180226
   -613.34172890
   -613.33106570
   -613.35700324
   -613.34752627
   -613.33712795
   -613.35438764
   -613.38418006
   -613.31548420
   -613.33150003
   -613.33638061
   -613.36089721
   -613.35454469
   -613.34140544
   -613.25017811
   -613.35771477
   -613.33654751
   -613.35495198
   -613.34795581
   -613.36996993
   -613.35621388
   -613.34263647
   -613.33756825
   -613.32037233
   -613.35129832
   -613.37122486
   -613.36111455
   -613.35437859
   -613.34317108
   -613.37589462
   -613.36609918
   -613.38284198
   -613.35967992
   -613.34934857
   -613.35008265
   -613.35691310
   -613.34477982
   -613.34386046
   -613.34455506
   -613.36188764
   -613.35541920
   -613.36578072
   -613.33497177
   -613.35299781
   -613.34134449
   -613.35948169
   -613.32714649
   -613.35361671
   -613.34133143
   -613.35886453
   -613.35299516
   -613.32980484
   -613.35467202
   -613.35165139
   -613.36498158
   -613.32328060
   -613.34696491
   -613.34319710
   -613.37715278
   -613.36572417
   -613.32614658
   -613.34798119
   -613.32180888
   -613.35682140
   -613.36914090
   -613.34961541
   -613.34497559
   -613.34698485
   -613.33484256
   -613.38043026
   -613.36218540
   -613.34105173
   -613.34227520
   -613.34652485
   -613.31143803
   -613.38456032
   -613.34552429
   -613.36396034
   -613.34128199
   -613.37266872
   -613.37762702
   -613.34495355
   -613.34353287
   -613.36278357
   -613.34107091
   -613.34783643
   -613.37232547
   -613.33271637
   -613.35107355
   -613.31839525
   -613.35942871
   -613.36403099
   -613.32432898
   -613.33561542
   -613.32985479
   -613.34464922
   -613.34873462
   -613.36198879
   -613.36535303
   -613.34848033
   -613.34793929
   -613.26072750
   -613.32886760
   -613.34701755
   -613.34100159
   -613.31933039
   -613.32309598
   -613.34461938
   -613.37425546
   -613.34331293
   -613.31652927
   -613.34313290
   -613.36605860
   -613.36416176
   -613.36867970
   -613.34615502
   -613.37964707
   -613.35857175
   -613.34839176
   -613.34911651
   -613.34224225
   -613.34202272
   -613.14475379
   -613.32257664
   -613.35005964
   -613.31121467
   -613.36021601
   -613.32919914
   -613.30803217
   -613.36041896
   -613.33480469
   -613.30581748
   -613.35294859
   -613.33538989
   -613.35284391
   -613.34356589
   -613.25344001
   -613.35195532
   -613.31446301
   -613.33736334
   -613.34618854
   -613.32858845
   -613.35059054
   -613.36181821
   -613.33557770
   -613.35094496
   -613.35468563
   -613.36990340
   -613.35409524
   -613.34519996
   -613.33620697
   -613.35668131
   -613.34539938
   -613.32285119
   -613.30699701
   -613.35356771
   -613.36270805
   -613.37602044
   -613.33995996
   -613.35133519
   -613.36449222
   -613.34181551
   -613.34095316
   -613.32211749
   -613.34245045
   -613.34324705
   -613.35283741
   -613.36646298
   -613.33814458
   -613.36874784
   -613.35660866
   -613.36508147
   -613.37310984
   -613.33553286
   -613.35346266
   -613.34685084
   -613.32887064
   -613.35754615
   -613.30928733
   -613.33867265
   -613.37745154
   -613.35613949
   -613.35906025
   -613.35069367
   -613.33922831
   -613.33305167
   -613.35967196
   -613.33473000
   -613.37569305
   -613.36991161
   -613.32873983
   -613.33202636
   -613.32742873
   -613.34498695
   -613.33706306
   -613.39516328
   -613.37405085
   -613.33659728
   -613.35991351
   -613.37471214
   -613.31774366
   -613.35870158
   -613.35178404
   -613.34338300
   -613.33485917
   -613.34866083
   -613.38623981
   -613.29598499
   -613.32505222
   -613.27643508
   -613.34637450
   -613.34981738
   -613.35951396
   -613.35574947
   -613.35219996
   -613.33479433
   -613.31896608
   -613.35461783
   -613.36757598
   -613.33880261
   -613.36034664
   -613.36540884
   -613.34903520
   -613.35459795
   -613.36066305
   -613.34623797
   -613.35288485
   -613.35285926
   -613.33459890
   -613.34313815
   -613.33560303
   -613.24629615
   -613.35261267
   -613.33272459
   -613.35710528
   -613.27174597
   -613.37752053
   -613.35036724
   -613.36267333
   -613.36196373
   -613.32210147
   -613.35278564
   -613.32377155
   -613.31631619
   -613.36947124
   -613.35773335
   -613.35213930
   -613.33199311
   -613.30602427
   -613.35987372
   -613.34366878
   -613.34857424
   -613.32195493
   -613.33924328
   -613.33815558
   -613.33801837
   -613.36160646
   -613.31314323
   -613.34271694
   -613.36070321
   -613.33180105
   -613.34965243
   -613.35093935
   -613.34533619
   -613.34934911
   -613.35295232
   -613.37603299
   -613.34915838
   -613.33064246
   -613.37610471
   -613.34892105
   -613.36226730
   -613.32201832
   -613.34757899
   -613.33587006
   -613.31696438
   -613.34150018
   -613.35922937
   -613.34823051
   -613.33786476
   -613.34281566
   -613.31500874
   -613.35760027
   -613.34573907
   -613.31860180
   -613.32903214
   -613.36242449
   -613.36618036
   -613.34337289
   -613.36303641
   -613.34994471
   -613.34036495
   -613.32572645
   -613.34788630
   -613.33052420
   -613.32942601
   -613.32783226
   -613.34407860
   -613.30904068
   -613.35628332
   -613.33105457
   -613.35808536
   -613.38184483
   -613.33468094
   -613.30276151
   -613.36808830
   -613.32296842
   -613.34178121
   -613.35140287
   -613.35126984
   -613.34127401
   -613.34919087
   -613.35340277
   -613.33975751
   -613.35036535
   -613.32137962
   -613.36176724
   -613.33795289
   -613.28180146
   -613.33319983
   -613.32903566
   -613.37339720
   -613.33920152
   -613.35118550
   -613.36811905
   -613.34328231
   -613.34475574
   -613.33043115
   -613.32121756
   -613.33244942
   -613.34632882
   -613.35001833
   -613.34507038
   -613.35096614
   -613.34438084
   -613.35628185
   -613.31499078
   -613.33098709
   -613.36428060
   -613.35857749
   -613.35639920
   -613.34760656
   -613.33169771
   -613.35444085
   -613.29374938
   -613.35956837
   -613.34647913
   -613.30592268
   -613.31979362
   -613.35694141
   -613.34715663
   -613.33269336
   -613.31985496
   -613.36918877
   -613.34330668
   -613.32983715
   -613.36549365
   -613.35089669
   -613.34525068
   -613.35067718
   -613.37028972
   -613.32935264
   -613.36966099
   -613.35189097
   -613.34796694
   -613.34072318
   -613.36625052
   -613.35291351
   -613.33540342
   -613.30976121
   -613.32906281
   -613.35435468
   -613.37014974
   -613.34595448
   -613.37382130
   -613.35617699
   -613.35588717
   -613.34321164
   -613.35561242
   -613.23609680
   -613.35299417
   -613.36659501
   -613.34500679
   -613.34720796
   -613.34643043
   -613.33156638
   -613.34650150
   -613.36737226
   -613.34196592
   -613.38316305
   -613.37371868
   -613.36967115
   -613.32103923
   -613.32739412
   -613.33839221
   -613.33742562
   -613.35744147
   -613.32537669
   -613.38770888
   -613.34155435
   -613.32978229
   -613.34001460
   -613.35313983
   -613.34672837
   -613.34490413
   -613.35289710
   -613.34352870
   -613.35056839
   -613.33209424
   -613.33581864
   -613.31677265
   -613.34421205
   -613.34613173
   -613.35919276
   -613.35952901
   -613.37267663
   -613.35995604
   -613.31800518
   -613.33994717
   -613.32002388
   -613.34507844
   -613.32793631
   -613.34995470
   -613.37154985
   -613.32434114
   -613.30673918
   -613.36304356
   -613.35754766
   -613.35036052
   -613.37264350
   -613.34629263
   -613.32771054
   -613.34180697
   -613.34452158
   -613.35596976
   -613.36293579
   -613.35512687
   -613.36751478
   -613.35441012
   -613.35217836
   -613.35399194
   -613.34547321
   -613.35388984
