   -0.13607943
    0.27358030
   -0.45136562
   -0.09220106
    0.00101189
   -0.07312818
    0.00288307
   -0.05408410
   -0.07068055
    0.10826359
   -0.28110993
    0.04069740
    0.12265978
   -0.26799371
    0.03691521
   -0.06866055
   -0.02120770
    0.26570898
   -0.43935081
   -0.08924727
   -0.05418702
   -0.05046151
    0.06821256
    0.05898314
    0.05125050
    0.04428658
    0.04980855
    0.04956948
    0.07371472
    0.03455012
    0.03880361
    0.05806154
    0.03786511
    0.03825554
    0.05541944
    0.05038472
    0.04427657
    0.05193934
    0.07796480
    0.05162020
    0.05232374
    0.06523331
    0.05699722
    0.08951393
    0.05163021
    0.04737227
