           1           2  0.98544096803861791     
           2           3   1.6740078392930955     
           2           4   1.2284295476105476     
           3           4  0.18563678744191464     
           4           5  0.99528782994248410     
           5           6  0.97297132274830656     
           6           7   1.0115026468641863     
           7           8   1.4103170263880997     
           8           9   1.4282565441945601     
           9          10   1.3923283131414088     
          10          11   1.0335592582706252     
          11          12  0.98848372333535139     
          10          13   1.2957039012548883     
          13          14   1.0606548689414346     
          14          15  0.97992381484797664     
           7          16   1.4083005087590461     
          13          16   1.3852432759699429     
           4          17  0.99728648952981658     
          17          18  0.94439919819908225     
          18          19   1.6712708191629009     
          18          20   1.2546392054391891     
          19          20  0.19669592198529112     
          20          21   1.0041561206472578     
          20          22  0.99509428887151263     
           1          23  0.98327873029762414     
           1          24  0.96969576158355297     
           1          25  0.96685851613723273     
           5          26  0.96835216747629227     
           5          27  0.96680140563150652     
           6          28  0.97106712231606906     
           6          29  0.96269649546664737     
           8          30  0.96934985069629853     
           9          31  0.96468452912047487     
          12          32  0.97905707352536009     
          12          33  0.97590990871795869     
          12          34  0.97610647782170856     
          15          35  0.97965409516085700     
          15          36  0.97669344442967865     
          15          37  0.97891833764079927     
          16          38  0.96547775937207148     
          17          39  0.95332932662823011     
          17          40  0.95493119690894779     
          21          41  0.97821104748323873     
          21          42  0.98059264716131134     
          21          43  0.97182883190869696     
          22          44  0.97259869800231191     
          22          45  0.97677868670948786     
          22          46  0.97778064393662367     
