% The following energies apply to conformations described by the topology 
% R69_iter1.top.  Structures are given in trajectory coords.cdf, count: 80.

% Item 0:
%   Energy -> orca_structures/coor*/NConf*.out
   -703.43640576
   -703.45043210
   -703.44664553
   -703.44609137
   -703.44777854
   -703.44219229
   -703.43763235
   -703.43593539
   -703.43778724
   -703.43795468
   -703.43787153
   -703.44708860
   -703.44284684
   -703.44554344
   -703.44556751
   -703.44547745
   -703.44071617
   -703.43658105
   -703.43657381
   -703.44696508
   -703.44221238
   -703.42979662
   -703.45026525
   -703.44232006
   -703.42776149
   -703.44336263
   -703.44276171
   -703.42993379
   -703.44204776
   -703.45038597
   -703.44887142
   -703.44364118
   -703.45061263
   -703.44556640
   -703.44607455
   -703.44007637
   -703.44230030
   -703.43722068
   -703.44210848
   -703.44131840
   -703.43949788
   -703.44995513
   -703.44016642
   -703.43789402
   -703.44438961
   -703.45032073
   -703.44020378
   -703.44703169
   -703.45011561
   -703.44547711
   -703.42826112
   -703.45076191
   -703.43586537
   -703.45036640
   -703.44726730
   -703.42782644
   -703.44142927
   -703.43638608
   -703.44421483
   -703.44427232
   -703.43954257
   -703.43267463
   -703.44706982
   -703.44545055
   -703.44576300
   -703.44677690
   -703.44393793
   -703.45045442
   -703.45082490
   -703.45048902
   -703.43669544
   -703.43743299
   -703.45080293
   -703.43264951
   -703.43666185
   -703.44002449
   -703.45021627
   -703.45035573
   -703.44275758
   -703.44280591
