% The following energies apply to conformations described by the topology 
% R08_iter1.top.  Structures are given in trajectory coords.cdf, count: 161.

% Item 0:
%   Energy -> orca_structures/coor*/NConf*.out
  -1264.54325355
  -1264.54396852
  -1264.54255273
  -1264.54869442
  -1264.54371723
  -1264.55039639
  -1264.54648016
  -1264.54698263
  -1264.54846205
  -1264.54727045
  -1264.54729517
  -1264.54815036
  -1264.54412443
  -1264.54624250
  -1264.54784312
  -1264.54368689
  -1264.54345097
  -1264.54481414
  -1264.54446699
  -1264.54609203
  -1264.54772049
  -1264.54390886
  -1264.54735068
  -1264.54369769
  -1264.54414740
  -1264.54340211
  -1264.53883729
  -1264.54029839
  -1264.54768628
  -1264.54170330
  -1264.54977636
  -1264.54747455
  -1264.54281415
  -1264.53807247
  -1264.54750017
  -1264.54050642
  -1264.54255995
  -1264.54190129
  -1264.54708211
  -1264.54710364
  -1264.54676504
  -1264.54128722
  -1264.54661862
  -1264.54768129
  -1264.54222693
  -1264.54727185
  -1264.54233429
  -1264.53955638
  -1264.54735862
  -1264.53377123
  -1264.54696976
  -1264.54099531
  -1264.54380844
  -1264.54088378
  -1264.54399300
  -1264.54105387
  -1264.54724942
  -1264.53821406
  -1264.54732400
  -1264.54542925
  -1264.54715358
  -1264.54403029
  -1264.53796538
  -1264.54636925
  -1264.53922700
  -1264.54453827
  -1264.54117765
  -1264.54399956
  -1264.54407346
  -1264.54849080
  -1264.54655582
  -1264.54405024
  -1264.54549441
  -1264.54023887
  -1264.54741559
  -1264.54284619
  -1264.54184779
  -1264.53897563
  -1264.54705791
  -1264.54697010
  -1264.54295554
  -1264.53712194
  -1264.54594063
  -1264.54110302
  -1264.54472613
  -1264.54136946
  -1264.54120658
  -1264.54138254
  -1264.54160354
  -1264.54675771
  -1264.53780032
  -1264.54817105
  -1264.54125278
  -1264.54460077
  -1264.54688285
  -1264.53775539
  -1264.54551612
  -1264.54721922
  -1264.54378059
  -1264.54679901
  -1264.54028612
  -1264.54348495
  -1264.53089963
  -1264.54695894
  -1264.54123752
  -1264.54289214
  -1264.54739808
  -1264.54790445
  -1264.54391717
  -1264.53407587
  -1264.54299633
  -1264.54522865
  -1264.54752208
  -1264.54400242
  -1264.54690429
  -1264.54815785
  -1264.53987628
  -1264.54086556
  -1264.54055624
  -1264.54183517
  -1264.54511871
  -1264.54842536
  -1264.54300680
  -1264.54175028
  -1264.54060043
  -1264.54699385
  -1264.54193609
  -1264.54603994
  -1264.53366225
  -1264.54680352
  -1264.54423002
  -1264.54620910
  -1264.54788105
  -1264.54868281
  -1264.54627148
  -1264.54404777
  -1264.54400953
  -1264.54776300
  -1264.54727317
  -1264.54440302
  -1264.54790133
  -1264.54125909
  -1264.54164185
  -1264.54801978
  -1264.54734815
  -1264.54221653
  -1264.53311813
  -1264.53657659
  -1264.54784150
  -1264.54373170
  -1264.54626975
  -1264.54679953
  -1264.54614100
  -1264.54667451
  -1264.54014096
  -1264.54244702
  -1264.54787931
  -1264.54335992
  -1264.54775963
  -1264.54845560
  -1264.54276733
