% The following energies apply to conformations described by the topology 
% R51.top.  Structures are given in trajectory coords.cdf, count: 2528.

% Item 0:
%   Energy -> orca_structures/coor*/Conf*.out
   -904.14400575
   -904.17339780
   -904.18516493
   -904.17397885
   -904.15051209
   -904.19879826
   -904.12925448
   -904.15450963
   -904.15194757
   -904.14839072
   -904.19607297
   -904.15559397
   -904.13008504
   -904.14608952
   -904.15648096
   -904.12935583
   -904.18564018
   -904.17622919
   -904.19766024
   -904.15236357
   -904.18210362
   -904.19903061
   -904.14535294
   -904.18894115
   -904.18521719
   -904.17874589
   -904.11090781
   -904.16352078
   -904.15318922
   -904.17591769
   -904.15469596
   -904.17659717
   -904.18034949
   -904.18771383
   -904.15197242
   -904.18612322
   -904.14744126
   -904.15717955
   -904.15218508
   -904.15402691
   -904.15812474
   -904.13464029
   -904.18277292
   -904.13375069
   -904.16044540
   -904.15436922
   -904.13470563
   -904.17162001
   -904.18092241
   -904.15351491
   -904.19597206
   -904.16394032
   -904.16070198
   -904.16412220
   -904.14179884
   -904.16467803
   -904.14642919
   -904.11386920
   -904.16259250
   -904.14778373
   -904.13103062
   -904.18604144
   -904.16768084
   -904.14720382
   -904.16893908
   -904.14361137
   -904.15505732
   -904.16941234
   -904.14100958
   -904.16303572
   -904.14362747
   -904.16283838
   -904.12966392
   -904.18800844
   -904.18849518
   -904.18874506
   -904.16193874
   -904.15497687
   -904.17361367
   -904.19087282
   -904.16916319
   -904.11648797
   -904.17837359
   -904.15899282
   -904.16879928
   -904.14312058
   -904.16100544
   -904.15023844
   -904.15959038
   -904.16884581
   -904.13266516
   -904.15299444
   -904.19179441
   -904.15828760
   -904.15233943
   -904.16302231
   -904.20679281
   -904.16499984
   -904.16873887
   -904.18022500
   -904.17654396
   -904.14362187
   -904.15680507
   -904.17423582
   -904.16561009
   -904.16055186
   -904.18000931
   -904.16204117
   -904.16556796
   -904.17694055
   -904.11281868
   -904.14734482
   -904.12475909
   -904.13353055
   -904.15149556
   -904.19180256
   -904.14896542
   -904.17832194
   -904.14246481
   -904.18709125
   -904.16512957
   -904.16940537
   -904.15280601
   -904.18256270
   -904.15751968
   -904.14275564
   -904.17994189
   -904.15502745
   -904.15843286
   -904.15556960
   -904.18035409
   -904.16830366
   -904.19578453
   -904.16520579
   -904.14792001
   -904.16032141
   -904.15056248
   -904.14694200
   -904.19664475
   -904.14971333
   -904.17208994
   -904.16344553
   -904.14498533
   -904.18068663
   -904.16865393
   -904.16567847
   -904.14681824
   -904.17423453
   -904.17290209
   -904.17899801
   -904.11133897
   -904.16755372
   -904.16883045
   -904.14083544
   -904.17361695
   -904.13905670
   -904.14813108
   -904.16587116
   -904.16922107
   -904.20095025
   -904.17247775
   -904.14828962
   -904.18971611
   -904.17685287
   -904.13473390
   -904.17488062
   -904.14654880
   -904.17791686
   -904.15840450
   -904.15331077
   -904.16675968
   -904.18810757
   -904.14025703
   -904.14778507
   -904.12993828
   -904.15299168
   -904.17918990
   -904.14166939
   -904.15742370
   -904.18007244
   -904.15029153
   -904.19259950
   -904.16872132
   -904.18734320
   -904.17058463
   -904.14178338
   -904.18059919
   -904.15445002
   -904.11607614
   -904.16504457
   -904.15559894
   -904.18916935
   -904.11547432
   -904.19140291
   -904.16087663
   -904.15884351
   -904.15735680
   -904.17857522
   -904.14215981
   -904.17975768
   -904.12052880
   -904.19270938
   -904.15917091
   -904.16661861
   -904.15832508
   -904.13262883
   -904.16194253
   -904.17119373
   -904.16544805
   -904.17206599
   -904.18044052
   -904.18094270
   -904.14641920
   -904.19124339
   -904.15994984
   -904.18464393
   -904.18887894
   -904.15655031
   -904.17284359
   -904.15245079
   -904.16536971
   -904.16988546
   -904.14676279
   -904.15268790
   -904.17323340
   -904.15669703
   -904.17449641
   -904.15935035
   -904.17254279
   -904.17215248
   -904.13771670
   -904.16533326
   -904.15411515
   -904.16624167
   -904.17691146
   -904.16061432
   -904.17234290
   -904.16486618
   -904.18701870
   -904.15640356
   -904.16976793
   -904.17687928
   -904.19197012
   -904.15891607
   -904.14038984
   -904.14253483
   -904.12210049
   -904.16921595
   -904.15659223
   -904.18181594
   -904.15597938
   -904.15355073
   -904.17986246
   -904.18849889
   -904.16672234
   -904.13639283
   -904.18736923
   -904.16027350
   -904.18027926
   -904.18954003
   -904.18835874
   -904.17164842
   -904.13611341
   -904.17913397
   -904.13767774
   -904.17601933
   -904.17857709
   -904.19070060
   -904.16626090
   -904.18451316
   -904.17444660
   -904.17194783
   -904.16709663
   -904.16915495
   -904.15608580
   -904.15171094
   -904.14184437
   -904.16079094
   -904.16820617
   -904.17913337
   -904.15428190
   -904.16107819
   -904.17575727
   -904.18357082
   -904.18946059
   -904.18816204
   -904.17884125
   -904.13465769
   -904.17863415
   -904.17615517
   -904.17527922
   -904.14106322
   -904.17985521
   -904.15822260
   -904.15208077
   -904.16645898
   -904.15853452
   -904.17067721
   -904.15676310
   -904.17029788
   -904.14756392
   -904.15127433
   -904.17333591
   -904.15713307
   -904.19469564
   -904.16939544
   -904.14448362
   -904.14975421
   -904.18109488
   -904.15841999
   -904.17812990
   -904.16667589
   -904.16471744
   -904.16608364
   -904.18121882
   -904.19792294
   -904.14615374
   -904.18917809
   -904.15646436
   -904.15349448
   -904.17014091
   -904.17218109
   -904.17879204
   -904.15098735
   -904.17362534
   -904.13778876
   -904.15822166
   -904.19499234
   -904.18262894
   -904.16057367
   -904.15419203
   -904.18897352
   -904.19275737
   -904.17579987
   -904.16356218
   -904.18800734
   -904.19303040
   -904.15268921
   -904.17743937
   -904.18914143
   -904.16687510
   -904.18284923
   -904.16986655
   -904.16464078
   -904.16093503
   -904.18619571
   -904.17261621
   -904.16436622
   -904.17262825
   -904.16689966
   -904.14224712
   -904.15200212
   -904.10230135
   -904.15843454
   -904.18687428
   -904.13041583
   -904.14660642
   -904.18684440
   -904.19171281
   -904.16097976
   -904.15864737
   -904.17405099
   -904.15960756
   -904.16462728
   -904.20706383
   -904.18440606
   -904.12984619
   -904.18299436
   -904.16155961
   -904.13688592
   -904.19192206
   -904.19287586
   -904.17514119
   -904.18389023
   -904.14848921
   -904.17886630
   -904.16455857
   -904.17610255
   -904.17948035
   -904.20042973
   -904.20598842
   -904.16647796
   -904.15286549
   -904.12559692
   -904.16682328
   -904.16036257
   -904.07739563
   -904.14397941
   -904.19398885
   -904.17130042
   -904.13689198
   -904.17954198
   -904.15589397
   -904.17380703
   -904.18943666
   -904.15793486
   -904.15178856
   -904.15152272
   -904.13165202
   -904.14056231
   -904.19093667
   -904.17096526
   -904.15225249
   -904.17767398
   -904.18428216
   -904.17997228
   -904.17263250
   -904.19282330
   -904.17826009
   -904.10469205
   -904.17087066
   -904.16428721
   -904.15424133
   -904.16921913
   -904.18627690
   -904.15431632
   -904.18931738
   -904.16001866
   -904.16293684
   -904.19025054
   -904.15400938
   -904.16077193
   -904.16398237
   -904.19048696
   -904.15846104
   -904.15934524
   -904.12956346
   -904.19134767
   -904.17344918
   -904.18103329
   -904.14282034
   -904.16622239
   -904.15313748
   -904.15129245
   -904.16177301
   -904.18004174
   -904.17507507
   -904.19173388
   -904.18584533
   -904.11162555
   -904.14983190
   -904.15767336
   -904.16838108
   -904.19095741
   -904.16985614
   -904.14081457
   -904.17154199
   -904.18688134
   -904.15810928
   -904.16860721
   -904.18666546
   -904.15035193
   -904.18593140
   -904.17244656
   -904.17097672
   -904.17069789
   -904.16711558
   -904.13056250
   -904.16832379
   -904.15709359
   -904.17631830
   -904.13744661
   -904.16141009
   -904.16594199
   -904.14255626
   -904.16376353
   -904.17729359
   -904.16014348
   -904.12325284
   -904.18595310
   -904.14105772
   -904.13342556
   -904.18056023
   -904.17755226
   -904.18530617
   -904.17946558
   -904.17809150
   -904.18190019
   -904.15283760
   -904.17092783
   -904.17849416
   -904.16073522
   -904.17722399
   -904.17690031
   -904.14788843
   -904.16782476
   -904.14928154
   -904.16953419
   -904.16159603
   -904.13848674
   -904.15780740
   -904.16760756
   -904.10897251
   -904.17560149
   -904.16372500
   -904.14716768
   -904.11316790
   -904.14854049
   -904.14851382
   -904.16471936
   -904.16273888
   -904.16247636
   -904.14784385
   -904.16803618
   -904.16782401
   -904.18512218
   -904.17133686
   -904.17502510
   -904.16808353
   -904.19265239
   -904.13869313
   -904.14003052
   -904.17447863
   -904.17276938
   -904.13123679
   -904.18345563
   -904.16142101
   -904.12807911
   -904.17163347
   -904.19950374
   -904.11465358
   -904.19057741
   -904.14531952
   -904.14104464
   -904.18272079
   -904.18079897
   -904.16149463
   -904.16270844
   -904.16563965
   -904.16050114
   -904.16020484
   -904.19745167
   -904.16876611
   -904.12746872
   -904.17724971
   -904.16946808
   -904.16877966
   -904.16110804
   -904.14109434
   -904.14636577
   -904.16218722
   -904.11440824
   -904.18592643
   -904.14310727
   -904.18641650
   -904.17875086
   -904.13331303
   -904.17074875
   -904.16864234
   -904.15255480
   -904.14977099
   -904.17895286
   -904.18297022
   -904.15643439
   -904.15866076
   -904.17969033
   -904.15730979
   -904.13650275
   -904.17261003
   -904.18540292
   -904.20976452
   -904.14912835
   -904.12818528
   -904.10986555
   -904.15910870
   -904.11021760
   -904.11942928
   -904.10019524
   -904.11044798
   -904.18460513
   -904.18484349
   -904.19177612
   -904.10858524
   -904.18426355
   -904.18773582
   -904.13754531
   -904.18957065
   -904.19261392
   -904.12247886
   -904.16734875
   -904.18334259
   -904.16769304
   -904.15663905
   -904.15132666
   -904.14183201
   -904.14272452
   -904.16193582
   -904.17397635
   -904.19940996
   -904.17056648
   -904.17717574
   -904.17690099
   -904.16597763
   -904.17938681
   -904.20364848
   -904.18093683
   -904.17795073
   -904.20328579
   -904.16881722
   -904.16222187
   -904.16094507
   -904.15769559
   -904.14440475
   -904.17895573
   -904.15938273
   -904.16659751
   -904.17087844
   -904.17785528
   -904.18218363
   -904.19198102
   -904.18538718
   -904.14344912
   -904.18935657
   -904.14766779
   -904.08712547
   -904.15699468
   -904.19418434
   -904.16155177
   -904.20137657
   -904.16694767
   -904.16850692
   -904.15321251
   -904.16547050
   -904.15968862
   -904.14148987
   -904.15603889
   -904.14218261
   -904.18153630
   -904.15189787
   -904.12823927
   -904.18929563
   -904.15683725
   -904.17798936
   -904.15392076
   -904.14394825
   -904.19880256
   -904.17710163
   -904.14714131
   -904.12891405
   -904.16854279
   -904.16262561
   -904.11076895
   -904.16127936
   -904.18819929
   -904.18743346
   -904.19011590
   -904.19212473
   -904.13764855
   -904.18619702
   -904.16747937
   -904.18203423
   -904.18922713
   -904.19657659
   -904.17369960
   -904.13826523
   -904.14045145
   -904.14604926
   -904.11068323
   -904.16586308
   -904.14369253
   -904.15588499
   -904.15813723
   -904.17322330
   -904.16846302
   -904.17520249
   -904.15267990
   -904.20647760
   -904.15225422
   -904.19531850
   -904.18200094
   -904.17705766
   -904.16573638
   -904.17493593
   -904.17043581
   -904.12652386
   -904.17061962
   -904.17665643
   -904.19477689
   -904.15624964
   -904.19375043
   -904.17377554
   -904.13132781
   -904.15236582
   -904.14663482
   -904.17289149
   -904.17364688
   -904.15305278
   -904.19016828
   -904.18577119
   -904.13548293
   -904.17527686
   -904.13094470
   -904.13857881
   -904.15895118
   -904.17077901
   -904.17078979
   -904.12137850
   -904.11696733
   -904.18753887
   -904.09796536
   -904.08351788
   -904.15690578
   -904.19254264
   -904.17063339
   -904.16107025
   -904.16717847
   -904.16836731
   -904.19786558
   -904.15767578
   -904.12420203
   -904.15848610
   -904.16372762
   -904.17850023
   -904.18235312
   -904.16933470
   -904.17825428
   -904.18287788
   -904.17410396
   -904.13045294
   -904.17182996
   -904.19685007
   -904.13437947
   -904.16128959
   -904.15569354
   -904.17616990
   -904.15922406
   -904.17268985
   -904.15218502
   -904.17284162
   -904.17260944
   -904.16113370
   -904.17579367
   -904.17073641
   -904.16721146
   -904.15785117
   -904.17838621
   -904.14856834
   -904.16451964
   -904.18846155
   -904.13947398
   -904.19679806
   -904.15028210
   -904.15949995
   -904.17027550
   -904.15721343
   -904.14692273
   -904.15640374
   -904.17827842
   -904.14508190
   -904.15927014
   -904.16901213
   -904.18426977
   -904.13237493
   -904.17586339
   -904.15132480
   -904.20315661
   -904.15446374
   -904.15184746
   -904.17460679
   -904.16514713
   -904.16013951
   -904.18072444
   -904.19647470
   -904.17121712
   -904.16563447
   -904.18811325
   -904.15649572
   -904.17254675
   -904.16273654
   -904.17105968
   -904.15972357
   -904.16361124
   -904.18258795
   -904.15670341
   -904.13721183
   -904.16727428
   -904.15694265
   -904.12168717
   -904.19897060
   -904.16473472
   -904.15018408
   -904.19754796
   -904.15637440
   -904.11791052
   -904.17654420
   -904.17836350
   -904.16120271
   -904.19153375
   -904.14853485
   -904.15126903
   -904.16174117
   -904.17331193
   -904.16583789
   -904.16256814
   -904.15281382
   -904.16238672
   -904.10220623
   -904.18361424
   -904.17607088
   -904.16237617
   -904.15120724
   -904.13857074
   -904.11049345
   -904.18028006
   -904.16712714
   -904.16782746
   -904.17678496
   -904.19546268
   -904.14867948
   -904.18538336
   -904.16968215
   -904.18146662
   -904.16153719
   -904.17288289
   -904.16118703
   -904.19400342
   -904.16816937
   -904.14715705
   -904.17131344
   -904.16130588
   -904.16793468
   -904.17081396
   -904.16487369
   -904.15186221
   -904.17654627
   -904.19569741
   -904.17422266
   -904.13762200
   -904.13351472
   -904.14025686
   -904.17004378
   -904.16990571
   -904.17344158
   -904.16884450
   -904.14426971
   -904.13423946
   -904.17720948
   -904.19854538
   -904.10943632
   -904.18939008
   -904.18144856
   -904.10514132
   -904.18263462
   -904.16574802
   -904.19357067
   -904.16905469
   -904.16975972
   -904.16700900
   -904.16055464
   -904.16939969
   -904.15027875
   -904.16768447
   -904.16870705
   -904.16265268
   -904.17150035
   -904.20203868
   -904.19424495
   -904.16144100
   -904.17946236
   -904.15780479
   -904.18154888
   -904.19275338
   -904.14772867
   -904.14988193
   -904.15399192
   -904.16134657
   -904.15066171
   -904.15327716
   -904.16456994
   -904.17380939
   -904.17399579
   -904.17404007
   -904.17982095
   -904.17979756
   -904.15694457
   -904.18091302
   -904.17244861
   -904.15783771
   -904.18114557
   -904.17966547
   -904.13813806
   -904.16830539
   -904.14646271
   -904.17465612
   -904.14765010
   -904.19414502
   -904.17907995
   -904.18835243
   -904.19035997
   -904.14774915
   -904.18111936
   -904.18552973
   -904.18362083
   -904.16500916
   -904.17128655
   -904.16311067
   -904.18338043
   -904.15794596
   -904.16592949
   -904.18611324
   -904.18354504
   -904.13540224
   -904.17189592
   -904.17826360
   -904.17161791
   -904.14486508
   -904.17563739
   -904.14770271
   -904.16525613
   -904.17358700
   -904.18096308
   -904.13679688
   -904.17673299
   -904.17943357
   -904.16835987
   -904.17510988
   -904.16459144
   -904.13539888
   -904.16560452
   -904.15739338
   -904.14199894
   -904.14334994
   -904.15972927
   -904.19089705
   -904.14380313
   -904.18400070
   -904.14134093
   -904.17408170
   -904.13841103
   -904.19082654
   -904.16032185
   -904.12437312
   -904.17804441
   -904.21076347
   -904.16589899
   -904.19286609
   -904.15545762
   -904.18434581
   -904.14734277
   -904.14222800
   -904.20078826
   -904.18671157
   -904.20157308
   -904.20670428
   -904.10721299
   -904.14999624
   -904.18885419
   -904.14279575
   -904.17003474
   -904.17714121
   -904.12138182
   -904.12439075
   -904.15440984
   -904.11554348
   -904.21285203
   -904.17258580
   -904.17073350
   -904.16296551
   -904.17309391
   -904.16280842
   -904.18973136
   -904.15699301
   -904.16562413
   -904.13737242
   -904.17743246
   -904.15904307
   -904.17291235
   -904.18224576
   -904.17631975
   -904.16167390
   -904.19935732
   -904.16477193
   -904.18014496
   -904.16372122
   -904.18919660
   -904.18963304
   -904.15589244
   -904.17166483
   -904.17069978
   -904.17920043
   -904.16838319
   -904.09851493
   -904.14092016
   -904.17567925
   -904.16967094
   -904.16637975
   -904.17024487
   -904.19106837
   -904.17552512
   -904.14428784
   -904.16086183
   -904.12480303
   -904.19171336
   -904.13979941
   -904.12626692
   -904.13811323
   -904.14463354
   -904.11321053
   -904.17189713
   -904.13068339
   -904.16300756
   -904.18731515
   -904.18543428
   -904.14250336
   -904.19199315
   -904.18126390
   -904.18177641
   -904.18727512
   -904.15791712
   -904.13498677
   -904.20236828
   -904.11943660
   -904.18470001
   -904.16991365
   -904.13744050
   -904.13134805
   -904.16643300
   -904.14038603
   -904.14249404
   -904.18067051
   -904.16150716
   -904.15202269
   -904.14105285
   -904.16642208
   -904.16159246
   -904.17998053
   -904.11792774
   -904.18280541
   -904.11963230
   -904.12886438
   -904.16861567
   -904.14877359
   -904.09881525
   -904.16679772
   -904.17121205
   -904.15760224
   -904.16144407
   -904.16867747
   -904.14607703
   -904.14122091
   -904.17329793
   -904.16314871
   -904.15247277
   -904.15319297
   -904.19202160
   -904.17150934
   -904.13692719
   -904.12523635
   -904.18879680
   -904.13064983
   -904.15926179
   -904.14024522
   -904.14823544
   -904.13936931
   -904.18447185
   -904.15312400
   -904.17783455
   -904.20278923
   -904.20156390
   -904.14720861
   -904.17604178
   -904.12382703
   -904.13173892
   -904.14847617
   -904.12604790
   -904.16052434
   -904.15941600
   -904.14586529
   -904.18730404
   -904.17602627
   -904.16949975
   -904.18226343
   -904.15540887
   -904.18484203
   -904.16243579
   -904.15979922
   -904.14310258
   -904.17476096
   -904.15514881
   -904.15405034
   -904.15388177
   -904.15541787
   -904.19315890
   -904.17861218
   -904.17817032
   -904.15882647
   -904.15443512
   -904.17143650
   -904.17453157
   -904.16861503
   -904.15518401
   -904.18399074
   -904.17645664
   -904.17126679
   -904.15368665
   -904.13214132
   -904.15146610
   -904.12432688
   -904.14915825
   -904.16751465
   -904.13581619
   -904.16650862
   -904.17419119
   -904.17178531
   -904.20181122
   -904.14491672
   -904.13670412
   -904.13552109
   -904.16541377
   -904.17726960
   -904.17756122
   -904.16586768
   -904.16333462
   -904.12266533
   -904.19564560
   -904.19170999
   -904.18696403
   -904.20431876
   -904.19972724
   -904.18015882
   -904.14596884
   -904.16668544
   -904.13186792
   -904.17604360
   -904.18577057
   -904.17421536
   -904.17823886
   -904.10519126
   -904.16386866
   -904.12857830
   -904.17330688
   -904.15617652
   -904.16210370
   -904.16036548
   -904.15678535
   -904.14770623
   -904.18409537
   -904.15654618
   -904.17491702
   -904.17311758
   -904.17775733
   -904.12939950
   -904.17142823
   -904.16078792
   -904.19160547
   -904.17048443
   -904.17548555
   -904.16959172
   -904.16986411
   -904.18032483
   -904.14648877
   -904.17430871
   -904.12121245
   -904.17957956
   -904.16118638
   -904.16728550
   -904.18731623
   -904.13301557
   -904.14723484
   -904.14919148
   -904.18614805
   -904.09660104
   -904.17144087
   -904.12365535
   -904.15776933
   -904.15656402
   -904.11524687
   -904.15451007
   -904.18835593
   -904.16355503
   -904.13887888
   -904.13310029
   -904.17575533
   -904.19349458
   -904.17337386
   -904.16470775
   -904.18631427
   -904.17368061
   -904.17153687
   -904.15819340
   -904.17986514
   -904.17220493
   -904.10949225
   -904.17376552
   -904.16800437
   -904.16669409
   -904.17009972
   -904.17361570
   -904.15495876
   -904.17816824
   -904.11283740
   -904.15047946
   -904.15290608
   -904.14922623
   -904.17632252
   -904.14583038
   -904.19760196
   -904.19964587
   -904.19023988
   -904.19499939
   -904.17762902
   -904.14526098
   -904.15787512
   -904.17886316
   -904.15973766
   -904.14278578
   -904.09222043
   -904.16488641
   -904.17013390
   -904.17116970
   -904.18142060
   -904.17157503
   -904.20090030
   -904.18828752
   -904.15191449
   -904.19691500
   -904.15783910
   -904.18008105
   -904.17859077
   -904.17234241
   -904.13289686
   -904.18492386
   -904.17374975
   -904.14865926
   -904.17575407
   -904.17439035
   -904.17784720
   -904.17570003
   -904.16174214
   -904.14302773
   -904.17949092
   -904.16944900
   -904.17786267
   -904.11990443
   -904.17069996
   -904.17266444
   -904.17077076
   -904.16068104
   -904.14381299
   -904.14217465
   -904.15725501
   -904.13836005
   -904.14124234
   -904.19888366
   -904.16053189
   -904.16530754
   -904.18461521
   -904.16612514
   -904.12779620
   -904.12980986
   -904.14712701
   -904.17944637
   -904.16946751
   -904.16655046
   -904.18670547
   -904.15884022
   -904.10922417
   -904.17668134
   -904.10331325
   -904.16209437
   -904.15730413
   -904.13789576
   -904.15462088
   -904.16219947
   -904.13178406
   -904.18661325
   -904.14290258
   -904.14288020
   -904.15583443
   -904.16574247
   -904.15638110
   -904.15588316
   -904.15413122
   -904.16863458
   -904.17346578
   -904.19203515
   -904.17973754
   -904.15883167
   -904.18916365
   -904.14132264
   -904.17018800
   -904.15349728
   -904.13977179
   -904.19171584
   -904.12306221
   -904.18322962
   -904.17305428
   -904.17742020
   -904.18490928
   -904.16084245
   -904.15505177
   -904.17902818
   -904.17544640
   -904.13190785
   -904.17528685
   -904.13702871
   -904.15862651
   -904.17832896
   -904.16043471
   -904.16911328
   -904.14994928
   -904.17087579
   -904.16233280
   -904.15381202
   -904.18264697
   -904.16044609
   -904.16044557
   -904.17241231
   -904.16355324
   -904.15215639
   -904.14465817
   -904.17451365
   -904.18409899
   -904.15408437
   -904.17033051
   -904.16977351
   -904.14991342
   -904.14992005
   -904.16397421
   -904.18789147
   -904.16455009
   -904.16871496
   -904.17070868
   -904.18803867
   -904.14114890
   -904.15294064
   -904.16613483
   -904.10242376
   -904.18273980
   -904.15949718
   -904.16370643
   -904.15595436
   -904.16330990
   -904.16060419
   -904.15868360
   -904.19816649
   -904.16520415
   -904.17814433
   -904.14752586
   -904.18100292
   -904.14738425
   -904.13162971
   -904.15482524
   -904.11153034
   -904.14929597
   -904.17447587
   -904.14603302
   -904.16983902
   -904.17843643
   -904.18554886
   -904.11835483
   -904.14533032
   -904.15311551
   -904.16405553
   -904.18239057
   -904.16002053
   -904.15576094
   -904.17129901
   -904.17097184
   -904.18686246
   -904.15642595
   -904.13395941
   -904.14747646
   -904.18708366
   -904.16587772
   -904.16599054
   -904.19245414
   -904.17400907
   -904.16479648
   -904.16674067
   -904.18040347
   -904.19344617
   -904.18845423
   -904.17017889
   -904.14033152
   -904.17246608
   -904.14923901
   -904.17779197
   -904.14415808
   -904.13309008
   -904.18973724
   -904.17530004
   -904.16864485
   -904.15623138
   -904.18691303
   -904.15775801
   -904.14134478
   -904.16566292
   -904.17501227
   -904.16147181
   -904.18690051
   -904.17515323
   -904.16598239
   -904.12657464
   -904.14950070
   -904.12935802
   -904.18038351
   -904.09287461
   -904.14166491
   -904.17461688
   -904.17403967
   -904.14433635
   -904.15035241
   -904.16980638
   -904.19466278
   -904.18508888
   -904.14401265
   -904.19242083
   -904.15284652
   -904.15684081
   -904.14137995
   -904.20037898
   -904.13620265
   -904.16669478
   -904.16345476
   -904.18122966
   -904.16539663
   -904.14593149
   -904.15152075
   -904.15742544
   -904.16874278
   -904.14807668
   -904.16162166
   -904.16102095
   -904.13812181
   -904.15817645
   -904.14793284
   -904.13938269
   -904.10136573
   -904.16836024
   -904.18133248
   -904.13047825
   -904.17015290
   -904.15640578
   -904.13778256
   -904.18379251
   -904.17586974
   -904.18211114
   -904.18395218
   -904.16565492
   -904.15353928
   -904.18299491
   -904.15889078
   -904.15580809
   -904.19074643
   -904.14901211
   -904.14942713
   -904.16187801
   -904.13637327
   -904.18124150
   -904.15411990
   -904.16480330
   -904.13298160
   -904.17171067
   -904.18475556
   -904.17280386
   -904.15214702
   -904.13813572
   -904.20323364
   -904.15964804
   -904.13314821
   -904.18117888
   -904.17526409
   -904.18686020
   -904.17631868
   -904.15150044
   -904.14768735
   -904.12882981
   -904.15078635
   -904.14794033
   -904.15636473
   -904.18026896
   -904.09444229
   -904.19175955
   -904.18883306
   -904.18030259
   -904.21122176
   -904.14719983
   -904.17093812
   -904.18069679
   -904.14663543
   -904.13698825
   -904.17257033
   -904.17186023
   -904.10979745
   -904.16498599
   -904.16170819
   -904.16188616
   -904.18555301
   -904.14900726
   -904.13998650
   -904.14805601
   -904.16500810
   -904.16715202
   -904.15218656
   -904.13989526
   -904.17490879
   -904.19110317
   -904.18406413
   -904.16099709
   -904.20155259
   -904.15457151
   -904.15311748
   -904.18590851
   -904.17256459
   -904.16683764
   -904.16299973
   -904.15791044
   -904.13842829
   -904.18437709
   -904.17543645
   -904.15131341
   -904.16175528
   -904.15982998
   -904.17203550
   -904.17339112
   -904.19214072
   -904.15067385
   -904.16971243
   -904.17359062
   -904.16543861
   -904.18747113
   -904.18342266
   -904.17787689
   -904.19728409
   -904.16674138
   -904.15696879
   -904.16963217
   -904.18699349
   -904.18326494
   -904.10323154
   -904.18007913
   -904.12536016
   -904.13694049
   -904.17996547
   -904.19535354
   -904.19032855
   -904.14025743
   -904.17851310
   -904.13096192
   -904.16063296
   -904.18329429
   -904.16516620
   -904.16153363
   -904.17068274
   -904.17537724
   -904.17806915
   -904.14494679
   -904.18101116
   -904.18579409
   -904.14106538
   -904.13283304
   -904.17798329
   -904.13383007
   -904.18280232
   -904.15987315
   -904.16202089
   -904.17127398
   -904.16572710
   -904.15506634
   -904.18662105
   -904.17173710
   -904.18534597
   -904.15571026
   -904.16386131
   -904.19013259
   -904.16773135
   -904.11786916
   -904.19936799
   -904.17281724
   -904.15433714
   -904.20746013
   -904.16807801
   -904.16813518
   -904.17179657
   -904.15533891
   -904.17836145
   -904.14069107
   -904.16071762
   -904.17981344
   -904.13131898
   -904.17212901
   -904.15571825
   -904.18622961
   -904.18787496
   -904.17502812
   -904.17343625
   -904.16748122
   -904.15337498
   -904.15509481
   -904.17755916
   -904.18470221
   -904.17979164
   -904.20504516
   -904.14511322
   -904.16070460
   -904.18453062
   -904.16879839
   -904.14341236
   -904.15218890
   -904.15340722
   -904.14429123
   -904.14311041
   -904.17652039
   -904.15460677
   -904.18912021
   -904.14801633
   -904.16473700
   -904.14589141
   -904.18593142
   -904.18523809
   -904.14091683
   -904.14870166
   -904.12775621
   -904.16109594
   -904.18146767
   -904.15606380
   -904.13014478
   -904.17029115
   -904.15036608
   -904.15963991
   -904.19410236
   -904.16798921
   -904.17621109
   -904.17041029
   -904.16770987
   -904.12347889
   -904.16952449
   -904.18513366
   -904.18355738
   -904.15889404
   -904.16989263
   -904.15032319
   -904.15220326
   -904.11979492
   -904.15311643
   -904.14676277
   -904.16671945
   -904.16843920
   -904.17883743
   -904.16782720
   -904.17335686
   -904.15988286
   -904.16359321
   -904.14480344
   -904.15100545
   -904.16673131
   -904.18085671
   -904.13523992
   -904.15839349
   -904.17558667
   -904.17856120
   -904.16515594
   -904.16234595
   -904.18525325
   -904.12392339
   -904.17650973
   -904.19770234
   -904.15067703
   -904.15349468
   -904.16452994
   -904.17436681
   -904.14371577
   -904.19051513
   -904.15866910
   -904.14556434
   -904.13504351
   -904.17582127
   -904.15557440
   -904.15767821
   -904.14436850
   -904.17834478
   -904.18560134
   -904.14649151
   -904.17719567
   -904.17252227
   -904.14471595
   -904.18255733
   -904.15029984
   -904.16185976
   -904.14206118
   -904.17435397
   -904.19788118
   -904.16642089
   -904.16269479
   -904.18498636
   -904.11632585
   -904.16065006
   -904.17222858
   -904.17832455
   -904.17879966
   -904.15759385
   -904.16165087
   -904.17233805
   -904.15376979
   -904.16446227
   -904.14264090
   -904.17715426
   -904.14309511
   -904.17021165
   -904.16582980
   -904.16519504
   -904.15508402
   -904.13787727
   -904.16610142
   -904.17802596
   -904.16229031
   -904.17794772
   -904.13678487
   -904.18356960
   -904.18268255
   -904.16668986
   -904.19573041
   -904.16211580
   -904.15930802
   -904.15020718
   -904.18926580
   -904.15845425
   -904.13956392
   -904.17841692
   -904.20594960
   -904.17118847
   -904.18524953
   -904.19864009
   -904.14577155
   -904.15973356
   -904.14873306
   -904.16841398
   -904.19114256
   -904.17855399
   -904.16999936
   -904.15285324
   -904.10886396
   -904.16501271
   -904.17918650
   -904.13531273
   -904.16103829
   -904.16061963
   -904.15616055
   -904.10357679
   -904.17974191
   -904.19073622
   -904.15007744
   -904.13682330
   -904.17632033
   -904.15541758
   -904.17272956
   -904.15108027
   -904.15449729
   -904.15978798
   -904.17977183
   -904.18841878
   -904.18590563
   -904.16943912
   -904.17071648
   -904.16258547
   -904.18963349
   -904.16004253
   -904.16981304
   -904.13517749
   -904.16577644
   -904.20543746
   -904.13119400
   -904.13264456
   -904.17652150
   -904.17715846
   -904.16680385
   -904.16527406
   -904.15580507
   -904.15875093
   -904.17203872
   -904.16921355
   -904.17582326
   -904.15170520
   -904.15489941
   -904.17442407
   -904.15787364
   -904.16120815
   -904.16075790
   -904.17097782
   -904.17929897
   -904.15528843
   -904.13728503
   -904.17527705
   -904.18713127
   -904.15114039
   -904.16897089
   -904.17646423
   -904.17777406
   -904.15341267
   -904.18661190
   -904.19827613
   -904.16836572
   -904.15614560
   -904.15011760
   -904.16310983
   -904.17150999
   -904.15952697
   -904.13341913
   -904.15605888
   -904.13113388
   -904.13775391
   -904.18435644
   -904.12055315
   -904.18664268
   -904.15970226
   -904.17491126
   -904.17231818
   -904.17167127
   -904.16158830
   -904.15539388
   -904.15035542
   -904.17555374
   -904.16720562
   -904.18241160
   -904.18826694
   -904.17296570
   -904.18255240
   -904.18196137
   -904.15820506
   -904.15859311
   -904.14133159
   -904.13932159
   -904.13309930
   -904.13187085
   -904.13125268
   -904.15727998
   -904.18639224
   -904.13254960
   -904.15377806
   -904.15048927
   -904.19120714
   -904.18351669
   -904.17357821
   -904.14266275
   -904.15653397
   -904.17200812
   -904.19417966
   -904.17318687
   -904.16743745
   -904.14026209
   -904.14744252
   -904.14545417
   -904.17074083
   -904.17076864
   -904.20280525
   -904.14568703
   -904.18322818
   -904.15266557
   -904.16094349
   -904.16344823
   -904.16906932
   -904.17440204
   -904.17588314
   -904.13648097
   -904.14361910
   -904.15369957
   -904.19125601
   -904.16300078
   -904.15731880
   -904.15350800
   -904.16812164
   -904.16349744
   -904.17811147
   -904.14563527
   -904.14521713
   -904.15343004
   -904.14327787
   -904.18289854
   -904.13045882
   -904.15198136
   -904.20354406
   -904.16677663
   -904.15101177
   -904.17405381
   -904.16548026
   -904.14098021
   -904.17956095
   -904.16043917
   -904.15275952
   -904.17243352
   -904.18058902
   -904.16112926
   -904.17953852
   -904.16381175
   -904.12277684
   -904.13812309
   -904.15771510
   -904.17568096
   -904.16199075
   -904.19046827
   -904.14810927
   -904.17696145
   -904.15639825
   -904.15098529
   -904.12269628
   -904.14052220
   -904.14624862
   -904.18906187
   -904.19750081
   -904.13923036
   -904.17232451
   -904.16197503
   -904.10786411
   -904.18118501
   -904.14316451
   -904.17363502
   -904.15035725
   -904.18224940
   -904.14233215
   -904.18992028
   -904.18678524
   -904.17460268
   -904.16616953
   -904.19685619
   -904.15729927
   -904.17680877
   -904.17940376
   -904.17314557
   -904.17561097
   -904.17999544
   -904.15310491
   -904.18365824
   -904.19510932
   -904.17713685
   -904.18075149
   -904.18182644
   -904.11997032
   -904.17753028
   -904.17764975
   -904.16767965
   -904.12479507
   -904.17150179
   -904.18146987
   -904.15549342
   -904.14328311
   -904.17136023
   -904.12160977
   -904.16348122
   -904.13730488
   -904.14229969
   -904.19519267
   -904.14178484
   -904.18987018
   -904.19797049
   -904.18580867
   -904.15671948
   -904.17077488
   -904.13978350
   -904.17539518
   -904.19419504
   -904.17556820
   -904.18263970
   -904.17128174
   -904.16194797
   -904.15117394
   -904.16386727
   -904.17046285
   -904.18509995
   -904.14356598
   -904.15971615
   -904.19934091
   -904.17553634
   -904.14673162
   -904.17777680
   -904.18155854
   -904.15395817
   -904.16509010
   -904.14272192
   -904.20802078
   -904.15916756
   -904.15771551
   -904.12681126
   -904.17439268
   -904.18034344
   -904.15388533
   -904.18280322
   -904.17994378
   -904.15833751
   -904.15693742
   -904.20281654
   -904.17611878
   -904.18866673
   -904.19987504
   -904.15894175
   -904.16208569
   -904.11374135
   -904.17014013
   -904.16572188
   -904.16669130
   -904.15795442
   -904.20854257
   -904.15365616
   -904.10595707
   -904.17348140
   -904.15296528
   -904.18320165
   -904.15130466
   -904.15814544
   -904.16920745
   -904.13985543
   -904.16212957
   -904.20724090
   -904.13390420
   -904.15807319
   -904.15657512
   -904.15881962
   -904.18586862
   -904.16817814
   -904.15030120
   -904.16457302
   -904.15919545
   -904.16322956
   -904.17675103
   -904.14880037
   -904.12659630
   -904.14153102
   -904.18095058
   -904.19764523
   -904.14628468
   -904.17369242
   -904.15308126
   -904.17965150
   -904.17913868
   -904.17878887
   -904.18135877
   -904.16586387
   -904.15405664
   -904.16497052
   -904.12209034
   -904.16910001
   -904.18164905
   -904.18175240
   -904.15365758
   -904.20862020
   -904.15329408
   -904.14425238
   -904.16399805
   -904.16379324
   -904.18847209
   -904.13961494
   -904.15490933
   -904.13679215
   -904.17565893
   -904.14835153
   -904.18838709
   -904.16873252
   -904.19830074
   -904.13863221
   -904.20125858
   -904.14710773
   -904.15848336
   -904.16504887
   -904.13430530
   -904.18470825
   -904.17176790
   -904.16388400
   -904.16295827
   -904.12233403
   -904.17678539
   -904.17186699
   -904.14062989
   -904.16442630
   -904.18638768
   -904.15416902
   -904.15582718
   -904.16501034
   -904.14798311
   -904.18475604
   -904.14339228
   -904.14369324
   -904.16623217
   -904.15780941
   -904.14506413
   -904.16088307
   -904.16367062
   -904.15193472
   -904.13445072
   -904.14666990
   -904.18557862
   -904.10996705
   -904.13546559
   -904.16658883
   -904.18333611
   -904.18362586
   -904.09673630
   -904.19787270
   -904.18236357
   -904.19237796
   -904.14603357
   -904.17233862
   -904.15004191
   -904.15999161
   -904.17599555
   -904.16470292
   -904.16974003
   -904.18140473
   -904.14214166
   -904.19446022
   -904.18606807
   -904.18237412
   -904.15793006
   -904.15534511
   -904.17122538
   -904.16138210
   -904.14957627
   -904.18863248
   -904.16234777
   -904.19194484
   -904.15737377
   -904.16494516
   -904.18287942
   -904.16163784
   -904.18306839
   -904.16269021
   -904.14227939
   -904.15541740
   -904.17101732
   -904.11793235
   -904.14423907
   -904.16654971
   -904.19894508
   -904.11243002
   -904.16356505
   -904.14276714
   -904.18364979
   -904.18759502
   -904.14963416
   -904.16574811
   -904.19058687
   -904.15282357
   -904.17784779
   -904.16952142
   -904.15725941
   -904.18643219
   -904.17019162
   -904.16299159
   -904.16710447
   -904.14386230
   -904.16466115
   -904.19354446
   -904.19448991
   -904.15740008
   -904.15736726
   -904.19557479
   -904.18220858
   -904.19986899
   -904.17769341
   -904.15954631
   -904.17108624
   -904.18066796
   -904.18042994
   -904.15300253
   -904.09549000
   -904.17696930
   -904.16708460
   -904.17358547
   -904.19119807
   -904.13405085
   -904.15001400
   -904.15769171
   -904.16712617
   -904.14535156
   -904.17742889
   -904.14371099
   -904.17624200
   -904.16986134
   -904.12578474
   -904.17241937
   -904.14022461
   -904.16789231
   -904.15083270
   -904.18193854
   -904.14722564
   -904.15082241
   -904.12588207
   -904.14165564
   -904.17233604
   -904.19092685
   -904.16628251
   -904.18426372
   -904.17651266
   -904.17572946
   -904.19754322
   -904.17100852
   -904.17146158
   -904.15476393
   -904.15602275
   -904.20559117
   -904.15636162
   -904.17089680
   -904.18193227
   -904.14987326
   -904.14007323
   -904.16854293
   -904.14008122
   -904.15892333
   -904.15175518
   -904.18749434
   -904.18292626
   -904.10390274
   -904.13249638
   -904.15090787
   -904.16593399
   -904.18497377
   -904.18522849
   -904.16910939
   -904.18313612
   -904.16818904
   -904.13497510
   -904.11259788
   -904.15212646
   -904.12376950
   -904.15719954
   -904.14690090
   -904.17833337
   -904.16472369
   -904.16439164
   -904.16948346
   -904.19306005
   -904.18304084
   -904.16851481
   -904.19622749
   -904.18102455
   -904.17146476
   -904.18915026
   -904.15204226
   -904.13867184
   -904.14857078
   -904.20634316
   -904.15433488
   -904.15390394
   -904.17489848
   -904.13412622
   -904.16699545
   -904.14909442
   -904.16405642
   -904.17516112
   -904.17466639
   -904.17493536
   -904.15978379
   -904.17481895
   -904.19071007
   -904.14837860
   -904.17981735
   -904.15234904
   -904.17390243
   -904.17679887
   -904.16885134
   -904.16740471
   -904.16021776
   -904.19115422
   -904.18629236
   -904.15763116
   -904.16674251
   -904.14665664
   -904.15849814
   -904.11635397
   -904.09894231
   -904.17492634
   -904.16077917
   -904.17723415
   -904.19187932
   -904.17708608
   -904.16563048
   -904.20253762
   -904.12620905
   -904.17941723
   -904.16711009
   -904.15612827
   -904.18042269
   -904.14434470
   -904.19512664
   -904.17532337
   -904.18094304
   -904.19181966
   -904.16693779
   -904.15581120
   -904.16022292
   -904.15722305
   -904.16845390
   -904.14340346
   -904.15323920
   -904.14258673
   -904.20336284
   -904.14072301
   -904.17622629
   -904.16350240
   -904.12551982
   -904.16527755
   -904.17182193
   -904.15678743
   -904.18750584
   -904.20070726
   -904.16214111
   -904.13982055
   -904.19732893
   -904.14279712
   -904.17555914
   -904.16577848
   -904.21553641
   -904.17787361
   -904.16860574
   -904.20093580
   -904.13014131
   -904.16154650
   -904.16054953
   -904.16089029
   -904.15359436
   -904.20759111
   -904.14837038
   -904.14397421
   -904.18800432
   -904.17336560
   -904.17308652
   -904.16113615
   -904.15912406
   -904.18030552
   -904.16900857
   -904.18294555
   -904.16860951
   -904.16345971
   -904.19000872
   -904.15389709
   -904.17945365
   -904.17765139
   -904.17248197
   -904.17297140
   -904.15950211
   -904.18164557
   -904.16655582
   -904.14328008
   -904.15008815
   -904.17922738
   -904.16647553
   -904.14820159
   -904.17922107
   -904.15452058
   -904.18703000
   -904.18711110
   -904.17549224
   -904.11361791
   -904.16190976
   -904.17154157
   -904.17098433
   -904.19056107
   -904.17718149
   -904.17082661
   -904.14437517
   -904.14927972
   -904.15635513
   -904.17415396
   -904.15483514
   -904.15704510
   -904.16721910
   -904.14215267
   -904.15588557
   -904.14602184
   -904.17251518
   -904.17906239
   -904.17992031
   -904.18108140
   -904.17202534
   -904.17555227
   -904.18672711
   -904.16533794
   -904.18361943
   -904.14499559
   -904.17531496
   -904.15051244
   -904.14917516
   -904.15381530
   -904.10131111
   -904.14288887
   -904.18616283
   -904.18083650
   -904.18199558
   -904.17121548
   -904.10608818
   -904.18873912
   -904.13262538
   -904.18488379
   -904.16081104
   -904.17991358
   -904.16409196
   -904.18654115
   -904.15027932
   -904.18260362
   -904.16944800
   -904.15267996
   -904.14851832
   -904.16554297
   -904.16930760
   -904.16087904
   -904.15412348
   -904.17479487
   -904.17149268
   -904.16751524
   -904.20221200
   -904.11015278
   -904.18170254
   -904.13779752
   -904.16003766
   -904.15558052
   -904.16623440
   -904.16304686
   -904.13048256
   -904.15359630
   -904.16573679
   -904.18651320
   -904.14040543
   -904.13843273
   -904.16411441
   -904.19730346
   -904.12256478
   -904.15565049
   -904.18235959
   -904.16462491
   -904.10841533
   -904.15377780
   -904.16228322
   -904.14506142
   -904.15456448
   -904.15659307
   -904.16553098
   -904.17299035
   -904.16274091
   -904.17267387
   -904.16773197
   -904.19011673
   -904.15210879
   -904.15113977
   -904.16694961
   -904.16312291
   -904.17779916
   -904.14374448
   -904.18226060
   -904.17709386
   -904.17893408
   -904.13485778
   -904.17122147
   -904.17385714
   -904.15283901
   -904.16469130
   -904.13305370
   -904.15534008
   -904.16298761
   -904.19021375
   -904.15490787
   -904.18998452
   -904.16814483
   -904.17944804
   -904.17603250
   -904.12502558
   -904.17223886
   -904.16531475
   -904.14802562
   -904.14782679
   -904.14220702
   -904.15855086
   -904.19024407
   -904.17031188
   -904.14821467
   -904.16888844
   -904.15305970
   -904.14651617
   -904.18217353
   -904.18835707
   -904.16850671
   -904.18578817
   -904.14265228
   -904.13701020
   -904.14168609
   -904.14894696
   -904.14401257
   -904.17814412
   -904.12655021
   -904.19228667
   -904.16165097
   -904.16344711
   -904.14284613
   -904.15762680
   -904.13466517
   -904.15104822
   -904.20536520
   -904.13112939
   -904.12877285
   -904.15246191
   -904.11563655
   -904.15657433
   -904.16615270
   -904.16027994
   -904.15782986
   -904.14988631
   -904.13054053
   -904.13848455
   -904.14822341
   -904.14869173
   -904.17713933
   -904.18138672
   -904.19306965
   -904.18618952
   -904.13177693
   -904.14658415
   -904.14175669
   -904.13704059
   -904.18053995
   -904.18666357
   -904.14908014
   -904.13813862
   -904.17790231
   -904.16276675
   -904.17425576
   -904.17538021
   -904.12615933
   -904.15779518
   -904.18113327
   -904.14398624
   -904.17397730
   -904.16039830
   -904.18665916
   -904.18139807
   -904.17692215
   -904.17334807
   -904.17800325
   -904.18851698
   -904.17862493
   -904.16007881
