% The following energies apply to conformations described by the topology 
% R51_iter1.top.  Structures are given in trajectory coords.cdf, count: 126.

% Item 0:
%   Energy -> orca_structures/coor*/NConf*.out
   -904.21927542
   -904.22021939
   -904.21815942
   -904.21846064
   -904.21212153
   -904.21517377
   -904.20370067
   -904.22173284
   -904.21180857
   -904.22046894
   -904.21989112
   -904.21119299
   -904.20800784
   -904.21938667
   -904.21975710
   -904.20993425
   -904.21904628
   -904.22046586
   -904.21368608
   -904.22201331
   -904.21838963
   -904.21946739
   -904.21808870
   -904.21772545
   -904.22077476
   -904.22095741
   -904.21946228
   -904.20921701
   -904.21973846
   -904.21672913
   -904.21952177
   -904.21723066
   -904.21646375
   -904.21763628
   -904.21464095
   -904.21211279
   -904.20969241
   -904.21929997
   -904.21843126
   -904.21211633
   -904.22203313
   -904.21780885
   -904.22197115
   -904.21209895
   -904.21951905
   -904.21067821
   -904.21231132
   -904.21779393
   -904.22257487
   -904.21047764
   -904.21211783
   -904.21982482
   -904.21867439
   -904.22033835
   -904.21336844
   -904.21604445
   -904.21669745
   -904.21811338
   -904.21878015
   -904.21812817
   -904.21417491
   -904.21904564
   -904.21894116
   -904.21199113
   -904.20646319
   -904.21240921
   -904.21889987
   -904.21656993
   -904.21838032
   -904.20395938
   -904.21810613
   -904.21610986
   -904.22156608
   -904.21771016
   -904.22187531
   -904.21353737
   -904.21614106
   -904.21880272
   -904.21844904
   -904.21958911
   -904.21455863
   -904.21962921
   -904.21966173
   -904.22033106
   -904.21078206
   -904.21331063
   -904.21142677
   -904.21911875
   -904.22035160
   -904.21599338
   -904.21133267
   -904.21570770
   -904.21324977
   -904.22080846
   -904.21152847
   -904.21915742
   -904.21447328
   -904.21892905
   -904.22060420
   -904.21753302
   -904.21862208
   -904.22095078
   -904.21854065
   -904.21099551
   -904.22151090
   -904.21930607
   -904.21937813
   -904.21919228
   -904.21867007
   -904.21128654
   -904.21899383
   -904.21501955
   -904.21442323
   -904.21888957
   -904.21188416
   -904.22053745
   -904.21182210
   -904.21361864
   -904.21773222
   -904.21149196
   -904.21623523
   -904.22220520
   -904.21205312
   -904.21839769
   -904.21655253
   -904.22108218
