% The following energies apply to conformations described by the topology 
% R60.top.  Structures are given in trajectory coords.cdf, count: 2843.

% Item 0:
%   Energy -> orca_structures/coor*/Conf*.out
   -840.85664304
   -840.87443893
   -840.88752503
   -840.86640121
   -840.84381396
   -840.87674929
   -840.84734342
   -840.89805937
   -840.85381499
   -840.85948122
   -840.85825178
   -840.86885324
   -840.89105429
   -840.86382473
   -840.84002563
   -840.85947497
   -840.75956165
   -840.86366926
   -840.82746477
   -840.88382216
   -840.87691863
   -840.90649183
   -840.87174964
   -840.88350605
   -840.90157982
   -840.86331410
   -840.89045730
   -840.88197836
   -840.74272750
   -840.88637257
   -840.77183071
   -840.83991126
   -840.87216238
   -840.86005125
   -840.79720267
   -840.86393910
   -840.86293108
   -840.73244388
   -840.87508943
   -840.88156642
   -840.85834378
   -840.89679442
   -840.87434992
   -840.89467143
   -840.85832077
   -840.86878403
   -840.88016281
   -840.86387160
   -840.87398535
   -840.86514160
   -840.84415699
   -840.88581670
   -840.81548181
   -840.84903326
   -840.85778173
   -840.84813613
   -840.72267966
   -840.79615079
   -840.88072130
   -840.90331563
   -840.86217121
   -840.91043826
   -840.85517690
   -840.82039106
   -840.87523677
   -840.85702009
   -840.88195078
   -840.85915031
   -840.83657458
   -840.84917128
   -840.87076652
   -840.77210635
   -840.86135195
   -840.85861343
   -840.88584865
   -840.87228413
   -840.84105687
   -840.87811174
   -840.84931688
   -840.87202040
   -840.87304574
   -840.85378618
   -840.85276024
   -840.84655789
   -840.86692344
   -840.83838427
   -840.88841181
   -840.85035978
   -840.87702016
   -840.83720354
   -840.86493243
   -840.87096229
   -840.70548464
   -840.88305659
   -840.87752336
   -840.87385991
   -840.82754985
   -840.87802618
   -840.84385903
   -840.86587258
   -840.84267505
   -840.77406857
   -840.78485086
   -840.87147492
   -840.87194900
   -840.84304132
   -840.87605725
   -840.87160014
   -840.89158943
   -840.85582003
   -840.88663600
   -840.85909719
   -840.86495279
   -840.86119350
   -840.91108579
   -840.87284142
   -840.89269064
   -840.82976527
   -840.86646292
   -840.88555224
   -840.84854669
   -840.82799568
   -840.88899952
   -840.81794048
   -840.86467887
   -840.87079808
   -840.86332054
   -840.88506891
   -840.87976679
   -840.81273336
   -840.85166040
   -840.83673163
   -840.84078629
   -840.87855863
   -840.85287681
   -840.88803065
   -840.86165571
   -840.87111409
   -840.89034597
   -840.85402864
   -840.86922526
   -840.86512495
   -840.88397172
   -840.85516687
   -840.86055574
   -840.88655650
   -840.86861670
   -840.72745470
   -840.85324458
   -840.86397455
   -840.85446248
   -840.88005948
   -840.88529342
   -840.75052001
   -840.90020317
   -840.87490395
   -840.85814370
   -840.86433270
   -840.78131702
   -840.87235154
   -840.89181557
   -840.86434631
   -840.87863677
   -840.87045304
   -840.85726603
   -840.88023882
   -840.88240061
   -840.90286274
   -840.87607461
   -840.84973047
   -840.87759576
   -840.88178848
   -840.88362296
   -840.82316734
   -840.87362599
   -840.87965557
   -840.84680380
   -840.88258142
   -840.84322154
   -840.84683327
   -840.86942385
   -840.86875578
   -840.86288382
   -840.88536070
   -840.85635285
   -840.90820303
   -840.89341441
   -840.85437850
   -840.87082944
   -840.88135304
   -840.86735592
   -840.85903208
   -840.89686466
   -840.85300861
   -840.85799197
   -840.86570346
   -840.79740172
   -840.87351225
   -840.75212916
   -840.85025692
   -840.85652011
   -840.83909776
   -840.86469476
   -840.87986153
   -840.84645787
   -840.85438885
   -840.87988665
   -840.87648315
   -840.89366288
   -840.87611844
   -840.77936109
   -840.88677641
   -840.84400976
   -840.84149263
   -840.88993526
   -840.85315078
   -840.84421606
   -840.85866384
   -840.83594208
   -840.87140941
   -840.85750147
   -840.89626993
   -840.81808507
   -840.88060799
   -840.73428976
   -840.86596289
   -840.86414667
   -840.86798439
   -840.87834034
   -840.80545066
   -840.87791016
   -840.81768059
   -840.89395403
   -840.87523180
   -840.86943628
   -840.86933318
   -840.87426866
   -840.84700902
   -840.86289062
   -840.87812940
   -840.87017149
   -840.87188714
   -840.88429076
   -840.88860567
   -840.85167192
   -840.90939520
   -840.86213720
   -840.88674249
   -840.89156618
   -840.84650807
   -840.87994713
   -840.87126717
   -840.86972497
   -840.87984122
   -840.85473532
   -840.86937277
   -840.84500867
   -840.87726223
   -840.79190778
   -840.86205491
   -840.88372163
   -840.86886634
   -840.87519426
   -840.87594143
   -840.84844945
   -840.85502342
   -840.86004429
   -840.86940673
   -840.85385837
   -840.89247055
   -840.86264998
   -840.79049849
   -840.88603038
   -840.88709424
   -840.87706680
   -840.87107814
   -840.85576204
   -840.88381754
   -840.88591133
   -840.90257873
   -840.88751807
   -840.86231986
   -840.85635154
   -840.84132930
   -840.85300470
   -840.84572508
   -840.87663690
   -840.85335540
   -840.85063531
   -840.88741341
   -840.85979406
   -840.84667955
   -840.85858885
   -840.88072771
   -840.85208953
   -840.87375313
   -840.83727356
   -840.89575703
   -840.88329336
   -840.89231100
   -840.89429334
   -840.78913062
   -840.86766232
   -840.87365655
   -840.84275169
   -840.85526559
   -840.85539159
   -840.87479106
   -840.88878844
   -840.89052805
   -840.86859506
   -840.88339174
   -840.87402369
   -840.88601417
   -840.87252040
   -840.87625708
   -840.86835677
   -840.85680080
   -840.85498956
   -840.86482064
   -840.77964230
   -840.86520380
   -840.82564610
   -840.88581346
   -840.85988437
   -840.86640377
   -840.88218965
   -840.89262452
   -840.87098294
   -840.88107894
   -840.88093918
   -840.73127040
   -840.87800931
   -840.84762678
   -840.88025970
   -840.89285129
   -840.87923425
   -840.79423722
   -840.87067210
   -840.86999984
   -840.85694106
   -840.87569008
   -840.86541349
   -840.86783125
   -840.87932604
   -840.88665284
   -840.84013454
   -840.88257576
   -840.84070992
   -840.88319822
   -840.86033851
   -840.87588983
   -840.86570713
   -840.90388829
   -840.85950556
   -840.86812774
   -840.86061100
   -840.88406709
   -840.87734435
   -840.88540902
   -840.87728655
   -840.87657996
   -840.88385661
   -840.86962976
   -840.90802058
   -840.86450650
   -840.85726239
   -840.88737628
   -840.73059270
   -840.73440162
   -840.86657233
   -840.88127241
   -840.89106029
   -840.87665394
   -840.87894322
   -840.85695817
   -840.87545903
   -840.84432626
   -840.85598733
   -840.86502900
   -840.89539256
   -840.88931633
   -840.83801345
   -840.85178392
   -840.84689144
   -840.90069263
   -840.88561748
   -840.86936090
   -840.87100490
   -840.89489642
   -840.88840307
   -840.85374874
   -840.85390821
   -840.89399300
   -840.86918900
   -840.88418094
   -840.87513856
   -840.85860114
   -840.86992006
   -840.83994556
   -840.88116492
   -840.87316158
   -840.87381134
   -840.87538078
   -840.87694115
   -840.85667226
   -840.78091901
   -840.86296639
   -840.86555959
   -840.89596677
   -840.88328795
   -840.88779014
   -840.84807424
   -840.87321769
   -840.77323733
   -840.86608223
   -840.89637568
   -840.78879105
   -840.89632513
   -840.86583908
   -840.88121104
   -840.87012947
   -840.85247840
   -840.77630153
   -840.91621084
   -840.88616018
   -840.83671238
   -840.88966610
   -840.87469538
   -840.84752170
   -840.79287471
   -840.89868090
   -840.87538808
   -840.87925768
   -840.87143594
   -840.86670359
   -840.87614557
   -840.87830302
   -840.88632130
   -840.88088856
   -840.90160061
   -840.86844275
   -840.90433836
   -840.86133853
   -840.85785632
   -840.83616217
   -840.87532705
   -840.87180057
   -840.79495581
   -840.85371746
   -840.89728857
   -840.87782861
   -840.84343548
   -840.83628720
   -840.72443439
   -840.86254047
   -840.86315057
   -840.90071649
   -840.86617063
   -840.86107165
   -840.82036120
   -840.84809041
   -840.85664810
   -840.85961779
   -840.89441891
   -840.88013883
   -840.72063997
   -840.85953668
   -840.87840333
   -840.88385042
   -840.87474020
   -840.89538914
   -840.89967038
   -840.89728919
   -840.81059518
   -840.87200793
   -840.89068984
   -840.85061359
   -840.87716527
   -840.87249253
   -840.86474507
   -840.89755000
   -840.86987795
   -840.86684286
   -840.87707573
   -840.88717974
   -840.85970821
   -840.86564227
   -840.85432067
   -840.88513469
   -840.75408305
   -840.86971367
   -840.86436982
   -840.83361829
   -840.79095905
   -840.90034229
   -840.86546984
   -840.85739339
   -840.90090810
   -840.85532705
   -840.87308770
   -840.86100510
   -840.87790117
   -840.85809078
   -840.87653413
   -840.89171304
   -840.88024548
   -840.88706569
   -840.81548533
   -840.86332189
   -840.86271537
   -840.87487153
   -840.89006810
   -840.87878241
   -840.84661228
   -840.87230694
   -840.88949515
   -840.86698599
   -840.86804013
   -840.89030234
   -840.87030804
   -840.88922002
   -840.86083261
   -840.85936167
   -840.88346219
   -840.86367744
   -840.83856558
   -840.85912282
   -840.86552088
   -840.86261920
   -840.86690342
   -840.87031287
   -840.85617685
   -840.87824737
   -840.85865913
   -840.88116437
   -840.87130442
   -840.85784647
   -840.83208248
   -840.89266060
   -840.84423849
   -840.83687872
   -840.89885072
   -840.87904053
   -840.89175675
   -840.87832051
   -840.88107764
   -840.86650850
   -840.85860892
   -840.87849387
   -840.88424533
   -840.84479947
   -840.88965627
   -840.87829973
   -840.86140414
   -840.86177182
   -840.87721862
   -840.87311812
   -840.85780922
   -840.87134357
   -840.71306091
   -840.86787336
   -840.88409336
   -840.85362598
   -840.89057224
   -840.86799054
   -840.84569374
   -840.82529082
   -840.86035686
   -840.86413578
   -840.87787937
   -840.87855679
   -840.86281983
   -840.84773576
   -840.87211954
   -840.87096729
   -840.89401680
   -840.85854522
   -840.84731778
   -840.87440400
   -840.87150210
   -840.89912967
   -840.84487007
   -840.84641577
   -840.83635388
   -840.87876868
   -840.87410468
   -840.85117039
   -840.88491385
   -840.87291853
   -840.83580916
   -840.88097060
   -840.90416581
   -840.82308895
   -840.90124418
   -840.84728432
   -840.87285435
   -840.87230725
   -840.88444353
   -840.87125720
   -840.86108465
   -840.90050266
   -840.86493632
   -840.88086167
   -840.89677487
   -840.87448897
   -840.83384056
   -840.87098444
   -840.88402917
   -840.87128695
   -840.75626389
   -840.86579772
   -840.84303033
   -840.85924940
   -840.86863790
   -840.81191993
   -840.88725464
   -840.86160966
   -840.88749861
   -840.86700399
   -840.85252285
   -840.87070384
   -840.87191802
   -840.85884076
   -840.85674382
   -840.85979449
   -840.87435567
   -840.88941015
   -840.86713041
   -840.80000067
   -840.82884303
   -840.75448299
   -840.86094844
   -840.87826503
   -840.86059475
   -840.74940839
   -840.84249887
   -840.88128303
   -840.90155015
   -840.90563445
   -840.86857080
   -840.83910691
   -840.81702734
   -840.85609444
   -840.81504005
   -840.85075575
   -840.87120725
   -840.82062442
   -840.84660534
   -840.88722653
   -840.90230050
   -840.89696417
   -840.89458907
   -840.87913261
   -840.88362798
   -840.84392782
   -840.89904410
   -840.88953553
   -840.83097597
   -840.86999841
   -840.88682487
   -840.88196406
   -840.84629702
   -840.87264965
   -840.84463309
   -840.86015162
   -840.87743619
   -840.88010616
   -840.89820290
   -840.81460534
   -840.87836448
   -840.88133591
   -840.85931229
   -840.84365058
   -840.88256878
   -840.82568232
   -840.90424830
   -840.88469814
   -840.88349596
   -840.85088336
   -840.83283271
   -840.85987836
   -840.88470661
   -840.80430671
   -840.86551675
   -840.84825133
   -840.86802599
   -840.88459655
   -840.88212507
   -840.90558470
   -840.90432658
   -840.85863362
   -840.88557610
   -840.86692765
   -840.78977766
   -840.86115188
   -840.88960506
   -840.86791511
   -840.88861631
   -840.86499975
   -840.88363668
   -840.86238963
   -840.87760011
   -840.86789097
   -840.85217502
   -840.87059209
   -840.83495139
   -840.88415389
   -840.86053497
   -840.83282573
   -840.89312406
   -840.87645727
   -840.88751834
   -840.86481201
   -840.84788113
   -840.88956859
   -840.87974381
   -840.86539937
   -840.82812509
   -840.88426626
   -840.87522333
   -840.81968347
   -840.87041385
   -840.88961755
   -840.88875093
   -840.89398850
   -840.76595400
   -840.89338414
   -840.89014024
   -840.84388693
   -840.88275835
   -840.87428501
   -840.87913930
   -840.89781720
   -840.89740239
   -840.87349936
   -840.84126915
   -840.88042703
   -840.84743274
   -840.83277766
   -840.88047716
   -840.85124571
   -840.85272906
   -840.85934607
   -840.87636676
   -840.87988513
   -840.87858526
   -840.86653059
   -840.90563748
   -840.86218710
   -840.89461891
   -840.88459325
   -840.87925441
   -840.86681743
   -840.87703166
   -840.86642986
   -840.84862427
   -840.88242954
   -840.87074219
   -840.87297476
   -840.88493663
   -840.86206867
   -840.85274732
   -840.89522726
   -840.87544524
   -840.87996954
   -840.86854403
   -840.86046330
   -840.85722907
   -840.85593984
   -840.86972147
   -840.82169189
   -840.83952132
   -840.89940273
   -840.83970829
   -840.88749800
   -840.84894997
   -840.87555493
   -840.84872652
   -840.84388415
   -840.77393278
   -840.86341412
   -840.82155332
   -840.85270106
   -840.83684709
   -840.88183289
   -840.89298590
   -840.81365935
   -840.80363999
   -840.80118193
   -840.86412247
   -840.88630388
   -840.88273084
   -840.85992200
   -840.87793099
   -840.89065935
   -840.89970599
   -840.86554337
   -840.88017268
   -840.84118381
   -840.86112855
   -840.84773381
   -840.87215637
   -840.88478268
   -840.89814751
   -840.88042065
   -840.88728359
   -840.87834640
   -840.88469172
   -840.83830504
   -840.87890907
   -840.89585156
   -840.84210857
   -840.86550597
   -840.86503047
   -840.88004899
   -840.85445510
   -840.87142288
   -840.85854163
   -840.88102271
   -840.87694618
   -840.86870227
   -840.88055988
   -840.85773742
   -840.87300753
   -840.87709965
   -840.87195644
   -840.86121780
   -840.86300583
   -840.87422638
   -840.87850656
   -840.88794166
   -840.84816037
   -840.89501275
   -840.87745450
   -840.85581540
   -840.88181850
   -840.86824604
   -840.85223141
   -840.85517877
   -840.88237304
   -840.85644575
   -840.87074589
   -840.86681758
   -840.88003281
   -840.87182032
   -840.88762561
   -840.85414079
   -840.89219972
   -840.86267023
   -840.85805148
   -840.87667336
   -840.87811695
   -840.86896347
   -840.88132168
   -840.89145372
   -840.88616181
   -840.87206248
   -840.88261020
   -840.86517619
   -840.86931343
   -840.87545235
   -840.88414783
   -840.86112232
   -840.87363849
   -840.87382300
   -840.81141403
   -840.75858078
   -840.86368120
   -840.86224507
   -840.87176178
   -840.83110761
   -840.90512635
   -840.86923679
   -840.85382591
   -840.89193916
   -840.86224150
   -840.83384492
   -840.85792682
   -840.87360802
   -840.87725355
   -840.88418335
   -840.87412996
   -840.87600560
   -840.82281036
   -840.87065830
   -840.89001918
   -840.87130765
   -840.86701028
   -840.87008351
   -840.86462979
   -840.88948080
   -840.85115211
   -840.88942087
   -840.86308019
   -840.88189210
   -840.85844276
   -840.87474378
   -840.83359004
   -840.78645744
   -840.88798884
   -840.86560437
   -840.86470103
   -840.88769406
   -840.86080410
   -840.89017265
   -840.84992429
   -840.83680778
   -840.88782397
   -840.87902055
   -840.88647633
   -840.88568779
   -840.88096834
   -840.87380096
   -840.90974552
   -840.87645696
   -840.85843472
   -840.87115133
   -840.77840963
   -840.85690177
   -840.87384107
   -840.88142834
   -840.87139062
   -840.76012592
   -840.86156139
   -840.86036221
   -840.90078705
   -840.89752303
   -840.88111249
   -840.84774714
   -840.84768621
   -840.85060878
   -840.87169030
   -840.88119848
   -840.87552200
   -840.88514101
   -840.76493602
   -840.88105083
   -840.84745858
   -840.84262873
   -840.88164402
   -840.89963277
   -840.84117796
   -840.89942134
   -840.88208518
   -840.81152874
   -840.87708448
   -840.85630309
   -840.87968697
   -840.88251527
   -840.87578475
   -840.87921917
   -840.87023683
   -840.86346222
   -840.85220238
   -840.87442907
   -840.85593342
   -840.86756387
   -840.87166742
   -840.87147100
   -840.87573106
   -840.90346614
   -840.88803968
   -840.86585950
   -840.87774360
   -840.84344125
   -840.89250465
   -840.89548362
   -840.85679921
   -840.86406272
   -840.85597552
   -840.86175669
   -840.87466626
   -840.86680840
   -840.86286978
   -840.87610498
   -840.87473538
   -840.83959201
   -840.88033588
   -840.87363104
   -840.87954406
   -840.85116915
   -840.89752617
   -840.85891827
   -840.87907810
   -840.88917876
   -840.88748995
   -840.87602062
   -840.82281600
   -840.86503115
   -840.87218757
   -840.85936939
   -840.89623322
   -840.89850877
   -840.88867133
   -840.89712407
   -840.86947135
   -840.87535834
   -840.87666567
   -840.88203067
   -840.88970548
   -840.87718781
   -840.88187996
   -840.86988139
   -840.88609808
   -840.86147021
   -840.86728358
   -840.88666099
   -840.88218285
   -840.87062078
   -840.87487464
   -840.88472751
   -840.88504927
   -840.86530712
   -840.72246686
   -840.87424749
   -840.86071259
   -840.87047578
   -840.88942644
   -840.88027074
   -840.85173665
   -840.87382821
   -840.88184618
   -840.87046234
   -840.87513271
   -840.86649310
   -840.84447614
   -840.88494266
   -840.88780688
   -840.87152961
   -840.84406998
   -840.84891304
   -840.86629850
   -840.88822202
   -840.85161429
   -840.89478404
   -840.87009987
   -840.88417585
   -840.86240526
   -840.88573049
   -840.87499111
   -840.87894457
   -840.88157626
   -840.76926935
   -840.91355131
   -840.85460333
   -840.88992396
   -840.85446633
   -840.89112178
   -840.86969074
   -840.85042136
   -840.89847740
   -840.88557040
   -840.90297821
   -840.90988133
   -840.84370383
   -840.84753793
   -840.86167832
   -840.88851362
   -840.85354957
   -840.85785387
   -840.87448806
   -840.84966741
   -840.84056973
   -840.84494205
   -840.82922543
   -840.91452997
   -840.88993838
   -840.88199761
   -840.86968892
   -840.88109066
   -840.87945049
   -840.88061808
   -840.86639678
   -840.86729266
   -840.86684751
   -840.86464397
   -840.87378681
   -840.89144908
   -840.88733252
   -840.85748364
   -840.87596806
   -840.86937926
   -840.87644892
   -840.90120680
   -840.87528698
   -840.87239567
   -840.86959346
   -840.89148897
   -840.88702307
   -840.87385723
   -840.86619158
   -840.87277429
   -840.86600606
   -840.87666570
   -840.87142870
   -840.80730946
   -840.87538759
   -840.85488550
   -840.87170699
   -840.88351081
   -840.85992442
   -840.88003565
   -840.86958168
   -840.88448343
   -840.88259312
   -840.83224609
   -840.86365040
   -840.83676879
   -840.88829575
   -840.84233152
   -840.84906796
   -840.84748493
   -840.84600630
   -840.84401311
   -840.85597226
   -840.83804851
   -840.86883397
   -840.87916315
   -840.89865209
   -840.88139563
   -840.85668634
   -840.89805271
   -840.89423849
   -840.87900026
   -840.88731949
   -840.88954927
   -840.85620976
   -840.74919808
   -840.84790063
   -840.90488722
   -840.83487547
   -840.89847702
   -840.87454631
   -840.86254684
   -840.83802025
   -840.85748123
   -840.87433449
   -840.82805627
   -840.88178365
   -840.86866749
   -840.86140749
   -840.86299235
   -840.83349310
   -840.86506946
   -840.87831977
   -840.75065358
   -840.83146960
   -840.86040265
   -840.82829184
   -840.89452031
   -840.82840214
   -840.87022364
   -840.83755288
   -840.72563382
   -840.87653373
   -840.84272887
   -840.81633003
   -840.88153519
   -840.87100459
   -840.87845743
   -840.83156158
   -840.86816918
   -840.87723731
   -840.85209219
   -840.85092372
   -840.84774410
   -840.86260101
   -840.86462148
   -840.84500087
   -840.86001281
   -840.89654014
   -840.87651326
   -840.86436309
   -840.83131547
   -840.90615521
   -840.83917315
   -840.84009582
   -840.86661078
   -840.85079951
   -840.85583937
   -840.84924821
   -840.88806954
   -840.86772809
   -840.89062685
   -840.89615031
   -840.89847201
   -840.80657539
   -840.81464590
   -840.86586923
   -840.84728646
   -840.82744193
   -840.85049681
   -840.84863277
   -840.86773961
   -840.87126455
   -840.85544083
   -840.89509695
   -840.86501119
   -840.87543310
   -840.90055291
   -840.85971177
   -840.87546809
   -840.86194038
   -840.87095962
   -840.84748560
   -840.87478415
   -840.84851323
   -840.86154372
   -840.86049263
   -840.85996190
   -840.89188260
   -840.87911810
   -840.87199685
   -840.87859190
   -840.87161227
   -840.85913380
   -840.86439583
   -840.87727357
   -840.86460233
   -840.77226470
   -840.87693280
   -840.88748288
   -840.88097023
   -840.87846718
   -840.86796446
   -840.84981464
   -840.84469539
   -840.84547013
   -840.85255034
   -840.87049239
   -840.84482580
   -840.87679159
   -840.88425184
   -840.89674775
   -840.89910328
   -840.86035947
   -840.84519056
   -840.84322333
   -840.87147322
   -840.89518419
   -840.89215927
   -840.84834978
   -840.87467673
   -840.84456909
   -840.88787171
   -840.89057649
   -840.89076454
   -840.90734209
   -840.88747491
   -840.87293025
   -840.83998797
   -840.87287275
   -840.85905251
   -840.87560703
   -840.88704981
   -840.87709322
   -840.86612101
   -840.82393974
   -840.85837962
   -840.82936999
   -840.89225071
   -840.85009275
   -840.80004882
   -840.87161127
   -840.87217924
   -840.86594505
   -840.85780566
   -840.89092511
   -840.86745611
   -840.89187111
   -840.87387122
   -840.88300666
   -840.87039417
   -840.88131770
   -840.86024442
   -840.88835072
   -840.86699965
   -840.88629282
   -840.87626817
   -840.87917634
   -840.88833813
   -840.77224947
   -840.85593544
   -840.87747035
   -840.77054212
   -840.82665725
   -840.89203878
   -840.84252760
   -840.87406933
   -840.88837781
   -840.85404896
   -840.84737596
   -840.87809791
   -840.90324204
   -840.84331812
   -840.87856272
   -840.85995578
   -840.83200931
   -840.86725571
   -840.82545892
   -840.87356369
   -840.90547615
   -840.85038559
   -840.85919815
   -840.86542072
   -840.84499905
   -840.88471569
   -840.86993791
   -840.88104561
   -840.88002201
   -840.88802827
   -840.88107469
   -840.88990818
   -840.87902086
   -840.85573058
   -840.85586426
   -840.89331705
   -840.85367736
   -840.87429759
   -840.84943479
   -840.86572766
   -840.87994972
   -840.86072750
   -840.87825443
   -840.85556120
   -840.87097485
   -840.88608354
   -840.72783337
   -840.81014530
   -840.85864288
   -840.85950823
   -840.86180421
   -840.87810977
   -840.85561606
   -840.91024261
   -840.89326066
   -840.89562928
   -840.89636200
   -840.86835093
   -840.85024158
   -840.85826549
   -840.88540252
   -840.74119751
   -840.86147908
   -840.84151768
   -840.87559326
   -840.83059600
   -840.86416966
   -840.87722211
   -840.85252950
   -840.86675276
   -840.85843679
   -840.89276441
   -840.78153236
   -840.88889456
   -840.84954397
   -840.84435441
   -840.87705299
   -840.85980484
   -840.88552533
   -840.86134512
   -840.87520862
   -840.87744425
   -840.88048737
   -840.84166725
   -840.77043065
   -840.84465263
   -840.86547394
   -840.77280683
   -840.85395165
   -840.86578402
   -840.88952388
   -840.87838496
   -840.88353467
   -840.86453037
   -840.84150875
   -840.87991046
   -840.86923831
   -840.88609386
   -840.84221530
   -840.86746109
   -840.81788272
   -840.87690512
   -840.87805458
   -840.85187671
   -840.84859544
   -840.86464869
   -840.84619975
   -840.85537352
   -840.89883911
   -840.87455352
   -840.87449272
   -840.88646295
   -840.86712707
   -840.84349494
   -840.85361937
   -840.85314288
   -840.83760611
   -840.88879540
   -840.87028081
   -840.85414969
   -840.87983900
   -840.84759389
   -840.86448265
   -840.86690442
   -840.80898561
   -840.86495900
   -840.70381469
   -840.77936807
   -840.86505801
   -840.84995785
   -840.88129803
   -840.85989792
   -840.85998645
   -840.77719877
   -840.89590826
   -840.83355124
   -840.85435084
   -840.86131523
   -840.87157417
   -840.86611705
   -840.87006361
   -840.86899015
   -840.85721083
   -840.87571076
   -840.87696271
   -840.87632719
   -840.88497220
   -840.85064464
   -840.88874607
   -840.85265669
   -840.84663586
   -840.87576928
   -840.85783947
   -840.86784438
   -840.88352273
   -840.86499082
   -840.88173908
   -840.89247116
   -840.86211732
   -840.87854614
   -840.87966439
   -840.86286971
   -840.88551019
   -840.88303018
   -840.84006405
   -840.82273164
   -840.85739823
   -840.87289606
   -840.88843741
   -840.86397971
   -840.86429209
   -840.86692803
   -840.85445621
   -840.86830051
   -840.85766296
   -840.86454543
   -840.87883302
   -840.86503921
   -840.86816124
   -840.79263788
   -840.86367971
   -840.86356105
   -840.85582459
   -840.83922595
   -840.86154535
   -840.88042606
   -840.85456356
   -840.86303209
   -840.84685084
   -840.86097607
   -840.86341385
   -840.85541830
   -840.87054594
   -840.89407419
   -840.86521964
   -840.72786016
   -840.87121757
   -840.87419620
   -840.89624519
   -840.87346469
   -840.84902540
   -840.87136653
   -840.88757073
   -840.83806634
   -840.89481565
   -840.85446057
   -840.87234583
   -840.86140882
   -840.86796355
   -840.88036685
   -840.87020189
   -840.89024204
   -840.84846098
   -840.88071827
   -840.85489031
   -840.79546140
   -840.80877460
   -840.89220238
   -840.85308535
   -840.84925482
   -840.86035758
   -840.79891072
   -840.83708171
   -840.86095906
   -840.86269433
   -840.85785767
   -840.87243841
   -840.88477439
   -840.88120063
   -840.82952046
   -840.85791130
   -840.86717410
   -840.86258737
   -840.88051850
   -840.86916490
   -840.86279812
   -840.87671637
   -840.88610810
   -840.85903325
   -840.89579942
   -840.82185088
   -840.86903803
   -840.84404205
   -840.83374714
   -840.74714602
   -840.89220704
   -840.88098285
   -840.88146029
   -840.88151439
   -840.88171908
   -840.89900270
   -840.86807003
   -840.86851482
   -840.88689863
   -840.91340472
   -840.89098249
   -840.83241283
   -840.84538302
   -840.87589031
   -840.75425014
   -840.86332980
   -840.89683230
   -840.84748296
   -840.84165463
   -840.88112283
   -840.87653973
   -840.86955594
   -840.87965888
   -840.87402007
   -840.89620133
   -840.86453374
   -840.84187505
   -840.85049114
   -840.72232664
   -840.86309112
   -840.83870735
   -840.88030767
   -840.86839421
   -840.87293688
   -840.87901971
   -840.87297168
   -840.86549773
   -840.81052395
   -840.85620051
   -840.83051284
   -840.85275787
   -840.83896563
   -840.86956495
   -840.85394349
   -840.87391182
   -840.85193587
   -840.86787882
   -840.88674124
   -840.87637152
   -840.88498753
   -840.85724685
   -840.90424150
   -840.86355037
   -840.87689497
   -840.88737108
   -840.88154072
   -840.84390226
   -840.87250260
   -840.88252278
   -840.87737252
   -840.88802722
   -840.86936352
   -840.87477419
   -840.86691082
   -840.87247119
   -840.87208749
   -840.84811885
   -840.85521682
   -840.86861742
   -840.86819049
   -840.79423592
   -840.84247140
   -840.84901431
   -840.87148747
   -840.82867101
   -840.83608735
   -840.87244060
   -840.89121615
   -840.84062402
   -840.87463576
   -840.87052617
   -840.84661044
   -840.78802246
   -840.88595387
   -840.87893435
   -840.87287947
   -840.88288062
   -840.86537960
   -840.85786835
   -840.88916266
   -840.83432447
   -840.81438077
   -840.88867972
   -840.83903380
   -840.85917047
   -840.88938324
   -840.84040881
   -840.87426293
   -840.79036836
   -840.87064189
   -840.76971450
   -840.86956516
   -840.80100792
   -840.84083047
   -840.87803853
   -840.88923489
   -840.89852596
   -840.86813300
   -840.80065055
   -840.84492867
   -840.76029489
   -840.90762126
   -840.87065590
   -840.82426782
   -840.87837245
   -840.89272157
   -840.89324106
   -840.86319569
   -840.86690014
   -840.85730165
   -840.84110084
   -840.85220041
   -840.86351510
   -840.87166536
   -840.88604450
   -840.83340363
   -840.89533712
   -840.88680910
   -840.85971528
   -840.88916698
   -840.90977904
   -840.84947347
   -840.88199666
   -840.89765163
   -840.85729524
   -840.84601458
   -840.86955322
   -840.86633940
   -840.84778311
   -840.87302275
   -840.87238883
   -840.86922817
   -840.80386527
   -840.87667024
   -840.83038238
   -840.84712521
   -840.88023699
   -840.89208061
   -840.86830352
   -840.86969864
   -840.84677543
   -840.87935640
   -840.88937541
   -840.88600934
   -840.88590023
   -840.90260615
   -840.84315255
   -840.86199371
   -840.85664185
   -840.88513076
   -840.85117095
   -840.82802088
   -840.85328941
   -840.87720755
   -840.87962320
   -840.83183940
   -840.89659645
   -840.86625652
   -840.89539377
   -840.72920147
   -840.86162803
   -840.84976680
   -840.86511658
   -840.90363872
   -840.87322395
   -840.87897140
   -840.83932652
   -840.78275002
   -840.89491405
   -840.85941160
   -840.87178347
   -840.86590094
   -840.85722703
   -840.88312081
   -840.86408304
   -840.87948816
   -840.86864814
   -840.90129205
   -840.87073375
   -840.85578141
   -840.87048055
   -840.87859417
   -840.88854036
   -840.82747119
   -840.87999174
   -840.83149445
   -840.85399916
   -840.84742974
   -840.88568807
   -840.87968879
   -840.88850279
   -840.83808125
   -840.81187855
   -840.85289391
   -840.87466080
   -840.74410309
   -840.84506719
   -840.86289030
   -840.87689381
   -840.88001116
   -840.86306031
   -840.84853898
   -840.87270761
   -840.88294043
   -840.87561127
   -840.84935720
   -840.87329380
   -840.88494501
   -840.85633564
   -840.84701425
   -840.86562210
   -840.85268248
   -840.88140802
   -840.89702151
   -840.78561334
   -840.86231689
   -840.86480761
   -840.86897572
   -840.87122514
   -840.88137989
   -840.86361751
   -840.90116765
   -840.88513890
   -840.89234445
   -840.86750759
   -840.87081447
   -840.87824364
   -840.89393422
   -840.85368775
   -840.83602894
   -840.88813787
   -840.85281791
   -840.87612518
   -840.90770121
   -840.87343551
   -840.87889609
   -840.88090901
   -840.72848794
   -840.86470610
   -840.88800845
   -840.84044644
   -840.84573256
   -840.89005401
   -840.88109045
   -840.86932212
   -840.87506254
   -840.84998091
   -840.84481595
   -840.87593471
   -840.87712772
   -840.88992913
   -840.86799807
   -840.86062906
   -840.84704535
   -840.88094638
   -840.88488914
   -840.88239275
   -840.90889003
   -840.86473125
   -840.78247358
   -840.87223086
   -840.88360859
   -840.86657151
   -840.88053829
   -840.84850312
   -840.86893362
   -840.86772545
   -840.85389718
   -840.85850629
   -840.87080654
   -840.90570494
   -840.89087537
   -840.80820687
   -840.85273140
   -840.86963830
   -840.78750056
   -840.89742152
   -840.88779165
   -840.84536192
   -840.81416756
   -840.85861625
   -840.86498187
   -840.89193642
   -840.73327272
   -840.85984557
   -840.85956376
   -840.87794434
   -840.84816692
   -840.88088123
   -840.88767858
   -840.87811261
   -840.84214849
   -840.88312943
   -840.87792964
   -840.85905956
   -840.87949222
   -840.89842686
   -840.88445112
   -840.86349219
   -840.89133565
   -840.85488110
   -840.86039978
   -840.84613102
   -840.85107530
   -840.87645079
   -840.85964196
   -840.85174454
   -840.85210430
   -840.86992744
   -840.87761774
   -840.88071089
   -840.87668880
   -840.85847003
   -840.86393651
   -840.85437713
   -840.84422967
   -840.88008877
   -840.89341081
   -840.82720144
   -840.86814586
   -840.87065876
   -840.85270753
   -840.84057015
   -840.89353639
   -840.86967914
   -840.86920639
   -840.88095718
   -840.89171592
   -840.83682564
   -840.87334910
   -840.90198641
   -840.86305449
   -840.84705691
   -840.87731344
   -840.88343015
   -840.83116897
   -840.90412042
   -840.78541346
   -840.85647077
   -840.85922164
   -840.83504240
   -840.87431220
   -840.87072481
   -840.87906646
   -840.85549636
   -840.88235799
   -840.90062450
   -840.84343936
   -840.88405205
   -840.88410472
   -840.89863481
   -840.82374191
   -840.88317302
   -840.85728294
   -840.84985777
   -840.86845110
   -840.87013254
   -840.88499067
   -840.90111583
   -840.88051373
   -840.88517521
   -840.88067188
   -840.85811336
   -840.89059053
   -840.86952290
   -840.88861006
   -840.89121825
   -840.87809188
   -840.87138562
   -840.88506629
   -840.88929774
   -840.86309648
   -840.88371875
   -840.80876055
   -840.85314186
   -840.88197488
   -840.84943979
   -840.88077427
   -840.87861681
   -840.88374426
   -840.76404091
   -840.85269362
   -840.85744144
   -840.85691497
   -840.89393566
   -840.86522173
   -840.86993768
   -840.84745780
   -840.88295957
   -840.86030983
   -840.88800809
   -840.89575304
   -840.86676903
   -840.86834144
   -840.86346049
   -840.86412213
   -840.78566957
   -840.90043551
   -840.85706854
   -840.84288442
   -840.89045532
   -840.90805122
   -840.83492525
   -840.89394228
   -840.89165109
   -840.77360059
   -840.85081113
   -840.89101137
   -840.72177740
   -840.89967156
   -840.87302864
   -840.88968895
   -840.88274427
   -840.87902986
   -840.87068706
   -840.86830612
   -840.81234631
   -840.82964414
   -840.88523747
   -840.83252973
   -840.85956933
   -840.86023255
   -840.88869329
   -840.84813092
   -840.87549829
   -840.89135306
   -840.87228482
   -840.85082841
   -840.87359700
   -840.87263121
   -840.85182136
   -840.73448231
   -840.88660980
   -840.86353673
   -840.86681145
   -840.86954206
   -840.88790386
   -840.90468522
   -840.88303566
   -840.89063100
   -840.85111416
   -840.87242071
   -840.90458323
   -840.86253584
   -840.86368128
   -840.87774109
   -840.87858210
   -840.89132477
   -840.84482932
   -840.83895423
   -840.87901686
   -840.88400148
   -840.79776957
   -840.86834516
   -840.86752430
   -840.86221958
   -840.86645677
   -840.87207107
   -840.73241088
   -840.76741492
   -840.75148614
   -840.86533955
   -840.84803525
   -840.88094908
   -840.85605367
   -840.86970220
   -840.85799964
   -840.87189198
   -840.86037279
   -840.81458713
   -840.87452990
   -840.86266805
   -840.87037292
   -840.84890894
   -840.86682827
   -840.88819847
   -840.89797052
   -840.85900988
   -840.85712709
   -840.88006287
   -840.87784468
   -840.87105417
   -840.88490464
   -840.91192419
   -840.87365184
   -840.85764482
   -840.86086020
   -840.87079748
   -840.88335039
   -840.86286830
   -840.84277590
   -840.84879682
   -840.85211844
   -840.84722839
   -840.89310961
   -840.86740192
   -840.88373302
   -840.89014182
   -840.88169485
   -840.88409646
   -840.88718718
   -840.87244586
   -840.86140110
   -840.85552723
   -840.88114776
   -840.86973673
   -840.89504139
   -840.88473847
   -840.86207574
   -840.88265393
   -840.89957526
   -840.86189572
   -840.86606056
   -840.86335952
   -840.83866572
   -840.84512337
   -840.83428194
   -840.84521634
   -840.85580320
   -840.78571152
   -840.84787486
   -840.88241511
   -840.85265480
   -840.86716277
   -840.86046597
   -840.89280698
   -840.88535016
   -840.87848356
   -840.86103061
   -840.87583868
   -840.86677344
   -840.77366345
   -840.90543523
   -840.88295679
   -840.88167381
   -840.84738308
   -840.85655010
   -840.85757996
   -840.87887612
   -840.87524544
   -840.90815271
   -840.85511647
   -840.79112430
   -840.85387933
   -840.83421551
   -840.89671037
   -840.86084465
   -840.86606378
   -840.86134782
   -840.89283177
   -840.87284407
   -840.88622173
   -840.84189146
   -840.87536582
   -840.86169846
   -840.88800285
   -840.87133521
   -840.86935280
   -840.85287117
   -840.75450527
   -840.86554001
   -840.88002993
   -840.87505297
   -840.88256920
   -840.83857538
   -840.84467567
   -840.87341489
   -840.85231622
   -840.89026469
   -840.82412729
   -840.86532200
   -840.91053460
   -840.88080582
   -840.85471029
   -840.73104699
   -840.85758863
   -840.86807278
   -840.86311669
   -840.88073339
   -840.86810445
   -840.86411517
   -840.82487640
   -840.87930322
   -840.85996147
   -840.86534858
   -840.88699473
   -840.88364481
   -840.87289084
   -840.84551829
   -840.86702919
   -840.83213407
   -840.88504073
   -840.86346893
   -840.88579338
   -840.86523620
   -840.85634904
   -840.88625432
   -840.87636578
   -840.83593749
   -840.84929477
   -840.84110458
   -840.88793336
   -840.89057301
   -840.84775397
   -840.87588651
   -840.86978446
   -840.85492086
   -840.87970086
   -840.84818319
   -840.87328646
   -840.84563899
   -840.88831176
   -840.84895064
   -840.88654921
   -840.88852744
   -840.89256561
   -840.87623502
   -840.88787921
   -840.86465822
   -840.83074786
   -840.84669515
   -840.87307017
   -840.87865804
   -840.86921805
   -840.88012908
   -840.86903432
   -840.88595576
   -840.88984543
   -840.87628883
   -840.87936909
   -840.88412248
   -840.83204817
   -840.87284069
   -840.87537946
   -840.86724702
   -840.83089731
   -840.86371915
   -840.87727306
   -840.86832846
   -840.82696803
   -840.87876148
   -840.83882334
   -840.86837622
   -840.83265516
   -840.84901768
   -840.86342623
   -840.89457879
   -840.84082971
   -840.89013224
   -840.89828331
   -840.89552115
   -840.85381741
   -840.88618168
   -840.84605941
   -840.86708946
   -840.87795089
   -840.87826704
   -840.88699583
   -840.88340845
   -840.87566033
   -840.86500765
   -840.86864936
   -840.87090365
   -840.87164802
   -840.84933828
   -840.85314168
   -840.86728514
   -840.83657293
   -840.86757988
   -840.90692910
   -840.86852518
   -840.82501914
   -840.87828893
   -840.87846844
   -840.85152779
   -840.85906197
   -840.88702917
   -840.84819233
   -840.90821116
   -840.85559024
   -840.86844584
   -840.82883534
   -840.87473555
   -840.81420317
   -840.88734540
   -840.86764821
   -840.88975291
   -840.87945653
   -840.87245403
   -840.87532950
   -840.90080379
   -840.88202627
   -840.89276758
   -840.90619225
   -840.84933210
   -840.87399488
   -840.85546575
   -840.82937627
   -840.87577758
   -840.85655550
   -840.86207902
   -840.86966936
   -840.91173933
   -840.84726598
   -840.85764470
   -840.88314658
   -840.85092390
   -840.89188969
   -840.85826789
   -840.85637289
   -840.86543101
   -840.87489420
   -840.78918494
   -840.86569554
   -840.86332844
   -840.90555811
   -840.86319439
   -840.84739710
   -840.86915306
   -840.85470546
   -840.85926465
   -840.90074135
   -840.87753392
   -840.87563344
   -840.86733000
   -840.87020152
   -840.85357853
   -840.88994042
   -840.88607726
   -840.84738977
   -840.83473597
   -840.85108685
   -840.88954694
   -840.89347169
   -840.85548295
   -840.87775389
   -840.84759572
   -840.86766433
   -840.88699241
   -840.87829576
   -840.89918057
   -840.87738337
   -840.86402065
   -840.85969497
   -840.87920095
   -840.83076503
   -840.87152252
   -840.88801175
   -840.82706678
   -840.86167948
   -840.87792132
   -840.86276148
   -840.90797092
   -840.87126257
   -840.85112683
   -840.85869829
   -840.86673807
   -840.88196634
   -840.84701170
   -840.86987471
   -840.83441743
   -840.72159816
   -840.87660018
   -840.87380945
   -840.88116140
   -840.87918148
   -840.89493577
   -840.87140435
   -840.89839560
   -840.85719558
   -840.86618420
   -840.86503758
   -840.83990346
   -840.88359121
   -840.87488642
   -840.87692140
   -840.86428272
   -840.83898931
   -840.87844693
   -840.88052683
   -840.85086042
   -840.87690579
   -840.79148991
   -840.85417647
   -840.86146845
   -840.76491717
   -840.87903809
   -840.87209138
   -840.87840579
   -840.85280775
   -840.87498511
   -840.73373358
   -840.83513081
   -840.87576540
   -840.87042301
   -840.85203891
   -840.86297212
   -840.87859736
   -840.86258602
   -840.85556585
   -840.87305338
   -840.82174710
   -840.76459954
   -840.83196740
   -840.84677370
   -840.86889346
   -840.88140792
   -840.87355588
   -840.84613942
   -840.88990205
   -840.88426639
   -840.89673704
   -840.83698328
   -840.88270017
   -840.85450612
   -840.86265347
   -840.84772415
   -840.87877855
   -840.84959737
   -840.88034231
   -840.88444154
   -840.83848016
   -840.82970680
   -840.89882655
   -840.90616542
   -840.87916939
   -840.86829568
   -840.85560116
   -840.88017334
   -840.84637754
   -840.87024371
   -840.85532509
   -840.85495961
   -840.74469733
   -840.88620510
   -840.86133691
   -840.90197424
   -840.86819277
   -840.86758899
   -840.88277655
   -840.86812735
   -840.88924401
   -840.86613618
   -840.84473146
   -840.84429147
   -840.87236005
   -840.85991213
   -840.85473029
   -840.88185197
   -840.89799953
   -840.81612802
   -840.86238056
   -840.81422196
   -840.88884970
   -840.87748416
   -840.85556876
   -840.87680824
   -840.90288225
   -840.86573974
   -840.88518986
   -840.88701105
   -840.86406908
   -840.89190887
   -840.88015298
   -840.85065640
   -840.87958697
   -840.85803436
   -840.84747902
   -840.87967875
   -840.89464286
   -840.89192059
   -840.88410197
   -840.86551883
   -840.90068545
   -840.89225410
   -840.89800726
   -840.88501229
   -840.86565849
   -840.87628095
   -840.87788510
   -840.88775427
   -840.85813576
   -840.84397355
   -840.88036431
   -840.87253613
   -840.87230911
   -840.88965622
   -840.85253386
   -840.85706437
   -840.86527122
   -840.87461413
   -840.87705893
   -840.88191686
   -840.85070536
   -840.85742353
   -840.88560146
   -840.87569088
   -840.84673951
   -840.84424487
   -840.87246347
   -840.88141232
   -840.75132571
   -840.87660041
   -840.85622552
   -840.89256011
   -840.89508741
   -840.84321491
   -840.85613738
   -840.87762252
   -840.79714761
   -840.89272869
   -840.89269007
   -840.86460549
   -840.89149659
   -840.87479155
   -840.88199450
   -840.90244170
   -840.87888812
   -840.88912341
   -840.86068198
   -840.86321968
   -840.78762812
   -840.90457584
   -840.84762307
   -840.89471315
   -840.87949324
   -840.89001951
   -840.90116102
   -840.85891868
   -840.84758026
   -840.87791300
   -840.85800141
   -840.86801241
   -840.87959313
   -840.86549447
   -840.85604205
   -840.89609725
   -840.88611587
   -840.81107570
   -840.74058390
   -840.87571589
   -840.85650003
   -840.86630897
   -840.88025527
   -840.87904039
   -840.87581963
   -840.89268786
   -840.87521592
   -840.82445970
   -840.83125467
   -840.85681294
   -840.84694941
   -840.86869523
   -840.85087203
   -840.89748999
   -840.87453214
   -840.81539597
   -840.86681886
   -840.89377432
   -840.89234173
   -840.88544832
   -840.87558958
   -840.89367920
   -840.87433943
   -840.86633771
   -840.89158403
   -840.86955977
   -840.86472453
   -840.85818519
   -840.90386231
   -840.84956252
   -840.86458352
   -840.79779440
   -840.87514969
   -840.84295726
   -840.71988912
   -840.87785625
   -840.86579714
   -840.87177280
   -840.87995246
   -840.88450501
   -840.89512081
   -840.85812987
   -840.89045477
   -840.88938739
   -840.89415750
   -840.73857864
   -840.86233910
   -840.85786518
   -840.85125640
   -840.86310616
   -840.88707113
   -840.89097935
   -840.85347438
   -840.86643074
   -840.88666712
   -840.88967849
   -840.86405601
   -840.87681013
   -840.85172083
   -840.86405580
   -840.83997833
   -840.82944263
   -840.88330909
   -840.86697525
   -840.87991343
   -840.89211375
   -840.86332064
   -840.87807546
   -840.89079463
   -840.84745575
   -840.84880522
   -840.72466031
   -840.88298280
   -840.87694106
   -840.86357372
   -840.88775563
   -840.84692858
   -840.88229867
   -840.88412403
   -840.88997282
   -840.89646612
   -840.89216364
   -840.86423166
   -840.86476025
   -840.86957298
   -840.86542298
   -840.90317361
   -840.85700177
   -840.79975748
   -840.85491114
   -840.85102361
   -840.90511946
   -840.85301212
   -840.88066095
   -840.86204465
   -840.83267321
   -840.87792771
   -840.88031803
   -840.86196621
   -840.88596850
   -840.89981645
   -840.87691134
   -840.84602638
   -840.89335777
   -840.81157066
   -840.88719711
   -840.87191000
   -840.91339251
   -840.88774475
   -840.71531710
   -840.85599066
   -840.91004359
   -840.83611682
   -840.87280757
   -840.86194416
   -840.85604971
   -840.86785720
   -840.85943064
   -840.91110640
   -840.83172600
   -840.85048636
   -840.89224629
   -840.87568377
   -840.87406695
   -840.86294899
   -840.88121310
   -840.85585060
   -840.86749240
   -840.71244270
   -840.88624146
   -840.87379228
   -840.86174644
   -840.87337259
   -840.88231432
   -840.90104909
   -840.84406138
   -840.88845143
   -840.88887879
   -840.87453605
   -840.86389003
   -840.86627969
   -840.87872643
   -840.88213422
   -840.86531150
   -840.84237044
   -840.83383859
   -840.88514982
   -840.87559183
   -840.85629650
   -840.87854300
   -840.86673839
   -840.89482334
   -840.85844432
   -840.88768340
   -840.87711027
   -840.82769705
   -840.86255945
   -840.88046938
   -840.83436824
   -840.89061862
   -840.87962607
   -840.88490280
   -840.85301217
   -840.88617980
   -840.86544093
   -840.87876178
   -840.81294668
   -840.85728502
   -840.86645536
   -840.87524295
   -840.86363212
   -840.82656514
   -840.84842388
   -840.88658539
   -840.85836816
   -840.88089645
   -840.89076213
   -840.88026743
   -840.87751547
   -840.87039004
   -840.88694691
   -840.90284578
   -840.87180137
   -840.86437109
   -840.89373212
   -840.78798859
   -840.87730340
   -840.87293376
   -840.81789490
   -840.85711987
   -840.85835101
   -840.81870691
   -840.86392485
   -840.88636554
   -840.88277812
   -840.84275162
   -840.87745196
   -840.88140216
   -840.84112752
   -840.89556494
   -840.84389393
   -840.87967258
   -840.85472456
   -840.88493721
   -840.88496163
   -840.88747646
   -840.85397165
   -840.87655866
   -840.86587764
   -840.85516195
   -840.85957542
   -840.86125229
   -840.87599552
   -840.85334179
   -840.88114696
   -840.80507527
   -840.88353808
   -840.88281131
   -840.86656609
   -840.90092042
   -840.83188352
   -840.85244365
   -840.88516334
   -840.83790462
   -840.86847818
   -840.88143098
   -840.86410814
   -840.86559024
   -840.85766720
   -840.85250566
   -840.83464573
   -840.85736338
   -840.89140745
   -840.84792481
   -840.82876020
   -840.87364648
   -840.72526661
   -840.88095153
   -840.85328777
   -840.87603015
   -840.88944245
   -840.87424469
   -840.83598278
   -840.85617649
   -840.86216855
   -840.85778171
   -840.83615747
   -840.86529238
   -840.86309939
   -840.87749911
   -840.87668371
   -840.87132211
   -840.77244337
   -840.86945373
   -840.81287733
   -840.85895937
   -840.89605762
   -840.85257908
   -840.86962593
   -840.88734312
   -840.84360737
   -840.88174822
   -840.73259659
   -840.87546900
   -840.88420508
   -840.74270171
   -840.78671245
   -840.88808902
   -840.89239022
   -840.83684095
   -840.84420326
   -840.88721917
   -840.88841252
   -840.86171384
   -840.88114140
   -840.87323914
   -840.86685534
   -840.83775363
   -840.88715421
   -840.85502309
   -840.89719955
   -840.88752066
   -840.88659219
   -840.88335115
   -840.84619700
   -840.88241964
   -840.87495622
   -840.72137347
   -840.86280305
   -840.85275760
   -840.87474200
   -840.88664940
   -840.86778997
   -840.89833407
   -840.87129590
   -840.86852494
   -840.87491963
   -840.86718210
   -840.85601388
   -840.88275999
   -840.88703295
   -840.78887099
   -840.86595192
   -840.88708934
   -840.84850979
   -840.84640826
   -840.85244903
   -840.85260922
   -840.85060686
   -840.90359651
   -840.87760998
   -840.89432300
   -840.87852646
   -840.84328448
   -840.86919660
   -840.85604696
   -840.86597632
   -840.85618513
   -840.90773022
   -840.88450179
   -840.83627843
   -840.86730640
   -840.85346950
   -840.86814465
   -840.73590246
   -840.86440565
   -840.86403591
   -840.87342125
   -840.85299131
   -840.84325910
   -840.85311533
   -840.85773966
   -840.86151264
   -840.88340429
   -840.88942048
   -840.88711650
   -840.89083007
   -840.84027682
   -840.84798419
   -840.89686808
   -840.84927223
   -840.83706584
   -840.88421962
   -840.88535020
   -840.83370952
   -840.84854939
   -840.89657177
   -840.89123320
   -840.85790646
   -840.89760563
   -840.86171827
   -840.86581823
   -840.88570080
   -840.83716970
   -840.87187436
   -840.86230184
   -840.88459736
   -840.85773044
   -840.87660932
   -840.87955966
   -840.87294452
   -840.88746016
   -840.87634259
   -840.86181058
   -840.86673571
