% The following energies apply to conformations described by the topology 
% R60_iter1.top.  Structures are given in trajectory coords.cdf, count: 144.

% Item 0:
%   Energy -> orca_structures/coor*/NConf*.out
   -840.91616489
   -840.91802615
   -840.91839041
   -840.91716885
   -840.92022411
   -840.91441172
   -840.92111775
   -840.91855813
   -840.91407135
   -840.91794290
   -840.91458612
   -840.91731057
   -840.91932776
   -840.91970123
   -840.91651327
   -840.91938938
   -840.91610557
   -840.91697519
   -840.90801788
   -840.91832641
   -840.91810834
   -840.91813330
   -840.91924940
   -840.91763047
   -840.91949897
   -840.91942475
   -840.90622597
   -840.91178730
   -840.91751637
   -840.91796446
   -840.91751501
   -840.91784881
   -840.91376566
   -840.91749242
   -840.90810385
   -840.91648389
   -840.91979921
   -840.91805039
   -840.91801461
   -840.91558198
   -840.91803883
   -840.91962364
   -840.91920800
   -840.91417903
   -840.91411207
   -840.91875509
   -840.91669982
   -840.92105667
   -840.91881466
   -840.91598321
   -840.91876380
   -840.91840524
   -840.91713507
   -840.90827053
   -840.92010650
   -840.91865751
   -840.91654329
   -840.91556240
   -840.92018221
   -840.91849366
   -840.91425881
   -840.91973505
   -840.91320709
   -840.91816972
   -840.91824438
   -840.91422862
   -840.91234240
   -840.91569143
   -840.91478098
   -840.91980968
   -840.92030125
   -840.91748073
   -840.91886981
   -840.90803013
   -840.91883909
   -840.91841279
   -840.91657777
   -840.91616591
   -840.91865887
   -840.91816084
   -840.91852234
   -840.91386071
   -840.91885350
   -840.91959961
   -840.91627566
   -840.91473521
   -840.91923309
   -840.91343699
   -840.91592035
   -840.91792246
   -840.91827393
   -840.91850815
   -840.92022866
   -840.91797200
   -840.91957868
   -840.91968555
   -840.92008695
   -840.91734358
   -840.91622596
   -840.91449010
   -840.92068161
   -840.91441876
   -840.91629900
   -840.91807564
   -840.91817093
   -840.91433250
   -840.91782832
   -840.92122621
   -840.91422316
   -840.91928942
   -840.91933337
   -840.91410843
   -840.91338055
   -840.91862054
   -840.91188902
   -840.92077946
   -840.91339053
   -840.91778460
   -840.91967105
   -840.91638364
   -840.91859967
   -840.91835573
   -840.91385406
   -840.91911916
   -840.91879768
   -840.91635468
   -840.92157196
   -840.91805406
   -840.91358058
   -840.91793062
   -840.91960983
   -840.91813630
   -840.91795482
   -840.91799981
   -840.91865126
   -840.91396716
   -840.90848309
   -840.91194605
   -840.91634933
   -840.91765759
   -840.91931747
   -840.91726503
   -840.91944116
   -840.91419815
