% The following energies apply to conformations described by the topology 
% R12_iter1.top.  Structures are given in trajectory coords.cdf, count: 233.

% Item 0:
%   Energy -> orca_structures/coor*/NConf*.out
   -844.31325901
   -844.30632464
   -844.31129973
   -844.31185879
   -844.30589868
   -844.30679364
   -844.31315057
   -844.30446609
   -844.31263152
   -844.30369654
   -844.30416706
   -844.30079730
   -844.29882448
   -844.29840811
   -844.30465274
   -844.29830089
   -844.30666414
   -844.30600227
   -844.31089635
   -844.30579816
   -844.30613958
   -844.31251796
   -844.31024650
   -844.30408242
   -844.30456352
   -844.31292681
   -844.30953653
   -844.30650797
   -844.30789599
   -844.30321680
   -844.30528062
   -844.30328763
   -844.31311284
   -844.31090674
   -844.30119554
   -844.30534226
   -844.31300497
   -844.30141390
   -844.30572596
   -844.31248024
   -844.31201369
   -844.30296812
   -844.31357477
   -844.30517162
   -844.30411778
   -844.30570880
   -844.30149488
   -844.31265085
   -844.31228299
   -844.31094009
   -844.31055627
   -844.31341196
   -844.31202971
   -844.31258537
   -844.31021111
   -844.30490260
   -844.30474971
   -844.31195426
   -844.30531922
   -844.31121788
   -844.31144567
   -844.30206559
   -844.31290691
   -844.31329052
   -844.30073841
   -844.29797516
   -844.30501515
   -844.31343767
   -844.31297329
   -844.30615665
   -844.30626320
   -844.30230856
   -844.31297734
   -844.30067048
   -844.30231871
   -844.29953321
   -844.30656789
   -844.30400202
   -844.30470440
   -844.31034558
   -844.31048565
   -844.31276404
   -844.31294992
   -844.30670903
   -844.30486323
   -844.31345924
   -844.30617246
   -844.29658953
   -844.31222353
   -844.31277183
   -844.30636626
   -844.30509344
   -844.31332519
   -844.30539856
   -844.30437263
   -844.31285956
   -844.30602245
   -844.31312605
   -844.30095050
   -844.30068474
   -844.30398875
   -844.30096081
   -844.29953198
   -844.30537090
   -844.31074807
   -844.31303812
   -844.30401750
   -844.31332261
   -844.31120595
   -844.30280909
   -844.31357456
   -844.30118048
   -844.31257153
   -844.30091007
   -844.31261365
   -844.31372506
   -844.30609526
   -844.30498482
   -844.30681767
   -844.30652427
   -844.31294419
   -844.30077723
   -844.30103705
   -844.31280257
   -844.30586078
   -844.31093803
   -844.31107886
   -844.30584375
   -844.30506369
   -844.29675867
   -844.31273338
   -844.30014192
   -844.30068394
   -844.30657426
   -844.30889177
   -844.31252150
   -844.30640186
   -844.30125550
   -844.30479118
   -844.30421625
   -844.31009223
   -844.30969975
   -844.31367303
   -844.30604482
   -844.31271189
   -844.31364632
   -844.30518817
   -844.31252780
   -844.30569605
   -844.30642915
   -844.29952235
   -844.31332124
   -844.30687776
   -844.31023188
   -844.31276721
   -844.30095455
   -844.31012477
   -844.30483998
   -844.30094588
   -844.30574579
   -844.31253435
   -844.30520443
   -844.30127341
   -844.30043150
   -844.31107861
   -844.30986143
   -844.30407262
   -844.30628970
   -844.30573302
   -844.31223526
   -844.30683645
   -844.30618565
   -844.30527943
   -844.31305668
   -844.31244911
   -844.30068531
   -844.31099673
   -844.31291187
   -844.31068986
   -844.29647188
   -844.30435635
   -844.31226547
   -844.30125471
   -844.30553123
   -844.30614834
   -844.30533985
   -844.31278235
   -844.31093343
   -844.30543472
   -844.31315751
   -844.29887605
   -844.30987138
   -844.31001111
   -844.30077304
   -844.30441955
   -844.30697901
   -844.30260687
   -844.30123130
   -844.30341311
   -844.30704050
   -844.31219703
   -844.30650012
   -844.31188628
   -844.30570561
   -844.30086775
   -844.31337118
   -844.30085652
   -844.31025645
   -844.31074337
   -844.31215548
   -844.30423840
   -844.31074632
   -844.31306233
   -844.30056387
   -844.31086335
   -844.30057416
   -844.31269912
   -844.30583282
   -844.30092040
   -844.31301207
   -844.31311206
   -844.31067396
   -844.30524225
   -844.30616610
   -844.30299709
   -844.30085140
   -844.31404062
   -844.31340868
   -844.29645661
   -844.31305278
   -844.29648748
   -844.31247307
   -844.30103976
