% The following energies apply to conformations described by the topology 
% R27.top.  Structures are given in trajectory coords.cdf, count: 2428.

% Item 0:
%   Energy -> orca_structures/coor*/Conf*.out
   -964.06706428
   -964.08636668
   -964.09989365
   -964.07769279
   -964.05495311
   -964.08938947
   -964.06341611
   -964.10483706
   -964.04901826
   -964.07068202
   -964.00255531
   -964.08034478
   -964.10351090
   -964.05285934
   -964.06970827
   -963.96927862
   -964.03775587
   -964.09135593
   -963.97046003
   -964.07741232
   -964.09501917
   -964.11564432
   -964.07864343
   -964.10307245
   -964.06820036
   -964.09601765
   -964.01932174
   -964.08836399
   -964.06773743
   -964.07362294
   -964.07395106
   -964.08556935
   -964.09446975
   -964.06990339
   -964.10642262
   -964.08256548
   -964.10594819
   -964.06752955
   -964.07994745
   -964.08822159
   -964.07219185
   -964.08312531
   -964.05464282
   -964.09444021
   -964.00517647
   -964.06077534
   -964.05740236
   -964.04776658
   -964.08978225
   -964.10920077
   -964.07228312
   -964.06181756
   -964.07550331
   -963.95421126
   -964.05406280
   -964.09227585
   -964.06864119
   -964.04663959
   -964.04231988
   -964.08546065
   -964.07342014
   -964.06976319
   -964.09931217
   -964.08559970
   -964.05060461
   -964.08920974
   -964.05560535
   -964.08393708
   -964.05466521
   -964.06495422
   -964.05139189
   -964.07828106
   -964.01977439
   -964.04571900
   -964.08923377
   -964.06372356
   -964.08938061
   -964.04913825
   -964.07701945
   -964.08071234
   -964.09590699
   -964.09364940
   -964.04179533
   -964.09129398
   -964.06453307
   -964.07508851
   -964.05453523
   -964.08372460
   -964.08194807
   -964.07887075
   -964.08501394
   -964.09123640
   -964.06813827
   -964.11112170
   -964.07096698
   -964.07556575
   -964.07583795
   -964.02757853
   -964.10338539
   -964.03281052
   -964.09731212
   -964.09830195
   -964.05944266
   -963.97434462
   -964.10046817
   -964.08064332
   -964.07607515
   -964.08581742
   -964.07524230
   -964.09407392
   -964.09012316
   -964.05989532
   -964.06449078
   -964.04629542
   -964.05231611
   -964.09023007
   -964.06537570
   -964.09743601
   -964.07558525
   -964.08408581
   -964.09815885
   -964.06604839
   -964.07984700
   -964.07527138
   -964.09743673
   -964.07020245
   -964.09723494
   -964.07803107
   -964.05809952
   -964.07609764
   -964.06586528
   -964.09520455
   -964.02547813
   -964.07028518
   -964.07364891
   -964.07788615
   -964.10490858
   -963.93141793
   -964.08337402
   -964.07632708
   -964.09805919
   -964.09122314
   -964.11129059
   -964.03499551
   -964.06692950
   -964.09219222
   -964.09229042
   -964.09393797
   -964.02511101
   -964.08422389
   -964.09183337
   -964.05916812
   -964.09189362
   -964.05659591
   -964.05759274
   -964.08059986
   -964.07816810
   -964.07681542
   -964.09166626
   -964.06620970
   -964.11275679
   -964.05450402
   -964.08145919
   -964.08918738
   -964.06580139
   -964.06728965
   -964.11041137
   -964.07973353
   -964.06296125
   -964.06389579
   -964.08558823
   -964.00879277
   -964.04075387
   -964.07119039
   -964.09353652
   -964.05886829
   -964.07126774
   -964.09210416
   -964.01135287
   -964.11026373
   -964.08805465
   -964.09748362
   -964.08549757
   -964.06067718
   -964.05618075
   -964.05719973
   -964.06985314
   -964.03401176
   -964.08327663
   -964.05240124
   -964.10518204
   -964.02542153
   -964.09308371
   -964.07483733
   -964.09334056
   -964.01014192
   -964.09237891
   -964.06474602
   -964.10696407
   -964.08121701
   -964.08243227
   -964.08199551
   -964.07293685
   -964.09014464
   -964.08079451
   -964.08177867
   -964.09182548
   -964.09448051
   -964.03730660
   -964.11966450
   -964.07077142
   -964.09865899
   -964.10522358
   -964.05868347
   -964.07988367
   -964.08813667
   -964.07465341
   -964.05482483
   -964.09088237
   -964.07319029
   -964.09659171
   -964.07821380
   -964.08636171
   -964.08639377
   -964.05484351
   -964.07670009
   -964.07261533
   -964.08060731
   -964.06573919
   -964.09371349
   -964.07200860
   -964.10169607
   -964.08850030
   -964.09720878
   -964.06807480
   -964.09570089
   -964.09399170
   -964.11859863
   -964.07193291
   -964.05571080
   -964.07125279
   -964.06003751
   -964.06387698
   -964.08635657
   -964.05935828
   -964.04440040
   -964.07108430
   -964.08907544
   -964.08902813
   -964.08504635
   -964.05153263
   -964.10869043
   -964.09648484
   -964.09481997
   -964.10453582
   -964.07926124
   -964.08577695
   -964.05570752
   -964.06575547
   -964.06782615
   -964.08602529
   -964.10073275
   -964.10047281
   -964.09672372
   -964.08780030
   -964.09964822
   -964.08025111
   -964.08503629
   -964.07977679
   -964.06961986
   -964.05493862
   -964.06759885
   -964.07965453
   -964.09754529
   -964.07024981
   -964.07818819
   -963.98805913
   -964.08377452
   -964.08765176
   -964.09019134
   -964.08903437
   -964.05627673
   -964.09120316
   -964.10587534
   -964.09503222
   -964.08030724
   -964.08246445
   -964.08094627
   -964.07617756
   -964.09017015
   -964.08921380
   -964.07495263
   -964.09403443
   -964.05406692
   -964.09391392
   -964.07224496
   -964.08881673
   -964.07928121
   -964.11605240
   -964.07573732
   -964.07837102
   -964.06823156
   -964.09832061
   -964.08705520
   -964.09489813
   -964.08750391
   -964.08847136
   -964.08348017
   -964.08085145
   -964.11710537
   -964.06833983
   -964.09760876
   -964.07267369
   -964.10343269
   -964.06935360
   -964.08962256
   -964.06232272
   -964.08670394
   -964.04887444
   -964.06933234
   -964.08853142
   -964.08550227
   -964.06457799
   -964.06482237
   -964.05815910
   -964.11107258
   -964.09830708
   -964.09450006
   -964.07747808
   -964.10690206
   -964.09824760
   -964.09473819
   -964.06843576
   -964.10361848
   -964.08079839
   -964.09046418
   -964.08541565
   -964.07111245
   -964.08073402
   -964.03236667
   -964.09529528
   -964.09025428
   -964.08347487
   -964.08301850
   -964.05072689
   -964.02411786
   -964.08053560
   -964.10524670
   -964.09489518
   -964.05805142
   -964.07929112
   -964.07634682
   -964.10968881
   -964.10511144
   -964.09540948
   -964.07127907
   -964.06578952
   -964.08487283
   -964.13257974
   -964.09803478
   -964.04152982
   -964.10333262
   -964.08510707
   -964.06200608
   -964.10873265
   -964.09338537
   -964.08386497
   -964.09608986
   -964.08516373
   -964.08318184
   -964.09440432
   -964.09410852
   -964.11544323
   -964.07919640
   -964.12349056
   -964.07094120
   -964.06880374
   -964.01701859
   -964.08513455
   -964.08441814
   -963.97635536
   -964.05751293
   -964.11067203
   -964.08726353
   -963.97002834
   -964.04970580
   -964.07405189
   -964.06840555
   -964.10091827
   -964.07214455
   -964.03396259
   -964.05296900
   -964.06613450
   -964.10942155
   -964.09095092
   -964.05641695
   -964.08992578
   -964.08849184
   -964.08719008
   -964.10846471
   -964.10975610
   -964.11352681
   -964.02428606
   -964.08288730
   -964.09403791
   -964.06580256
   -964.08944944
   -964.09539405
   -964.07075545
   -964.11039718
   -964.02547459
   -964.07713808
   -964.08842315
   -964.07124881
   -964.07667067
   -964.06313415
   -964.09918172
   -964.08231833
   -964.07525541
   -964.04471265
   -964.10145438
   -964.08107430
   -964.11427302
   -964.06971019
   -964.07693316
   -964.02212967
   -964.08748881
   -964.06940037
   -964.08482713
   -964.10689511
   -964.09898546
   -964.03899293
   -964.07274520
   -964.07621879
   -964.08894395
   -964.10069500
   -964.05675255
   -964.08341375
   -964.10440046
   -964.07837699
   -964.10525092
   -964.06171691
   -964.05929801
   -964.09239161
   -964.06697424
   -964.07089011
   -964.09247042
   -964.07572215
   -964.04182318
   -964.06973273
   -964.07230099
   -964.07750295
   -964.08434462
   -964.06659993
   -964.08659629
   -964.07215026
   -964.09108056
   -964.08069419
   -964.07014350
   -964.03883728
   -964.05205587
   -964.04918755
   -964.09846734
   -964.10251073
   -964.10211094
   -964.07588208
   -964.07073425
   -964.09609994
   -964.06875585
   -964.09167166
   -964.06823656
   -964.07164818
   -964.05713545
   -964.10090156
   -964.08325284
   -964.06881784
   -964.08227050
   -964.07962349
   -964.09488772
   -964.06564151
   -964.09831951
   -964.07844701
   -964.05808444
   -964.02827330
   -964.07087526
   -964.08060442
   -964.08761453
   -964.05881709
   -964.05668362
   -964.08053967
   -964.10523036
   -964.06806229
   -964.03889156
   -964.08544055
   -964.08396444
   -964.10932599
   -964.05263938
   -964.05647185
   -964.03330777
   -964.08903478
   -964.04408750
   -964.09793001
   -964.06897673
   -964.08908150
   -964.11029300
   -964.02562710
   -964.08854916
   -964.08219982
   -964.08316745
   -964.09666470
   -964.07068186
   -964.10595887
   -964.08990682
   -964.10732992
   -964.08399091
   -964.04137995
   -964.07850295
   -964.08429300
   -964.07710234
   -964.06428880
   -964.07403131
   -964.07934197
   -964.01881508
   -964.09904220
   -964.07566219
   -964.10143324
   -964.08782055
   -964.04910063
   -964.07309573
   -964.08475053
   -964.07180127
   -964.06823822
   -964.07054713
   -964.08460397
   -964.10305011
   -964.07352718
   -964.04801957
   -964.07322830
   -964.09134707
   -964.06897360
   -964.04755535
   -964.10527536
   -964.08362497
   -964.00783584
   -964.02656100
   -964.06792399
   -964.06442246
   -964.05765755
   -964.07939663
   -964.00574187
   -964.06179051
   -964.10179956
   -964.11435916
   -964.10838710
   -964.09860255
   -964.05350242
   -964.08850480
   -964.09513632
   -964.05609558
   -964.11306725
   -964.10571273
   -964.03186324
   -964.09796937
   -964.08525477
   -964.06555163
   -964.05856743
   -964.05654158
   -964.07013313
   -964.08287139
   -964.08856493
   -964.10971053
   -964.02590991
   -964.09178075
   -964.09833068
   -964.05338644
   -964.07159178
   -964.05785119
   -964.09777725
   -964.03948466
   -964.11772994
   -964.09683983
   -964.09300580
   -964.07379384
   -964.04669191
   -964.06863619
   -964.09634974
   -964.07443010
   -964.05865630
   -964.07883950
   -964.09510349
   -964.08491353
   -964.11796586
   -964.09494350
   -964.07739433
   -963.99307250
   -964.06231145
   -964.10255328
   -964.08297549
   -964.10057506
   -964.07918443
   -964.10206161
   -964.08017631
   -964.08650032
   -964.07839517
   -964.06426052
   -964.07920881
   -964.04362381
   -964.04691986
   -964.07272690
   -964.04948041
   -964.10373253
   -963.97846867
   -964.09709583
   -964.06648716
   -964.04737170
   -964.10406788
   -964.07640445
   -964.03937900
   -964.09301387
   -964.08059063
   -964.01837042
   -964.08973327
   -964.10133761
   -964.10173245
   -964.10412694
   -964.10923267
   -964.04696536
   -964.09366156
   -964.08605388
   -964.09175709
   -964.10910196
   -964.06628699
   -964.08640439
   -964.05936156
   -964.05831882
   -964.02752949
   -964.09305683
   -964.06022230
   -964.04340082
   -964.06788326
   -964.08617293
   -964.08330017
   -964.09345714
   -964.07526004
   -964.07346812
   -964.11101823
   -964.09777839
   -964.09235622
   -964.08571567
   -964.07625438
   -964.04552431
   -964.09634125
   -964.08573759
   -964.08465539
   -964.09866081
   -964.07491454
   -964.10756823
   -964.08600456
   -964.08467394
   -964.07262567
   -964.05606728
   -964.06105147
   -964.08950554
   -964.08696658
   -964.08158270
   -964.03006505
   -964.10000138
   -964.06115476
   -964.08836525
   -964.07136684
   -964.03488619
   -964.05428837
   -964.02948076
   -964.09070721
   -964.09635316
   -963.96415935
   -963.98896012
   -964.01192073
   -964.09826009
   -964.09131630
   -964.07250544
   -964.08841070
   -964.09475658
   -964.11113738
   -964.09393045
   -964.03855564
   -964.08109258
   -964.04686077
   -964.08042665
   -964.08723769
   -964.09417367
   -964.08945894
   -964.09660142
   -964.04879519
   -964.08675640
   -964.04526261
   -964.07393464
   -964.07303892
   -964.06523883
   -964.08432806
   -964.07271176
   -964.10804046
   -964.08573208
   -964.09056668
   -964.09175196
   -964.06929117
   -964.08921904
   -964.09255358
   -964.08294383
   -964.06983760
   -964.07447057
   -964.08002072
   -964.08599035
   -964.10119536
   -964.04886440
   -964.10896453
   -964.06834804
   -964.06353047
   -964.08887110
   -964.06123602
   -964.06965318
   -964.09411976
   -964.04576092
   -964.08085200
   -964.08324916
   -964.10544336
   -964.08150163
   -964.04826933
   -964.10262162
   -964.08148559
   -964.06799899
   -964.08960901
   -964.08923225
   -964.08172813
   -964.09122268
   -964.10498166
   -964.10016911
   -964.08238825
   -964.09408253
   -964.07748446
   -964.08557243
   -964.08159341
   -964.07499722
   -964.06971782
   -964.08425947
   -963.95771423
   -964.05818803
   -964.07216483
   -964.08172630
   -964.02809961
   -964.11704622
   -964.07910605
   -964.06508288
   -964.06028439
   -964.02804165
   -964.07165318
   -964.10112510
   -964.08700160
   -964.07529397
   -964.08651586
   -964.09108485
   -964.05275559
   -964.07498148
   -964.10366046
   -964.08418058
   -964.07787529
   -964.07499899
   -964.09842830
   -964.02092003
   -964.09903158
   -964.07554150
   -964.09280283
   -964.06957329
   -964.08374134
   -964.03039233
   -964.07568263
   -964.07771426
   -964.09550044
   -964.07251079
   -964.06116631
   -964.10188084
   -964.08726603
   -964.10017422
   -964.09705513
   -964.08999353
   -964.08495792
   -964.11330812
   -964.08751438
   -964.07270037
   -964.08009905
   -963.92525848
   -964.08769836
   -964.08225624
   -964.07396384
   -964.07210811
   -964.11430639
   -964.10928959
   -964.03048902
   -964.02368718
   -964.05462752
   -964.06029345
   -964.08327382
   -963.98822734
   -964.08395547
   -964.09547076
   -964.09350702
   -964.05889086
   -964.04797349
   -964.08542951
   -964.10617472
   -964.03544661
   -964.10910788
   -964.09639285
   -964.01928051
   -964.08758638
   -964.06752689
   -964.09615978
   -964.08514376
   -964.09638390
   -964.08083091
   -964.07000181
   -964.06024939
   -963.96818770
   -964.02724020
   -964.07490634
   -964.08066747
   -964.08407007
   -964.10584388
   -964.10109900
   -964.07908728
   -964.08721917
   -964.05953951
   -964.10057851
   -964.10367201
   -964.06488791
   -964.08653616
   -964.05836587
   -964.07387918
   -964.08880469
   -964.07929012
   -964.07040305
   -964.08844092
   -964.08526916
   -964.05102090
   -964.09325973
   -964.08468454
   -964.08496665
   -964.06082399
   -964.07145703
   -964.07370035
   -964.10159445
   -964.08693394
   -964.03601110
   -964.07602730
   -964.08206042
   -964.07089479
   -964.10901682
   -964.10652877
   -964.08583904
   -964.09827945
   -964.09175769
   -964.10331673
   -964.08781333
   -964.09058118
   -964.08513186
   -964.09412308
   -964.08295105
   -964.08163147
   -964.10024339
   -964.09270200
   -964.08319209
   -964.08249339
   -964.09858355
   -964.08837243
   -964.08053239
   -964.09438751
   -964.09393102
   -964.04738034
   -964.08937474
   -964.09386336
   -964.08162414
   -964.08642066
   -964.07529435
   -964.05148389
   -964.09788234
   -964.08157857
   -964.05790410
   -964.05010227
   -964.10129300
   -964.06223616
   -964.10099123
   -964.08545798
   -964.09706271
   -964.07594611
   -964.09336051
   -964.09174350
   -964.09532274
   -964.07864724
   -964.10416074
   -964.07701702
   -964.07944138
   -964.08681915
   -964.09801006
   -964.11523389
   -964.12618277
   -964.03426513
   -964.05864180
   -964.03789289
   -964.09670101
   -964.08628504
   -964.07520239
   -964.06119648
   -964.02771763
   -964.05388907
   -964.02873583
   -964.09407577
   -964.09435948
   -964.07441282
   -964.08713155
   -964.08983199
   -964.07263908
   -964.07813825
   -964.07798401
   -964.08710651
   -964.07952248
   -964.09832516
   -964.09130246
   -964.08007951
   -964.08616962
   -964.11288838
   -964.06356778
   -964.08077860
   -964.10581620
   -964.07962562
   -964.08576190
   -964.07243962
   -964.08922331
   -964.08357703
   -964.01035589
   -964.06676383
   -964.08123098
   -964.09533827
   -964.07126210
   -963.91121479
   -964.08381646
   -964.09298250
   -964.05558561
   -964.07376754
   -964.03868657
   -964.10023101
   -964.05245176
   -964.06153816
   -964.04425451
   -964.05140174
   -964.05493028
   -964.06902139
   -964.08089758
   -964.07963206
   -964.09102787
   -964.06744231
   -964.10889220
   -964.10671761
   -964.08712552
   -964.09896052
   -964.04729691
   -964.11759609
   -964.03698369
   -964.10669987
   -964.08323569
   -964.07387850
   -964.05173709
   -964.06585751
   -964.06378874
   -964.03981061
   -964.09143402
   -964.05484640
   -964.07532389
   -964.04180505
   -964.07565957
   -964.07912283
   -964.04455652
   -964.07180810
   -964.03158144
   -964.10652827
   -964.04468186
   -964.04906156
   -964.08882233
   -964.05275012
   -964.01476095
   -964.08730865
   -964.07815143
   -964.08467839
   -964.04420302
   -964.08179038
   -964.08871074
   -964.06136631
   -964.06083308
   -964.08927248
   -964.07238684
   -964.08632786
   -964.02873748
   -964.06743833
   -964.11663598
   -964.08820329
   -964.00099512
   -964.03590271
   -964.11678968
   -964.05278742
   -964.04501507
   -964.08015347
   -964.06814907
   -964.03849460
   -964.10085887
   -964.09858636
   -964.09625866
   -964.10900985
   -964.01961647
   -964.00936960
   -964.04713168
   -964.03212760
   -964.09775190
   -964.05135395
   -964.08246576
   -964.06672812
   -964.10477140
   -964.07624393
   -964.08311564
   -964.11440919
   -964.07147961
   -964.08785937
   -964.07073734
   -964.07346880
   -964.05966043
   -964.08691965
   -964.07026236
   -964.07153011
   -964.07095789
   -964.06941859
   -964.09409924
   -964.08322837
   -964.08376425
   -964.07144023
   -964.08132389
   -964.07536183
   -964.07778440
   -964.08979021
   -964.10041405
   -964.08969873
   -964.09136851
   -964.07235918
   -964.04805575
   -964.05583566
   -964.05331361
   -964.06543083
   -964.08091045
   -964.05576301
   -964.01780473
   -964.09499447
   -964.11034445
   -964.07045855
   -964.05386778
   -964.05458221
   -964.08153346
   -964.10336134
   -964.10126029
   -964.05709930
   -964.02893343
   -964.09658881
   -964.00920288
   -964.09966969
   -964.11888724
   -964.10273450
   -964.08301523
   -964.05050103
   -964.08221482
   -964.06894729
   -964.08784448
   -964.05401369
   -964.08315578
   -964.02299578
   -964.07391248
   -964.04030533
   -964.10810260
   -964.06367360
   -964.08127202
   -964.08385255
   -964.07784154
   -964.07074295
   -964.07778388
   -964.09283510
   -964.09312376
   -964.09460652
   -964.07415307
   -964.11478074
   -964.07964490
   -964.09776558
   -964.08406447
   -964.09181290
   -964.06592226
   -964.09314345
   -964.03422929
   -964.02631002
   -964.05165415
   -964.07946795
   -964.09917077
   -964.05580694
   -964.01134302
   -963.98429244
   -964.10324449
   -964.04136017
   -964.04989968
   -964.04349895
   -964.08178779
   -964.03760671
   -964.08710628
   -964.11730344
   -964.06379335
   -964.06969837
   -964.08271551
   -963.99195627
   -964.09096687
   -964.09684234
   -964.06424803
   -964.06780673
   -964.08489544
   -964.06545494
   -964.08477657
   -964.04407114
   -964.07558545
   -964.09026757
   -964.07442860
   -964.08833637
   -964.06847934
   -964.08380445
   -964.09813533
   -964.01947764
   -964.07046485
   -964.06315543
   -964.08396503
   -964.06914488
   -964.12127619
   -964.10558929
   -964.10773178
   -964.06642710
   -964.06253323
   -964.07204295
   -964.09244545
   -964.07631099
   -964.05397324
   -964.08657438
   -964.02087638
   -964.07425662
   -964.08645899
   -964.06497145
   -964.09153368
   -964.08314277
   -963.97903192
   -964.01327584
   -964.08036248
   -964.08942553
   -964.07267768
   -964.09367824
   -964.06741124
   -964.08916019
   -964.08786356
   -964.09391019
   -964.04439636
   -964.09692829
   -964.07740869
   -964.06935103
   -964.06349810
   -964.09086311
   -964.09403359
   -964.07662569
   -964.05669162
   -964.09448497
   -964.08230758
   -964.09781791
   -964.04016609
   -964.08003280
   -964.08843186
   -964.09021388
   -964.07561141
   -964.06110693
   -964.03760057
   -964.08030031
   -964.05687780
   -964.10755375
   -964.08223754
   -964.08249577
   -964.08426483
   -964.08105569
   -964.05147291
   -964.04598134
   -964.06592253
   -964.05930329
   -964.09529579
   -964.08032891
   -964.07732966
   -964.05638169
   -964.07551386
   -964.07918784
   -964.03493818
   -964.07468373
   -964.07196079
   -964.06004920
   -964.07318684
   -963.97367474
   -964.10887230
   -964.06709490
   -964.06589526
   -964.06850940
   -964.08153754
   -964.07239579
   -964.08069904
   -964.07351732
   -964.06526865
   -964.08432585
   -964.08710428
   -964.08477463
   -964.09615001
   -964.06055691
   -964.09117832
   -964.06809015
   -964.05815213
   -964.08043516
   -964.06610273
   -964.09680088
   -964.07745370
   -964.09535259
   -964.10510858
   -964.07400404
   -964.08964955
   -964.09084255
   -964.07354263
   -964.09450806
   -964.04180991
   -964.09118073
   -964.07212371
   -964.08368575
   -964.08661093
   -964.07388785
   -964.08157337
   -963.99180588
   -964.07016372
   -964.08660726
   -964.07365845
   -964.07501849
   -964.07658498
   -964.07347172
   -964.06208378
   -964.04890206
   -964.05732649
   -964.09376910
   -964.06390513
   -964.07516959
   -964.02896408
   -964.07352887
   -964.07473621
   -964.07993545
   -964.10316249
   -964.07749937
   -964.07513692
   -964.08451227
   -964.10830657
   -964.08488395
   -964.06087211
   -964.08356019
   -964.09739645
   -964.04511652
   -964.06697102
   -964.07733913
   -964.07251386
   -964.07459723
   -964.09320122
   -964.07903291
   -964.10334670
   -964.08748382
   -964.09318859
   -964.05476266
   -964.04231641
   -964.09896906
   -964.05762363
   -964.04726173
   -964.07053719
   -964.03766649
   -964.06929490
   -964.07534642
   -964.06438809
   -964.09456979
   -964.09531741
   -964.03626509
   -964.06993074
   -964.08335222
   -964.09326355
   -964.08126589
   -964.08870072
   -964.09817496
   -964.06973399
   -964.10444088
   -964.08038464
   -964.05547002
   -964.04608618
   -964.10726274
   -964.09467156
   -964.09249343
   -964.09544174
   -964.10304007
   -964.07915610
   -964.07669592
   -964.09573001
   -964.11754612
   -964.10728637
   -964.04608170
   -964.05536306
   -964.07003961
   -963.99991593
   -963.98863352
   -963.99986522
   -964.08943186
   -964.08738064
   -964.08655742
   -964.08866084
   -964.10845214
   -964.10256196
   -964.07725582
   -964.06255309
   -964.07484743
   -964.04662743
   -964.09074269
   -964.07853868
   -964.10068479
   -964.08667973
   -964.08414460
   -964.07749297
   -964.03676428
   -964.06272464
   -964.04279348
   -964.06737715
   -964.02899490
   -964.06129827
   -964.08711665
   -964.06232020
   -964.06861939
   -964.10020189
   -964.08654211
   -964.09645071
   -964.06840172
   -964.07651087
   -964.08659913
   -964.06107137
   -964.09288357
   -964.05506978
   -964.08264877
   -964.08988075
   -964.08938880
   -964.08722851
   -964.08356251
   -964.07220015
   -964.08474723
   -964.08053960
   -964.05977889
   -964.06603956
   -964.07999239
   -964.07457848
   -964.05173110
   -964.05746359
   -964.08318635
   -964.05952883
   -964.03235999
   -964.08093408
   -964.10261993
   -964.04403311
   -964.08458776
   -964.07999132
   -964.05059773
   -964.07239235
   -964.09146463
   -964.08811220
   -964.09919758
   -964.07469886
   -964.07295667
   -964.08301359
   -964.04653584
   -964.03189279
   -964.10047536
   -964.07831509
   -964.06692224
   -964.10337020
   -964.09384971
   -964.08652828
   -964.04991884
   -964.00285670
   -964.10452860
   -964.11141243
   -964.07635668
   -964.00353580
   -964.05067745
   -964.11933414
   -964.07911021
   -964.03446070
   -964.09132200
   -964.10093824
   -964.10467215
   -964.08874606
   -964.07424705
   -964.06843985
   -964.04376387
   -964.06790257
   -964.07313256
   -964.08032856
   -964.02093613
   -964.10792814
   -964.09939775
   -964.09817458
   -964.06237755
   -964.08862335
   -964.10132356
   -964.06497673
   -964.05953104
   -964.08153485
   -964.07616472
   -964.06193609
   -964.08136294
   -964.07609966
   -964.07680409
   -964.08759759
   -964.06380646
   -964.05528672
   -964.07836432
   -964.06138999
   -964.06092322
   -964.10431750
   -964.10083529
   -964.09551109
   -964.05005227
   -964.06807218
   -964.06561238
   -964.09712254
   -964.06450028
   -964.03203141
   -964.07703310
   -964.08721554
   -964.03848128
   -964.10347573
   -964.07853073
   -964.08324834
   -964.06888688
   -964.06563479
   -964.07638170
   -964.10991206
   -964.08036388
   -964.08236231
   -964.04145440
   -964.09848251
   -964.07093846
   -964.08123648
   -964.06896516
   -964.06596333
   -964.07792480
   -964.09203025
   -964.07593059
   -964.11552225
   -964.08205822
   -964.06771155
   -964.08278807
   -964.08838522
   -964.02023432
   -964.09320854
   -964.04160256
   -964.06835094
   -964.05895293
   -964.09454232
   -964.08258933
   -964.10459800
   -964.03772485
   -964.05788445
   -964.04575399
   -964.07394643
   -964.09184666
   -964.09252403
   -964.07283328
   -964.04489572
   -964.08610501
   -964.09369896
   -964.08784794
   -964.05524119
   -964.07577741
   -964.09640368
   -964.07941069
   -964.05509218
   -964.09242037
   -964.10408215
   -964.07189574
   -964.08462373
   -964.08040979
   -964.09044063
   -964.07313162
   -964.11229862
   -964.09529971
   -964.07378945
   -964.02918242
   -964.08845005
   -964.10372320
   -964.08786353
   -964.02398172
   -964.10080233
   -964.06563399
   -964.08961428
   -964.11869628
   -964.08472629
   -964.08589750
   -964.07582433
   -964.09636501
   -964.04976979
   -964.06009380
   -964.09866926
   -964.09176715
   -964.08783217
   -964.08604808
   -964.05818622
   -964.05730632
   -964.08648163
   -964.08482443
   -964.09220224
   -964.07885952
   -964.07382690
   -964.05913153
   -964.09009819
   -964.09586361
   -964.09552746
   -964.08885814
   -964.07381619
   -964.08212695
   -964.09706084
   -964.07822479
   -964.08913364
   -964.06387088
   -964.08281476
   -964.07228948
   -964.05928204
   -964.08526854
   -964.10702628
   -964.09940884
   -964.08019534
   -964.06054424
   -964.05368160
   -964.11152890
   -964.10038857
   -964.05760650
   -964.06119049
   -964.07470913
   -964.09964261
   -964.06449150
   -964.07216876
   -964.08936606
   -964.06026954
   -964.10002148
   -964.08505920
   -964.05640032
   -964.09529567
   -964.08657342
   -964.07181562
   -964.09043403
   -964.09728532
   -964.07589869
   -964.10015689
   -964.06550368
   -964.07067475
   -964.03490798
   -964.06410584
   -964.06907165
   -964.06450366
   -964.06253296
   -964.08430915
   -964.09086919
   -964.08492049
   -964.08222001
   -964.05644549
   -964.07666015
   -964.05791459
   -964.05397162
   -964.08564604
   -964.04354208
   -964.07633351
   -964.08323117
   -964.04596290
   -964.05131488
   -964.09831030
   -964.08109063
   -964.07883546
   -964.03605677
   -964.03742582
   -964.08630761
   -964.11359596
   -964.07609919
   -964.06278921
   -964.01978010
   -964.09147327
   -964.05636160
   -964.11609360
   -964.06675971
   -964.03230411
   -964.04703992
   -964.08430061
   -964.04333447
   -964.07553289
   -964.06535971
   -964.09999273
   -964.00322190
   -964.05576072
   -964.09551602
   -964.09439170
   -964.10733485
   -964.03518955
   -964.09596316
   -964.06118257
   -964.08172678
   -964.09038813
   -964.11293967
   -964.09322115
   -964.09714090
   -964.10785283
   -964.06536624
   -964.10314944
   -964.08419123
   -964.09841499
   -964.10383463
   -964.08748681
   -964.07680741
   -964.09267440
   -964.07457777
   -964.09634355
   -964.05898376
   -964.09416892
   -964.05457842
   -964.09168088
   -964.09258702
   -964.06746936
   -964.06980120
   -964.08268401
   -964.07216981
   -964.08416516
   -964.05169797
   -964.09748872
   -964.09441648
   -964.09647424
   -964.07701856
   -964.08077182
   -964.07509990
   -964.07611260
   -964.11354687
   -964.07000937
   -964.00209924
   -964.10229982
   -964.12019268
   -964.08558594
   -964.09636008
   -964.06319961
   -964.10296600
   -964.07857974
   -964.07683625
   -964.08170063
   -964.08371927
   -964.02710124
   -964.04083232
   -964.04698902
   -964.07216716
   -964.07298967
   -964.09380757
   -964.04982496
   -964.08918947
   -964.10379024
   -964.08498708
   -964.06578652
   -964.08925447
   -964.06633422
   -964.05956563
   -964.07089603
   -964.08080681
   -964.09691213
   -964.00390697
   -964.09688705
   -963.97206209
   -964.05501613
   -964.08463890
   -964.00291621
   -964.07280101
   -964.08591726
   -964.08964989
   -964.08637697
   -964.10668486
   -964.04834498
   -964.04363253
   -964.08879856
   -964.09806510
   -963.95721194
   -964.07469141
   -964.06543002
   -964.07740028
   -964.09240037
   -964.08064511
   -964.05966692
   -964.08407928
   -964.06736253
   -964.08045634
   -964.06766721
   -964.07100482
   -964.07259329
   -964.02771534
   -964.08476203
   -964.07377093
   -964.06214907
   -963.99094589
   -964.10651633
   -964.06251822
   -964.06431807
   -964.09333283
   -964.09338797
   -964.03183135
   -964.09839785
   -964.12615229
   -964.06999222
   -964.09616677
   -964.06710121
   -964.04530893
   -964.07103299
   -964.04446609
   -964.05901302
   -964.10344193
   -964.07915496
   -964.09594409
   -964.09997063
   -964.08974147
   -964.09787485
   -964.09351555
   -964.07719180
   -964.07268263
   -964.06640881
   -964.09134361
   -964.08288866
   -964.10809536
   -964.10805070
   -964.07087317
   -964.09601725
   -964.06741026
   -964.07669594
   -964.04704697
   -964.05588094
   -964.04516048
   -964.05416706
   -964.04293534
   -964.05693026
   -964.01762064
   -964.07484011
   -964.00106425
   -964.10649399
   -964.09838346
   -964.09131918
   -964.08491299
   -964.07531720
   -964.11490093
   -964.08615164
   -964.03555597
   -964.05194534
   -964.06215086
   -964.01610331
   -964.08612970
   -964.11877209
   -964.08130173
   -964.06458035
   -964.04057432
   -964.10683696
   -964.07197516
   -964.06980574
   -964.08084045
   -964.10621004
   -964.01977134
   -964.04767720
   -964.08646513
   -964.07346902
   -964.09621226
   -964.08889068
   -964.06914604
   -964.08055202
   -964.09069644
   -964.08530116
   -964.09333675
   -964.06073887
   -964.05803443
   -964.08394229
   -964.06296489
   -964.09901538
   -964.02992296
   -964.07530650
   -964.12202597
   -964.08694350
   -964.06488858
   -964.07042351
   -964.07758185
   -964.07719097
   -964.09306953
   -964.07890430
   -964.05538921
   -964.02779954
   -964.03475073
   -964.08906357
   -964.09952380
   -964.09525321
   -964.08170114
   -964.06049367
   -964.06353959
   -964.05509972
   -964.09970391
   -964.07526497
   -964.07551725
   -964.09621851
   -964.07424396
   -964.08759015
   -964.03032040
   -964.05151792
   -964.05266536
   -964.10248964
   -964.05899379
   -964.07726047
   -964.08170400
   -964.05722979
   -964.00406727
   -964.05431727
   -964.08649331
   -964.05489763
   -964.09809512
   -964.05625337
   -963.97505629
   -964.10036067
   -964.09777368
   -964.08785273
   -964.10069288
   -964.07682188
   -964.04209407
   -964.06291158
   -964.08952061
   -964.08874265
   -964.07939052
   -964.09399220
   -964.08333696
   -964.10065609
   -964.10733047
   -964.09529615
   -964.09187399
   -964.09556649
   -964.04141905
   -964.08780690
   -964.08523402
   -964.08100153
   -964.04056283
   -964.08336244
   -964.08810252
   -964.06937198
   -964.06234185
   -964.03664642
   -964.07828824
   -964.04598034
   -964.06208898
   -964.07479947
   -964.10606107
   -964.06221352
   -964.10375568
   -964.11056196
   -964.10662427
   -963.95464391
   -964.09670745
   -964.05572194
   -964.07665103
   -964.09189413
   -964.09230870
   -964.03518175
   -964.09337964
   -964.08803400
   -964.07184621
   -964.08006614
   -964.08296239
   -964.08215177
   -964.05316105
   -964.05579523
   -964.08827245
   -964.07908720
   -964.11480454
   -964.08862017
   -964.03719006
   -964.09093151
   -964.09045229
   -964.05867264
   -964.06882219
   -963.98739981
   -964.12198187
   -964.06884203
   -964.03090659
   -964.06359406
   -964.07692467
   -964.03745293
   -964.09971799
   -964.06925599
   -964.09734563
   -964.09138110
   -964.08292400
   -964.08421211
   -964.10711849
   -964.09360872
   -964.10412575
   -964.11673201
   -964.05456276
   -964.07944625
   -964.06558285
   -964.03562570
   -964.08225588
   -964.06542618
   -964.12160356
   -964.07472725
   -964.06949720
   -964.09195074
   -964.06462274
   -964.06775093
   -964.07579577
   -964.01618482
   -964.08697189
   -964.07676943
   -964.07526622
   -964.11927627
   -964.06879767
   -964.05926144
   -964.07603395
   -964.06241157
   -964.07124458
   -964.09399486
   -964.08665984
   -964.09017811
   -964.07941689
   -964.07187520
   -964.06370885
   -964.09493673
   -964.05956286
   -963.96077366
   -964.05844801
   -964.10218855
   -964.10641633
   -964.06304307
   -964.08686228
   -964.05871262
   -964.09402688
   -964.09109963
   -964.10080837
   -964.08370442
   -964.08810772
   -964.07071961
   -964.08491412
   -964.06570164
   -964.10227136
   -964.09344437
   -964.07012883
   -964.07427106
   -963.99604511
   -964.08037187
   -964.05845181
   -964.07146899
   -964.08570853
   -964.09419643
   -964.05859960
   -964.07748284
   -964.05243539
   -964.08697587
   -964.08363823
   -964.09969698
   -964.09198461
   -964.10249759
   -964.08168654
   -964.10273974
   -964.06595218
   -964.07740411
   -964.07913240
   -964.05194684
   -964.09511610
   -964.08841000
   -964.08779825
   -964.07796916
   -964.04037939
   -964.09289516
   -964.08898830
   -964.06299277
   -964.08624998
   -964.09597012
   -964.06548410
   -963.98398006
   -964.08904461
   -964.06490582
   -964.03984258
   -964.08914784
   -964.06376660
   -964.07375370
   -964.08863954
   -964.06981018
   -964.05897379
   -964.10286128
   -964.02429956
   -964.02625089
   -964.03834491
   -964.08006915
   -964.09326451
   -964.08373289
   -964.04672949
   -964.10179874
   -964.09646050
   -964.10887034
   -964.04879675
   -964.08981202
   -964.07718407
   -964.06199807
   -964.07282792
   -964.05305016
   -964.08575561
   -964.09440002
   -964.04719076
   -964.03394594
   -964.11048082
   -964.08988804
   -964.07768481
   -964.06974484
   -964.08880458
   -964.02937433
   -964.08201524
   -964.06650214
   -964.06506951
   -964.10822350
   -964.07041897
   -964.11245639
   -964.07885376
   -964.07714366
   -964.09652031
   -964.08770730
   -964.09841404
   -964.05817513
   -964.07150584
   -964.08412465
   -964.04448821
   -964.06804525
   -964.09241483
   -964.10996126
   -964.03277349
   -964.07311863
   -964.05493493
   -964.08920475
   -964.06484400
   -964.10628459
   -964.06841320
   -964.09666110
   -964.09339495
   -964.04685264
   -964.08838064
   -964.06909002
   -964.09288871
   -964.05696370
   -964.09047162
   -964.10658964
   -964.10515736
   -964.08750567
   -964.07674806
   -964.11247485
   -964.10197870
   -964.11085533
   -964.08709084
   -964.07526443
   -964.08528011
   -964.08120133
   -964.06959933
   -964.04189693
   -964.09113888
   -964.08374645
   -964.08449649
   -964.10398836
   -964.06271292
   -964.04859933
   -963.97810205
   -964.09222208
   -964.06073325
   -964.05894783
   -964.08733670
   -964.05827349
   -964.02993394
   -964.08392707
   -964.08721156
   -964.06623607
   -964.10270485
   -964.05416069
   -964.06742773
   -964.00093171
   -964.10553851
   -964.10507111
   -964.07635278
   -964.10320405
   -964.08236161
   -964.09445454
   -964.08885986
   -964.09519192
   -964.07380637
   -964.11936221
   -964.07119345
   -964.09671387
   -964.09176687
   -964.06266453
   -964.05837254
   -964.09082966
   -964.07042741
   -964.08097705
   -964.06674466
   -964.07446013
   -964.06234970
   -964.10662384
   -964.09745289
   -964.01354880
   -964.08902088
   -964.03973051
   -964.07530964
   -964.08857544
   -964.09139777
   -964.08586512
   -964.10200919
   -964.08624829
   -964.08401153
   -964.03655519
   -964.06803664
   -964.04589433
   -964.08018383
   -964.05903431
   -964.10950183
   -964.10261820
   -964.07675370
   -964.10310229
   -964.10427777
   -964.11070130
   -964.09519213
   -964.07679254
   -964.07929752
   -964.00942514
   -964.12018406
   -964.04306141
   -964.07064688
   -964.08825265
   -964.06308252
   -964.08752090
   -964.07166696
   -964.08321970
   -964.08873910
   -964.09417659
   -964.06849434
   -964.09450894
   -964.10342185
   -964.07205063
   -964.06735525
   -964.06307850
   -964.07635172
   -964.08873187
   -964.06920535
   -964.07879446
   -964.09721357
   -964.07519200
   -964.05449846
   -964.07301875
   -964.04784731
   -964.01454760
   -964.09502920
   -964.02953160
   -964.09030200
   -964.07350982
   -964.08662936
   -964.10301800
   -964.05214991
   -964.04065693
   -964.09571527
   -964.00644126
   -964.07856466
   -964.09848968
   -964.05687598
   -964.10096777
   -964.09506346
   -964.09131905
   -964.08012302
   -964.08402987
   -964.07717139
   -963.96901573
   -964.11417554
   -964.06893700
   -964.05658991
   -964.06697805
   -964.06286228
   -964.11641665
   -964.08829431
   -964.09155542
   -964.07572216
   -964.03551700
   -964.08837631
   -964.09115114
   -964.07341322
   -964.09870537
   -964.11365180
   -964.06833560
   -964.05510675
   -964.05944142
   -964.09443141
   -964.08341494
   -964.12329966
   -964.06469057
   -964.11795580
   -963.96116589
   -964.08589082
   -964.07067633
   -964.06892448
   -964.07311134
   -964.11841564
   -964.06060418
   -964.06042713
   -964.10259123
   -964.08823825
   -964.04759841
   -964.07473616
   -964.07653801
   -964.07859115
   -964.07282614
   -964.08449406
   -964.08992568
   -964.11258971
   -964.05422294
   -964.10016345
   -964.09641893
   -964.08580424
   -964.07617595
   -964.07719014
   -964.08791660
   -964.07864069
   -964.05338907
   -964.03733381
   -964.09976031
   -964.06794227
   -964.09024446
   -964.07754928
   -964.05305880
   -964.09994452
   -964.08536199
   -964.03062173
   -964.07706316
   -964.09128409
   -964.04679286
   -964.09997546
   -964.09365589
   -964.09387843
   -964.06492740
   -964.10046596
   -964.06600555
   -964.09006352
   -964.02000992
   -964.07676349
   -964.07267420
   -964.01129698
   -964.05679206
   -964.02188202
   -964.03783086
   -964.09837068
   -964.07117083
   -964.09302580
   -964.09186023
   -964.08827476
   -964.07631377
   -964.09586529
   -964.11491918
   -964.07858116
   -964.08801497
   -964.08433152
   -964.02971587
   -964.06707028
   -964.01931874
   -964.07577197
   -964.09700755
   -964.08869374
   -964.04150451
   -964.08862498
   -964.09091837
   -964.03050407
   -963.99049891
   -964.06108544
   -963.96751424
   -964.07061734
   -963.99680460
   -964.10069888
   -964.06137482
   -964.08648610
   -964.07284932
   -964.06056820
   -964.06920768
   -964.08326139
   -964.08923229
   -964.06839752
   -964.08779854
   -964.03704487
   -964.09044038
   -964.09860492
   -964.06934673
   -964.11819778
   -964.02931428
   -964.06820935
   -964.09421599
   -964.05376310
   -964.09171574
   -964.07923638
   -964.08462833
   -964.05851703
   -964.06489927
   -964.08221558
   -964.06727755
   -964.09890754
   -964.05486519
   -964.03975266
   -964.08203846
   -964.11220321
   -964.06428399
   -964.07975023
   -964.08511327
   -964.02974040
   -964.07077928
   -964.07080103
   -964.03744622
   -964.07656835
   -964.08192317
   -964.08498471
   -964.02041941
   -964.08842476
   -964.08732489
   -964.01242326
   -964.07141734
   -964.10771663
   -964.06621951
   -964.07708826
   -964.09450525
   -964.05483534
   -964.09279533
   -964.08696977
   -964.09598329
   -964.09878703
   -964.10204544
   -964.02906395
   -964.05816523
   -964.09030977
   -964.08204256
   -964.07937426
   -964.04909316
   -964.10024736
   -964.06472162
   -964.09737607
   -964.09965471
   -964.09497128
   -964.04407178
   -964.09190391
   -964.02951701
   -964.07095322
   -964.06240128
   -964.08313908
   -964.07934841
   -964.10735700
   -964.07542828
   -964.07657708
   -964.06418368
   -964.06991066
   -964.06811863
   -964.09796522
   -964.09860852
   -964.08027296
   -964.09710478
   -964.05875056
   -964.06168007
   -964.06335455
   -964.05947301
   -964.11077433
   -964.05891480
   -964.10318951
   -964.08780994
   -964.08435031
   -964.07297428
   -964.06416732
   -964.06939020
   -964.06842370
   -964.12262939
   -964.09648282
   -964.04864301
   -964.07190209
   -964.04760640
   -964.07446419
   -964.08837697
   -964.06514500
   -964.04128101
   -964.07156799
   -964.06460230
   -964.07099259
   -964.09067943
   -964.10179572
   -964.09916246
   -964.05427336
   -964.05795548
   -964.05253191
   -964.05360285
   -964.09489586
   -964.09955567
   -964.06185071
   -963.95976194
   -964.10497207
   -964.10560597
   -964.08160832
   -964.11140225
   -964.00558649
   -963.99215116
   -964.06423220
   -964.08543575
   -964.07294845
   -964.06322327
   -964.10676431
   -964.09567290
   -964.08726971
   -964.09797589
   -964.10198352
   -964.07627807
   -964.07851863
