% The following energies apply to conformations described by the topology 
% R30.top.  Structures are given in trajectory coords.cdf, count: 2469.

% Item 0:
%   Energy -> orca_structures/coor*/Conf*.out
  -1684.72231021
  -1684.73937093
  -1684.75206129
  -1684.73267194
  -1684.73166776
  -1684.74038700
  -1684.71073536
  -1684.75736669
  -1684.68950266
  -1684.72480981
  -1684.64948967
  -1684.72733261
  -1684.75595331
  -1684.73114653
  -1684.70770751
  -1684.71718403
  -1684.72599117
  -1684.74528467
  -1684.74610010
  -1684.77138740
  -1684.72943450
  -1684.75009558
  -1684.76745032
  -1684.64576007
  -1684.75630197
  -1684.74296690
  -1684.75013841
  -1684.66810518
  -1684.73859680
  -1684.71966965
  -1684.73139340
  -1684.73005996
  -1684.74083091
  -1684.74823302
  -1684.72650860
  -1684.76527374
  -1684.72775002
  -1684.75603745
  -1684.71914601
  -1684.73303018
  -1684.72560064
  -1684.73804857
  -1684.73096270
  -1684.70898497
  -1684.75040766
  -1684.68548987
  -1684.71651799
  -1684.71323761
  -1684.69275011
  -1684.74587574
  -1684.75710451
  -1684.72094762
  -1684.62550757
  -1684.72500741
  -1684.72497018
  -1684.73580969
  -1684.70544274
  -1684.74666806
  -1684.62922045
  -1684.69853265
  -1684.68282852
  -1684.74955948
  -1684.72186815
  -1684.72282712
  -1684.75290261
  -1684.73288921
  -1684.70627513
  -1684.74499879
  -1684.73408283
  -1684.73960454
  -1684.70013014
  -1684.71779672
  -1684.70319829
  -1684.73279319
  -1684.70075032
  -1684.74139950
  -1684.71956223
  -1684.73937916
  -1684.70492518
  -1684.72751451
  -1684.74079115
  -1684.75134184
  -1684.73889536
  -1684.68694617
  -1684.74379916
  -1684.71991687
  -1684.72511255
  -1684.73438757
  -1684.73776037
  -1684.73389422
  -1684.73148922
  -1684.71347300
  -1684.76659531
  -1684.72475314
  -1684.73063758
  -1684.72620802
  -1684.65153780
  -1684.75648318
  -1684.68104023
  -1684.75011672
  -1684.73498472
  -1684.72514758
  -1684.75279001
  -1684.73391542
  -1684.72893095
  -1684.73631310
  -1684.72601681
  -1684.75192619
  -1684.74339055
  -1684.71146991
  -1684.71729391
  -1684.69867393
  -1684.70622903
  -1684.74311070
  -1684.71962573
  -1684.75276877
  -1684.72587730
  -1684.73811964
  -1684.75014822
  -1684.71564812
  -1684.72934588
  -1684.72921033
  -1684.74935964
  -1684.72010417
  -1684.72420078
  -1684.75062970
  -1684.73398753
  -1684.71880777
  -1684.74355754
  -1684.65763360
  -1684.63359608
  -1684.71523785
  -1684.73052483
  -1684.73232233
  -1684.75667158
  -1684.72591647
  -1684.73807540
  -1684.72781711
  -1684.72238221
  -1684.74808165
  -1684.74580923
  -1684.76713170
  -1684.73338685
  -1684.70846896
  -1684.74039894
  -1684.74537495
  -1684.67254500
  -1684.73296146
  -1684.65466658
  -1684.72872144
  -1684.59566232
  -1684.71241964
  -1684.73518763
  -1684.73024647
  -1684.72818462
  -1684.74838223
  -1684.71683029
  -1684.76435200
  -1684.70555293
  -1684.73713547
  -1684.65382804
  -1684.72218294
  -1684.71740721
  -1684.76119592
  -1684.73130357
  -1684.71159211
  -1684.71458936
  -1684.73279376
  -1684.65766579
  -1684.72241438
  -1684.67615730
  -1684.72434144
  -1684.75071536
  -1684.70936684
  -1684.72651866
  -1684.74543499
  -1684.65549208
  -1684.73990707
  -1684.73658020
  -1684.68278925
  -1684.75458863
  -1684.71748685
  -1684.70708425
  -1684.72497743
  -1684.67779740
  -1684.73913529
  -1684.75956331
  -1684.67532080
  -1684.74477756
  -1684.72828377
  -1684.74563326
  -1684.65791094
  -1684.74325413
  -1684.68716757
  -1684.76043832
  -1684.73929911
  -1684.73411456
  -1684.74127728
  -1684.72979258
  -1684.74278113
  -1684.73459597
  -1684.73680124
  -1684.74407864
  -1684.64166353
  -1684.77038460
  -1684.71718853
  -1684.75385333
  -1684.71308637
  -1684.73930839
  -1684.73880244
  -1684.73305109
  -1684.74124601
  -1684.71687736
  -1684.73027763
  -1684.70962736
  -1684.74535242
  -1684.72022660
  -1684.75021945
  -1684.66736747
  -1684.73883462
  -1684.74143108
  -1684.70263888
  -1684.73077896
  -1684.72592716
  -1684.75519710
  -1684.71663272
  -1684.75122311
  -1684.74291236
  -1684.75394661
  -1684.71922032
  -1684.74734414
  -1684.74689570
  -1684.77210083
  -1684.75162947
  -1684.72634988
  -1684.69459692
  -1684.72471172
  -1684.71290314
  -1684.71698364
  -1684.71258638
  -1684.75129363
  -1684.70914524
  -1684.72271705
  -1684.74163013
  -1684.74369891
  -1684.76068885
  -1684.69951045
  -1684.76091133
  -1684.75064849
  -1684.74660535
  -1684.75509837
  -1684.74938557
  -1684.70987097
  -1684.74324186
  -1684.72105089
  -1684.74026907
  -1684.75264578
  -1684.76769873
  -1684.73651211
  -1684.74858364
  -1684.74039736
  -1684.74833070
  -1684.72725790
  -1684.73669600
  -1684.73385068
  -1684.72426471
  -1684.70837241
  -1684.72230541
  -1684.73101918
  -1684.71376775
  -1684.75017049
  -1684.72043751
  -1684.73074235
  -1684.67117983
  -1684.75893455
  -1684.73715993
  -1684.74765428
  -1684.74384173
  -1684.74318950
  -1684.70141981
  -1684.74326591
  -1684.74581037
  -1684.75095300
  -1684.70524270
  -1684.73401915
  -1684.73447309
  -1684.74011624
  -1684.72088334
  -1684.73257361
  -1684.74590368
  -1684.75229807
  -1684.73082685
  -1684.73101546
  -1684.71011647
  -1684.74640949
  -1684.72515988
  -1684.74084692
  -1684.73299159
  -1684.76147912
  -1684.72817225
  -1684.73003556
  -1684.72468192
  -1684.75104351
  -1684.74312662
  -1684.74881460
  -1684.74046973
  -1684.74246997
  -1684.73688513
  -1684.73533985
  -1684.78012130
  -1684.55592641
  -1684.72850020
  -1684.74916796
  -1684.72316773
  -1684.74750772
  -1684.75892262
  -1684.72381914
  -1684.74333567
  -1684.63286766
  -1684.73848835
  -1684.68767489
  -1684.72377108
  -1684.72952727
  -1684.73470941
  -1684.69777171
  -1684.71756273
  -1684.70375868
  -1684.76278375
  -1684.76296469
  -1684.74956715
  -1684.73094836
  -1684.73929317
  -1684.74923448
  -1684.72059206
  -1684.71971861
  -1684.75492375
  -1684.73322968
  -1684.74074815
  -1684.73826006
  -1684.72299107
  -1684.73547735
  -1684.68502601
  -1684.75760588
  -1684.74505215
  -1684.73968946
  -1684.73744038
  -1684.73553787
  -1684.69973749
  -1684.67151186
  -1684.74941672
  -1684.75316960
  -1684.70701241
  -1684.74015901
  -1684.73316142
  -1684.76651595
  -1684.75319261
  -1684.73157317
  -1684.74732633
  -1684.72308948
  -1684.71607013
  -1684.78613884
  -1684.74850719
  -1684.69342645
  -1684.75669824
  -1684.69328724
  -1684.71172429
  -1684.76430905
  -1684.75839127
  -1684.73750090
  -1684.73865863
  -1684.74195663
  -1684.73094487
  -1684.74703871
  -1684.74376418
  -1684.76983157
  -1684.73619283
  -1684.77687514
  -1684.70659470
  -1684.72357087
  -1684.68367937
  -1684.74191442
  -1684.73929398
  -1684.65817004
  -1684.70878475
  -1684.76421583
  -1684.73826188
  -1684.70042012
  -1684.69901640
  -1684.72688928
  -1684.75320054
  -1684.73563657
  -1684.67724996
  -1684.70243323
  -1684.68332451
  -1684.72593475
  -1684.76235820
  -1684.74512885
  -1684.70749877
  -1684.74092870
  -1684.73759177
  -1684.73962045
  -1684.76228195
  -1684.76254284
  -1684.76572036
  -1684.67810942
  -1684.73553615
  -1684.74524183
  -1684.71547672
  -1684.73756688
  -1684.74957441
  -1684.72088955
  -1684.76475553
  -1684.65723161
  -1684.73399804
  -1684.75181528
  -1684.72931038
  -1684.70295661
  -1684.75518540
  -1684.73518164
  -1684.72851338
  -1684.69796386
  -1684.75514519
  -1684.73627331
  -1684.76815064
  -1684.72641273
  -1684.73229139
  -1684.72215328
  -1684.73831716
  -1684.72581882
  -1684.74071019
  -1684.75579986
  -1684.74900001
  -1684.68340237
  -1684.72811560
  -1684.72546606
  -1684.74815009
  -1684.75820310
  -1684.67114776
  -1684.70570344
  -1684.73777014
  -1684.75633329
  -1684.73252034
  -1684.73418143
  -1684.75799960
  -1684.57827014
  -1684.70505070
  -1684.74950586
  -1684.72479351
  -1684.75399839
  -1684.72961213
  -1684.69052589
  -1684.74846814
  -1684.73148443
  -1684.72790103
  -1684.73756577
  -1684.71841373
  -1684.72351912
  -1684.74496805
  -1684.73638208
  -1684.72190190
  -1684.68931287
  -1684.75876520
  -1684.70248412
  -1684.69714517
  -1684.75164381
  -1684.75750122
  -1684.74780633
  -1684.73065825
  -1684.72383851
  -1684.66985182
  -1684.73028492
  -1684.75293437
  -1684.74587486
  -1684.70903735
  -1684.71566949
  -1684.73105407
  -1684.71782126
  -1684.72733892
  -1684.74701520
  -1684.71583784
  -1684.75348181
  -1684.73205981
  -1684.71006709
  -1684.67685424
  -1684.72590792
  -1684.73290529
  -1684.74334617
  -1684.73011383
  -1684.71181739
  -1684.72121812
  -1684.73356778
  -1684.76039265
  -1684.71915565
  -1684.73573464
  -1684.72057097
  -1684.76310224
  -1684.70718484
  -1684.68253397
  -1684.74356237
  -1684.73840871
  -1684.68516136
  -1684.75807016
  -1684.71847044
  -1684.70750832
  -1684.65714950
  -1684.76256008
  -1684.67753131
  -1684.73920637
  -1684.73276178
  -1684.73620553
  -1684.74026709
  -1684.71849322
  -1684.74666369
  -1684.73108803
  -1684.74470161
  -1684.75863810
  -1684.73551224
  -1684.69486379
  -1684.73893777
  -1684.74934821
  -1684.73163398
  -1684.71024359
  -1684.71511767
  -1684.73447827
  -1684.67800583
  -1684.75123351
  -1684.72368538
  -1684.75318086
  -1684.73039233
  -1684.70148880
  -1684.73029818
  -1684.73454715
  -1684.72556970
  -1684.72183251
  -1684.71264720
  -1684.73981792
  -1684.75749022
  -1684.72527321
  -1684.70084897
  -1684.72935648
  -1684.74593877
  -1684.71889310
  -1684.70166023
  -1684.74624024
  -1684.76059288
  -1684.66886920
  -1684.73681954
  -1684.70416337
  -1684.67815834
  -1684.72221572
  -1684.71777380
  -1684.65620297
  -1684.71332051
  -1684.75308134
  -1684.75215791
  -1684.75350033
  -1684.66605003
  -1684.74102966
  -1684.74951679
  -1684.70750485
  -1684.76714840
  -1684.75999594
  -1684.67839240
  -1684.73585303
  -1684.75291718
  -1684.74016275
  -1684.70941846
  -1684.70806905
  -1684.72618955
  -1684.73314782
  -1684.73907548
  -1684.76266511
  -1684.68603454
  -1684.74420110
  -1684.75535439
  -1684.73569675
  -1684.72616032
  -1684.77326681
  -1684.74816863
  -1684.74459646
  -1684.77259090
  -1684.74843467
  -1684.72792805
  -1684.73948216
  -1684.71894372
  -1684.70752217
  -1684.72924739
  -1684.71245771
  -1684.73389886
  -1684.75069024
  -1684.74013070
  -1684.76715776
  -1684.76961661
  -1684.74983338
  -1684.72964067
  -1684.63838873
  -1684.71230114
  -1684.75366021
  -1684.72789033
  -1684.72856648
  -1684.75430766
  -1684.74162108
  -1684.66461260
  -1684.71934611
  -1684.73394852
  -1684.69382509
  -1684.71239431
  -1684.70100717
  -1684.75823754
  -1684.74044238
  -1684.75333916
  -1684.71537747
  -1684.65358574
  -1684.75438653
  -1684.72974441
  -1684.68853504
  -1684.74866600
  -1684.66890227
  -1684.74540988
  -1684.74857300
  -1684.75451956
  -1684.75766834
  -1684.76214685
  -1684.70114294
  -1684.74906866
  -1684.73988069
  -1684.74788372
  -1684.75570843
  -1684.76654745
  -1684.74069779
  -1684.63468050
  -1684.71075710
  -1684.67099868
  -1684.74600497
  -1684.71296666
  -1684.70663184
  -1684.72266563
  -1684.74025980
  -1684.73551520
  -1684.74306958
  -1684.72349350
  -1684.77475008
  -1684.76454764
  -1684.75004401
  -1684.74668176
  -1684.73230877
  -1684.73759809
  -1684.73119821
  -1684.75285125
  -1684.73738198
  -1684.73723974
  -1684.75144085
  -1684.72498731
  -1684.71046381
  -1684.74965348
  -1684.74133009
  -1684.74460300
  -1684.71648927
  -1684.72928266
  -1684.71990223
  -1684.71281612
  -1684.74263087
  -1684.74105540
  -1684.76121811
  -1684.68066600
  -1684.75086566
  -1684.71462389
  -1684.73994700
  -1684.66652946
  -1684.72334014
  -1684.73919045
  -1684.67967475
  -1684.74437065
  -1684.75136003
  -1684.69859398
  -1684.62540856
  -1684.66001561
  -1684.75194519
  -1684.74796231
  -1684.74233307
  -1684.75124117
  -1684.72765412
  -1684.74819739
  -1684.68366810
  -1684.73639181
  -1684.69226561
  -1684.71983897
  -1684.75030010
  -1684.76227974
  -1684.73881878
  -1684.75080542
  -1684.74702475
  -1684.75061318
  -1684.70311577
  -1684.73957223
  -1684.76327677
  -1684.69647417
  -1684.72187707
  -1684.60543210
  -1684.74532539
  -1684.71969218
  -1684.73634615
  -1684.72485135
  -1684.76341151
  -1684.73057880
  -1684.74598218
  -1684.74774814
  -1684.74290096
  -1684.73837881
  -1684.73689868
  -1684.71934124
  -1684.72478145
  -1684.74083538
  -1684.74285233
  -1684.75316075
  -1684.69636801
  -1684.76114701
  -1684.66521747
  -1684.71511839
  -1684.74058127
  -1684.64692906
  -1684.71455019
  -1684.72252278
  -1684.69316723
  -1684.73722681
  -1684.74430955
  -1684.75919769
  -1684.73599551
  -1684.72417347
  -1684.75012307
  -1684.73823602
  -1684.71922203
  -1684.73525870
  -1684.74568056
  -1684.72860448
  -1684.74043258
  -1684.75646523
  -1684.75607208
  -1684.70350790
  -1684.74408104
  -1684.73407918
  -1684.74758189
  -1684.73671757
  -1684.74805468
  -1684.72705238
  -1684.72343425
  -1684.71404731
  -1684.72601273
  -1684.73786567
  -1684.67880058
  -1684.73519115
  -1684.64640903
  -1684.72121205
  -1684.75725962
  -1684.74029979
  -1684.74975893
  -1684.71814372
  -1684.74343603
  -1684.68308304
  -1684.72427719
  -1684.75767505
  -1684.73328009
  -1684.73074481
  -1684.73274139
  -1684.72995330
  -1684.63842813
  -1684.75387345
  -1684.75374437
  -1684.74919623
  -1684.72343259
  -1684.73637402
  -1684.67092577
  -1684.74314652
  -1684.73077977
  -1684.72937050
  -1684.75226341
  -1684.72864079
  -1684.62284051
  -1684.72045080
  -1684.75580544
  -1684.74457098
  -1684.74910118
  -1684.75236968
  -1684.74541542
  -1684.74010126
  -1684.76756488
  -1684.74282954
  -1684.72735427
  -1684.73677114
  -1684.72424906
  -1684.74247677
  -1684.73518804
  -1684.72723030
  -1684.72506835
  -1684.76561942
  -1684.76436588
  -1684.67879969
  -1684.67253410
  -1684.69628297
  -1684.70631272
  -1684.73667513
  -1684.74384910
  -1684.73914816
  -1684.74666349
  -1684.71310991
  -1684.69968338
  -1684.73031290
  -1684.76180242
  -1684.67399359
  -1684.76303896
  -1684.75011030
  -1684.65744376
  -1684.73488802
  -1684.72242883
  -1684.74007592
  -1684.75560617
  -1684.74098120
  -1684.75024873
  -1684.73459637
  -1684.72098008
  -1684.71326768
  -1684.73080506
  -1684.67585751
  -1684.75657825
  -1684.73087390
  -1684.73764788
  -1684.73694668
  -1684.75788455
  -1684.75316454
  -1684.73372273
  -1684.74280578
  -1684.70732309
  -1684.64829076
  -1684.75391278
  -1684.71785294
  -1684.72932655
  -1684.71898816
  -1684.72781827
  -1684.74280985
  -1684.73367251
  -1684.71886784
  -1684.73926725
  -1684.73590119
  -1684.69652192
  -1684.73561705
  -1684.73780425
  -1684.74237733
  -1684.72626125
  -1684.76102023
  -1684.72254459
  -1684.72514268
  -1684.75540544
  -1684.74225474
  -1684.68618630
  -1684.72865283
  -1684.73340943
  -1684.72591950
  -1684.76447013
  -1684.76056014
  -1684.63467947
  -1684.74199242
  -1684.75197032
  -1684.74499146
  -1684.75711639
  -1684.74426238
  -1684.74017430
  -1684.74167545
  -1684.75495578
  -1684.73204660
  -1684.75405639
  -1684.74178847
  -1684.73907510
  -1684.72972849
  -1684.74087193
  -1684.75246433
  -1684.72694086
  -1684.73209748
  -1684.74954348
  -1684.68637335
  -1684.74417374
  -1684.74807648
  -1684.73620777
  -1684.73975918
  -1684.72589886
  -1684.70453995
  -1684.74974926
  -1684.75187439
  -1684.73725147
  -1684.70877918
  -1684.70173245
  -1684.73281443
  -1684.75383946
  -1684.74018175
  -1684.74581699
  -1684.72861174
  -1684.74353868
  -1684.74080352
  -1684.74451456
  -1684.77373349
  -1684.73316343
  -1684.75715859
  -1684.72553858
  -1684.76171421
  -1684.73161167
  -1684.71345591
  -1684.65485368
  -1684.74719533
  -1684.76655700
  -1684.77910979
  -1684.66848885
  -1684.71451807
  -1684.68725636
  -1684.74529373
  -1684.72081778
  -1684.74052471
  -1684.67979621
  -1684.67641243
  -1684.72472616
  -1684.67659240
  -1684.78110171
  -1684.74948185
  -1684.73372564
  -1684.74044095
  -1684.74437975
  -1684.74320784
  -1684.72561792
  -1684.74118895
  -1684.58094182
  -1684.74298095
  -1684.74014764
  -1684.66947108
  -1684.75345826
  -1684.68352793
  -1684.73700838
  -1684.73768857
  -1684.76777838
  -1684.65392846
  -1684.72277222
  -1684.73576272
  -1684.76113966
  -1684.75688319
  -1684.73846066
  -1684.73401526
  -1684.73810884
  -1684.72243382
  -1684.74231844
  -1684.73145178
  -1684.66181369
  -1684.74036497
  -1684.73967559
  -1684.73221291
  -1684.72740936
  -1684.74052483
  -1684.74069156
  -1684.74755061
  -1684.74744966
  -1684.70465868
  -1684.72706189
  -1684.68236219
  -1684.75227986
  -1684.70180347
  -1684.70373483
  -1684.69762614
  -1684.70212857
  -1684.72140358
  -1684.70758580
  -1684.76315429
  -1684.74547669
  -1684.70873028
  -1684.75835807
  -1684.75743508
  -1684.73939969
  -1684.75130130
  -1684.74536597
  -1684.72361065
  -1684.61653191
  -1684.77057496
  -1684.65413367
  -1684.76435713
  -1684.73941088
  -1684.72607841
  -1684.70418209
  -1684.73989548
  -1684.71349662
  -1684.69085742
  -1684.73665452
  -1684.72405713
  -1684.72624155
  -1684.67789348
  -1684.72943833
  -1684.74221694
  -1684.69425716
  -1684.72657623
  -1684.67720629
  -1684.76046499
  -1684.73507559
  -1684.70424349
  -1684.74065793
  -1684.72363057
  -1684.65887560
  -1684.74179935
  -1684.72895345
  -1684.74451782
  -1684.69345112
  -1684.73496908
  -1684.74174865
  -1684.71425508
  -1684.70947295
  -1684.72025323
  -1684.74312084
  -1684.71078834
  -1684.71981660
  -1684.77040275
  -1684.74292535
  -1684.64591697
  -1684.68830255
  -1684.76915823
  -1684.70635861
  -1684.61378813
  -1684.72570106
  -1684.71592056
  -1684.69000771
  -1684.75486437
  -1684.75272143
  -1684.75256553
  -1684.76121453
  -1684.70794650
  -1684.73851366
  -1684.69154432
  -1684.70083026
  -1684.75057610
  -1684.73531389
  -1684.72010948
  -1684.76117116
  -1684.72780176
  -1684.73676752
  -1684.76899382
  -1684.72599212
  -1684.74191772
  -1684.73406382
  -1684.72103547
  -1684.71447833
  -1684.74125321
  -1684.70323605
  -1684.72275077
  -1684.72527845
  -1684.72339186
  -1684.74191003
  -1684.73960881
  -1684.73694307
  -1684.73743745
  -1684.74097482
  -1684.73774324
  -1684.73293216
  -1684.72816696
  -1684.73057782
  -1684.75372239
  -1684.75341575
  -1684.74386905
  -1684.74466491
  -1684.72214868
  -1684.69102451
  -1684.71255912
  -1684.67822766
  -1684.73283160
  -1684.70378548
  -1684.74068210
  -1684.74859472
  -1684.75931959
  -1684.75544191
  -1684.72277131
  -1684.70406222
  -1684.70758251
  -1684.73554619
  -1684.75707063
  -1684.75495328
  -1684.70682454
  -1684.74294681
  -1684.68545427
  -1684.75274498
  -1684.75162374
  -1684.77374953
  -1684.70556943
  -1684.73152172
  -1684.72488725
  -1684.73452545
  -1684.70546287
  -1684.73705020
  -1684.66548522
  -1684.73121496
  -1684.69564921
  -1684.75815632
  -1684.57681120
  -1684.73575436
  -1684.73258598
  -1684.62273083
  -1684.73125506
  -1684.75220706
  -1684.73215617
  -1684.74885007
  -1684.74512856
  -1684.74437863
  -1684.72550567
  -1684.75268100
  -1684.74287321
  -1684.75229880
  -1684.72912839
  -1684.74504065
  -1684.74778251
  -1684.71808097
  -1684.74336794
  -1684.68639782
  -1684.64425962
  -1684.72537481
  -1684.73416290
  -1684.75058350
  -1684.69671541
  -1684.66916808
  -1684.73646673
  -1684.75342935
  -1684.68738689
  -1684.73601834
  -1684.69641404
  -1684.70120993
  -1684.73512737
  -1684.68821453
  -1684.73807226
  -1684.76159475
  -1684.72257314
  -1684.73235451
  -1684.73612655
  -1684.74270944
  -1684.66396366
  -1684.74691381
  -1684.75090407
  -1684.75537134
  -1684.74444534
  -1684.71834857
  -1684.72335407
  -1684.75873356
  -1684.67635180
  -1684.73680827
  -1684.69532315
  -1684.73134787
  -1684.74745742
  -1684.72670802
  -1684.73933189
  -1684.72157349
  -1684.73603590
  -1684.65765747
  -1684.71949626
  -1684.71104890
  -1684.73779534
  -1684.77459846
  -1684.77009484
  -1684.76007641
  -1684.65330884
  -1684.71457107
  -1684.73510481
  -1684.72378551
  -1684.74623093
  -1684.72853727
  -1684.70312400
  -1684.74229050
  -1684.65339675
  -1684.73104233
  -1684.73832323
  -1684.74727898
  -1684.73632868
  -1684.75960563
  -1684.68267083
  -1684.75115530
  -1684.73223176
  -1684.70642307
  -1684.74337750
  -1684.74729553
  -1684.71707280
  -1684.74405794
  -1684.74294752
  -1684.74765604
  -1684.69219710
  -1684.75076882
  -1684.73047214
  -1684.72144943
  -1684.74041844
  -1684.74655061
  -1684.73239139
  -1684.70841258
  -1684.74385290
  -1684.73146752
  -1684.74943379
  -1684.68158968
  -1684.73352676
  -1684.74340928
  -1684.74294690
  -1684.72712432
  -1684.71739616
  -1684.70935830
  -1684.73690139
  -1684.76314604
  -1684.73594297
  -1684.73467141
  -1684.73485096
  -1684.69473710
  -1684.68945600
  -1684.71622639
  -1684.70943983
  -1684.74709757
  -1684.73522936
  -1684.72235572
  -1684.63194108
  -1684.71060385
  -1684.72604526
  -1684.74390854
  -1684.67661573
  -1684.73025496
  -1684.71823579
  -1684.71645310
  -1684.72593397
  -1684.72166430
  -1684.61431991
  -1684.76289447
  -1684.71069434
  -1684.71691677
  -1684.72193130
  -1684.73476721
  -1684.73704638
  -1684.72233957
  -1684.71454263
  -1684.73866406
  -1684.74085313
  -1684.73485128
  -1684.74825326
  -1684.71623910
  -1684.74343364
  -1684.72632985
  -1684.71402059
  -1684.73239732
  -1684.71382793
  -1684.72571805
  -1684.74670976
  -1684.73216064
  -1684.74313118
  -1684.75834445
  -1684.72680824
  -1684.74240343
  -1684.74660595
  -1684.72394993
  -1684.75303801
  -1684.69036679
  -1684.74440563
  -1684.72042894
  -1684.74096817
  -1684.74419332
  -1684.72336164
  -1684.73520283
  -1684.71633450
  -1684.73039370
  -1684.72464059
  -1684.74226161
  -1684.72564589
  -1684.73196428
  -1684.72788762
  -1684.72423834
  -1684.71268024
  -1684.72662294
  -1684.72445555
  -1684.74799613
  -1684.71403059
  -1684.58433736
  -1684.68018944
  -1684.72692247
  -1684.73086371
  -1684.67228307
  -1684.73435836
  -1684.75582851
  -1684.73273783
  -1684.72678871
  -1684.74236930
  -1684.76339434
  -1684.71611596
  -1684.73856738
  -1684.75145483
  -1684.70102968
  -1684.75710229
  -1684.72038794
  -1684.73680834
  -1684.72628319
  -1684.73408183
  -1684.74666580
  -1684.73552161
  -1684.76061817
  -1684.74419830
  -1684.69738848
  -1684.68262035
  -1684.75238739
  -1684.60968564
  -1684.69013827
  -1684.71829208
  -1684.68902470
  -1684.71816130
  -1684.72965870
  -1684.71785102
  -1684.73879187
  -1684.74745448
  -1684.75230966
  -1684.68437370
  -1684.71694687
  -1684.70687510
  -1684.72587885
  -1684.73338314
  -1684.74196075
  -1684.75020043
  -1684.72423865
  -1684.75770913
  -1684.70619809
  -1684.73732094
  -1684.71144352
  -1684.71381709
  -1684.76218646
  -1684.73928740
  -1684.75078766
  -1684.74850831
  -1684.74501340
  -1684.73366005
  -1684.72864341
  -1684.75022207
  -1684.77262089
  -1684.75976051
  -1684.69680587
  -1684.70928788
  -1684.69329579
  -1684.71602548
  -1684.75677014
  -1684.68504612
  -1684.65919706
  -1684.73983196
  -1684.74289237
  -1684.74128750
  -1684.73820953
  -1684.76363577
  -1684.75589745
  -1684.73364443
  -1684.71513152
  -1684.72802158
  -1684.70453931
  -1684.74587257
  -1684.75677677
  -1684.73548443
  -1684.73502688
  -1684.68544600
  -1684.73511286
  -1684.67602175
  -1684.72022705
  -1684.73626032
  -1684.75069403
  -1684.71581170
  -1684.67500517
  -1684.76133993
  -1684.74748344
  -1684.71879193
  -1684.77027293
  -1684.72923475
  -1684.72992439
  -1684.71313518
  -1684.74156593
  -1684.71066545
  -1684.73749936
  -1684.74521890
  -1684.74180506
  -1684.75454894
  -1684.74240181
  -1684.73657451
  -1684.70976109
  -1684.74094926
  -1684.73363146
  -1684.71271316
  -1684.71434189
  -1684.72834715
  -1684.73090840
  -1684.58510948
  -1684.72357460
  -1684.73580516
  -1684.69324651
  -1684.66314066
  -1684.73564557
  -1684.69101559
  -1684.74009231
  -1684.73599011
  -1684.69857639
  -1684.74352023
  -1684.74717532
  -1684.74249842
  -1684.75258552
  -1684.73278651
  -1684.72633074
  -1684.75148943
  -1684.69685071
  -1684.72367996
  -1684.75115264
  -1684.73102909
  -1684.71973983
  -1684.75625451
  -1684.74707102
  -1684.73981869
  -1684.73781700
  -1684.73416579
  -1684.65509787
  -1684.73788583
  -1684.76316424
  -1684.73638804
  -1684.65136468
  -1684.70120931
  -1684.76607434
  -1684.73427887
  -1684.73371437
  -1684.74276386
  -1684.75635884
  -1684.75830288
  -1684.74365273
  -1684.73094812
  -1684.72301998
  -1684.68870789
  -1684.71759547
  -1684.71670433
  -1684.73537355
  -1684.60410333
  -1684.66930575
  -1684.75189557
  -1684.71479571
  -1684.74594497
  -1684.75739853
  -1684.71668964
  -1684.71527751
  -1684.73616738
  -1684.73105619
  -1684.71063565
  -1684.73608317
  -1684.69536416
  -1684.72904398
  -1684.73539747
  -1684.71614732
  -1684.70428533
  -1684.74584483
  -1684.73264310
  -1684.73351237
  -1684.73262194
  -1684.71155532
  -1684.75904084
  -1684.75359154
  -1684.74945138
  -1684.77076819
  -1684.70168132
  -1684.72089810
  -1684.71515340
  -1684.74910964
  -1684.71459753
  -1684.68077327
  -1684.72047532
  -1684.73782332
  -1684.74185270
  -1684.69476966
  -1684.76102590
  -1684.73317342
  -1684.67321923
  -1684.73100741
  -1684.71997112
  -1684.76316933
  -1684.73809874
  -1684.73886357
  -1684.72647625
  -1684.71872405
  -1684.65690223
  -1684.73085166
  -1684.74212918
  -1684.73198241
  -1684.76984496
  -1684.73601339
  -1684.71707974
  -1684.73667626
  -1684.74123493
  -1684.67126638
  -1684.73442914
  -1684.69367895
  -1684.71838529
  -1684.71487709
  -1684.74563709
  -1684.75893529
  -1684.68334908
  -1684.69189284
  -1684.70676007
  -1684.73831189
  -1684.68748026
  -1684.72567544
  -1684.74664798
  -1684.74716558
  -1684.72501018
  -1684.69022132
  -1684.74125317
  -1684.74994536
  -1684.73533655
  -1684.70515718
  -1684.72394968
  -1684.75060269
  -1684.72176032
  -1684.71290042
  -1684.73348356
  -1684.70280890
  -1684.74555417
  -1684.75859555
  -1684.72676106
  -1684.72039865
  -1684.74024721
  -1684.73542764
  -1684.76074894
  -1684.71280520
  -1684.75549073
  -1684.74459139
  -1684.75365657
  -1684.72153854
  -1684.74548369
  -1684.75923650
  -1684.74445282
  -1684.68432854
  -1684.75500333
  -1684.71700928
  -1684.74410274
  -1684.76973132
  -1684.74087431
  -1684.74442974
  -1684.74829915
  -1684.72988972
  -1684.74933170
  -1684.70237112
  -1684.71120002
  -1684.75600235
  -1684.74717922
  -1684.73837219
  -1684.74236397
  -1684.72113334
  -1684.74600726
  -1684.74256376
  -1684.73639897
  -1684.74477614
  -1684.72525211
  -1684.72803705
  -1684.71201188
  -1684.74831938
  -1684.74692959
  -1684.77641684
  -1684.72617099
  -1684.73771991
  -1684.75170451
  -1684.74088070
  -1684.74626807
  -1684.71412977
  -1684.72035000
  -1684.71924084
  -1684.71071512
  -1684.72481214
  -1684.73850166
  -1684.75838194
  -1684.75214863
  -1684.73228190
  -1684.71166350
  -1684.73719227
  -1684.70252538
  -1684.76183433
  -1684.75432955
  -1684.71152776
  -1684.71131418
  -1684.72612082
  -1684.72087362
  -1684.72661502
  -1684.73499318
  -1684.75102449
  -1684.73662137
  -1684.71241990
  -1684.74471549
  -1684.73883495
  -1684.71807432
  -1684.74320035
  -1684.76388026
  -1684.75126035
  -1684.72987341
  -1684.75492151
  -1684.68438921
  -1684.71976781
  -1684.74049434
  -1684.71540109
  -1684.71540411
  -1684.71241325
  -1684.73529867
  -1684.74413802
  -1684.73450003
  -1684.73140223
  -1684.70500126
  -1684.74130930
  -1684.70490531
  -1684.74450983
  -1684.75762117
  -1684.69127902
  -1684.72657645
  -1684.72625044
  -1684.68541382
  -1684.70518629
  -1684.75393168
  -1684.73650070
  -1684.72906316
  -1684.74783492
  -1684.75676875
  -1684.68678669
  -1684.74171306
  -1684.77014896
  -1684.72882689
  -1684.71659917
  -1684.73488929
  -1684.74830765
  -1684.70422462
  -1684.76845291
  -1684.71903918
  -1684.70691868
  -1684.73512608
  -1684.73753152
  -1684.72963288
  -1684.71971779
  -1684.74996697
  -1684.76441029
  -1684.71115823
  -1684.75140921
  -1684.75130042
  -1684.76196424
  -1684.69044835
  -1684.74713166
  -1684.72224266
  -1684.71664789
  -1684.73592765
  -1684.73405951
  -1684.74282677
  -1684.76686536
  -1684.74840664
  -1684.74544070
  -1684.74513086
  -1684.70864242
  -1684.75844213
  -1684.73705894
  -1684.75510089
  -1684.74164368
  -1684.74049644
  -1684.73204691
  -1684.67062523
  -1684.74753802
  -1684.72992822
  -1684.74874444
  -1684.74431207
  -1684.70623344
  -1684.74470509
  -1684.74327646
  -1684.71684383
  -1684.72175120
  -1684.71787144
  -1684.61982719
  -1684.72273247
  -1684.73788515
  -1684.70865979
  -1684.75058213
  -1684.74769851
  -1684.75578721
  -1684.76159951
  -1684.73128597
  -1684.72858781
  -1684.72992101
  -1684.72487884
  -1684.76641653
  -1684.72482867
  -1684.68773726
  -1684.75477666
  -1684.77325175
  -1684.73438581
  -1684.74446200
  -1684.75573107
  -1684.75651566
  -1684.76310945
  -1684.75428049
  -1684.72968687
  -1684.75070225
  -1684.74972439
  -1684.73710143
  -1684.72346412
  -1684.68172838
  -1684.69066441
  -1684.70197723
  -1684.72585156
  -1684.72416973
  -1684.74674554
  -1684.70046870
  -1684.74205640
  -1684.75796719
  -1684.73892165
  -1684.70585952
  -1684.70454375
  -1684.74146888
  -1684.71855882
  -1684.74468166
  -1684.66381582
  -1684.71783740
  -1684.73663382
  -1684.75093121
  -1684.76977432
  -1684.76006092
  -1684.74467183
  -1684.72723723
  -1684.73957745
  -1684.74380290
  -1684.73807627
  -1684.75465251
  -1684.69403105
  -1684.69359003
  -1684.73089783
  -1684.75227105
  -1684.73654863
  -1684.72533308
  -1684.71532439
  -1684.73257217
  -1684.73154396
  -1684.73014091
  -1684.71116491
  -1684.73967770
  -1684.72077847
  -1684.73656084
  -1684.71672899
  -1684.74086851
  -1684.72584428
  -1684.67944933
  -1684.74093919
  -1684.72316784
  -1684.72837966
  -1684.71634665
  -1684.73103702
  -1684.74798059
  -1684.76157463
  -1684.71114230
  -1684.73126210
  -1684.74611890
  -1684.75001287
  -1684.73863257
  -1684.75290158
  -1684.78069825
  -1684.73869581
  -1684.72513186
  -1684.72502338
  -1684.73884982
  -1684.75052116
  -1684.72752338
  -1684.69303386
  -1684.72526697
  -1684.70583991
  -1684.71200902
  -1684.75974977
  -1684.69784210
  -1684.74686953
  -1684.75329425
  -1684.74500421
  -1684.74981929
  -1684.74889160
  -1684.72779931
  -1684.72603795
  -1684.71950244
  -1684.74663784
  -1684.73578260
  -1684.76153233
  -1684.74698709
  -1684.67705241
  -1684.71801237
  -1684.73266414
  -1684.69017656
  -1684.71481953
  -1684.70547008
  -1684.70996764
  -1684.69462373
  -1684.71879226
  -1684.71846972
  -1684.67911323
  -1684.72842785
  -1684.75982542
  -1684.75207800
  -1684.74619110
  -1684.65806682
  -1684.73266029
  -1684.76963882
  -1684.66120032
  -1684.70417939
  -1684.71287963
  -1684.72449885
  -1684.66291963
  -1684.74161732
  -1684.77211998
  -1684.73197501
  -1684.72061154
  -1684.67388787
  -1684.76093938
  -1684.72706106
  -1684.72397235
  -1684.72952378
  -1684.75749509
  -1684.74066379
  -1684.69791601
  -1684.74198399
  -1684.72761765
  -1684.72290563
  -1684.73708790
  -1684.73734961
  -1684.71933390
  -1684.73584755
  -1684.74447726
  -1684.73907761
  -1684.74806810
  -1684.70109584
  -1684.70539056
  -1684.73703654
  -1684.71510353
  -1684.75070252
  -1684.69736047
  -1684.73063005
  -1684.77541139
  -1684.72016645
  -1684.74591947
  -1684.72564552
  -1684.72922215
  -1684.74018949
  -1684.73252553
  -1684.72912052
  -1684.67483153
  -1684.68705840
  -1684.71802690
  -1684.73339216
  -1684.75448030
  -1684.75081184
  -1684.73460429
  -1684.71132484
  -1684.70937820
  -1684.72220729
  -1684.74313605
  -1684.72743673
  -1684.64835170
  -1684.72796445
  -1684.75056742
  -1684.72683570
  -1684.74016444
  -1684.67987997
  -1684.71743428
  -1684.70811561
  -1684.75371286
  -1684.75634045
  -1684.71057271
  -1684.73484389
  -1684.73670588
  -1684.70778913
  -1684.74303442
  -1684.70691660
  -1684.74050409
  -1684.73189319
  -1684.75156865
  -1684.70691683
  -1684.75369236
  -1684.75172930
  -1684.74282136
  -1684.75235915
  -1684.73153686
  -1684.73201433
  -1684.70767097
  -1684.74406130
  -1684.73184249
  -1684.74538887
  -1684.73677131
  -1684.75337592
  -1684.76197758
  -1684.73715549
  -1684.74556753
  -1684.74789751
  -1684.69357155
  -1684.74666253
  -1684.73960818
  -1684.73590721
  -1684.69354200
  -1684.72594992
  -1684.73887510
  -1684.72134561
  -1684.68019035
  -1684.68987899
  -1684.72631943
  -1684.72838096
  -1684.71792436
  -1684.72623748
  -1684.75748600
  -1684.75801281
  -1684.76298209
  -1684.75954768
  -1684.72014649
  -1684.74921249
  -1684.71037740
  -1684.73128105
  -1684.74286961
  -1684.74174676
  -1684.74264363
  -1684.74187920
  -1684.72252946
  -1684.73501439
  -1684.73310746
  -1684.69557110
  -1684.74052158
  -1684.77005527
  -1684.73599143
  -1684.68775989
  -1684.74589195
  -1684.74558018
  -1684.71105024
  -1684.72047559
  -1684.66873505
  -1684.69117339
  -1684.72205243
  -1684.71662176
  -1684.73803212
  -1684.75553899
  -1684.72579205
  -1684.74985678
  -1684.74243098
  -1684.74002536
  -1684.73604724
  -1684.75571976
  -1684.74311697
  -1684.75977391
  -1684.77100457
  -1684.71218623
  -1684.73031860
  -1684.71611844
  -1684.68373933
  -1684.73556010
  -1684.72114438
  -1684.72424619
  -1684.73445055
  -1684.78099253
  -1684.73064930
  -1684.72640713
  -1684.73946938
  -1684.71370952
  -1684.75884590
  -1684.71951706
  -1684.66432768
  -1684.73853727
  -1684.71662030
  -1684.72658828
  -1684.77161020
  -1684.71960945
  -1684.71388984
  -1684.72834667
  -1684.67057785
  -1684.72688935
  -1684.74851030
  -1684.73406259
  -1684.74424054
  -1684.73264187
  -1684.71496576
  -1684.71055052
  -1684.75740921
  -1684.71708211
  -1684.73979822
  -1684.71419772
  -1684.74744000
  -1684.75390312
  -1684.74076251
  -1684.75643044
  -1684.73486374
  -1684.72977166
  -1684.72710083
  -1684.73661963
  -1684.72137937
  -1684.73185455
  -1684.74602961
  -1684.74722753
  -1684.72513493
  -1684.74214623
  -1684.73051510
  -1684.77547687
  -1684.73551106
  -1684.71010511
  -1684.72527571
  -1684.71969143
  -1684.74258709
  -1684.70872259
  -1684.72821191
  -1684.70178664
  -1684.74238709
  -1684.72739786
  -1684.75267320
  -1684.74648924
  -1684.75298879
  -1684.73649659
  -1684.77140911
  -1684.72331549
  -1684.73130546
  -1684.70594689
  -1684.74633358
  -1684.74088678
  -1684.74352404
  -1684.72923630
  -1684.65737846
  -1684.74631576
  -1684.74330405
  -1684.71778411
  -1684.72313581
  -1684.75077817
  -1684.71312592
  -1684.73041271
  -1684.74368166
  -1684.73527983
  -1684.74359035
  -1684.71761648
  -1684.69176464
  -1684.74387972
  -1684.74150451
  -1684.71887318
  -1684.71723688
  -1684.74383404
  -1684.71803670
  -1684.70803174
  -1684.75679229
  -1684.67102622
  -1684.67045574
  -1684.69179385
  -1684.73439598
  -1684.74708339
  -1684.75934002
  -1684.61941860
  -1684.75609010
  -1684.74936699
  -1684.75928214
  -1684.70595971
  -1684.74207088
  -1684.68557587
  -1684.72898402
  -1684.71368826
  -1684.72372546
  -1684.70399838
  -1684.73917594
  -1684.74386610
  -1684.70487169
  -1684.68530321
  -1684.76472137
  -1684.77096875
  -1684.74038329
  -1684.73283542
  -1684.71968600
  -1684.74210388
  -1684.68941766
  -1684.73677888
  -1684.72211142
  -1684.76347765
  -1684.72669207
  -1684.76767959
  -1684.73532648
  -1684.73087898
  -1684.74821684
  -1684.74054241
  -1684.75467637
  -1684.71901609
  -1684.70753842
  -1684.72567998
  -1684.73219213
  -1684.72015253
  -1684.74607131
  -1684.76174738
  -1684.68831442
  -1684.72211631
  -1684.70652561
  -1684.75762164
  -1684.74103982
  -1684.71601718
  -1684.72098319
  -1684.75103656
  -1684.74823305
  -1684.69679951
  -1684.75531420
  -1684.74122478
  -1684.72397384
  -1684.73785420
  -1684.72217017
  -1684.72589923
  -1684.76380587
  -1684.75770718
  -1684.74064116
  -1684.73158793
  -1684.76733683
  -1684.75415062
  -1684.76226266
  -1684.73929922
  -1684.73044362
  -1684.74144278
  -1684.73206466
  -1684.75552676
  -1684.72335072
  -1684.69152142
  -1684.74380831
  -1684.73024544
  -1684.73797312
  -1684.75062700
  -1684.71248205
  -1684.69762363
  -1684.73178839
  -1684.73572855
  -1684.62611440
  -1684.74476851
  -1684.71203165
  -1684.70791484
  -1684.66895011
  -1684.74081349
  -1684.71425734
  -1684.71210914
  -1684.73346505
  -1684.71121382
  -1684.74238421
  -1684.72016479
  -1684.75815139
  -1684.75515711
  -1684.70971372
  -1684.72021581
  -1684.71525710
  -1684.64762777
  -1684.75873476
  -1684.75892883
  -1684.72855532
  -1684.75706530
  -1684.73932518
  -1684.74787339
  -1684.74447451
  -1684.74847812
  -1684.73126880
  -1684.77268093
  -1684.71831524
  -1684.75482964
  -1684.76461764
  -1684.71303924
  -1684.71268816
  -1684.74748291
  -1684.72891032
  -1684.73089573
  -1684.72800526
  -1684.70819069
  -1684.75724735
  -1684.75189642
  -1684.66619784
  -1684.74194474
  -1684.69183429
  -1684.73136307
  -1684.74290478
  -1684.74603946
  -1684.73579916
  -1684.75690456
  -1684.74122322
  -1684.68774260
  -1684.72026629
  -1684.69218498
  -1684.73612744
  -1684.70631360
  -1684.76273489
  -1684.75530292
  -1684.74797726
  -1684.75852385
  -1684.74420787
  -1684.73571076
  -1684.76453566
  -1684.75039491
  -1684.72735952
  -1684.75620374
  -1684.71601814
  -1684.73209334
  -1684.65916436
  -1684.77201260
  -1684.71254444
  -1684.71666726
  -1684.70896053
  -1684.71909192
  -1684.73944412
  -1684.74289279
  -1684.74592474
  -1684.76101009
  -1684.72538863
  -1684.75225758
  -1684.74683677
  -1684.75887251
  -1684.68093838
  -1684.72838279
  -1684.72307529
  -1684.71496367
  -1684.76724183
  -1684.74226791
  -1684.72552401
  -1684.73251638
  -1684.74844412
  -1684.75175360
  -1684.72807854
  -1684.66965018
  -1684.70316754
  -1684.72848119
  -1684.62961868
  -1684.74616976
  -1684.72074901
  -1684.74393246
  -1684.75872992
  -1684.69371437
  -1684.69256029
  -1684.74966577
  -1684.67347313
  -1684.73288615
  -1684.75032104
  -1684.71672261
  -1684.74702371
  -1684.74787453
  -1684.74221506
  -1684.64149628
  -1684.75428307
  -1684.72700599
  -1684.72651193
  -1684.76671940
  -1684.72578044
  -1684.70168051
  -1684.72164880
  -1684.77119679
  -1684.74140514
  -1684.74066574
  -1684.72381596
  -1684.68898474
  -1684.74194493
  -1684.74523680
  -1684.72822919
  -1684.75141953
  -1684.76611195
  -1684.73664506
  -1684.71518704
  -1684.75869004
  -1684.71055074
  -1684.74224134
  -1684.77430941
  -1684.75158838
  -1684.72178662
  -1684.77665712
  -1684.62948703
  -1684.75253434
  -1684.72463653
  -1684.72285973
  -1684.73134035
  -1684.63608180
  -1684.69526325
  -1684.71661118
  -1684.75869454
  -1684.74065423
  -1684.69763226
  -1684.63998154
  -1684.73022593
  -1684.64949553
  -1684.75429593
  -1684.72543660
  -1684.74026453
  -1684.74513884
  -1684.75463637
  -1684.75125348
  -1684.74198563
  -1684.73042353
  -1684.74265686
  -1684.74954811
  -1684.73216592
  -1684.70864095
  -1684.68880007
  -1684.74950872
  -1684.74140425
  -1684.72327052
  -1684.73733619
  -1684.73387960
  -1684.75928788
  -1684.69249718
  -1684.75520680
  -1684.73551713
  -1684.72806115
  -1684.74742228
  -1684.74777680
  -1684.74539865
  -1684.75026842
  -1684.71889216
  -1684.75301748
  -1684.71173096
  -1684.74462640
  -1684.66520743
  -1684.72504224
  -1684.65846281
  -1684.70326090
  -1684.66407887
  -1684.69830525
  -1684.75187806
  -1684.70551065
  -1684.74626605
  -1684.75266983
  -1684.74087814
  -1684.74306114
  -1684.72601790
  -1684.74984756
  -1684.76612751
  -1684.72215896
  -1684.74523688
  -1684.72981926
  -1684.75852447
  -1684.73860939
  -1684.74051088
  -1684.68058136
  -1684.72990650
  -1684.72955902
  -1684.65907217
  -1684.72681981
  -1684.76223137
  -1684.74379864
  -1684.68075683
  -1684.74036484
  -1684.74599760
  -1684.70558391
  -1684.75704043
  -1684.61272385
  -1684.74763157
  -1684.71900179
  -1684.74779483
  -1684.74684213
  -1684.75342312
  -1684.71188302
  -1684.73780450
  -1684.72819335
  -1684.71043434
  -1684.72327201
  -1684.73743996
  -1684.74363629
  -1684.72316007
  -1684.74431074
  -1684.68431592
  -1684.74309241
  -1684.74747858
  -1684.72223696
  -1684.76677334
  -1684.66924476
  -1684.71737843
  -1684.74957740
  -1684.72573056
  -1684.73238831
  -1684.74533915
  -1684.72914862
  -1684.73023526
  -1684.70413548
  -1684.71514345
  -1684.72040733
  -1684.75453995
  -1684.70909752
  -1684.69516219
  -1684.73494864
  -1684.76511704
  -1684.71564148
  -1684.73707022
  -1684.74035608
  -1684.66649379
  -1684.72801121
  -1684.72580083
  -1684.66432761
  -1684.63767807
  -1684.73189202
  -1684.74144842
  -1684.72713964
  -1684.74389327
  -1684.73857556
  -1684.65409469
  -1684.72500671
  -1684.76269666
  -1684.71840560
  -1684.74924029
  -1684.71038426
  -1684.74812580
  -1684.74120238
  -1684.74438173
  -1684.75455843
  -1684.74892512
  -1684.66990928
  -1684.71090016
  -1684.75211238
  -1684.74409844
  -1684.65475878
  -1684.74563989
  -1684.73473097
  -1684.73649682
  -1684.72167222
  -1684.75203690
  -1684.71525324
  -1684.76275012
  -1684.75344406
  -1684.75371705
  -1684.74743943
  -1684.74929125
  -1684.73233026
  -1684.72235657
  -1684.71725567
  -1684.73569621
  -1684.75034134
  -1684.73090825
  -1684.75621432
  -1684.71220163
  -1684.72348523
  -1684.72444066
  -1684.75013758
  -1684.75275672
  -1684.73306774
  -1684.74961742
  -1684.71189559
  -1684.70902942
  -1684.71964045
  -1684.71254556
  -1684.76275351
  -1684.71018154
  -1684.74229770
  -1684.72573628
  -1684.71776946
  -1684.72023221
  -1684.72332254
  -1684.77514085
  -1684.75095428
  -1684.72429467
  -1684.68244705
  -1684.73412591
  -1684.72624032
  -1684.72926135
  -1684.74230521
  -1684.71770335
  -1684.68857232
  -1684.71823419
  -1684.71576179
  -1684.72685520
  -1684.74588680
  -1684.66791478
  -1684.75355575
  -1684.75076782
  -1684.70764822
  -1684.70722925
  -1684.76611065
  -1684.70241218
  -1684.70157473
  -1684.75007222
  -1684.75107376
  -1684.72034519
  -1684.70465675
  -1684.76128963
  -1684.75618695
  -1684.73497531
  -1684.76238201
  -1684.69880255
  -1684.76891309
  -1684.71580468
  -1684.74066640
  -1684.72355661
  -1684.73960718
  -1684.71258131
  -1684.76466256
  -1684.74578557
  -1684.73759910
  -1684.75240097
  -1684.75451689
  -1684.72944005
  -1684.73391302
