% The following energies apply to conformations described by the topology 
% R30_iter1.top.  Structures are given in trajectory coords.cdf, count: 126.

% Item 0:
%   Energy -> orca_structures/coor*/NConf*.out
  -1684.78415081
  -1684.78778651
  -1684.77787487
  -1684.77733883
  -1684.78203738
  -1684.78428089
  -1684.78365802
  -1684.78699840
  -1684.78754461
  -1684.77832416
  -1684.78013794
  -1684.77383403
  -1684.77689375
  -1684.78588187
  -1684.77714422
  -1684.77620698
  -1684.78293132
  -1684.78166403
  -1684.78356760
  -1684.78444381
  -1684.78058781
  -1684.78367948
  -1684.78331975
  -1684.77848413
  -1684.78178574
  -1684.78004482
  -1684.78722669
  -1684.78125034
  -1684.78178908
  -1684.77961683
  -1684.77424525
  -1684.77826418
  -1684.78757538
  -1684.78769151
  -1684.78555978
  -1684.78181108
  -1684.77113022
  -1684.78182188
  -1684.78396939
  -1684.77835701
  -1684.78636749
  -1684.78443176
  -1684.78488607
  -1684.77700164
  -1684.77836794
  -1684.78260544
  -1684.78460260
  -1684.77565906
  -1684.78457745
  -1684.78089892
  -1684.78086291
  -1684.78353659
  -1684.77873178
  -1684.77321814
  -1684.78581882
  -1684.77802339
  -1684.78668380
  -1684.77514249
  -1684.78085519
  -1684.76652160
  -1684.78000585
  -1684.78783299
  -1684.77798852
  -1684.78568554
  -1684.78374523
  -1684.78252042
  -1684.77944438
  -1684.78460010
  -1684.77656701
  -1684.78695545
  -1684.78686182
  -1684.78009393
  -1684.78701774
  -1684.78486909
  -1684.77319045
  -1684.78609312
  -1684.78535987
  -1684.78456073
  -1684.78511083
  -1684.78634745
  -1684.77723794
  -1684.78115666
  -1684.78132276
  -1684.78131196
  -1684.77846718
  -1684.78758298
  -1684.78141192
  -1684.78720078
  -1684.77569863
  -1684.78602512
  -1684.78742368
  -1684.78587408
  -1684.78086403
  -1684.78627276
  -1684.78752215
  -1684.77620374
  -1684.78695318
  -1684.77291709
  -1684.78729303
  -1684.78011979
  -1684.78109431
  -1684.78395859
  -1684.78108960
  -1684.78755642
  -1684.78194351
  -1684.78336851
  -1684.78400461
  -1684.78739842
  -1684.77966480
  -1684.78600196
  -1684.77690888
  -1684.77993977
  -1684.77906907
  -1684.78055341
  -1684.77999645
  -1684.78021496
  -1684.77016093
  -1684.76684278
  -1684.78170908
  -1684.78062486
  -1684.78077613
  -1684.77089291
  -1684.78082184
  -1684.78433342
  -1684.77661055
  -1684.77905851
