% The following energies apply to conformations described by the topology 
% R16.top.  Structures are given in trajectory coords.cdf, count: 2821.

% Item 0:
%   Energy -> orca_structures/coor*/Conf*.out
   -804.95267017
   -804.94998323
   -804.97754193
   -805.00354249
   -804.96088364
   -804.97133014
   -804.97923851
   -804.94040552
   -805.01575584
   -804.97705861
   -804.96192957
   -804.97129154
   -804.98809190
   -805.01044015
   -804.97207833
   -804.94789281
   -804.95779230
   -804.89785242
   -804.96357062
   -804.99319819
   -804.99621310
   -804.98359106
   -804.98661527
   -805.01285347
   -804.97275986
   -804.99121208
   -804.98203752
   -804.93639585
   -804.94180123
   -804.99373777
   -804.91131861
   -804.93671966
   -804.97956498
   -804.97274912
   -804.93225092
   -804.99408771
   -804.94475311
   -804.90459816
   -804.97234496
   -804.98582674
   -804.96255554
   -804.99769810
   -804.96702865
   -804.99026745
   -804.97343212
   -804.93741923
   -804.98700477
   -804.96945480
   -804.97732873
   -804.95998258
   -804.96815851
   -804.96230311
   -804.95214702
   -804.96210593
   -804.93234640
   -804.96421911
   -804.90845342
   -804.90842819
   -804.97451022
   -804.99604564
   -804.97437008
   -805.01741198
   -804.97744626
   -804.90150805
   -804.96802812
   -805.00249840
   -804.96504450
   -804.94746760
   -804.96379953
   -804.98850934
   -804.91236056
   -804.96151749
   -804.96362344
   -804.98828602
   -804.98689444
   -804.96908186
   -804.99162889
   -804.96153006
   -804.97059542
   -804.96693821
   -804.98515978
   -804.96224119
   -804.91564624
   -804.97408433
   -804.98782415
   -804.93834967
   -805.00555196
   -804.95418599
   -804.99313911
   -804.94905348
   -804.97043764
   -804.98866770
   -804.91995641
   -804.98452640
   -804.89487236
   -804.92891540
   -804.99783960
   -804.96723515
   -804.92898537
   -804.90608146
   -804.98904113
   -804.97244658
   -804.98368391
   -804.95205016
   -804.97950621
   -804.97484419
   -804.93185188
   -804.95438989
   -804.98595440
   -804.98787120
   -804.98935148
   -804.97175866
   -805.00582022
   -804.95898531
   -804.94508857
   -804.87774374
   -805.01988529
   -804.98895194
   -805.00190507
   -804.97475997
   -804.99071564
   -804.98901241
   -804.97943630
   -804.93450549
   -804.99135662
   -804.92842148
   -804.96620225
   -804.98199631
   -804.97102677
   -804.99164291
   -804.98985512
   -804.94623065
   -804.95373547
   -804.94027804
   -804.95321360
   -804.96885451
   -804.99556284
   -804.96198794
   -804.99771772
   -804.97297095
   -804.98650415
   -805.00662195
   -804.95809981
   -804.98357607
   -804.97559494
   -804.98781173
   -804.98207228
   -804.95958623
   -804.99572335
   -804.95662702
   -804.95831284
   -804.95698053
   -804.99572893
   -804.99677167
   -804.93634626
   -805.00942423
   -804.98717830
   -804.96841884
   -804.97222643
   -804.97418201
   -804.99161617
   -804.99453951
   -804.93761744
   -804.97186851
   -804.98565582
   -804.97934535
   -804.95628008
   -804.99894952
   -804.99034399
   -804.99786470
   -804.98438125
   -804.95264839
   -804.98303758
   -804.99441773
   -804.99628936
   -804.95724739
   -804.98052454
   -804.97829387
   -804.95800169
   -804.98163121
   -804.95101262
   -804.96982767
   -804.97830600
   -805.00701772
   -804.98921040
   -804.93849066
   -805.00597827
   -805.00579224
   -804.96057034
   -804.97435087
   -804.97479620
   -804.95505905
   -804.96969273
   -805.00756177
   -804.96062401
   -804.97336288
   -804.97581537
   -804.97199440
   -804.92908575
   -804.96227456
   -804.93761807
   -804.97420819
   -804.86208210
   -804.90472239
   -804.95306893
   -804.96252218
   -804.88160650
   -804.98000232
   -804.96948302
   -805.00528883
   -804.99332544
   -804.86542445
   -804.99146986
   -804.95498661
   -804.92316807
   -804.99896030
   -804.98448704
   -804.95840342
   -804.96452376
   -804.95479048
   -804.97456649
   -804.93763929
   -805.01496645
   -804.93391385
   -804.98428736
   -804.91302201
   -804.98362287
   -804.98017601
   -804.98453728
   -804.95990430
   -804.97951548
   -804.94443350
   -804.99278111
   -804.97378091
   -804.97627925
   -804.97929578
   -804.99820239
   -804.96345624
   -804.98212145
   -804.97905178
   -804.97684870
   -804.94845242
   -804.99385080
   -804.99269817
   -804.95075159
   -805.00935365
   -804.97485479
   -804.98795110
   -805.00078706
   -804.94704272
   -804.99321065
   -804.96686179
   -804.98361503
   -804.95313786
   -804.91398936
   -804.95423087
   -804.98042759
   -804.95820706
   -804.99040953
   -804.96588933
   -804.99213835
   -804.98356663
   -804.95506468
   -804.96522201
   -804.96902804
   -804.97349070
   -804.97789340
   -804.99950703
   -804.96719085
   -804.99918948
   -805.00161309
   -804.99382254
   -804.97696517
   -804.96086171
   -804.98465142
   -805.00825683
   -804.96099394
   -804.96560477
   -804.94647020
   -804.95990039
   -804.95352854
   -804.97465020
   -804.96670987
   -805.00980845
   -804.97080824
   -804.93107472
   -804.95364038
   -804.99376331
   -805.00174288
   -804.99541645
   -804.94419475
   -804.94411100
   -804.98718297
   -804.98823717
   -805.00183459
   -805.00358251
   -804.90048896
   -804.97860888
   -804.98500156
   -804.93133666
   -804.99105140
   -804.95899298
   -804.99373992
   -804.99832717
   -805.00346058
   -804.97591095
   -804.97253926
   -804.98235511
   -804.99863677
   -804.97730357
   -804.98650857
   -804.96057345
   -804.95372912
   -804.94859389
   -804.96912717
   -804.89646100
   -804.97467794
   -804.94272369
   -804.98037178
   -804.96577657
   -804.96249468
   -804.98712993
   -804.99759186
   -804.98084533
   -804.98372536
   -804.94118312
   -804.90566260
   -804.98557115
   -804.94658474
   -804.99108752
   -804.99656812
   -804.97906548
   -804.90783383
   -804.94381990
   -804.99140862
   -804.97670523
   -804.97208046
   -804.98339012
   -804.97315390
   -804.98886504
   -804.99071570
   -804.95715834
   -804.98342167
   -804.94189133
   -804.98304561
   -804.95157522
   -804.97076673
   -804.94961373
   -804.99847806
   -804.97539111
   -804.98774240
   -804.96882590
   -804.98952709
   -804.98119386
   -804.91500709
   -804.99104062
   -804.98280106
   -804.97018975
   -804.98281121
   -805.01150251
   -804.96028097
   -805.00136641
   -804.95276771
   -804.92333723
   -804.96954600
   -805.00010555
   -804.99728696
   -804.97306627
   -804.99172050
   -804.92714777
   -804.98626000
   -804.95350875
   -804.96359652
   -804.99578391
   -805.00021017
   -804.97324581
   -804.94799870
   -804.96466173
   -805.00169438
   -805.00155440
   -804.98743716
   -804.97142080
   -805.00538320
   -804.99964485
   -804.98126049
   -804.99019966
   -805.00422573
   -804.96917602
   -804.99845326
   -804.98396811
   -804.96195295
   -804.97539008
   -804.95205104
   -804.91067189
   -805.00031126
   -804.98586126
   -804.99223002
   -804.97974957
   -804.96517411
   -804.96722489
   -804.91714681
   -804.98187252
   -804.97657473
   -804.99227040
   -804.99135443
   -804.95649559
   -804.97148537
   -804.89625548
   -804.90043222
   -804.99037784
   -804.99732055
   -805.00753116
   -804.98416259
   -804.98717877
   -804.99153096
   -804.95773520
   -804.97964901
   -805.01360519
   -804.99039648
   -804.94945420
   -804.99531412
   -804.96795264
   -804.95507592
   -804.91105391
   -804.99540481
   -804.98435964
   -804.98469132
   -804.99449994
   -804.99769261
   -804.98472141
   -804.91266971
   -804.98705540
   -805.00671447
   -804.98224072
   -805.01789448
   -804.94131956
   -804.98065956
   -804.94942715
   -804.97184689
   -804.97751554
   -804.92214642
   -804.96024915
   -804.99557804
   -804.98920023
   -804.96019262
   -804.94578479
   -804.96210438
   -804.95919417
   -805.00620900
   -804.96756285
   -804.92800487
   -804.96434305
   -804.96934207
   -804.96506479
   -805.00053637
   -804.99057354
   -804.90815137
   -804.90795233
   -804.97591279
   -804.98497129
   -804.97676194
   -804.99666460
   -805.00192054
   -805.00629036
   -805.00207090
   -804.92078993
   -804.97226364
   -804.99577514
   -804.95839606
   -804.98581258
   -804.98977267
   -804.97460983
   -805.00387685
   -804.97591872
   -804.97077714
   -804.99372010
   -804.84597973
   -804.96902837
   -804.92749785
   -804.93683160
   -804.99084523
   -804.90212615
   -804.95820844
   -804.95802214
   -804.97839431
   -804.92040157
   -805.00684070
   -804.98811172
   -804.98844828
   -804.96733447
   -804.97313789
   -804.96318616
   -804.96339702
   -804.98266105
   -804.98668140
   -805.00003574
   -804.97853091
   -804.94279845
   -804.96816622
   -804.98188572
   -804.97367900
   -804.99486908
   -804.99595966
   -804.94628564
   -804.97100018
   -804.98969252
   -804.97928214
   -804.98007059
   -804.89703877
   -804.99275355
   -804.96842756
   -804.96830900
   -805.00361584
   -804.98663411
   -804.98224999
   -804.99181053
   -804.97664528
   -804.94935121
   -805.00115928
   -804.96902723
   -804.97119732
   -804.97016909
   -804.96147455
   -804.96659385
   -804.96133797
   -804.98332599
   -804.94231636
   -804.95860996
   -804.93787176
   -804.99036355
   -804.95957938
   -804.93787341
   -805.00196370
   -804.99976277
   -805.00829542
   -804.83536234
   -804.90310075
   -804.98922931
   -804.98457327
   -804.97076895
   -804.98311660
   -804.98678543
   -804.95227948
   -804.99078146
   -804.97312686
   -804.95375542
   -804.87662239
   -804.95949151
   -805.00895338
   -804.97479014
   -804.96490523
   -804.87603473
   -804.88453868
   -804.97300101
   -804.99392116
   -804.94922730
   -804.98638585
   -804.97724800
   -804.95031318
   -804.93855935
   -804.96703144
   -804.96828087
   -804.97418261
   -804.95481582
   -804.95953164
   -804.98102018
   -805.00821457
   -804.98953949
   -804.96103470
   -804.97600392
   -804.96036471
   -805.00643984
   -804.98435531
   -804.94935496
   -804.95877828
   -804.97166127
   -804.98383824
   -804.96172870
   -804.99034297
   -804.92219127
   -804.97860334
   -805.01252112
   -804.94128528
   -804.99509303
   -804.95948197
   -804.98397521
   -804.97488459
   -804.97898265
   -804.96067578
   -804.99147696
   -804.96635667
   -804.99036719
   -805.00847936
   -804.97194877
   -804.94686476
   -804.99661156
   -804.98620373
   -804.97395683
   -804.96461069
   -804.95078334
   -804.96728447
   -804.95137740
   -804.93135017
   -804.99568603
   -804.95833490
   -804.99266025
   -804.97341013
   -804.94726311
   -804.98422640
   -804.97871827
   -804.95966397
   -804.95648632
   -804.95636980
   -804.98595367
   -804.99872220
   -804.97503652
   -804.89723337
   -804.96140303
   -804.91948874
   -804.97333888
   -804.99006698
   -804.97003461
   -804.89881793
   -804.95788863
   -804.98903644
   -805.00116403
   -805.01681446
   -804.96240630
   -804.95718931
   -804.92373708
   -804.97272585
   -804.91866752
   -804.96229989
   -804.95600719
   -804.92820082
   -804.89470653
   -804.95777383
   -804.99066634
   -805.00762803
   -805.01124889
   -804.99769680
   -804.94927182
   -804.99869632
   -804.99968073
   -804.94562311
   -804.99777477
   -804.99247859
   -804.94912409
   -804.96634558
   -804.99068131
   -804.98443524
   -804.97257863
   -804.96786672
   -804.95474390
   -804.95061292
   -804.98635439
   -804.99264217
   -804.93436334
   -805.01457125
   -804.91727899
   -804.98704257
   -804.97651811
   -804.96803840
   -804.90346494
   -805.00952117
   -804.99278783
   -804.92806631
   -805.00685066
   -804.99316123
   -804.98155943
   -804.95575832
   -804.97117897
   -804.99035364
   -804.97205709
   -804.99156728
   -804.92984316
   -804.99233694
   -804.96657672
   -804.97789341
   -804.99012023
   -805.00428748
   -805.00446492
   -804.90441724
   -804.99074994
   -804.96728888
   -804.92498201
   -804.97893312
   -805.00559921
   -804.96360199
   -805.00958064
   -804.96538010
   -804.99635697
   -804.98002250
   -804.98782978
   -804.98984376
   -804.95414406
   -804.97290754
   -804.94274485
   -804.98925105
   -804.97204301
   -804.94534596
   -804.98886376
   -804.97758696
   -804.97316694
   -804.95818250
   -804.99264288
   -804.98516306
   -804.96134265
   -804.92107396
   -804.98426633
   -804.96879345
   -804.95217306
   -804.97450303
   -805.00861497
   -804.99140453
   -805.00904825
   -804.93061129
   -805.00238963
   -804.95895129
   -804.97493497
   -804.96554638
   -804.98972876
   -804.99344341
   -805.00376156
   -804.97438291
   -804.94322744
   -804.98643779
   -804.98630039
   -804.93645140
   -804.98754367
   -804.94095700
   -804.95529123
   -804.97001833
   -804.99181042
   -804.97455958
   -805.00461302
   -804.95913297
   -804.85961845
   -804.97110325
   -805.00692233
   -804.99442075
   -804.98442267
   -804.96764991
   -804.97675706
   -804.97827258
   -804.97085789
   -804.99522327
   -804.97837127
   -804.97899421
   -805.00867860
   -804.82568854
   -804.94714145
   -804.89608056
   -805.00693662
   -804.98524844
   -804.98725253
   -804.98104830
   -804.96075003
   -804.94449634
   -804.95818632
   -804.97648055
   -804.93192160
   -804.90881879
   -804.97467718
   -804.92067888
   -804.90314317
   -804.99544429
   -804.94347189
   -804.98940565
   -804.96354187
   -804.91928281
   -804.96901073
   -804.92951017
   -804.97313380
   -804.94354629
   -804.99322872
   -805.00349725
   -804.92210792
   -804.98432696
   -804.91124667
   -804.97181981
   -805.00612469
   -805.00159776
   -804.96495757
   -804.97356420
   -804.98405974
   -805.00881301
   -804.98900982
   -804.94611585
   -804.98835894
   -804.97145588
   -804.99097418
   -804.98307968
   -804.98927403
   -804.91475141
   -804.98805779
   -804.99624256
   -804.99344764
   -804.97127325
   -804.93714397
   -804.98521576
   -804.97001523
   -804.97737266
   -804.96929992
   -804.94453952
   -804.99004951
   -804.95428335
   -805.00162860
   -804.97561133
   -805.00771564
   -804.97849108
   -804.96657620
   -804.98364766
   -804.96953242
   -804.98719751
   -804.97498206
   -804.97063012
   -804.98603660
   -804.99098595
   -805.00133103
   -804.96711290
   -804.99349463
   -804.95928092
   -804.98407809
   -804.98922305
   -804.97631491
   -804.95641496
   -804.95907658
   -804.99284533
   -804.97126665
   -804.96612832
   -804.97123423
   -805.00481039
   -804.96930411
   -804.93355381
   -805.00563594
   -804.96126142
   -804.96625545
   -804.96653763
   -804.99797878
   -804.97417665
   -804.98364129
   -804.99151198
   -804.96160579
   -804.96956268
   -804.93610493
   -804.98437484
   -804.96158296
   -804.98757263
   -804.97232970
   -804.96390575
   -804.98037550
   -804.97870873
   -804.95126724
   -804.97616333
   -804.97310828
   -804.94807377
   -805.00674003
   -804.97374120
   -804.96317745
   -805.00815505
   -804.96551498
   -804.94955523
   -804.96618940
   -804.99800608
   -804.98460265
   -804.98588210
   -804.95447131
   -804.96485096
   -804.93082039
   -804.98323614
   -805.00124481
   -804.98347422
   -804.97198322
   -804.98982522
   -804.97902553
   -804.99822957
   -804.95411837
   -804.99235645
   -804.98849265
   -804.97932510
   -804.96913068
   -804.97485180
   -804.95788754
   -804.92566500
   -804.99318116
   -804.97239814
   -804.96573102
   -804.99630046
   -804.96393982
   -805.00715170
   -804.95786976
   -804.94990140
   -804.99280929
   -804.90099454
   -804.99528594
   -804.98610689
   -804.99823088
   -804.87871851
   -804.95863564
   -804.91128579
   -804.99379306
   -804.88249822
   -805.01685561
   -804.98704188
   -804.95623953
   -804.96581437
   -804.89862661
   -804.89183574
   -804.96923368
   -804.98928933
   -804.91097228
   -804.98039079
   -804.95928054
   -804.99889955
   -804.98836772
   -804.99482581
   -804.96492397
   -804.95945936
   -804.95830162
   -804.95572313
   -804.90849811
   -804.99219732
   -804.99059124
   -804.89419577
   -804.94003131
   -804.99196387
   -804.90196367
   -804.94525963
   -804.95092967
   -804.99857585
   -805.01708427
   -804.95919631
   -805.00179453
   -804.99009731
   -805.00514156
   -804.94295534
   -804.99591673
   -804.88591997
   -804.98517941
   -804.97942487
   -804.98827598
   -804.98216788
   -804.91641492
   -804.98422243
   -805.00071709
   -804.95021925
   -804.91824960
   -804.98958078
   -804.96916559
   -804.98660446
   -804.98029399
   -805.00976678
   -804.98457716
   -805.01024292
   -804.97300564
   -804.97863933
   -804.94658206
   -805.00074088
   -804.99900959
   -804.96726396
   -804.97885261
   -804.91829440
   -804.94672265
   -804.96200105
   -804.97341666
   -804.96864790
   -804.97926448
   -804.97593776
   -804.98862751
   -804.95694444
   -804.99724908
   -804.98528496
   -804.99281431
   -804.93975624
   -804.99595074
   -804.96080051
   -804.97836951
   -804.99870376
   -804.98652811
   -804.98430034
   -804.92961392
   -804.96707187
   -804.98320867
   -804.98424105
   -804.99627775
   -805.00843235
   -805.00364697
   -804.91311417
   -804.97158105
   -804.97697976
   -804.97244814
   -804.98319400
   -804.97741648
   -804.79880237
   -804.95184081
   -805.00302625
   -804.98414711
   -804.99111562
   -804.99173011
   -805.00525620
   -804.97399224
   -804.98093595
   -804.98565635
   -805.00327655
   -804.91215152
   -804.98021850
   -804.96743069
   -804.97878095
   -804.98472028
   -804.89521770
   -804.98977801
   -804.96142090
   -804.98694953
   -804.98060098
   -804.96352503
   -804.90778488
   -804.99255711
   -804.97006526
   -804.96326419
   -805.00026536
   -804.99898339
   -804.96361150
   -804.95324973
   -804.96057884
   -804.97011471
   -804.98546235
   -804.93824428
   -804.99380334
   -804.98268088
   -805.00069497
   -804.96808188
   -804.99928473
   -804.98828048
   -804.98415046
   -804.98198484
   -804.90580488
   -804.87740299
   -804.86768150
   -804.97322467
   -804.99674308
   -804.97675222
   -804.99570840
   -804.94029552
   -804.96558452
   -805.01005029
   -804.99816578
   -805.01305471
   -805.01539680
   -804.97307861
   -804.95693532
   -804.98057012
   -804.97233610
   -804.96021540
   -804.96653599
   -804.97622691
   -804.94651788
   -804.96196028
   -804.91814131
   -804.95954309
   -804.86765947
   -804.98106191
   -804.98652430
   -804.95842952
   -804.98286538
   -804.97786663
   -805.00586416
   -804.96726876
   -804.96902603
   -804.95568257
   -804.97906510
   -804.97315463
   -804.98943033
   -804.97090085
   -804.98390093
   -804.97238248
   -804.98653981
   -805.00781356
   -804.98654858
   -804.99738612
   -804.96837954
   -804.89204986
   -804.99099829
   -804.97416161
   -804.97896573
   -804.98579667
   -804.97997741
   -804.96368945
   -804.92493032
   -804.99277875
   -804.99480656
   -804.98103785
   -804.98531878
   -804.96573645
   -804.97168821
   -805.00323689
   -804.99108105
   -804.94064250
   -804.96607579
   -804.95708376
   -805.00674038
   -804.90548784
   -804.91916790
   -804.93901065
   -804.96197059
   -804.96945325
   -804.96552414
   -804.94890516
   -804.97771033
   -804.99200846
   -804.99692463
   -804.99252002
   -804.96288866
   -804.99657228
   -804.87943575
   -805.00108315
   -804.98673988
   -805.00456627
   -804.98188450
   -804.95701468
   -805.00367273
   -804.93470715
   -804.99817423
   -804.98641032
   -804.97206655
   -804.93457200
   -804.98167647
   -804.97599115
   -804.92871061
   -804.99528668
   -804.87960751
   -804.98627189
   -804.94618290
   -804.97514199
   -804.94637955
   -804.96932416
   -804.97825936
   -804.93361013
   -804.97648808
   -804.95022495
   -804.99646723
   -804.91129955
   -804.96356740
   -804.97836521
   -804.94323393
   -804.94424463
   -804.98092230
   -804.97610689
   -804.98848826
   -804.93626420
   -804.96372522
   -804.97773951
   -804.95343684
   -804.95045852
   -804.93794596
   -804.96985758
   -804.97969054
   -804.95449257
   -804.97887982
   -805.01149613
   -804.97540748
   -804.97355518
   -804.95340903
   -805.00871502
   -804.93527927
   -804.95432199
   -804.97683148
   -804.96866454
   -804.96149304
   -804.95709792
   -804.98527244
   -804.99192014
   -804.99691444
   -805.01150145
   -805.00984909
   -804.89718723
   -804.90289937
   -804.99152328
   -804.96770568
   -804.93680451
   -804.99582969
   -804.94251077
   -804.96104761
   -804.93628960
   -805.00580644
   -804.98575965
   -804.97707601
   -805.00544428
   -804.96501358
   -805.00012050
   -804.96383730
   -804.97752942
   -804.94991100
   -804.98214111
   -804.95836835
   -804.95601823
   -804.94186583
   -804.97569021
   -804.98621153
   -804.99794718
   -804.99636161
   -804.98422697
   -804.97816693
   -804.96845503
   -804.96981317
   -804.97297742
   -804.88723143
   -804.92486996
   -804.98696497
   -804.91541744
   -804.99017130
   -804.98000731
   -804.97943176
   -804.97605892
   -804.96941423
   -804.97148266
   -804.95790113
   -804.96047718
   -804.97098847
   -804.94475027
   -804.98020667
   -804.99976621
   -805.01202948
   -804.96630236
   -804.97208556
   -804.93832756
   -804.97162797
   -804.98950968
   -804.99274183
   -804.99956088
   -804.98936039
   -804.95502282
   -805.00153935
   -805.00200748
   -805.00278518
   -805.01190354
   -805.00246670
   -804.96782716
   -804.93886555
   -804.98699433
   -804.96903780
   -804.98484385
   -805.00580540
   -804.98994458
   -804.89417922
   -804.98908052
   -804.94171426
   -804.96644793
   -804.93826063
   -804.99161104
   -804.96121198
   -804.90715223
   -804.91336268
   -804.96521315
   -804.97486652
   -804.95975281
   -804.97023314
   -804.99662906
   -804.97707146
   -804.99659978
   -804.98375786
   -804.98772000
   -804.98476458
   -804.98650053
   -804.96705408
   -805.00979434
   -804.99060748
   -804.99415166
   -804.98551274
   -804.98451891
   -805.01026638
   -804.97775960
   -804.89537626
   -804.98412275
   -804.92160766
   -804.94383259
   -804.99994665
   -804.97943306
   -804.97527392
   -804.98947335
   -804.96727331
   -804.96027266
   -805.00381685
   -804.96412289
   -804.99532047
   -804.94371773
   -804.93666299
   -804.96071173
   -804.93253778
   -804.97858230
   -805.00527035
   -805.00254162
   -804.97607106
   -804.97597993
   -804.94306089
   -804.91239878
   -804.99571859
   -804.99591604
   -804.98648547
   -804.98792787
   -805.00725563
   -804.99087546
   -805.00093658
   -804.99752801
   -804.98307253
   -804.96357208
   -805.00225670
   -804.96301735
   -804.99148349
   -804.96357713
   -804.97813299
   -804.97898562
   -804.96873535
   -804.98875158
   -804.93292412
   -804.96866529
   -804.99606561
   -804.90839995
   -804.95059100
   -804.97226359
   -804.96255829
   -804.97721801
   -805.00321937
   -804.95933910
   -805.01278562
   -804.87862529
   -804.90409578
   -804.98678559
   -805.01033020
   -805.00433132
   -804.99393892
   -804.98526217
   -804.96949850
   -804.99628971
   -804.93430296
   -804.96984915
   -804.89478252
   -804.94434234
   -804.97376230
   -804.96596699
   -804.87272755
   -804.97807050
   -804.99527204
   -804.97430610
   -804.98572498
   -804.97237775
   -804.91181689
   -804.94039182
   -805.00051164
   -804.96401294
   -805.00649053
   -804.98033617
   -804.98036029
   -804.97745018
   -804.97658103
   -804.96273567
   -804.92290182
   -804.86016461
   -804.99635904
   -804.91484846
   -804.93931210
   -804.99346429
   -805.00002796
   -804.98432099
   -804.99324433
   -804.97313821
   -804.94732490
   -804.88202748
   -804.98685584
   -804.97718624
   -804.98832060
   -804.96333491
   -804.97387477
   -804.92548335
   -804.97679967
   -804.96802635
   -804.94617258
   -804.95855567
   -804.95712293
   -804.97030159
   -805.00473596
   -804.99084535
   -804.98268448
   -805.00564162
   -804.97626141
   -804.89554883
   -804.94612873
   -804.95907389
   -804.94894026
   -804.99022152
   -804.97126329
   -804.97599482
   -804.99802537
   -804.93708940
   -804.96825761
   -804.96742658
   -804.94750579
   -804.97599677
   -804.91995534
   -804.91442801
   -804.85066740
   -804.96569335
   -804.96010532
   -804.94579391
   -804.92856954
   -804.99838271
   -804.95012374
   -804.96244617
   -804.94718682
   -804.97665922
   -804.97669525
   -804.97191183
   -804.98118587
   -804.96574218
   -804.98613555
   -804.98482169
   -804.98228914
   -804.98922899
   -804.96017301
   -805.01051394
   -804.97180892
   -804.95739876
   -804.97359392
   -804.97080755
   -804.91008070
   -804.91949912
   -804.99436375
   -804.96299754
   -804.99586983
   -805.00005294
   -804.98984190
   -804.98317198
   -804.97480305
   -804.94549308
   -804.89924078
   -804.98925230
   -804.97798985
   -804.95634253
   -804.98176358
   -804.96260928
   -804.97129852
   -804.99057060
   -804.94514158
   -804.96157992
   -804.97293632
   -804.88763544
   -804.88451378
   -804.98896182
   -804.87679815
   -804.97183451
   -804.96572412
   -804.97143731
   -804.95773826
   -804.97389473
   -804.96548507
   -804.97182211
   -804.96154324
   -804.95565284
   -804.98781316
   -804.96258443
   -804.90399825
   -804.90856246
   -804.88205034
   -804.97370270
   -804.92484305
   -804.98175007
   -804.96601302
   -804.91745386
   -804.95751321
   -804.96945615
   -804.99977151
   -804.90076005
   -804.96754141
   -804.93112106
   -804.96601330
   -804.98083889
   -805.00599752
   -804.97434883
   -804.87607026
   -804.93592294
   -804.93671940
   -804.97491744
   -804.97384151
   -804.94517657
   -804.96597875
   -804.97219855
   -804.87992757
   -804.96092140
   -804.98182624
   -804.98517776
   -804.96142915
   -805.00437015
   -804.97172010
   -804.99520420
   -804.96676367
   -804.91286587
   -804.95381188
   -804.98906438
   -804.96226626
   -804.97245041
   -804.92229614
   -804.88945193
   -804.96830591
   -804.97098842
   -804.97012055
   -804.96729889
   -804.99373134
   -804.97148352
   -804.86278976
   -804.95409060
   -804.97098976
   -804.96628932
   -804.96983187
   -804.97931728
   -804.97078001
   -804.97969307
   -804.98355702
   -804.98784750
   -804.96097202
   -804.92073574
   -804.94776356
   -804.98447783
   -804.94397670
   -804.95463341
   -804.99277653
   -804.92328431
   -804.98992772
   -804.98556736
   -805.00405686
   -805.00309060
   -804.96961132
   -804.97612338
   -805.00150680
   -805.01062888
   -805.00248319
   -804.95338982
   -804.99325398
   -804.90769857
   -804.96945193
   -804.99600671
   -804.96740708
   -804.94986452
   -804.98434067
   -804.98709473
   -804.99482646
   -804.98738021
   -804.98980213
   -805.00195759
   -804.99747733
   -804.96835056
   -804.94880646
   -804.93882390
   -804.98200361
   -804.94037939
   -805.00976762
   -804.97265743
   -804.99057535
   -804.98867030
   -804.99064838
   -804.97175935
   -804.95131002
   -805.00479453
   -804.93179369
   -804.96314601
   -804.95012354
   -804.98685043
   -804.99850680
   -804.96969264
   -804.92569407
   -804.96449658
   -804.99338810
   -804.99523822
   -804.99966525
   -804.95121387
   -804.99568174
   -804.96995633
   -804.96586899
   -804.98778752
   -805.00562045
   -804.93224575
   -804.99117500
   -804.98195817
   -804.98294149
   -804.97494802
   -804.97476782
   -804.97171086
   -804.97332195
   -804.98611901
   -804.98004976
   -804.96699716
   -804.97536251
   -804.98014723
   -804.93577671
   -804.94612906
   -804.95964931
   -804.99151972
   -804.94441578
   -804.95691488
   -804.97581613
   -804.99327951
   -804.95776507
   -804.97233710
   -804.95709328
   -804.88819503
   -804.96139849
   -804.88704208
   -804.97033550
   -804.98612006
   -804.99702163
   -804.98772467
   -804.96920265
   -804.95776487
   -804.98399947
   -804.93416010
   -804.89169072
   -804.88146551
   -805.00595212
   -804.92966709
   -804.96269013
   -804.88756319
   -804.99536191
   -804.88770889
   -804.98720509
   -804.99734764
   -804.92469907
   -804.97485540
   -804.98713934
   -804.90520941
   -804.94913884
   -804.97879203
   -804.99909444
   -804.97949904
   -804.97739620
   -804.94946910
   -804.95868210
   -804.88177109
   -805.01169035
   -804.97141555
   -804.91870952
   -804.98177271
   -804.87399007
   -804.98942730
   -805.00773924
   -804.98192707
   -804.96020384
   -804.93113748
   -804.95618728
   -804.95720191
   -804.97670599
   -804.98110590
   -804.98635445
   -804.95125213
   -805.01231488
   -805.00243840
   -804.99566757
   -805.01695955
   -804.95895251
   -804.98215820
   -804.99277785
   -804.96343671
   -804.96989619
   -804.97818804
   -804.99227277
   -804.94423249
   -804.98416013
   -804.97349513
   -804.97665540
   -804.90867409
   -804.98950949
   -804.94102281
   -804.96261750
   -804.96517165
   -804.98312730
   -804.93554718
   -804.95071669
   -804.98527738
   -804.98770851
   -804.98574043
   -804.99445525
   -804.84812755
   -804.95103955
   -804.97015007
   -804.97091196
   -805.00338911
   -804.95418726
   -804.95293993
   -804.97194937
   -804.97730239
   -804.97175132
   -804.97915631
   -804.99462217
   -804.97165065
   -804.98715058
   -804.97333221
   -804.95810777
   -804.97163547
   -805.00579847
   -804.99371875
   -804.98782195
   -804.97239577
   -805.01200716
   -804.94679940
   -804.97384431
   -804.97909871
   -804.98634727
   -804.96863041
   -805.00882194
   -804.95960726
   -805.01208792
   -804.94921458
   -804.95572221
   -804.97092561
   -805.00527234
   -805.00511550
   -804.94149161
   -804.89184179
   -804.99472927
   -804.94608802
   -804.95558906
   -804.95326269
   -804.99598193
   -804.98356088
   -805.00364151
   -804.95547661
   -804.97580716
   -804.95514006
   -804.95893568
   -804.98859961
   -804.99133113
   -804.95480881
   -804.96845221
   -804.99559020
   -805.00312039
   -804.99134391
   -804.96505016
   -805.00142259
   -804.91009583
   -804.97921519
   -804.95890021
   -804.97059870
   -804.97937761
   -804.95351776
   -805.00484898
   -804.99703974
   -804.92878785
   -804.96302646
   -804.97262214
   -804.98014799
   -804.95227233
   -805.00437430
   -804.98669797
   -805.00512725
   -804.99106392
   -804.99747322
   -804.97619830
   -804.99094229
   -804.90146588
   -804.98640514
   -804.90695179
   -805.00365956
   -804.98438064
   -804.95589774
   -805.01022171
   -804.92487992
   -804.96655240
   -804.97019756
   -805.01648373
   -804.98396104
   -804.97588214
   -804.99671375
   -804.91014209
   -804.96111941
   -804.98666393
   -804.97010942
   -804.95318093
   -804.85953521
   -804.98626459
   -804.98771381
   -804.97814294
   -804.97492881
   -804.95909266
   -804.98132456
   -804.87716834
   -804.98830583
   -804.98225142
   -804.99268784
   -804.85069306
   -804.96497514
   -804.94646907
   -804.98786189
   -804.99920887
   -804.98860294
   -805.00405836
   -804.96304837
   -804.91825068
   -804.97748738
   -804.98351565
   -804.96413079
   -804.99163628
   -804.95962084
   -804.97992673
   -804.97535729
   -804.96580353
   -804.98425718
   -804.98437684
   -805.01108721
   -805.00797967
   -804.91670455
   -804.96302997
   -804.91563924
   -804.99567785
   -804.99208673
   -804.94561248
   -804.95901990
   -804.94810613
   -804.97176116
   -805.00354132
   -804.93317816
   -804.95413007
   -804.95431651
   -804.99349074
   -804.95195225
   -804.98220079
   -804.99038871
   -804.98897450
   -804.94454983
   -804.94653090
   -804.96708688
   -804.99190498
   -804.94714518
   -804.98962736
   -805.00365324
   -804.98443100
   -804.98010440
   -804.99586689
   -804.96749897
   -804.95835248
   -804.93754116
   -804.97781282
   -804.98783216
   -804.90070916
   -804.94314036
   -804.96067719
   -804.96854207
   -804.96854461
   -804.97428445
   -804.99421621
   -804.97854197
   -804.99004019
   -804.98427032
   -804.96897996
   -804.93397918
   -804.98077806
   -804.93154681
   -804.97344369
   -804.98134515
   -804.97099961
   -804.94150663
   -804.99330470
   -804.97896200
   -804.88449659
   -804.97347752
   -805.00178235
   -804.99701313
   -804.94084179
   -804.99137166
   -805.00331873
   -804.94735810
   -804.96056627
   -804.98819531
   -804.98681033
   -804.93742313
   -805.00130433
   -804.97027718
   -804.97874306
   -804.95139415
   -804.98312577
   -804.86345625
   -804.98684619
   -804.96383424
   -804.96529159
   -804.99918280
   -805.00483875
   -804.95288219
   -804.99143464
   -804.98286984
   -805.00250048
   -804.93307639
   -804.98941057
   -804.94553812
   -804.95640891
   -804.98269401
   -804.98353101
   -805.00596452
   -804.97778667
   -804.99102166
   -805.00399311
   -804.96060404
   -804.99366289
   -804.97505751
   -804.99307268
   -805.00497929
   -804.94763948
   -804.98571783
   -804.98069552
   -804.90439242
   -804.97235202
   -804.99383641
   -804.96515676
   -804.98722242
   -804.95504214
   -804.98908630
   -804.99362575
   -804.89282648
   -804.95693018
   -804.96736831
   -804.96654222
   -805.00995365
   -804.98472941
   -804.97666050
   -804.94942725
   -804.99306040
   -804.98400868
   -804.98777804
   -805.01040701
   -804.97928820
   -804.96960698
   -804.98322989
   -804.94807832
   -804.91883749
   -805.00475411
   -804.95716593
   -804.95957489
   -804.98370642
   -805.01493544
   -804.94608864
   -804.99961800
   -804.84260126
   -804.88423665
   -804.96264201
   -804.94525912
   -804.99710510
   -804.99066816
   -804.98576757
   -804.97723472
   -804.98708575
   -804.96530071
   -804.97604980
   -804.92319015
   -804.93445754
   -804.99503937
   -804.94184810
   -804.96503959
   -804.97054702
   -804.98486793
   -804.96018176
   -804.99389659
   -804.98956125
   -804.98750592
   -804.96191814
   -804.95628199
   -804.97779666
   -804.97728655
   -804.95727506
   -804.92422485
   -804.97190723
   -804.97787330
   -804.94766147
   -804.99263008
   -805.00778768
   -804.99081420
   -804.98566472
   -804.96182963
   -804.94491197
   -804.98129129
   -805.00687844
   -804.96968483
   -804.98174059
   -804.98452070
   -804.92458674
   -805.00852910
   -804.96541293
   -804.94917259
   -804.98823009
   -804.98545973
   -804.91297203
   -804.98725771
   -804.98002837
   -804.99050222
   -804.98302214
   -804.93662738
   -804.90734857
   -804.97188435
   -804.96415840
   -805.00053669
   -804.95966778
   -804.93791176
   -804.97310667
   -804.95740762
   -804.98264159
   -804.93090008
   -804.96511077
   -804.91826554
   -804.96605212
   -804.98751512
   -804.98724771
   -804.95235164
   -804.89544154
   -805.00305024
   -804.99496926
   -804.97273188
   -804.97771422
   -804.98035620
   -804.98778910
   -804.97488933
   -804.99394261
   -805.01004559
   -804.96831066
   -804.95419231
   -804.97859314
   -804.98440140
   -804.98059608
   -804.96976901
   -804.94379378
   -804.95669895
   -804.96204169
   -804.96783214
   -805.00988540
   -804.95473384
   -804.88500295
   -804.98178534
   -804.97637517
   -804.93024309
   -804.95174694
   -804.99542285
   -804.98472242
   -804.98724015
   -804.96112858
   -804.96010076
   -804.98896578
   -804.97884495
   -804.99796994
   -805.01403573
   -804.95608587
   -805.00133517
   -804.99962624
   -804.89066153
   -804.98429848
   -804.97130314
   -804.97575800
   -804.93138374
   -804.94310469
   -804.94167130
   -804.95046032
   -804.96712564
   -804.88611065
   -804.94423727
   -805.00365610
   -804.94944981
   -804.97470925
   -804.99384691
   -804.99721768
   -804.97915792
   -804.97593109
   -804.97177885
   -805.00896489
   -804.99243880
   -804.99634949
   -804.95852844
   -804.96645950
   -804.99196390
   -804.96785211
   -805.00921036
   -804.94290678
   -804.90970022
   -804.93849235
   -804.95032372
   -805.00214626
   -804.96646450
   -804.97350936
   -804.99684445
   -804.99220884
   -804.95354058
   -804.97417644
   -804.97880053
   -804.97741819
   -804.98061162
   -804.96061584
   -804.93076322
   -804.92610972
   -804.95569245
   -805.00104766
   -804.97247756
   -805.00944062
   -804.94736902
   -804.95347100
   -804.97107207
   -804.96276734
   -804.99005771
   -804.93069061
   -804.96933194
   -805.01352974
   -804.98533577
   -804.97233663
   -804.92077192
   -804.96226931
   -804.98630649
   -804.96233129
   -804.97948755
   -804.94996710
   -804.94510254
   -804.94775674
   -804.99064741
   -804.99701882
   -804.99518270
   -804.99813915
   -804.97229990
   -804.95121630
   -804.96323871
   -804.94316834
   -804.98037010
   -804.97113042
   -804.99715924
   -804.96127827
   -804.99011246
   -804.97554639
   -804.98230949
   -804.95241274
   -804.95925373
   -804.95256173
   -805.00537817
   -804.99174589
   -804.97499804
   -804.97739542
   -804.97341690
   -804.97014640
   -804.99989048
   -804.95749361
   -804.94696959
   -804.96592811
   -804.99908652
   -804.96433945
   -804.99411274
   -804.99151939
   -804.99096275
   -804.95865880
   -804.98886426
   -804.95119515
   -804.93264346
   -804.92785299
   -804.98654731
   -804.99478358
   -804.99445123
   -804.98824861
   -804.95841304
   -804.89702284
   -804.98175947
   -804.98667561
   -804.99545171
   -804.98778769
   -804.98193806
   -804.99299138
   -804.94820396
   -804.99114495
   -804.91659425
   -804.99428576
   -804.96595970
   -804.93762906
   -804.96964793
   -804.99319684
   -804.96576927
   -804.95565763
   -804.98862859
   -804.93333120
   -804.97440270
   -804.96566426
   -804.95317449
   -804.96471534
   -804.89525130
   -805.01207251
   -804.96492065
   -805.00052435
   -804.99638025
   -805.00047483
   -804.97446474
   -804.93902330
   -804.90138656
   -804.94215314
   -805.00249305
   -804.98409921
   -804.99150021
   -804.99154677
   -804.98853700
   -804.97609580
   -804.95524797
   -804.97552360
   -804.98278136
   -804.96530452
   -804.96236651
   -804.99983567
   -804.95071403
   -804.97309348
   -805.00107379
   -804.92630433
   -804.92918569
   -804.98014191
   -804.97958229
   -804.95684619
   -804.97131991
   -804.96631708
   -805.01508230
   -804.95091094
   -804.98705447
   -804.96330642
   -804.99198687
   -804.94525965
   -804.99562792
   -804.97625418
   -804.99238848
   -804.98999855
   -804.98316231
   -804.97553648
   -805.00664318
   -804.94288914
   -804.99039686
   -805.00703209
   -805.01069416
   -804.96175373
   -804.97967489
   -804.97001339
   -804.94641944
   -804.97107157
   -804.94654304
   -804.96561179
   -804.97596875
   -805.01616137
   -804.97084859
   -804.96068375
   -804.99908819
   -804.95678171
   -805.00225430
   -804.95950384
   -804.96405091
   -804.97024923
   -804.97088239
   -804.86807157
   -804.95884118
   -804.97138744
   -805.00642301
   -804.97724214
   -804.95581169
   -804.97789255
   -804.95750623
   -804.96713872
   -804.99597535
   -804.82744918
   -804.98402648
   -804.97480254
   -804.98574572
   -804.97807608
   -804.98063469
   -804.99435046
   -804.94755021
   -804.88622517
   -804.95056492
   -804.96185328
   -804.98894495
   -804.99460020
   -804.96203811
   -804.98681944
   -804.96841834
   -804.98078281
   -805.00690459
   -804.98597013
   -805.00582971
   -804.98563168
   -804.97366881
   -804.97008745
   -804.98292208
   -804.95153966
   -804.99567028
   -804.98587138
   -804.99347996
   -804.96819737
   -804.97789838
   -804.96701927
   -804.98635899
   -804.95691704
   -804.96628625
   -804.96502234
   -805.00693568
   -804.94512956
   -804.98327339
   -804.93637429
   -804.94015143
   -804.97494986
   -804.98779298
   -804.97454155
   -805.00973304
   -804.97533316
   -805.01144027
   -804.97056620
   -804.98057725
   -804.97102166
   -804.93856937
   -804.99716628
   -804.97580043
   -804.99010019
   -804.96859389
   -804.94656961
   -804.98512667
   -804.98220063
   -804.97608985
   -805.00005815
   -804.98704467
   -804.96823735
   -804.88300737
   -804.97890354
   -804.88525703
   -804.97988988
   -804.92634516
   -804.95686378
   -804.90734256
   -804.94354894
   -804.99060944
   -804.97536626
   -804.94768382
   -804.97349743
   -804.98487712
   -804.97522864
   -804.96321284
   -804.98030354
   -804.94925514
   -804.93355057
   -804.94582040
   -804.96282146
   -804.97188238
   -804.96438374
   -804.97870331
   -804.93010216
   -805.00521732
   -804.89926070
   -804.98285151
   -805.00784336
   -804.93984288
   -804.98949201
   -804.96949062
   -804.97029355
   -804.95475609
   -804.98051669
   -804.91234164
   -804.99575927
   -805.00111291
   -804.94033153
   -804.95038383
   -805.00866892
   -804.99144998
   -804.97675335
   -804.95938114
   -804.98611723
   -804.94473371
   -804.97656089
   -804.96635941
   -804.96254384
   -805.00068080
   -804.94661530
   -805.00739009
   -804.94459093
   -804.98231066
   -804.99137583
   -804.96779627
   -804.99758765
   -804.99168062
   -804.96412547
   -804.95162035
   -804.98126615
   -804.96186908
   -804.94452542
   -804.98544024
   -805.01015078
   -804.92081529
   -804.95954029
   -804.96040660
   -804.99655325
   -804.99527715
   -804.95745838
   -804.98569147
   -805.00147043
   -804.97519602
   -804.98348787
   -804.98584472
   -804.98340362
   -805.00550801
   -804.99472661
   -804.98016307
   -804.99145030
   -804.95394185
   -804.95955971
   -804.99645665
   -804.99327591
   -805.00804763
   -804.96123783
   -804.98203660
   -805.00115109
   -805.00479702
   -805.01656729
   -804.99140510
   -804.96679789
   -804.97792630
   -805.00465012
   -805.00009595
   -804.95828063
   -804.95566173
   -804.99116830
   -804.97610537
   -804.98180236
   -804.98920205
   -804.95703313
   -804.95650539
   -804.96541113
   -804.91338516
   -804.96583013
   -804.98978654
   -804.89700994
   -804.90171956
   -804.96842389
   -804.99155425
   -804.97697683
   -804.95124237
   -804.94480056
   -804.97743793
   -804.96734997
   -804.92636508
   -804.97734182
   -804.96019542
   -804.98276641
   -804.99454721
   -804.96971353
   -804.96024760
   -804.94469529
   -804.98700347
   -804.99580427
   -804.96987860
   -804.98977201
   -804.99784966
   -804.98145152
   -805.01396052
   -804.99280588
   -805.00977597
   -804.96703381
   -804.97788222
   -805.01368450
   -804.97429720
   -804.99469415
   -804.98540358
   -805.00719420
   -805.00004875
   -804.96464017
   -804.94834987
   -804.98201616
   -804.96201684
   -804.96554172
   -804.98051817
   -804.96398877
   -804.97186093
   -804.89148313
   -805.00520951
   -804.98777480
   -804.92958334
   -804.92305093
   -804.98649813
   -804.93973413
   -804.96308379
   -805.00267760
   -804.99716677
   -804.98396615
   -804.99116645
   -804.97740477
   -804.97965625
   -804.95862037
   -804.95252687
   -804.95012398
   -804.98224232
   -804.96020857
   -804.99331031
   -804.98194695
   -804.97694617
   -805.00207817
   -804.99362174
   -805.00364359
   -804.98169981
   -805.00593368
   -804.98574076
   -805.00013228
   -804.96651439
   -804.96737113
   -804.96957550
   -805.01858317
   -804.96234232
   -804.97434815
   -804.92205239
   -804.98023659
   -804.93043341
   -804.94641228
   -804.97999652
   -804.97335543
   -804.93133143
   -804.97196721
   -804.99617670
   -804.99734247
   -805.00762764
   -804.95835270
   -804.99418679
   -805.00298915
   -804.90803189
   -804.96370592
   -805.00028504
   -804.96586790
   -804.97116931
   -805.00460803
   -804.98355290
   -804.98403610
   -804.96978504
   -805.00591351
   -805.00230987
   -804.97030762
   -804.99157869
   -804.96889396
   -804.96265049
   -804.94568342
   -804.96062491
   -804.94953461
   -804.98897369
   -804.98766562
   -804.98283145
   -804.98658437
   -804.98037344
   -805.00657882
   -805.00081668
   -804.96385992
   -804.93522838
   -804.96755606
   -804.98563482
   -804.96866669
   -804.98929638
   -804.94513930
   -805.00077958
   -804.99721052
   -804.99413629
   -805.00405697
   -804.97541315
   -804.98413073
   -804.96008162
   -804.93210722
   -805.00569745
   -804.97008294
   -804.95142384
   -804.96393305
   -805.01226174
   -804.98516397
   -804.98179613
   -804.96648251
   -804.94892772
   -804.99125227
   -804.98158980
   -804.95730270
   -805.00785057
   -805.01498537
   -804.97091351
   -804.93771345
   -804.92774224
   -804.99930609
   -804.98631438
   -805.01946677
   -804.99115549
   -804.96585235
   -804.99916825
   -804.94709461
   -804.98314687
   -804.94727294
   -804.96308635
   -804.98583309
   -804.87052810
   -804.96370924
   -805.00706682
   -804.94035308
   -804.94379703
   -804.94868765
   -804.98945529
   -804.96271694
   -804.98762592
   -804.95932742
   -804.97296350
   -804.91909717
   -804.97965494
   -804.96487499
   -804.97155534
   -804.98060259
   -805.00076212
   -804.96016818
   -804.99661838
   -804.98402289
   -804.99452260
   -804.98414420
   -804.98066848
   -804.98668677
   -804.96812845
   -804.94543551
   -804.97876302
   -804.93849743
   -804.98274792
   -804.97231391
   -805.01130986
   -804.97370278
   -804.97833872
   -804.96625974
   -804.94421148
   -804.96453714
   -804.98496683
   -804.97806738
   -805.00575641
   -804.98204411
   -804.98427575
   -804.94562573
   -804.93129823
   -804.97669314
   -804.96561563
   -804.97855518
   -804.92692673
   -804.96428476
   -804.97509681
   -804.97716414
   -804.96760523
   -804.93825498
   -804.96641358
   -804.98899218
   -804.94724892
   -804.97727618
   -804.98756375
   -804.98631506
   -804.99176284
   -804.98861536
   -805.00501473
   -804.98788559
   -804.98671897
   -804.99109729
   -804.99118982
   -804.96915996
   -804.92555042
   -804.95007114
   -804.97215464
   -804.93356367
   -804.96854502
   -804.98878898
   -805.00233122
   -804.95437399
   -804.98833684
   -804.98653010
   -804.97288740
   -804.95881775
   -804.96195251
   -804.99903388
   -804.98784233
   -804.96973906
   -804.99508250
   -804.98020069
   -804.89406532
   -804.97368926
   -804.95234571
   -804.96834266
   -804.91463263
   -804.97625134
   -804.95508692
   -804.98314397
   -804.92147684
   -804.99051494
   -804.99008930
   -804.98444486
   -805.01033568
   -804.94857747
   -804.87360466
   -804.99514732
   -804.91883035
   -804.94494606
   -804.96327021
   -804.98081839
   -804.95472126
   -804.96761364
   -804.97109749
   -804.95436879
   -804.97030579
   -804.96480473
   -804.98567599
   -804.94779799
   -804.92690124
   -804.98689865
   -804.92262020
   -805.00345792
   -804.96170819
   -804.97024516
   -805.00194063
   -804.97626419
   -804.96232111
   -804.98406844
   -804.98154969
   -804.93422042
   -804.96618832
   -804.98702070
   -804.98722332
   -804.98162470
   -804.99018504
   -804.97372566
   -804.94079563
   -804.97920371
   -804.99584414
   -804.98240555
   -804.97991439
   -804.99162687
   -804.94149148
   -804.98805757
   -804.98108475
   -804.99353971
   -804.88707192
   -805.00346079
   -805.00149662
   -804.95536691
   -804.95796123
   -804.98491053
   -805.00141717
   -804.97165768
   -804.98116387
   -804.97024044
   -804.98626325
   -804.96250198
   -805.00288343
   -804.96399003
   -805.00294914
   -804.98583875
   -804.98773493
   -804.97461049
   -804.96226376
   -804.98731297
   -804.98695580
   -804.92703054
   -804.97781539
   -804.96069416
   -804.97606924
   -804.93722218
   -804.96317158
   -804.99917237
   -804.98078999
   -804.96345762
   -804.97696906
   -804.97969764
   -804.95898278
   -804.99433612
   -805.00279802
   -804.88501970
   -804.98410245
   -805.00209726
   -804.95204804
   -804.96288678
   -804.95242575
   -804.95416210
   -805.00147212
   -804.98087797
   -805.00235849
   -804.98091223
   -804.94988912
   -804.96399486
   -804.97702345
   -804.97419252
   -804.95699364
   -805.01918821
   -804.98859241
   -804.93582845
   -804.97883189
   -804.97162677
   -804.96717951
   -804.89895633
   -804.97464314
   -804.95025913
   -804.96988615
   -804.94563366
   -804.95563894
   -804.96023813
   -804.96632979
   -804.95698142
   -804.99154784
   -804.99615386
   -804.98883989
   -804.99839643
   -804.95958807
   -804.95013895
   -804.90947842
   -804.85837981
   -804.96369236
   -804.93040155
   -804.98969703
   -804.99883564
   -804.94253188
   -804.91760074
   -804.99647374
   -804.99529335
   -804.98174302
   -805.00052509
   -804.96046946
   -804.89931426
   -804.97429575
   -804.93624446
   -804.97705478
   -804.97127530
   -804.99840213
   -804.97337118
   -804.99680143
   -804.98945281
   -804.98252735
   -804.98916047
   -804.99488270
   -804.96426053
   -804.96191703
