% The following energies apply to conformations described by the topology 
% R16_iter1.top.  Structures are given in trajectory coords.cdf, count: 92.

% Item 0:
%   Energy -> orca_structures/coor*/NConf*.out
   -805.02156882
   -805.02546523
   -805.02660392
   -805.02790408
   -805.01857987
   -805.02185177
   -805.02556122
   -805.01979206
   -805.02566852
   -805.01455561
   -805.02470308
   -805.02701543
   -805.02186810
   -805.02603236
   -805.02005896
   -805.02545306
   -805.01577420
   -805.02619970
   -805.02616615
   -805.01448708
   -805.02558326
   -805.02043071
   -805.02722152
   -805.02695321
   -805.02684336
   -805.01458998
   -805.01563049
   -805.02014072
   -805.02057301
   -805.02042678
   -805.01879706
   -805.02783677
   -805.02654483
   -805.01580189
   -805.02759841
   -805.02680212
   -805.02152394
   -805.01878399
   -805.01961079
   -805.01988635
   -805.01576556
   -805.02063834
   -805.02063528
   -805.02697529
   -805.02149450
   -805.02201965
   -805.02045616
   -805.02053145
   -805.01960137
   -805.01993642
   -805.01896455
   -805.01998420
   -805.02180721
   -805.02537138
   -805.01898572
   -805.01883519
   -805.01939293
   -805.01953160
   -805.02574317
   -805.02620768
   -805.02182245
   -805.02741555
   -805.02837599
   -805.02227094
   -805.02022266
   -805.02615532
   -805.02228336
   -805.01342598
   -805.01380646
   -805.01867042
   -805.02173077
   -805.01423788
   -805.02701246
   -805.01911731
   -805.02147572
   -805.02008766
   -805.01912269
   -805.02677814
   -805.02630376
   -805.02151788
   -805.01947745
   -805.02716630
   -805.02419473
   -805.01872101
   -805.02604898
   -805.02614869
   -805.01963168
   -805.02173894
   -805.02256880
   -805.02726009
   -805.02028824
   -805.01875863
