% The following energies apply to conformations described by the topology 
% R20.top.  Structures are given in trajectory coords.cdf, count: 2884.

% Item 0:
%   Energy -> orca_structures/coor*/Conf*.out
   -765.66898727
   -765.55783219
   -765.68677473
   -765.70092496
   -765.67814884
   -765.65596080
   -765.68909491
   -765.65972980
   -765.71049256
   -765.66621922
   -765.67175766
   -765.67052205
   -765.68138536
   -765.70373338
   -765.67629932
   -765.65264988
   -765.67118240
   -765.58815439
   -765.67713922
   -765.63943699
   -765.69713091
   -765.68970543
   -765.71932240
   -765.68383803
   -765.69289310
   -765.71409445
   -765.67578387
   -765.70254091
   -765.69400270
   -765.59214014
   -765.61667927
   -765.69887079
   -765.59634532
   -765.65222678
   -765.68446079
   -765.67231190
   -765.67583740
   -765.67404846
   -765.59741662
   -765.68815590
   -765.69382226
   -765.67121094
   -765.70946502
   -765.68746786
   -765.70669027
   -765.67060711
   -765.68164606
   -765.69278312
   -765.67672024
   -765.68651782
   -765.67750138
   -765.65722038
   -765.69867089
   -765.62797512
   -765.66092848
   -765.67081706
   -765.65989106
   -765.60447249
   -765.69410441
   -765.71462282
   -765.67438282
   -765.72239590
   -765.66776820
   -765.63336599
   -765.68713040
   -765.65095086
   -765.69452117
   -765.67187157
   -765.64852441
   -765.66168794
   -765.68284339
   -765.60687488
   -765.67387734
   -765.67086243
   -765.70494542
   -765.68432106
   -765.65373007
   -765.69123023
   -765.66224027
   -765.68395098
   -765.68573684
   -765.66599673
   -765.66585781
   -765.66053249
   -765.60518017
   -765.67946972
   -765.61276238
   -765.65066517
   -765.70076015
   -765.66319290
   -765.68919951
   -765.64974468
   -765.67709903
   -765.68345443
   -765.59059673
   -765.69556160
   -765.69093453
   -765.68664948
   -765.63942912
   -765.69019565
   -765.66779413
   -765.67767081
   -765.65528663
   -765.64544160
   -765.63718713
   -765.68376274
   -765.68458347
   -765.65494318
   -765.68907714
   -765.68400285
   -765.70098423
   -765.66816224
   -765.69900323
   -765.66103036
   -765.67779715
   -765.67366598
   -765.72396554
   -765.68548106
   -765.70504479
   -765.64172233
   -765.68072802
   -765.69810309
   -765.66185608
   -765.67665945
   -765.70095076
   -765.63099455
   -765.67700280
   -765.68361223
   -765.67544518
   -765.69707580
   -765.69200903
   -765.62503322
   -765.66373398
   -765.64870126
   -765.65280301
   -765.69059750
   -765.66541019
   -765.70064556
   -765.67447485
   -765.68390223
   -765.70292566
   -765.66645173
   -765.68158008
   -765.67810552
   -765.69587034
   -765.66775217
   -765.66466038
   -765.69919667
   -765.68175818
   -765.58531581
   -765.66590072
   -765.67709445
   -765.66661009
   -765.69272561
   -765.69200406
   -765.62459258
   -765.71269430
   -765.68754497
   -765.67032571
   -765.67733871
   -765.63800258
   -765.68478309
   -765.70366157
   -765.59885702
   -765.67657826
   -765.69054902
   -765.68286421
   -765.66981582
   -765.69247991
   -765.69522433
   -765.71582994
   -765.68808534
   -765.66208441
   -765.69048402
   -765.69379774
   -765.69608574
   -765.63632211
   -765.68631220
   -765.69244334
   -765.65928510
   -765.69442123
   -765.65557737
   -765.65902095
   -765.68144652
   -765.67996248
   -765.67526763
   -765.69715679
   -765.66843055
   -765.72065723
   -765.70615118
   -765.66733800
   -765.68303691
   -765.69388559
   -765.68066708
   -765.67152693
   -765.69460908
   -765.66567757
   -765.66991104
   -765.67808363
   -765.70056014
   -765.60424357
   -765.66239851
   -765.66902605
   -765.65143868
   -765.67675147
   -765.69216912
   -765.60988037
   -765.65892981
   -765.66540141
   -765.69193000
   -765.68895555
   -765.70667947
   -765.68831840
   -765.69873144
   -765.65694708
   -765.65447493
   -765.70237344
   -765.66795155
   -765.65696548
   -765.67053049
   -765.64802837
   -765.68425183
   -765.67080353
   -765.70878602
   -765.63035816
   -765.69232574
   -765.58999474
   -765.68108659
   -765.67738499
   -765.68034734
   -765.69085723
   -765.61771142
   -765.68921654
   -765.62969713
   -765.70600431
   -765.68838172
   -765.68208284
   -765.68181387
   -765.68741431
   -765.66057447
   -765.67640731
   -765.69022968
   -765.68252880
   -765.68492427
   -765.69353802
   -765.70167212
   -765.66211351
   -765.72230996
   -765.67428609
   -765.69912140
   -765.70453798
   -765.65855316
   -765.69274676
   -765.66917482
   -765.68217495
   -765.69277601
   -765.66812051
   -765.68162467
   -765.65729881
   -765.68986235
   -765.67501700
   -765.69583225
   -765.68112648
   -765.68835518
   -765.68865493
   -765.66072426
   -765.66659359
   -765.67266380
   -765.68208177
   -765.66607162
   -765.70431368
   -765.66026120
   -765.69883234
   -765.70019756
   -765.68941980
   -765.68333559
   -765.66810927
   -765.69607352
   -765.69862600
   -765.71555578
   -765.69981231
   -765.66418558
   -765.66858701
   -765.65340233
   -765.66551308
   -765.65985899
   -765.68937088
   -765.66564426
   -765.66317244
   -765.70071664
   -765.67195908
   -765.65863990
   -765.67212547
   -765.69315923
   -765.66436025
   -765.68577607
   -765.64942798
   -765.60267729
   -765.70777236
   -765.69547598
   -765.70383084
   -765.70667047
   -765.67996784
   -765.68640072
   -765.65527250
   -765.66909020
   -765.66773177
   -765.68732867
   -765.70076977
   -765.70262501
   -765.68058526
   -765.69544068
   -765.68624018
   -765.69832082
   -765.68466600
   -765.68874914
   -765.68110427
   -765.66989159
   -765.66691580
   -765.67655252
   -765.60459136
   -765.67801677
   -765.63799559
   -765.69796686
   -765.67220427
   -765.67835372
   -765.69429509
   -765.70546236
   -765.68405188
   -765.69327081
   -765.69331743
   -765.57413058
   -765.60351514
   -765.69143638
   -765.66004339
   -765.69258159
   -765.70485964
   -765.69653747
   -765.68319859
   -765.68274570
   -765.67024528
   -765.68857953
   -765.67804191
   -765.68007797
   -765.69197783
   -765.70090941
   -765.65256960
   -765.69464143
   -765.65433065
   -765.69527570
   -765.66871230
   -765.68803731
   -765.67830389
   -765.71604648
   -765.67154225
   -765.67722961
   -765.67290417
   -765.69661641
   -765.68990210
   -765.69763597
   -765.69027907
   -765.68874597
   -765.69587826
   -765.68226208
   -765.72090968
   -765.67754860
   -765.66950115
   -765.69961897
   -765.61881570
   -765.60529510
   -765.67821164
   -765.59539847
   -765.69411179
   -765.70335038
   -765.68885376
   -765.69132135
   -765.66896999
   -765.68706609
   -765.65597550
   -765.66803614
   -765.67718155
   -765.70812048
   -765.70182383
   -765.65029776
   -765.66397899
   -765.65861467
   -765.71246830
   -765.69828725
   -765.68199762
   -765.67116028
   -765.70711902
   -765.70131364
   -765.67025079
   -765.66655997
   -765.70419756
   -765.68127867
   -765.69633280
   -765.68703642
   -765.67084027
   -765.68246835
   -765.65230458
   -765.58530453
   -765.69414633
   -765.68562761
   -765.68666845
   -765.68731318
   -765.68931284
   -765.66906810
   -765.61182734
   -765.67529119
   -765.67831746
   -765.70813227
   -765.69658776
   -765.70106138
   -765.66036408
   -765.68307848
   -765.61675034
   -765.60859698
   -765.67960623
   -765.70979889
   -765.70852763
   -765.67833409
   -765.69385015
   -765.68243238
   -765.66407937
   -765.59327688
   -765.72959381
   -765.69791131
   -765.64972247
   -765.70180592
   -765.68694500
   -765.66032296
   -765.57842818
   -765.71215402
   -765.68736289
   -765.69155819
   -765.68323977
   -765.67065783
   -765.68915302
   -765.69006023
   -765.61133389
   -765.69899645
   -765.69334461
   -765.71283814
   -765.68146028
   -765.71721687
   -765.67411752
   -765.67053058
   -765.64860913
   -765.68788837
   -765.68405748
   -765.60715915
   -765.66566813
   -765.70935273
   -765.69059474
   -765.65549842
   -765.64918588
   -765.57880670
   -765.67473255
   -765.67697832
   -765.71255335
   -765.67839630
   -765.67383608
   -765.62812158
   -765.66054004
   -765.66888904
   -765.67345228
   -765.70718701
   -765.69259511
   -765.59248053
   -765.57857353
   -765.67150801
   -765.69218908
   -765.69560901
   -765.66822965
   -765.70820256
   -765.71190476
   -765.70999778
   -765.62712261
   -765.68478715
   -765.70186645
   -765.66269344
   -765.68900531
   -765.68451935
   -765.67708126
   -765.71020612
   -765.68261022
   -765.67948025
   -765.69036960
   -765.69905673
   -765.67271468
   -765.67864330
   -765.66692552
   -765.69787271
   -765.61190142
   -765.68180583
   -765.67687985
   -765.64631446
   -765.62672120
   -765.71232144
   -765.67784744
   -765.67021578
   -765.71386032
   -765.66825439
   -765.68556804
   -765.67339935
   -765.69002635
   -765.67081245
   -765.68893843
   -765.70399596
   -765.69188373
   -765.69993977
   -765.62748204
   -765.67563268
   -765.67479125
   -765.68692361
   -765.70370867
   -765.69162129
   -765.65854942
   -765.68438020
   -765.70172470
   -765.67960471
   -765.68059396
   -765.70299638
   -765.68303701
   -765.70246838
   -765.67472747
   -765.67154061
   -765.69624094
   -765.67576480
   -765.65103528
   -765.67219849
   -765.67796139
   -765.67523363
   -765.68014641
   -765.68296051
   -765.66904164
   -765.69092368
   -765.67097048
   -765.69327394
   -765.68412554
   -765.66989119
   -765.64374883
   -765.70475881
   -765.65630216
   -765.64925945
   -765.71135328
   -765.67517942
   -765.70507116
   -765.69043962
   -765.69978397
   -765.67922669
   -765.67085462
   -765.69145924
   -765.69715965
   -765.65759604
   -765.71084034
   -765.69064436
   -765.67407588
   -765.67435736
   -765.69209040
   -765.68510571
   -765.67088002
   -765.68463386
   -765.59584970
   -765.68078857
   -765.69634104
   -765.66203541
   -765.70238410
   -765.68048179
   -765.65737847
   -765.63785650
   -765.67296678
   -765.67647985
   -765.68932817
   -765.69181364
   -765.67594928
   -765.66033360
   -765.68423499
   -765.68096330
   -765.70668581
   -765.67092550
   -765.65980272
   -765.68631839
   -765.68371292
   -765.71169266
   -765.65736569
   -765.65919587
   -765.60107402
   -765.64888007
   -765.69122125
   -765.68685042
   -765.66363161
   -765.69660863
   -765.68569223
   -765.64853753
   -765.69357575
   -765.71598477
   -765.63564000
   -765.71385211
   -765.66105491
   -765.68512332
   -765.68465256
   -765.69690054
   -765.68364644
   -765.67301669
   -765.70378585
   -765.67680735
   -765.69349208
   -765.70918024
   -765.68621525
   -765.64649066
   -765.68422316
   -765.69677531
   -765.68398399
   -765.61712142
   -765.67822186
   -765.65514514
   -765.67257707
   -765.68194763
   -765.62429117
   -765.69913237
   -765.67390647
   -765.69972430
   -765.67927806
   -765.66509665
   -765.68302189
   -765.68444265
   -765.67127889
   -765.66937432
   -765.67185720
   -765.68678989
   -765.60757292
   -765.69932509
   -765.67918176
   -765.64164836
   -765.61210755
   -765.67434645
   -765.69057937
   -765.67347053
   -765.61196324
   -765.65508057
   -765.69418330
   -765.71349251
   -765.71770107
   -765.68055979
   -765.65204145
   -765.62942575
   -765.66839039
   -765.62735701
   -765.64806502
   -765.68492364
   -765.63217991
   -765.65910966
   -765.69973979
   -765.71454758
   -765.71025477
   -765.70737910
   -765.69146184
   -765.69645006
   -765.65626069
   -765.71126563
   -765.70256121
   -765.62921541
   -765.68269040
   -765.69886905
   -765.69349749
   -765.65854288
   -765.68461553
   -765.65708706
   -765.67311265
   -765.68954287
   -765.69266782
   -765.71152890
   -765.62676395
   -765.69072575
   -765.69451203
   -765.67146478
   -765.59923447
   -765.65665790
   -765.69464981
   -765.63797108
   -765.71688048
   -765.69717656
   -765.69635776
   -765.67314132
   -765.64545557
   -765.67290163
   -765.66170856
   -765.69407746
   -765.67835714
   -765.66046025
   -765.68099466
   -765.69845554
   -765.69692819
   -765.71769996
   -765.71694934
   -765.67126880
   -765.69786097
   -765.67913925
   -765.60194967
   -765.67314185
   -765.70242350
   -765.67462733
   -765.70178395
   -765.67689770
   -765.69648979
   -765.67487819
   -765.69024836
   -765.68113879
   -765.66398157
   -765.68326826
   -765.64668968
   -765.69734291
   -765.67317784
   -765.64548011
   -765.70528893
   -765.68899920
   -765.70289443
   -765.67696183
   -765.65956501
   -765.70253027
   -765.69232795
   -765.67777501
   -765.64061482
   -765.69600900
   -765.68669618
   -765.63173911
   -765.68261651
   -765.70143611
   -765.70149838
   -765.70667930
   -765.60392192
   -765.70600756
   -765.70329361
   -765.65614827
   -765.69531091
   -765.68710025
   -765.69188069
   -765.70976794
   -765.70962887
   -765.68555058
   -765.65419247
   -765.69288283
   -765.65977749
   -765.64502701
   -765.69267435
   -765.66313870
   -765.66496658
   -765.67161467
   -765.68899924
   -765.69245167
   -765.69098922
   -765.67377513
   -765.71815104
   -765.67513540
   -765.70749830
   -765.69718557
   -765.69221291
   -765.67980423
   -765.68965379
   -765.67881938
   -765.66128720
   -765.69530210
   -765.68334882
   -765.68476328
   -765.69817079
   -765.68255127
   -765.66484803
   -765.61178521
   -765.70760724
   -765.68750957
   -765.69277897
   -765.68622792
   -765.67249499
   -765.66900313
   -765.66776905
   -765.68225107
   -765.63415463
   -765.57900538
   -765.65212122
   -765.71113843
   -765.65207973
   -765.63539054
   -765.69954161
   -765.66189816
   -765.68803366
   -765.66184569
   -765.65640524
   -765.59825663
   -765.67604373
   -765.63428273
   -765.66530730
   -765.64937436
   -765.66186351
   -765.70994089
   -765.62591842
   -765.61606679
   -765.67621206
   -765.69937947
   -765.69444595
   -765.67275663
   -765.69014660
   -765.70304821
   -765.71308038
   -765.67805910
   -765.69287721
   -765.65377515
   -765.67365385
   -765.66012091
   -765.68502130
   -765.69726462
   -765.71050975
   -765.69249179
   -765.70058745
   -765.69141211
   -765.69703032
   -765.65108006
   -765.69111689
   -765.70837384
   -765.65465100
   -765.67814904
   -765.67775924
   -765.69261955
   -765.66600645
   -765.68909389
   -765.67028217
   -765.69347231
   -765.69033873
   -765.68168054
   -765.69255555
   -765.67108145
   -765.68529453
   -765.68894136
   -765.68442033
   -765.67334815
   -765.67534925
   -765.68707991
   -765.69110562
   -765.70108911
   -765.66015521
   -765.70798972
   -765.68900786
   -765.66827894
   -765.69375298
   -765.68077438
   -765.66469757
   -765.66740388
   -765.69532114
   -765.66845189
   -765.68354204
   -765.67853688
   -765.69265152
   -765.68405493
   -765.70033436
   -765.66703451
   -765.70457089
   -765.67469886
   -765.67043379
   -765.68967197
   -765.69093584
   -765.59871925
   -765.68119125
   -765.69300913
   -765.70770654
   -765.69895472
   -765.68423312
   -765.60101826
   -765.69407269
   -765.67837800
   -765.68232236
   -765.68745497
   -765.69595263
   -765.67399995
   -765.68274820
   -765.68670863
   -765.67628871
   -765.67639614
   -765.68164650
   -765.68414113
   -765.64293036
   -765.71839470
   -765.68130769
   -765.66660462
   -765.70502652
   -765.67505770
   -765.64597615
   -765.67088482
   -765.68620956
   -765.68903384
   -765.69646933
   -765.68684460
   -765.68945276
   -765.63465590
   -765.68284691
   -765.70204829
   -765.68368344
   -765.66804278
   -765.68297150
   -765.67747731
   -765.70224819
   -765.66328683
   -765.70259623
   -765.67506529
   -765.69418826
   -765.67110105
   -765.68662330
   -765.64652039
   -765.55077301
   -765.69999942
   -765.67814318
   -765.67621867
   -765.70023788
   -765.67292848
   -765.69615714
   -765.66243872
   -765.65016793
   -765.70047520
   -765.69198268
   -765.69865101
   -765.69838214
   -765.69394095
   -765.58650030
   -765.68650163
   -765.72174697
   -765.68936122
   -765.67037850
   -765.68371387
   -765.59151211
   -765.66991107
   -765.68591959
   -765.69437449
   -765.68448480
   -765.63027487
   -765.67422526
   -765.67247387
   -765.71323945
   -765.71018899
   -765.69329093
   -765.65954033
   -765.66010858
   -765.66295945
   -765.68419622
   -765.69404142
   -765.68765854
   -765.69840843
   -765.62527336
   -765.69384806
   -765.60301057
   -765.65879307
   -765.65465657
   -765.69404045
   -765.71151480
   -765.65372252
   -765.71229604
   -765.69447066
   -765.62449958
   -765.68998843
   -765.66819701
   -765.69284043
   -765.69491980
   -765.68870394
   -765.69131448
   -765.68219936
   -765.67556103
   -765.66465037
   -765.68762586
   -765.66823238
   -765.60189127
   -765.68033244
   -765.68499430
   -765.68352321
   -765.68812064
   -765.71429609
   -765.70126978
   -765.67849606
   -765.68970826
   -765.65587498
   -765.70500913
   -765.70741462
   -765.66869800
   -765.67663825
   -765.60046976
   -765.66820950
   -765.67305700
   -765.68702392
   -765.67975329
   -765.67666139
   -765.68857988
   -765.68721926
   -765.65189474
   -765.69263655
   -765.68597089
   -765.69202910
   -765.66346221
   -765.70998724
   -765.67322668
   -765.69089406
   -765.70150062
   -765.69974637
   -765.68923922
   -765.63508719
   -765.67716156
   -765.68518033
   -765.67220687
   -765.70879982
   -765.71155480
   -765.70113745
   -765.70931183
   -765.68163078
   -765.68785314
   -765.69749000
   -765.69409883
   -765.70195834
   -765.68924621
   -765.69483767
   -765.68287953
   -765.69894030
   -765.67520867
   -765.68004443
   -765.69878730
   -765.69483640
   -765.68433496
   -765.68676276
   -765.69706810
   -765.69783208
   -765.67857693
   -765.57822841
   -765.68374712
   -765.67329904
   -765.68255438
   -765.70243144
   -765.69268243
   -765.66394376
   -765.68644610
   -765.69411837
   -765.68266722
   -765.58252199
   -765.68781791
   -765.67922334
   -765.65712880
   -765.69758612
   -765.70024844
   -765.68468036
   -765.65676202
   -765.66070291
   -765.67906673
   -765.70041205
   -765.66459520
   -765.70696699
   -765.68218459
   -765.69991081
   -765.67445724
   -765.69801837
   -765.68789801
   -765.69146286
   -765.69463800
   -765.72578772
   -765.66736247
   -765.70261928
   -765.66717938
   -765.70426822
   -765.68187158
   -765.66352277
   -765.71046541
   -765.69851688
   -765.72116810
   -765.72208622
   -765.65587767
   -765.65984116
   -765.67368774
   -765.70112383
   -765.66563545
   -765.67053285
   -765.68625854
   -765.66208768
   -765.65233416
   -765.65725896
   -765.64184915
   -765.72695897
   -765.70200011
   -765.69441603
   -765.68227379
   -765.69420176
   -765.69228082
   -765.63104918
   -765.69298657
   -765.67891070
   -765.68028126
   -765.67918324
   -765.69084907
   -765.68571193
   -765.70400036
   -765.69942597
   -765.66980392
   -765.68866989
   -765.68231179
   -765.68905896
   -765.71356608
   -765.68782095
   -765.68488800
   -765.68225136
   -765.70387374
   -765.70364086
   -765.68718665
   -765.68452841
   -765.68520915
   -765.68978150
   -765.68830039
   -765.68300275
   -765.61996451
   -765.68722440
   -765.66795668
   -765.68369565
   -765.69619916
   -765.67221516
   -765.69150909
   -765.68225843
   -765.70359646
   -765.69527566
   -765.64461970
   -765.67706265
   -765.64879345
   -765.70115613
   -765.65442746
   -765.66149393
   -765.64501347
   -765.65789571
   -765.65662752
   -765.66802111
   -765.66398727
   -765.68191056
   -765.69120405
   -765.71087040
   -765.69389443
   -765.66918553
   -765.70919621
   -765.61056124
   -765.70576591
   -765.69266590
   -765.69937987
   -765.70187515
   -765.66908093
   -765.58150625
   -765.65970553
   -765.71690811
   -765.64669826
   -765.71042154
   -765.68705484
   -765.67480395
   -765.65078504
   -765.66980209
   -765.68712488
   -765.63985299
   -765.69456846
   -765.65114719
   -765.68233230
   -765.66962854
   -765.67554208
   -765.64590438
   -765.67739402
   -765.69120547
   -765.59507767
   -765.64352199
   -765.67284938
   -765.64116257
   -765.70760094
   -765.64118978
   -765.68268192
   -765.65015540
   -765.58337693
   -765.68595604
   -765.65483173
   -765.62889578
   -765.69313105
   -765.68301806
   -765.69140913
   -765.64431067
   -765.68003523
   -765.68949851
   -765.66427513
   -765.66457882
   -765.66035632
   -765.64664429
   -765.67763003
   -765.65738867
   -765.67174712
   -765.70829204
   -765.68853771
   -765.67645818
   -765.64364838
   -765.71824867
   -765.65596971
   -765.65272486
   -765.68001816
   -765.66381653
   -765.66836978
   -765.66102026
   -765.70008882
   -765.69780786
   -765.70257855
   -765.70939434
   -765.71052790
   -765.61874605
   -765.67771980
   -765.65930182
   -765.63960473
   -765.69758990
   -765.66139078
   -765.68086714
   -765.68347373
   -765.66827198
   -765.70764033
   -765.65941908
   -765.68795234
   -765.71333341
   -765.67183162
   -765.68888797
   -765.67424425
   -765.67824813
   -765.66062797
   -765.68514383
   -765.66136596
   -765.67432067
   -765.67301487
   -765.67237177
   -765.70405494
   -765.69042283
   -765.68495147
   -765.69134721
   -765.68416534
   -765.67153835
   -765.68061952
   -765.68996343
   -765.67723286
   -765.63219872
   -765.59832998
   -765.69753107
   -765.60920761
   -765.69995385
   -765.69330623
   -765.69093050
   -765.68032080
   -765.66190932
   -765.65744728
   -765.65768920
   -765.66578407
   -765.68254492
   -765.65686046
   -765.68883762
   -765.69752395
   -765.70907070
   -765.71268000
   -765.67255212
   -765.65697222
   -765.65668076
   -765.67635049
   -765.70772065
   -765.70432033
   -765.66160036
   -765.68677245
   -765.65669004
   -765.70058641
   -765.70309053
   -765.70319565
   -765.72046231
   -765.70127513
   -765.68545920
   -765.65187110
   -765.68533640
   -765.67097394
   -765.68799120
   -765.69847527
   -765.68955415
   -765.59786303
   -765.67807597
   -765.63592442
   -765.67059584
   -765.64158132
   -765.70449169
   -765.66278402
   -765.63224436
   -765.68391663
   -765.68524062
   -765.67885634
   -765.67028147
   -765.70284384
   -765.67051323
   -765.70395959
   -765.68637404
   -765.69591476
   -765.69354148
   -765.69442522
   -765.67312688
   -765.70120159
   -765.67986255
   -765.69858109
   -765.68878971
   -765.69113391
   -765.70148435
   -765.64295115
   -765.66943821
   -765.59784091
   -765.69109982
   -765.59795202
   -765.63895346
   -765.70498576
   -765.65506708
   -765.68679887
   -765.70088986
   -765.66662678
   -765.66000993
   -765.69071765
   -765.71519874
   -765.65579928
   -765.68511786
   -765.67217756
   -765.64413381
   -765.67921820
   -765.63873722
   -765.68568655
   -765.71719520
   -765.66316523
   -765.67177574
   -765.67854420
   -765.65741721
   -765.59470874
   -765.69770253
   -765.68220389
   -765.69352559
   -765.69278745
   -765.70192547
   -765.68908573
   -765.70256252
   -765.69177197
   -765.66884784
   -765.66757964
   -765.68180729
   -765.66608330
   -765.68696208
   -765.65458122
   -765.67842080
   -765.69314158
   -765.67341162
   -765.69130534
   -765.66794090
   -765.68305547
   -765.69900865
   -765.59316038
   -765.62216206
   -765.67109592
   -765.67237796
   -765.67358402
   -765.69469779
   -765.66815749
   -765.72229397
   -765.61122414
   -765.60268547
   -765.70592596
   -765.70837281
   -765.70906985
   -765.68056696
   -765.66422900
   -765.67109132
   -765.69864869
   -765.61365443
   -765.67432397
   -765.65523061
   -765.68744349
   -765.64326258
   -765.67750273
   -765.69073649
   -765.66523391
   -765.69480098
   -765.66995962
   -765.70581801
   -765.59361841
   -765.70086685
   -765.67635044
   -765.65710333
   -765.69042300
   -765.67210796
   -765.69801726
   -765.67334346
   -765.68798611
   -765.69006901
   -765.69257418
   -765.65460470
   -765.61809260
   -765.65702227
   -765.67846071
   -765.60543908
   -765.66584293
   -765.67811350
   -765.70273111
   -765.69077381
   -765.69604104
   -765.68525477
   -765.65448971
   -765.69264795
   -765.68199628
   -765.69811684
   -765.65465330
   -765.68071888
   -765.63070230
   -765.68876869
   -765.69039342
   -765.66444459
   -765.66112664
   -765.67719507
   -765.65844716
   -765.66732364
   -765.71217756
   -765.68668445
   -765.68721166
   -765.69868675
   -765.67276842
   -765.65577995
   -765.66596690
   -765.66562121
   -765.65663820
   -765.69544139
   -765.57708883
   -765.66626642
   -765.69314485
   -765.66008160
   -765.67683483
   -765.67953926
   -765.64822647
   -765.67761304
   -765.62108533
   -765.67758563
   -765.66249865
   -765.69330918
   -765.66898352
   -765.67210854
   -765.63012305
   -765.70867731
   -765.66698513
   -765.66722693
   -765.67385303
   -765.68369065
   -765.67841884
   -765.68207494
   -765.68116000
   -765.66975584
   -765.68830479
   -765.68905101
   -765.68886787
   -765.69709069
   -765.66359682
   -765.70058101
   -765.66513736
   -765.65878510
   -765.68742645
   -765.67049237
   -765.68030491
   -765.69622072
   -765.67794623
   -765.69411172
   -765.70479081
   -765.67380385
   -765.69099436
   -765.69272897
   -765.67523331
   -765.69772030
   -765.69561700
   -765.65189199
   -765.63552698
   -765.66997972
   -765.68570489
   -765.70053379
   -765.67666952
   -765.67698229
   -765.67925408
   -765.66702438
   -765.68027657
   -765.67110368
   -765.67776198
   -765.69104487
   -765.67747503
   -765.68004966
   -765.64047644
   -765.67571171
   -765.67549859
   -765.66796997
   -765.65257497
   -765.67359202
   -765.69246688
   -765.66721403
   -765.61486198
   -765.67603370
   -765.65984889
   -765.67360827
   -765.67622241
   -765.60135972
   -765.66767247
   -765.68272257
   -765.70635244
   -765.60515253
   -765.67772469
   -765.59654786
   -765.58717075
   -765.68365756
   -765.68699132
   -765.70878216
   -765.68611199
   -765.60151778
   -765.58522128
   -765.66135523
   -765.68425810
   -765.69951992
   -765.64997872
   -765.70723536
   -765.66718973
   -765.68458122
   -765.60551424
   -765.67346036
   -765.68092084
   -765.69246928
   -765.68312739
   -765.70336983
   -765.66106923
   -765.69454924
   -765.66736077
   -765.62101685
   -765.70357091
   -765.66482850
   -765.66199395
   -765.67507630
   -765.59794481
   -765.64938293
   -765.67313480
   -765.67472738
   -765.67027497
   -765.68549692
   -765.69702444
   -765.69321834
   -765.64176685
   -765.67258131
   -765.67958456
   -765.67476286
   -765.69320946
   -765.68118707
   -765.67525877
   -765.68889172
   -765.69801350
   -765.67132149
   -765.70854784
   -765.63382628
   -765.68260991
   -765.65667921
   -765.64594030
   -765.61782405
   -765.70441591
   -765.69309089
   -765.69467433
   -765.69370403
   -765.69437615
   -765.71051195
   -765.68057206
   -765.68125314
   -765.70010097
   -765.72466633
   -765.70456100
   -765.64487835
   -765.65755157
   -765.68805784
   -765.60073698
   -765.67553339
   -765.71027184
   -765.65979924
   -765.65381284
   -765.69361350
   -765.68832683
   -765.68283031
   -765.69171987
   -765.68651916
   -765.70918837
   -765.67729923
   -765.68136395
   -765.66254131
   -765.57460433
   -765.67532333
   -765.64860261
   -765.69366578
   -765.68046599
   -765.68473327
   -765.69122630
   -765.68787333
   -765.67825826
   -765.62270717
   -765.66931954
   -765.64208777
   -765.66522815
   -765.65165450
   -765.68252590
   -765.66657841
   -765.68768038
   -765.66488914
   -765.66980335
   -765.69921678
   -765.68972240
   -765.69808118
   -765.66915971
   -765.71648614
   -765.67587320
   -765.68090477
   -765.70020326
   -765.69385833
   -765.65639090
   -765.68553198
   -765.69510425
   -765.68921496
   -765.69983321
   -765.68155570
   -765.68726439
   -765.67917233
   -765.68528324
   -765.68398894
   -765.66065182
   -765.66754299
   -765.68076468
   -765.68082480
   -765.65427474
   -765.66124033
   -765.68420987
   -765.64129651
   -765.64819418
   -765.68507276
   -765.70406119
   -765.65334240
   -765.68842015
   -765.68359142
   -765.65941555
   -765.59956466
   -765.69817222
   -765.69126855
   -765.68561249
   -765.69467821
   -765.67794339
   -765.67020679
   -765.70132184
   -765.64634735
   -765.62718120
   -765.70128352
   -765.65127209
   -765.69191411
   -765.70206773
   -765.60924957
   -765.65265408
   -765.68756887
   -765.61463685
   -765.67955271
   -765.68215621
   -765.65281930
   -765.69020768
   -765.70251281
   -765.71092425
   -765.68046280
   -765.61279176
   -765.65756334
   -765.60835593
   -765.71525100
   -765.68313872
   -765.63613023
   -765.68997770
   -765.70532554
   -765.70549280
   -765.67646931
   -765.67884983
   -765.67041257
   -765.65365517
   -765.66481429
   -765.67764116
   -765.68393263
   -765.69814968
   -765.64571316
   -765.70511338
   -765.69961685
   -765.67315058
   -765.70189860
   -765.72210865
   -765.66182063
   -765.69573775
   -765.71018708
   -765.66945496
   -765.65836221
   -765.68184846
   -765.67900384
   -765.65980094
   -765.68552505
   -765.64620952
   -765.68136999
   -765.64555921
   -765.68921341
   -765.64327922
   -765.65933695
   -765.69272374
   -765.70412037
   -765.68126494
   -765.68220995
   -765.61487632
   -765.65969063
   -765.69009716
   -765.70238004
   -765.69799992
   -765.69826512
   -765.71511893
   -765.65453374
   -765.67438983
   -765.66854456
   -765.69740419
   -765.66328910
   -765.64009287
   -765.66567251
   -765.68875431
   -765.69153252
   -765.64402891
   -765.70889120
   -765.67865213
   -765.70630571
   -765.57686117
   -765.67396662
   -765.66269531
   -765.67621705
   -765.71575644
   -765.68597327
   -765.69146795
   -765.65180464
   -765.70762193
   -765.67207527
   -765.68539744
   -765.67823256
   -765.67035992
   -765.69577621
   -765.67627763
   -765.69171198
   -765.68215889
   -765.71414495
   -765.68337589
   -765.66813260
   -765.68264829
   -765.69069519
   -765.70194522
   -765.63975660
   -765.59927139
   -765.68461572
   -765.64450431
   -765.66660008
   -765.65973409
   -765.69802222
   -765.69169598
   -765.70069576
   -765.65044294
   -765.67728779
   -765.66501068
   -765.68777222
   -765.59029737
   -765.65741537
   -765.67594387
   -765.68949496
   -765.69249464
   -765.67564244
   -765.66089966
   -765.68524412
   -765.69574371
   -765.68831602
   -765.66133112
   -765.68575159
   -765.59213590
   -765.69666595
   -765.66878771
   -765.66013158
   -765.67840503
   -765.66504133
   -765.69685698
   -765.70958816
   -765.64267676
   -765.67436642
   -765.67737147
   -765.68111450
   -765.68360637
   -765.71183702
   -765.67637006
   -765.71386953
   -765.69787873
   -765.70483750
   -765.67992401
   -765.68315432
   -765.61889257
   -765.69076704
   -765.59389372
   -765.70678428
   -765.66625499
   -765.64790130
   -765.70135319
   -765.59557549
   -765.66518872
   -765.68862038
   -765.71974625
   -765.68646473
   -765.69123315
   -765.69287789
   -765.61011407
   -765.67706899
   -765.69982223
   -765.65298552
   -765.65858390
   -765.70257641
   -765.69324607
   -765.68205977
   -765.68778560
   -765.66201326
   -765.65688940
   -765.68835199
   -765.68941971
   -765.70128976
   -765.68040335
   -765.67303334
   -765.65916561
   -765.69242154
   -765.69880574
   -765.69509428
   -765.68921842
   -765.67684784
   -765.68477340
   -765.69589501
   -765.67925552
   -765.69324491
   -765.66107942
   -765.68114681
   -765.67977916
   -765.66617972
   -765.67143640
   -765.68395779
   -765.71712425
   -765.70340276
   -765.62116234
   -765.66508377
   -765.68256663
   -765.60019534
   -765.70952787
   -765.69991354
   -765.65754912
   -765.62654796
   -765.67075010
   -765.67780807
   -765.70473838
   -765.57592232
   -765.66655433
   -765.67230162
   -765.69089363
   -765.66032127
   -765.69279061
   -765.69979714
   -765.69063665
   -765.61104101
   -765.65436560
   -765.69567665
   -765.69043573
   -765.67154484
   -765.69177428
   -765.71127599
   -765.70230770
   -765.67612997
   -765.70392857
   -765.66824657
   -765.67376750
   -765.63897315
   -765.66413249
   -765.68895050
   -765.60587303
   -765.67214559
   -765.66409635
   -765.66523766
   -765.68277086
   -765.68967943
   -765.69317725
   -765.68991211
   -765.67082457
   -765.67685434
   -765.66693905
   -765.65797399
   -765.69225847
   -765.70532500
   -765.64003319
   -765.67965420
   -765.68277225
   -765.66341329
   -765.65251067
   -765.70627446
   -765.68181884
   -765.59299645
   -765.68125969
   -765.69402316
   -765.70424616
   -765.64875062
   -765.69448714
   -765.71497483
   -765.67478389
   -765.65981814
   -765.68970326
   -765.69626319
   -765.64360906
   -765.71546965
   -765.60279320
   -765.67004663
   -765.67167434
   -765.64732658
   -765.68678410
   -765.68329755
   -765.69103921
   -765.66771763
   -765.69518138
   -765.71264763
   -765.65592041
   -765.69710609
   -765.69662045
   -765.71107273
   -765.63625467
   -765.69575375
   -765.67045597
   -765.66199997
   -765.68104088
   -765.68188682
   -765.69784918
   -765.71462808
   -765.69298444
   -765.69778019
   -765.69348284
   -765.67116897
   -765.70389073
   -765.68184275
   -765.70128229
   -765.70353057
   -765.69007002
   -765.68369841
   -765.69781799
   -765.70101319
   -765.67503230
   -765.69599855
   -765.66583358
   -765.69402896
   -765.66217739
   -765.69333343
   -765.69168970
   -765.69592017
   -765.62336223
   -765.66529897
   -765.66975197
   -765.66921160
   -765.70642586
   -765.67734842
   -765.68209377
   -765.65955260
   -765.69510604
   -765.67190675
   -765.70079003
   -765.70809619
   -765.67938786
   -765.68067240
   -765.67622437
   -765.67088040
   -765.64815236
   -765.71254868
   -765.66904138
   -765.65484836
   -765.70232618
   -765.72128184
   -765.64729021
   -765.70595479
   -765.70395689
   -765.62641873
   -765.66349917
   -765.60663019
   -765.70380134
   -765.59046172
   -765.71214971
   -765.68551527
   -765.70186273
   -765.69539202
   -765.69115071
   -765.68243569
   -765.68148857
   -765.62484515
   -765.64197451
   -765.69712950
   -765.64491616
   -765.67243297
   -765.67289220
   -765.70022956
   -765.66057754
   -765.68794307
   -765.70525487
   -765.68460728
   -765.66362484
   -765.68612120
   -765.68455023
   -765.66262904
   -765.59160391
   -765.69878030
   -765.67598409
   -765.67905010
   -765.68209091
   -765.70028964
   -765.71792900
   -765.69588839
   -765.70290247
   -765.66314536
   -765.58852989
   -765.68493375
   -765.71719950
   -765.67487430
   -765.68501059
   -765.68995565
   -765.69082500
   -765.70385511
   -765.65755374
   -765.65153095
   -765.67773571
   -765.69611324
   -765.65701695
   -765.68164491
   -765.67999444
   -765.67413655
   -765.67934356
   -765.68446787
   -765.58054922
   -765.59438900
   -765.68046865
   -765.66015212
   -765.69390024
   -765.66838929
   -765.60653090
   -765.68186747
   -765.67115404
   -765.68494752
   -765.60666960
   -765.68190518
   -765.62672987
   -765.68737962
   -765.67544334
   -765.68285246
   -765.66177903
   -765.67962469
   -765.70039020
   -765.71004349
   -765.67140987
   -765.66932574
   -765.69214407
   -765.69480447
   -765.63526364
   -765.69742040
   -765.72487467
   -765.68554749
   -765.66958640
   -765.67306714
   -765.68356466
   -765.69558357
   -765.67603645
   -765.65500512
   -765.66139097
   -765.66428083
   -765.66033313
   -765.70555163
   -765.68018452
   -765.69573910
   -765.70200120
   -765.69426378
   -765.69764203
   -765.69979912
   -765.68492773
   -765.67334899
   -765.66735173
   -765.69380679
   -765.68269795
   -765.69574113
   -765.69745615
   -765.67503150
   -765.69538808
   -765.71255483
   -765.67534853
   -765.67807398
   -765.67573337
   -765.65136406
   -765.65864797
   -765.64662358
   -765.65787055
   -765.66737827
   -765.66027637
   -765.69573219
   -765.67323969
   -765.67952741
   -765.67295810
   -765.70499913
   -765.69697883
   -765.69066413
   -765.67446599
   -765.68800059
   -765.68855342
   -765.71817177
   -765.69359155
   -765.69455497
   -765.65906965
   -765.66936436
   -765.67055363
   -765.69117978
   -765.68760941
   -765.72020317
   -765.65862670
   -765.66743569
   -765.64654476
   -765.70686645
   -765.67349124
   -765.67831396
   -765.67383551
   -765.70484019
   -765.68466305
   -765.69978689
   -765.65433048
   -765.68712072
   -765.67511085
   -765.70039055
   -765.68390364
   -765.68129883
   -765.66563566
   -765.59668382
   -765.61269019
   -765.67750122
   -765.69250973
   -765.69016655
   -765.69567264
   -765.65091612
   -765.65734025
   -765.68532630
   -765.66468258
   -765.70250345
   -765.63645732
   -765.67785608
   -765.72344545
   -765.69297797
   -765.66722622
   -765.56966566
   -765.66977913
   -765.68069728
   -765.67540443
   -765.69229148
   -765.68097433
   -765.67611488
   -765.63715078
   -765.69180613
   -765.67210180
   -765.67793847
   -765.69953015
   -765.69666445
   -765.68578097
   -765.65887491
   -765.67882439
   -765.64479985
   -765.67888825
   -765.67557117
   -765.69819481
   -765.67737913
   -765.66913213
   -765.69852518
   -765.68880262
   -765.64810598
   -765.66179141
   -765.65401697
   -765.70105398
   -765.70293449
   -765.66026900
   -765.68931863
   -765.68259165
   -765.66756264
   -765.69200983
   -765.66060228
   -765.68587071
   -765.65892080
   -765.70056905
   -765.66171197
   -765.68619878
   -765.69984914
   -765.70404869
   -765.68872528
   -765.69981516
   -765.67694223
   -765.64266393
   -765.65898122
   -765.68620639
   -765.69193852
   -765.60625630
   -765.68157639
   -765.69237604
   -765.68122654
   -765.65785938
   -765.69799660
   -765.70205808
   -765.69599977
   -765.69105535
   -765.69655009
   -765.64565389
   -765.68668600
   -765.60162154
   -765.68778017
   -765.67930562
   -765.64338103
   -765.67581146
   -765.68980744
   -765.68011559
   -765.63886837
   -765.69089982
   -765.65123936
   -765.68111475
   -765.64469652
   -765.66205521
   -765.67583478
   -765.63142593
   -765.70811231
   -765.66175521
   -765.71425060
   -765.71078647
   -765.70764758
   -765.66721157
   -765.69791786
   -765.65840028
   -765.61593172
   -765.67969699
   -765.69016065
   -765.69113315
   -765.69896229
   -765.69600320
   -765.68822732
   -765.67745276
   -765.68064681
   -765.68358684
   -765.68416063
   -765.66201786
   -765.66508503
   -765.67872523
   -765.65659282
   -765.68022107
   -765.71914525
   -765.68124834
   -765.63719607
   -765.69079538
   -765.69129449
   -765.66313150
   -765.67046077
   -765.69932772
   -765.66048025
   -765.72024258
   -765.66319705
   -765.68105390
   -765.64111222
   -765.68773884
   -765.62656047
   -765.69997205
   -765.68063757
   -765.70181179
   -765.69182294
   -765.68520725
   -765.68732976
   -765.71279631
   -765.69378137
   -765.70525579
   -765.71911376
   -765.66213220
   -765.68623334
   -765.66763874
   -765.64178431
   -765.68808562
   -765.66942860
   -765.67506134
   -765.68241372
   -765.72452316
   -765.65947321
   -765.67086480
   -765.69630865
   -765.66378539
   -765.70416146
   -765.67036679
   -765.66779045
   -765.67758273
   -765.68699291
   -765.67868616
   -765.67525054
   -765.71781420
   -765.67571171
   -765.65881820
   -765.68129597
   -765.66702701
   -765.67202220
   -765.71246074
   -765.69007714
   -765.68804971
   -765.67917145
   -765.68296914
   -765.66690074
   -765.70235245
   -765.69911605
   -765.65960482
   -765.64674831
   -765.66345068
   -765.70220706
   -765.70539176
   -765.66731425
   -765.69009055
   -765.64374926
   -765.68055318
   -765.70026931
   -765.69048257
   -765.71059004
   -765.68927972
   -765.67676144
   -765.67240218
   -765.69073646
   -765.64382439
   -765.68468757
   -765.70042028
   -765.63937291
   -765.67426994
   -765.68969483
   -765.67533684
   -765.72084249
   -765.68394953
   -765.66400704
   -765.67095229
   -765.67885593
   -765.69433195
   -765.65949355
   -765.68288144
   -765.64715796
   -765.56247887
   -765.68855381
   -765.68601005
   -765.70084973
   -765.69145403
   -765.70712402
   -765.68365696
   -765.72327357
   -765.66966532
   -765.67920499
   -765.67791199
   -765.65240108
   -765.69587210
   -765.68707151
   -765.68921479
   -765.67663802
   -765.65112960
   -765.69096332
   -765.69283052
   -765.66398089
   -765.68939844
   -765.59486802
   -765.66647959
   -765.67279433
   -765.69197201
   -765.68461634
   -765.69103255
   -765.60713675
   -765.66544786
   -765.59997241
   -765.64770045
   -765.68819237
   -765.68276595
   -765.66448178
   -765.67491777
   -765.69139056
   -765.67527598
   -765.66773175
   -765.68615576
   -765.63415781
   -765.62380287
   -765.64423868
   -765.65873950
   -765.68075864
   -765.69350596
   -765.68590712
   -765.65886263
   -765.70300161
   -765.69693509
   -765.70873849
   -765.64923910
   -765.69485376
   -765.66679724
   -765.67563574
   -765.66029539
   -765.69078126
   -765.66234903
   -765.69225695
   -765.69660160
   -765.65124706
   -765.64172604
   -765.71187343
   -765.71781505
   -765.69040219
   -765.68082769
   -765.66829015
   -765.69271910
   -765.65902642
   -765.68234533
   -765.66741550
   -765.61431422
   -765.69878493
   -765.67419740
   -765.71490443
   -765.68076623
   -765.68096772
   -765.69564501
   -765.68167490
   -765.70199298
   -765.67894142
   -765.65668279
   -765.65673974
   -765.68516635
   -765.67232685
   -765.66712507
   -765.69377873
   -765.71032201
   -765.62876278
   -765.67476305
   -765.62572534
   -765.70163799
   -765.68885235
   -765.66861533
   -765.68906970
   -765.71452057
   -765.67831258
   -765.69836600
   -765.69863180
   -765.67592318
   -765.70466211
   -765.69291961
   -765.66286875
   -765.69209243
   -765.66994857
   -765.65978145
   -765.69285570
   -765.70948345
   -765.70451417
   -765.69464395
   -765.68037688
   -765.71269635
   -765.70516713
   -765.71130295
   -765.69692729
   -765.67796216
   -765.68850336
   -765.68985332
   -765.70026674
   -765.67046627
   -765.65629090
   -765.69274823
   -765.68517256
   -765.68470409
   -765.70194144
   -765.66448630
   -765.67016717
   -765.67728210
   -765.68677704
   -765.68947500
   -765.69415088
   -765.66307187
   -765.66965760
   -765.69794779
   -765.68788528
   -765.65858434
   -765.65711383
   -765.68498442
   -765.69401494
   -765.62741546
   -765.68909615
   -765.66841612
   -765.70519253
   -765.70662832
   -765.65613416
   -765.66822905
   -765.68990319
   -765.60944127
   -765.70596603
   -765.70475551
   -765.67652971
   -765.70463597
   -765.68763013
   -765.69510341
   -765.71626483
   -765.69224916
   -765.70202156
   -765.67307651
   -765.67513612
   -765.62209648
   -765.71723952
   -765.67515714
   -765.70624312
   -765.69188041
   -765.70277940
   -765.71376320
   -765.67084487
   -765.66015162
   -765.69107026
   -765.67043592
   -765.68008122
   -765.69190267
   -765.67802367
   -765.66833319
   -765.59505231
   -765.70854804
   -765.69863869
   -765.62343612
   -765.60000379
   -765.68817906
   -765.66955596
   -765.67932400
   -765.69284985
   -765.69186488
   -765.68835603
   -765.70540709
   -765.68813452
   -765.68535462
   -765.64365091
   -765.66956743
   -765.65848069
   -765.68190954
   -765.66349202
   -765.70954690
   -765.68662312
   -765.68000812
   -765.70654527
   -765.70435001
   -765.69911130
   -765.68834150
   -765.70669210
   -765.68668706
   -765.67905191
   -765.70476305
   -765.68096312
   -765.67709632
   -765.67019182
   -765.71905886
   -765.66190728
   -765.67703357
   -765.61980596
   -765.68747390
   -765.65620734
   -765.55047355
   -765.68990303
   -765.67792437
   -765.61468895
   -765.68466552
   -765.69251905
   -765.69712587
   -765.70762606
   -765.67134490
   -765.70386329
   -765.70561378
   -765.70705398
   -765.61153612
   -765.67387802
   -765.68718403
   -765.66475884
   -765.67488987
   -765.71093219
   -765.70265099
   -765.66605184
   -765.67879817
   -765.70058450
   -765.70253447
   -765.67754491
   -765.68937368
   -765.66378330
   -765.67631905
   -765.55542793
   -765.65258253
   -765.64268226
   -765.69615611
   -765.67983539
   -765.69287320
   -765.70452172
   -765.67558505
   -765.69092138
   -765.70366256
   -765.65959525
   -765.66116877
   -765.59277708
   -765.69555236
   -765.68966337
   -765.68173903
   -765.70009760
   -765.66006281
   -765.69835240
   -765.69712453
   -765.70163714
   -765.70889099
   -765.70431383
   -765.67721874
   -765.67787290
   -765.68207184
   -765.67808520
   -765.71538229
   -765.67033671
   -765.61197086
   -765.59362377
   -765.66676510
   -765.66359476
   -765.71783812
   -765.66611620
   -765.69304552
   -765.67391561
   -765.64510997
   -765.69051083
   -765.69322056
   -765.67493142
   -765.71000018
   -765.71262955
   -765.66386557
   -765.65882375
   -765.70692139
   -765.62389856
   -765.69586666
   -765.68506366
   -765.72631852
   -765.70040996
   -765.60708642
   -765.66825724
   -765.72301817
   -765.64842936
   -765.68479602
   -765.67419442
   -765.66792666
   -765.67781598
   -765.67186736
   -765.72007044
   -765.64429912
   -765.66386764
   -765.70475810
   -765.68876604
   -765.68730179
   -765.67479981
   -765.69356040
   -765.66825979
   -765.67973969
   -765.58473515
   -765.69910809
   -765.68563032
   -765.67495872
   -765.68523287
   -765.69395298
   -765.71703568
   -765.65593253
   -765.70135141
   -765.70103615
   -765.68728891
   -765.67703052
   -765.67938754
   -765.69103943
   -765.69584788
   -765.67823229
   -765.65378485
   -765.64597103
   -765.69758432
   -765.68740666
   -765.66877041
   -765.69208005
   -765.67896227
   -765.70802359
   -765.67044066
   -765.70133086
   -765.68864918
   -765.64007679
   -765.67476260
   -765.69288213
   -765.64647003
   -765.70394248
   -765.69205190
   -765.69815912
   -765.66607278
   -765.59578382
   -765.69809312
   -765.67755083
   -765.69144477
   -765.62533338
   -765.67031109
   -765.67856306
   -765.68732849
   -765.67571646
   -765.63888689
   -765.66017790
   -765.69856920
   -765.67103573
   -765.69371356
   -765.70296141
   -765.69393266
   -765.68986398
   -765.68749690
   -765.69941206
   -765.71495968
   -765.67727045
   -765.67686106
   -765.70610913
   -765.69036343
   -765.68567258
   -765.62989337
   -765.67010782
   -765.67113996
   -765.63074373
   -765.67647972
   -765.69856101
   -765.69489178
   -765.65490698
   -765.68993847
   -765.69365075
   -765.65368527
   -765.70838987
   -765.65657184
   -765.69321061
   -765.67186487
   -765.69769915
   -765.69756924
   -765.69968711
   -765.66600869
   -765.68892908
   -765.67883585
   -765.66708265
   -765.67194310
   -765.67361923
   -765.62512296
   -765.68908063
   -765.66873653
   -765.69324052
   -765.61680366
   -765.69571401
   -765.69539551
   -765.67888659
   -765.71369858
   -765.64409603
   -765.66491513
   -765.69803269
   -765.60560877
   -765.65029868
   -765.68064213
   -765.69370781
   -765.67633102
   -765.67768578
   -765.66988467
   -765.66509494
   -765.64710500
   -765.66940453
   -765.70426199
   -765.66047133
   -765.63970751
   -765.68641917
   -765.58822061
   -765.69296143
   -765.66550441
   -765.68810612
   -765.70196986
   -765.68694259
   -765.64858621
   -765.66941819
   -765.67530628
   -765.67048963
   -765.64855832
   -765.67752377
   -765.67556523
   -765.68873397
   -765.68975025
   -765.68343213
   -765.69096658
   -765.68190383
   -765.62511717
   -765.67188337
   -765.70830135
   -765.69169899
   -765.68225592
   -765.70052641
   -765.65573564
   -765.69397974
   -765.60562186
   -765.68827899
   -765.69675713
   -765.61289984
   -765.61529480
   -765.70083431
   -765.70467332
   -765.64873917
   -765.65677451
   -765.69957353
   -765.70127068
   -765.67398043
   -765.69323195
   -765.68613080
   -765.67932532
   -765.65002386
   -765.70050193
   -765.66728161
   -765.70945479
   -765.70051576
   -765.69890331
   -765.69572646
   -765.65884471
   -765.69550438
   -765.68665119
   -765.60231253
   -765.67561530
   -765.66551704
   -765.68639823
   -765.69893457
   -765.60466747
   -765.67979639
   -765.71047467
   -765.68300135
   -765.68101660
   -765.68773186
   -765.68007097
   -765.66885121
   -765.70072583
   -765.69949955
   -765.68400355
   -765.69968066
   -765.66121845
   -765.65855654
   -765.66460952
   -765.66555694
   -765.66318130
   -765.71568467
   -765.68990805
   -765.70740446
   -765.69071710
   -765.65609398
   -765.68124376
   -765.66870654
   -765.67790844
   -765.65565231
   -765.72047070
   -765.69778875
   -765.64931678
   -765.67969376
   -765.66578763
   -765.68028603
   -765.56748157
   -765.67759414
   -765.67673532
   -765.69045873
   -765.66470681
   -765.65567685
   -765.66636826
   -765.66946264
   -765.67421052
   -765.69593165
   -765.70184039
   -765.69999679
   -765.70304688
   -765.65279292
   -765.65997632
   -765.61251086
   -765.70815240
   -765.66188348
   -765.64956816
   -765.69619584
   -765.69836543
   -765.64618538
   -765.66121621
   -765.70413716
   -765.70333831
   -765.66994893
   -765.71018525
   -765.67413235
   -765.60152161
   -765.67825553
   -765.69876438
   -765.64957620
   -765.68434070
   -765.67472450
   -765.69387491
   -765.67002029
   -765.68891243
   -765.69209623
   -765.68568312
   -765.69989072
   -765.70119025
   -765.67374150
   -765.67873509
