% The following energies apply to conformations described by the topology 
% R31_iter1.top.  Structures are given in trajectory coords.cdf, count: 185.

% Item 0:
%   Energy -> orca_structures/coor*/NConf*.out
   -919.26476442
   -919.27029804
   -919.26576094
   -919.26270619
   -919.26613665
   -919.26474678
   -919.26872723
   -919.26911333
   -919.27193369
   -919.27006252
   -919.26905182
   -919.26997470
   -919.26704919
   -919.26532893
   -919.26844330
   -919.27446164
   -919.27009722
   -919.27631238
   -919.26512057
   -919.27051579
   -919.27525941
   -919.26984812
   -919.26643663
   -919.27391338
   -919.26396051
   -919.26405868
   -919.26828454
   -919.26823092
   -919.26804987
   -919.26508051
   -919.26507904
   -919.26404344
   -919.26563355
   -919.27047911
   -919.26595207
   -919.26392465
   -919.26324156
   -919.26911212
   -919.27358044
   -919.26760401
   -919.26910180
   -919.26550930
   -919.27195137
   -919.26740759
   -919.26676328
   -919.26846789
   -919.26438688
   -919.26826626
   -919.26696956
   -919.27424007
   -919.27059330
   -919.26723068
   -919.26548182
   -919.27343103
   -919.27026305
   -919.26508611
   -919.26503170
   -919.26925063
   -919.26882855
   -919.26178290
   -919.26474660
   -919.26424742
   -919.26950886
   -919.26857798
   -919.26902710
   -919.26648172
   -919.26661003
   -919.26492515
   -919.27217202
   -919.27079348
   -919.26586359
   -919.26915664
   -919.27216552
   -919.26560827
   -919.27052654
   -919.27409996
   -919.26957868
   -919.27022421
   -919.26412676
   -919.25825438
   -919.26488287
   -919.26370554
   -919.26985451
   -919.27486195
   -919.26975298
   -919.26991169
   -919.26449765
   -919.27051155
   -919.26386626
   -919.27146613
   -919.27372056
   -919.26979669
   -919.27340565
   -919.26568878
   -919.26985348
   -919.26598069
   -919.26505545
   -919.27555954
   -919.27292510
   -919.27163317
   -919.26092242
   -919.26871206
   -919.27314866
   -919.26979356
   -919.26500665
   -919.26571915
   -919.27530584
   -919.26691289
   -919.27494649
   -919.27171334
   -919.27091797
   -919.26094917
   -919.26596698
   -919.26458039
   -919.26463591
   -919.26883514
   -919.27513280
   -919.27608404
   -919.26500174
   -919.26409603
   -919.27359215
   -919.26253643
   -919.26924136
   -919.26727364
   -919.26403965
   -919.26624261
   -919.27392709
   -919.27190154
   -919.27522371
   -919.26550921
   -919.26499075
   -919.26514808
   -919.26846776
   -919.27089086
   -919.26681407
   -919.26966808
   -919.26528577
   -919.26650847
   -919.27283658
   -919.26854556
   -919.26733227
   -919.27130023
   -919.26674944
   -919.26396133
   -919.26656001
   -919.26945928
   -919.26819264
   -919.26996781
   -919.26616724
   -919.27264244
   -919.26481356
   -919.27531369
   -919.27261742
   -919.25842254
   -919.26382473
   -919.27404340
   -919.26892385
   -919.27564774
   -919.26497011
   -919.26971184
   -919.26784856
   -919.26606193
   -919.26902157
   -919.26573505
   -919.27355442
   -919.26752804
   -919.26483804
   -919.26911909
   -919.26665210
   -919.26640725
   -919.26914367
   -919.27111970
   -919.25820339
   -919.26440500
   -919.27191806
   -919.26386778
   -919.26529785
   -919.26383465
   -919.26706237
   -919.26947106
   -919.26891192
   -919.26978938
   -919.26616534
   -919.26337428
   -919.26364280
