% The following energies apply to conformations described by the topology 
% R31.top.  Structures are given in trajectory coords.cdf, count: 2790.

% Item 0:
%   Energy -> orca_structures/coor*/Conf*.out
   -919.20500264
   -919.09032315
   -919.22688448
   -919.23898090
   -919.21889952
   -919.19694955
   -919.22696658
   -919.20516429
   -919.24798574
   -919.18292731
   -919.21299977
   -919.20690300
   -919.21974554
   -919.24211530
   -919.21708916
   -919.19634079
   -919.20111512
   -919.07008268
   -919.21725192
   -919.17477038
   -919.22498692
   -919.23598670
   -919.25907132
   -919.21868182
   -919.24057051
   -919.25376715
   -919.21525420
   -919.24236401
   -919.23133473
   -919.04122971
   -919.09394739
   -919.23821616
   -919.04108525
   -919.17256963
   -919.22277733
   -919.21004388
   -919.10413654
   -919.21880502
   -919.21718049
   -919.22672132
   -919.23418901
   -919.20361066
   -919.24988642
   -919.21672999
   -919.24565078
   -919.20718408
   -919.22015936
   -919.23154574
   -919.21201900
   -919.22452841
   -919.21840296
   -919.19654500
   -919.23631796
   -919.18731947
   -919.20315765
   -919.20834222
   -919.15008931
   -919.09266123
   -919.23160173
   -919.25282013
   -919.20970277
   -919.25207336
   -919.20104157
   -919.16670981
   -919.22770849
   -919.19606581
   -919.23335009
   -919.12049054
   -919.18330508
   -919.18126545
   -919.23698402
   -919.21069768
   -919.20902064
   -919.23691710
   -919.22023630
   -919.19420534
   -919.23022331
   -919.19673417
   -919.22142499
   -919.22454202
   -919.19454714
   -919.20291308
   -919.19909282
   -919.04722523
   -919.22334583
   -919.24186922
   -919.18949042
   -919.23094893
   -919.20208759
   -919.19071744
   -919.21313101
   -919.22906095
   -919.23844042
   -919.08675818
   -919.09455326
   -919.23014429
   -919.22557336
   -919.16664865
   -919.23226923
   -919.20609661
   -919.20934775
   -919.19659617
   -919.08986867
   -919.10416767
   -919.22348762
   -919.22384478
   -919.07018256
   -919.22192209
   -919.22906695
   -919.22075739
   -919.23624303
   -919.20394858
   -919.25128702
   -919.21521600
   -919.21893885
   -919.16413317
   -919.22001358
   -919.24339786
   -919.17469396
   -919.23594323
   -919.23986411
   -919.20123147
   -919.21594056
   -919.24004220
   -919.16680142
   -919.21541965
   -919.22026768
   -919.21487937
   -919.23813958
   -919.23305292
   -919.16338344
   -919.20361955
   -919.18516623
   -919.19099875
   -919.22860416
   -919.20554816
   -919.24174779
   -919.21371015
   -919.22462057
   -919.24095976
   -919.20351700
   -919.21902477
   -919.21853413
   -919.23553361
   -919.20732516
   -919.21232189
   -919.23854525
   -919.22190516
   -919.05329133
   -919.19837700
   -919.21974069
   -919.20536532
   -919.22439850
   -919.23058628
   -919.24920089
   -919.22537040
   -919.17949460
   -919.21897702
   -919.11283004
   -919.22248046
   -919.24186695
   -919.03581550
   -919.21428886
   -919.22349764
   -919.22245780
   -919.21111051
   -919.22484619
   -919.23380245
   -919.25386991
   -919.22258958
   -919.15782705
   -919.20182583
   -919.22989058
   -919.23314463
   -919.16452096
   -919.21736909
   -919.23058386
   -919.19869240
   -919.23316808
   -919.19286102
   -919.19787829
   -919.22206994
   -919.21679682
   -919.21344645
   -919.23651911
   -919.20583715
   -919.25679536
   -919.23904834
   -919.18933098
   -919.22289815
   -919.23037198
   -919.21012398
   -919.20872249
   -919.20913704
   -919.20620926
   -919.20506287
   -919.08524353
   -919.22335031
   -919.15084311
   -919.20642984
   -919.16236022
   -919.21324267
   -919.23223618
   -919.19369329
   -919.18714192
   -919.23410057
   -919.22135776
   -919.24883545
   -919.22571792
   -919.06562284
   -919.24053063
   -919.19094756
   -919.13638646
   -919.24184935
   -919.19088433
   -919.19551549
   -919.21187767
   -919.17272598
   -919.22504333
   -919.18888839
   -919.24874031
   -919.16823906
   -919.23121578
   -919.22821544
   -919.21599170
   -919.21969475
   -919.23254610
   -919.14723905
   -919.23122980
   -919.17194515
   -919.24827873
   -919.22693713
   -919.22502341
   -919.21951174
   -919.22498942
   -919.19875315
   -919.21825955
   -919.23001792
   -919.22230598
   -919.22304612
   -919.23319036
   -919.23986488
   -919.19519246
   -919.24694680
   -919.20116353
   -919.23916389
   -919.24372670
   -919.20099837
   -919.22572343
   -919.22560384
   -919.22133271
   -919.23168800
   -919.21495553
   -919.22013926
   -919.19556374
   -919.23044608
   -919.21274782
   -919.23850323
   -919.22487404
   -919.23002853
   -919.20538434
   -919.21077063
   -919.20132649
   -919.22301968
   -919.20274506
   -919.24204451
   -919.20519330
   -919.10350921
   -919.23873606
   -919.24515173
   -919.22992650
   -919.22075039
   -919.20674478
   -919.22752645
   -919.23651242
   -919.23996544
   -919.21472133
   -919.18595978
   -919.21261549
   -919.19799123
   -919.22950916
   -919.20404645
   -919.20076112
   -919.23881780
   -919.19135570
   -919.19046159
   -919.20800506
   -919.22994907
   -919.20260428
   -919.22531986
   -919.18532706
   -919.24643775
   -919.23548240
   -919.23683528
   -919.24063373
   -919.10011013
   -919.21886886
   -919.22126900
   -919.19696224
   -919.20762710
   -919.20698351
   -919.22670075
   -919.23267125
   -919.24149703
   -919.22141273
   -919.23330797
   -919.22833887
   -919.23919110
   -919.21398339
   -919.22352931
   -919.22029865
   -919.21064634
   -919.20680744
   -919.21331117
   -919.05410439
   -919.21835987
   -919.23742329
   -919.20754538
   -919.21787657
   -919.14864301
   -919.24469748
   -919.22106348
   -919.23684944
   -919.23090617
   -919.03966097
   -919.22938115
   -919.18962014
   -919.23148681
   -919.24586539
   -919.23654797
   -919.08289852
   -919.21940430
   -919.22073333
   -919.22185119
   -919.22815102
   -919.21795883
   -919.21907837
   -919.23208538
   -919.23527948
   -919.21736816
   -919.23684010
   -919.19453869
   -919.23335986
   -919.20803705
   -919.22833067
   -919.21896694
   -919.25401560
   -919.21544694
   -919.21363350
   -919.23619457
   -919.23045317
   -919.23778459
   -919.22633380
   -919.23039988
   -919.03351713
   -919.23047005
   -919.22304692
   -919.26541608
   -919.21714084
   -919.20655221
   -919.23898948
   -919.06319857
   -919.21236893
   -919.01187801
   -919.23317732
   -919.24384094
   -919.18874134
   -919.23166492
   -919.20763011
   -919.22660381
   -919.17666446
   -919.20924365
   -919.21799151
   -919.22366488
   -919.23101648
   -919.20579634
   -919.20351001
   -919.19154088
   -919.25076554
   -919.24630720
   -919.23819194
   -919.21112258
   -919.24639575
   -919.23777195
   -919.21113690
   -919.20321356
   -919.24611222
   -919.21845321
   -919.22841439
   -919.22704192
   -919.20896104
   -919.22406323
   -919.17666523
   -919.10363390
   -919.23343913
   -919.22632606
   -919.22574529
   -919.22960341
   -919.22981841
   -919.18729061
   -919.08806206
   -919.20531704
   -919.21801783
   -919.24854811
   -919.23507885
   -919.23855723
   -919.19274334
   -919.21789961
   -919.05839078
   -919.21804871
   -919.25449829
   -919.23641565
   -919.23305134
   -919.21276064
   -919.20471299
   -919.22624606
   -919.26877235
   -919.24173031
   -919.18322417
   -919.24373271
   -919.23054253
   -919.19649848
   -919.05641861
   -919.25013402
   -919.24394133
   -919.22936201
   -919.22601286
   -919.21928732
   -919.23051397
   -919.19071615
   -919.04197970
   -919.23593702
   -919.23205139
   -919.25558909
   -919.22228518
   -919.25776071
   -919.21090733
   -919.18436662
   -919.23014039
   -919.22447436
   -919.14792996
   -919.20075692
   -919.25079110
   -919.22811692
   -919.18824755
   -919.18536964
   -919.09593409
   -919.21419917
   -919.21654303
   -919.24330366
   -919.21981465
   -919.21260072
   -919.16066711
   -919.19448518
   -919.17861781
   -919.21172848
   -919.24727945
   -919.23285102
   -919.05672830
   -919.20323195
   -919.22714217
   -919.20835043
   -919.22620824
   -919.24864039
   -919.25116716
   -919.23592438
   -919.15874879
   -919.21633475
   -919.23457610
   -919.19767251
   -919.22114563
   -919.22299487
   -919.21610605
   -919.25183216
   -919.22000420
   -919.22172266
   -919.23099656
   -919.23623235
   -919.21173578
   -919.21618117
   -919.20178931
   -919.24192999
   -919.22227601
   -919.21582149
   -919.18589709
   -919.11222861
   -919.25257743
   -919.22461470
   -919.20747438
   -919.25614672
   -919.21335771
   -919.22322630
   -919.21078894
   -919.22677212
   -919.20900779
   -919.22836244
   -919.24504646
   -919.22969140
   -919.24125016
   -919.14023838
   -919.21485389
   -919.21874313
   -919.23025338
   -919.24373704
   -919.21782997
   -919.19206320
   -919.22456165
   -919.24051940
   -919.21990735
   -919.22259377
   -919.08001022
   -919.24282047
   -919.19841897
   -919.22330764
   -919.24224187
   -919.21003656
   -919.21273143
   -919.23472022
   -919.21624844
   -919.18228826
   -919.21772928
   -919.21541575
   -919.21968346
   -919.22367714
   -919.20575015
   -919.22739878
   -919.21174622
   -919.23160266
   -919.22143740
   -919.20798350
   -919.15341989
   -919.24525727
   -919.19446750
   -919.17276048
   -919.24513840
   -919.21680452
   -919.24340184
   -919.23233524
   -919.24097944
   -919.21901761
   -919.21040069
   -919.23136707
   -919.23605995
   -919.18773346
   -919.25258383
   -919.23297294
   -919.20084186
   -919.21044449
   -919.19694381
   -919.21738915
   -919.20436931
   -919.19660869
   -919.22151479
   -919.23495412
   -919.20237514
   -919.24317503
   -919.21937996
   -919.19618677
   -919.15325387
   -919.21146694
   -919.21650153
   -919.22345574
   -919.23111768
   -919.21486825
   -919.19844318
   -919.20177505
   -919.22066986
   -919.24604719
   -919.20256327
   -919.16395550
   -919.22308851
   -919.22657208
   -919.25147472
   -919.20650958
   -919.19735415
   -919.13552471
   -919.22958192
   -919.22619427
   -919.16735092
   -919.23567288
   -919.22212959
   -919.19072215
   -919.22995704
   -919.25652354
   -919.14907826
   -919.24840599
   -919.20312557
   -919.22140951
   -919.22444501
   -919.23621907
   -919.22603153
   -919.20466304
   -919.25420837
   -919.21717715
   -919.23217319
   -919.24548588
   -919.22403734
   -919.18262690
   -919.22108777
   -919.23623212
   -919.22204815
   -919.09333598
   -919.22019973
   -919.19913917
   -919.20813257
   -919.22259419
   -919.16774215
   -919.23204160
   -919.20947747
   -919.23715222
   -919.22969167
   -919.18972967
   -919.21918538
   -919.22134969
   -919.21400198
   -919.20864853
   -919.21027943
   -919.22730630
   -919.02241677
   -919.24283799
   -919.21471074
   -919.13885560
   -919.09008297
   -919.23357916
   -919.20840385
   -919.07897667
   -919.16638052
   -919.23357483
   -919.25047783
   -919.25735897
   -919.22135607
   -919.19249213
   -919.16509490
   -919.20820460
   -919.16741286
   -919.20189288
   -919.22125653
   -919.12185578
   -919.05381553
   -919.19935768
   -919.23822109
   -919.24965232
   -919.25114989
   -919.24328384
   -919.18190464
   -919.23110886
   -919.19491119
   -919.25403355
   -919.24290371
   -919.17367735
   -919.22154369
   -919.23936038
   -919.23442638
   -919.19577232
   -919.19869968
   -919.19395180
   -919.21466195
   -919.22266103
   -919.22673720
   -919.24821126
   -919.16471525
   -919.23046978
   -919.24336858
   -919.21351089
   -919.03691443
   -919.19454676
   -919.23432644
   -919.17700277
   -919.25721770
   -919.23693652
   -919.23771199
   -919.19241202
   -919.23065173
   -919.21071454
   -919.19825816
   -919.23567452
   -919.07551475
   -919.21852882
   -919.19878874
   -919.21916867
   -919.23148474
   -919.22766639
   -919.25832436
   -919.25784437
   -919.20609053
   -919.24138641
   -919.22006525
   -919.13067275
   -919.20797479
   -919.23873559
   -919.22039058
   -919.23798724
   -919.21463390
   -919.23747040
   -919.13186434
   -919.22653636
   -919.22218264
   -919.20673409
   -919.21434026
   -919.18039504
   -919.23550797
   -919.21469402
   -919.18778878
   -919.24619273
   -919.22583061
   -919.23946985
   -919.20675567
   -919.19635296
   -919.24198065
   -919.21576865
   -919.15958014
   -919.22768840
   -919.22431822
   -919.16182272
   -919.22345779
   -919.23775575
   -919.24150041
   -919.24477959
   -919.24751468
   -919.24240803
   -919.17136216
   -919.23548189
   -919.22668757
   -919.23044681
   -919.24905215
   -919.25015042
   -919.22750738
   -919.22609748
   -919.19681373
   -919.17311065
   -919.23372700
   -919.19989798
   -919.19512718
   -919.21278001
   -919.22948592
   -919.22452644
   -919.23284506
   -919.21394902
   -919.25874863
   -919.21654459
   -919.24853733
   -919.23619893
   -919.23394931
   -919.21937055
   -919.22272000
   -919.21780510
   -919.18003693
   -919.23484009
   -919.22353628
   -919.22858273
   -919.23552435
   -919.22134531
   -919.20470138
   -919.04278351
   -919.23734019
   -919.22738001
   -919.23285566
   -919.22075342
   -919.21815505
   -919.20831124
   -919.20261882
   -919.22532672
   -919.22826870
   -919.20650273
   -919.25281618
   -919.17982186
   -919.08176102
   -919.23815915
   -919.20300329
   -919.22837197
   -919.19944414
   -919.19486454
   -919.06126427
   -919.21329296
   -919.16647124
   -919.19305297
   -919.23251196
   -919.24144258
   -919.18903312
   -919.23494063
   -919.11632757
   -919.15115014
   -919.23583497
   -919.23361490
   -919.21461844
   -919.23043729
   -919.23852745
   -919.25105733
   -919.22209175
   -919.23286171
   -919.16709206
   -919.22511663
   -919.18612510
   -919.21826184
   -919.23844167
   -919.25098560
   -919.22803024
   -919.23858519
   -919.23605882
   -919.23721813
   -919.19016684
   -919.22999422
   -919.24836164
   -919.18604652
   -919.21263820
   -919.23138568
   -919.20550218
   -919.21111422
   -919.23355129
   -919.22344231
   -919.21522904
   -919.23451332
   -919.20918647
   -919.22786107
   -919.23130836
   -919.22538213
   -919.20869906
   -919.21247399
   -919.22070755
   -919.23053514
   -919.23888739
   -919.19114584
   -919.23713236
   -919.20436860
   -919.22989448
   -919.21844844
   -919.20348742
   -919.21058247
   -919.23456193
   -919.18189702
   -919.22815885
   -919.24398240
   -919.22240973
   -919.23038113
   -919.20427841
   -919.23608231
   -919.21628858
   -919.20700593
   -919.22070014
   -919.22922515
   -919.04969250
   -919.21706842
   -919.22850006
   -919.24141576
   -919.24255108
   -919.22290660
   -919.23313572
   -919.22035883
   -919.22819973
   -919.22733261
   -919.23745397
   -919.21379527
   -919.21061505
   -919.22635786
   -919.09707804
   -919.19423194
   -919.19613146
   -919.21389906
   -919.22455352
   -919.17197605
   -919.26323322
   -919.22321849
   -919.20690826
   -919.24436683
   -919.19946018
   -919.13969731
   -919.20605853
   -919.24565868
   -919.22860906
   -919.23575635
   -919.22287002
   -919.22995269
   -919.18164161
   -919.21624403
   -919.24454278
   -919.22267246
   -919.21827719
   -919.22094637
   -919.21902638
   -919.24183294
   -919.15904502
   -919.24011191
   -919.21257546
   -919.23585907
   -919.20913094
   -919.22383964
   -919.16578243
   -919.09298304
   -919.22683217
   -919.21737097
   -919.21461897
   -919.23670156
   -919.21489873
   -919.24420800
   -919.20407521
   -919.21307568
   -919.24036289
   -919.06654468
   -919.23199743
   -919.23542928
   -919.23880802
   -919.07609104
   -919.23394780
   -919.07344414
   -919.22719795
   -919.09450120
   -919.25857370
   -919.22943736
   -919.21347810
   -919.22349216
   -919.07891238
   -919.21007637
   -919.22792857
   -919.23154652
   -919.22278366
   -919.06611435
   -919.21398475
   -919.21444347
   -919.25344895
   -919.25132999
   -919.22888228
   -919.19268873
   -919.16534320
   -919.19544760
   -919.22372422
   -919.23275906
   -919.22717986
   -919.22958746
   -919.13837996
   -919.23635167
   -919.19912536
   -919.19164035
   -919.21802852
   -919.25162950
   -919.17433176
   -919.25184195
   -919.23597629
   -919.15590597
   -919.22412699
   -919.20791164
   -919.22815388
   -919.23598140
   -919.22935429
   -919.24029032
   -919.22205222
   -919.21625371
   -919.22946264
   -919.20976779
   -919.17026369
   -919.04688398
   -919.24313533
   -919.22009455
   -919.22407618
   -919.22712007
   -919.24227635
   -919.23801226
   -919.21916249
   -919.23347503
   -919.19109259
   -919.24247617
   -919.23931711
   -919.20537777
   -919.21760847
   -919.20567529
   -919.21554951
   -919.22845189
   -919.22076608
   -919.20904699
   -919.22684078
   -919.22059233
   -919.18439093
   -919.22078310
   -919.22587563
   -919.22511973
   -919.19891611
   -919.25010240
   -919.20800646
   -919.22616195
   -919.22939154
   -919.24317357
   -919.22978802
   -919.17038365
   -919.21627477
   -919.22289739
   -919.21328205
   -919.24856272
   -919.25332879
   -919.23214709
   -919.24965431
   -919.21934705
   -919.22868348
   -919.23658205
   -919.21179325
   -919.24375245
   -919.23141912
   -919.22719456
   -919.23067378
   -919.23841549
   -919.21630675
   -919.21858544
   -919.24001936
   -919.23030487
   -919.22159103
   -919.21940621
   -919.23862285
   -919.23937528
   -919.21355356
   -919.22831142
   -919.21480854
   -919.22196878
   -919.24010726
   -919.23483975
   -919.18797218
   -919.22987015
   -919.23437548
   -919.22170408
   -919.04580929
   -919.22778092
   -919.21316103
   -919.19874423
   -919.23692939
   -919.23843262
   -919.22558110
   -919.19523390
   -919.19310353
   -919.22004110
   -919.23925045
   -919.20304443
   -919.24567694
   -919.23221752
   -919.21840641
   -919.21582034
   -919.23049824
   -919.22593278
   -919.23071985
   -919.19553010
   -919.06344177
   -919.26445480
   -919.21936927
   -919.24125988
   -919.21256734
   -919.24573896
   -919.22206797
   -919.22774456
   -919.24922743
   -919.23457716
   -919.24874327
   -919.26175695
   -919.16114451
   -919.15115796
   -919.23372788
   -919.22587894
   -919.21346582
   -919.18762298
   -919.12490304
   -919.19322930
   -919.16703451
   -919.26717580
   -919.23932993
   -919.23617106
   -919.22108154
   -919.22729458
   -919.23237257
   -919.07837069
   -919.23374330
   -919.21352604
   -919.21574747
   -919.23016480
   -919.22340039
   -919.24065451
   -919.22274748
   -919.22632104
   -919.25405670
   -919.22558674
   -919.20901387
   -919.22311069
   -919.24736789
   -919.23984170
   -919.22567569
   -919.21834018
   -919.22611002
   -919.21231101
   -919.23207396
   -919.22140842
   -919.12039934
   -919.22519289
   -919.22170009
   -919.23777225
   -919.21402709
   -919.23254262
   -919.22296304
   -919.23144518
   -919.23673324
   -919.19557438
   -919.21516567
   -919.17759891
   -919.23882510
   -919.19296204
   -919.19093103
   -919.18474955
   -919.19754162
   -919.16684830
   -919.20864322
   -919.19226828
   -919.22421863
   -919.21949850
   -919.25110728
   -919.23416941
   -919.20814417
   -919.24682979
   -919.24398940
   -919.22590224
   -919.23868664
   -919.24180009
   -919.20817295
   -919.17670869
   -919.25839674
   -919.25173662
   -919.22975188
   -919.21304228
   -919.19021012
   -919.20687065
   -919.22587087
   -919.17984831
   -919.23551865
   -919.22068491
   -919.21043399
   -919.21137793
   -919.17466476
   -919.21523340
   -919.23344660
   -919.08340006
   -919.17803926
   -919.21798052
   -919.15034796
   -919.24562356
   -919.18141461
   -919.22388836
   -919.19126246
   -919.22780225
   -919.19133484
   -919.15108517
   -919.23256417
   -919.21874564
   -919.23171260
   -919.17717670
   -919.22006956
   -919.22756959
   -919.20361570
   -919.20060236
   -919.19381678
   -919.21074812
   -919.23086805
   -919.15153387
   -919.20979920
   -919.24466813
   -919.23094530
   -919.21068498
   -919.17748335
   -919.25764615
   -919.19509033
   -919.18805161
   -919.21399219
   -919.20348582
   -919.19579950
   -919.24004979
   -919.23921770
   -919.24052390
   -919.24702487
   -919.25141333
   -919.15687211
   -919.06657654
   -919.22616286
   -919.18492642
   -919.19127579
   -919.23678885
   -919.22125904
   -919.22142675
   -919.20878976
   -919.24642466
   -919.21452247
   -919.22530434
   -919.25177640
   -919.21207467
   -919.20119356
   -919.21426405
   -919.21258727
   -919.20082837
   -919.19041609
   -919.21224653
   -919.21384919
   -919.21305473
   -919.24021526
   -919.23063144
   -919.22219974
   -919.22654108
   -919.23074823
   -919.21100473
   -919.21901293
   -919.21794812
   -919.21776116
   -919.08388228
   -919.03120433
   -919.23972150
   -919.23827634
   -919.23214737
   -919.23518766
   -919.21177418
   -919.18435283
   -919.20186040
   -919.17103656
   -919.20319662
   -919.22499900
   -919.18711269
   -919.22823957
   -919.23586610
   -919.24731450
   -919.23970517
   -919.21120891
   -919.19441427
   -919.19422648
   -919.21572332
   -919.24872040
   -919.14952630
   -919.19434770
   -919.22790712
   -919.17525829
   -919.24098476
   -919.24329948
   -919.25974003
   -919.24260259
   -919.21356019
   -919.19134094
   -919.22113063
   -919.21307673
   -919.22091530
   -919.23853761
   -919.22201119
   -919.22165765
   -919.16024872
   -919.22172213
   -919.14716321
   -919.24826209
   -919.19851333
   -919.12214394
   -919.22409315
   -919.22656393
   -919.22014009
   -919.21250191
   -919.23932224
   -919.22062976
   -919.24389063
   -919.22116479
   -919.23472909
   -919.23449778
   -919.23791718
   -919.20992597
   -919.23850037
   -919.21921723
   -919.23828542
   -919.22147843
   -919.23179487
   -919.23775354
   -919.10597171
   -919.20617857
   -919.22264780
   -919.07438341
   -919.17532329
   -919.24335233
   -919.21113247
   -919.22803472
   -919.24090599
   -919.16788580
   -919.19640723
   -919.22949254
   -919.25649201
   -919.18369347
   -919.22506486
   -919.21201954
   -919.18426438
   -919.22308607
   -919.17178045
   -919.22402434
   -919.25772543
   -919.19870174
   -919.21183999
   -919.21599667
   -919.22374596
   -919.03420462
   -919.16240658
   -919.23265618
   -919.24167299
   -919.23877910
   -919.24281780
   -919.23198199
   -919.23961828
   -919.20922654
   -919.20641731
   -919.22508790
   -919.18748062
   -919.21747795
   -919.23370378
   -919.21022113
   -919.22532811
   -919.20724828
   -919.22257458
   -919.24073166
   -919.15042489
   -919.21021880
   -919.20739383
   -919.16628504
   -919.22766033
   -919.21045355
   -919.26240671
   -919.24641536
   -919.24672824
   -919.24000093
   -919.20386290
   -919.19721985
   -919.21277270
   -919.23415869
   -919.08276773
   -919.21400841
   -919.04679355
   -919.19317955
   -919.22904833
   -919.17540189
   -919.21681947
   -919.22632729
   -919.20261801
   -919.23444033
   -919.21945178
   -919.24157612
   -919.11555720
   -919.24039864
   -919.21664899
   -919.19438620
   -919.22793202
   -919.21413148
   -919.23526780
   -919.21027052
   -919.23412429
   -919.23008220
   -919.23516982
   -919.18491307
   -919.07391225
   -919.23693977
   -919.21905780
   -919.20866667
   -919.20309701
   -919.23354066
   -919.22679968
   -919.23477297
   -919.21866136
   -919.19335390
   -919.05918191
   -919.23190622
   -919.21888982
   -919.23995753
   -919.17314822
   -919.21878212
   -919.16065031
   -919.22898738
   -919.22528609
   -919.20514491
   -919.17786640
   -919.22558062
   -919.19397624
   -919.16016718
   -919.25132149
   -919.22459048
   -919.22650648
   -919.21639834
   -919.18278933
   -919.17929584
   -919.20090585
   -919.19204174
   -919.23545517
   -919.22139323
   -919.20849482
   -919.23142610
   -919.19507885
   -919.22960434
   -919.16192640
   -919.21755026
   -919.09240625
   -919.10986595
   -919.15631841
   -919.20474847
   -919.23376971
   -919.20774646
   -919.14620303
   -919.07857057
   -919.25097409
   -919.20739951
   -919.22127486
   -919.21254309
   -919.21636705
   -919.21465811
   -919.22431548
   -919.20976667
   -919.20495305
   -919.22753602
   -919.22920277
   -919.21905629
   -919.23625953
   -919.20179095
   -919.23067689
   -919.11785742
   -919.20006361
   -919.22775971
   -919.20450319
   -919.21441151
   -919.23528861
   -919.21931333
   -919.23067833
   -919.24588454
   -919.21336646
   -919.23338212
   -919.23311191
   -919.21347660
   -919.09063459
   -919.23899045
   -919.23715864
   -919.18552817
   -919.17421570
   -919.19524712
   -919.22267849
   -919.23230469
   -919.21583512
   -919.20985341
   -919.21987673
   -919.04681181
   -919.20624051
   -919.22363165
   -919.03969027
   -919.21290612
   -919.21653071
   -919.22831755
   -919.21502264
   -919.21996311
   -919.11685943
   -919.21460903
   -919.21124471
   -919.20552283
   -919.21321757
   -919.21198730
   -919.23360496
   -919.20122460
   -919.06650994
   -919.20947209
   -919.19030983
   -919.21300715
   -919.21670146
   -919.04527168
   -919.22283827
   -919.24365565
   -919.04276386
   -919.21955790
   -919.04494951
   -919.22201638
   -919.22382162
   -919.24851653
   -919.22704400
   -919.07218727
   -919.20344321
   -919.22481087
   -919.23791538
   -919.18766877
   -919.24797617
   -919.20753191
   -919.21784246
   -919.21185346
   -919.23156391
   -919.23432283
   -919.22473220
   -919.24413661
   -919.23314760
   -919.23483202
   -919.18500958
   -919.07107527
   -919.15148483
   -919.24182501
   -919.20184751
   -919.18323576
   -919.21359368
   -919.08403686
   -919.18159201
   -919.20546126
   -919.21729889
   -919.20850423
   -919.22316727
   -919.22263547
   -919.23796641
   -919.17639843
   -919.19738873
   -919.22159281
   -919.23316102
   -919.22106773
   -919.18510164
   -919.23043285
   -919.23864241
   -919.21056394
   -919.24742598
   -919.19688435
   -919.22405403
   -919.19987476
   -919.18723552
   -919.06991926
   -919.24829883
   -919.22716359
   -919.23605979
   -919.23372459
   -919.23561710
   -919.24270795
   -919.22176778
   -919.21993618
   -919.24121636
   -919.26254327
   -919.24448201
   -919.18075963
   -919.19671373
   -919.18669460
   -919.02666701
   -919.20372422
   -919.24684095
   -919.19169903
   -919.18714683
   -919.23327943
   -919.22216317
   -919.22935953
   -919.23099840
   -919.22558719
   -919.24941215
   -919.24423404
   -919.22271196
   -919.20267619
   -919.06362035
   -919.21477295
   -919.18835248
   -919.23170372
   -919.22099560
   -919.24174609
   -919.22662425
   -919.22351509
   -919.21572708
   -919.17877133
   -919.19594510
   -919.14637947
   -919.20612913
   -919.18601898
   -919.22264385
   -919.20255518
   -919.23001196
   -919.20377937
   -919.24004441
   -919.22836252
   -919.23371189
   -919.20858703
   -919.25593661
   -919.21677803
   -919.21763525
   -919.20138789
   -919.22971445
   -919.19794443
   -919.22422701
   -919.23756221
   -919.22972110
   -919.23974339
   -919.23087329
   -919.21295859
   -919.22698687
   -919.22580385
   -919.19739734
   -919.20659454
   -919.22284761
   -919.21742428
   -919.09695431
   -919.19106864
   -919.19304240
   -919.21875349
   -919.17676461
   -919.15489115
   -919.22303606
   -919.24469677
   -919.14271682
   -919.22547530
   -919.22419400
   -919.06962843
   -919.18991535
   -919.06220387
   -919.21006999
   -919.23171371
   -919.22607088
   -919.23753260
   -919.21223288
   -919.21007127
   -919.23919254
   -919.18415574
   -919.16735383
   -919.10702946
   -919.24092707
   -919.21652604
   -919.07995782
   -919.24330570
   -919.23299092
   -919.22425073
   -919.06533380
   -919.22310141
   -919.22090661
   -919.08998819
   -919.18856446
   -919.22575625
   -919.24189413
   -919.24964084
   -919.21718519
   -919.14320533
   -919.19049201
   -919.22213473
   -919.21918323
   -919.22695353
   -919.24485028
   -919.24608878
   -919.22990638
   -919.21571035
   -919.21100186
   -919.16838572
   -919.20704054
   -919.18449735
   -919.22351734
   -919.22127936
   -919.14911933
   -919.24678315
   -919.23645537
   -919.21272281
   -919.13999963
   -919.25651853
   -919.19990979
   -919.23372558
   -919.24667376
   -919.20202296
   -919.22409093
   -919.22055613
   -919.19679620
   -919.22524201
   -919.22067459
   -919.22003736
   -919.10895423
   -919.09947975
   -919.22765417
   -919.17146260
   -919.19553539
   -919.23212776
   -919.24310495
   -919.21954462
   -919.21921763
   -919.13468432
   -919.22863083
   -919.24418617
   -919.23862863
   -919.23671314
   -919.25569467
   -919.19141233
   -919.21093596
   -919.20488692
   -919.23435832
   -919.19919463
   -919.17298649
   -919.21678559
   -919.22851345
   -919.23130728
   -919.17680379
   -919.24877384
   -919.21961815
   -919.22265953
   -919.21102624
   -919.19412416
   -919.21815696
   -919.25342435
   -919.22867672
   -919.22719190
   -919.18909611
   -919.24273044
   -919.22698289
   -919.21058618
   -919.20691477
   -919.23326412
   -919.21741971
   -919.19590835
   -919.21785671
   -919.25344960
   -919.22235626
   -919.20613773
   -919.22313227
   -919.23161069
   -919.13584796
   -919.06070652
   -919.21910638
   -919.18094135
   -919.19060963
   -919.20092482
   -919.23291338
   -919.22135779
   -919.24048909
   -919.17703667
   -919.21607007
   -919.19951849
   -919.22228656
   -919.07243047
   -919.18483775
   -919.21454869
   -919.23198828
   -919.23289182
   -919.21045507
   -919.17822069
   -919.22615484
   -919.23522480
   -919.21473837
   -919.19818543
   -919.21163863
   -919.05020097
   -919.23749988
   -919.20897076
   -919.20170329
   -919.22072775
   -919.20302550
   -919.23241360
   -919.25006229
   -919.11093025
   -919.21473880
   -919.21186786
   -919.22506629
   -919.22227445
   -919.23665364
   -919.20817722
   -919.25327825
   -919.23303745
   -919.24172546
   -919.21062255
   -919.17346689
   -919.23193087
   -919.02889152
   -919.24727704
   -919.23313032
   -919.13670829
   -919.23991382
   -919.08049500
   -919.20459319
   -919.23063306
   -919.26265522
   -919.22639950
   -919.23277491
   -919.23402409
   -919.21792046
   -919.23799243
   -919.19110267
   -919.19580651
   -919.24347685
   -919.23329615
   -919.22328501
   -919.22895383
   -919.19671742
   -919.19467919
   -919.23190200
   -919.22840074
   -919.23768896
   -919.20485847
   -919.21437197
   -919.19812703
   -919.23421720
   -919.23415811
   -919.23248281
   -919.22714815
   -919.21507180
   -919.06444438
   -919.22288758
   -919.23751339
   -919.21860315
   -919.23470634
   -919.19079643
   -919.21281835
   -919.20819110
   -919.20133550
   -919.09358275
   -919.22448063
   -919.24823918
   -919.24208470
   -919.15035313
   -919.20111224
   -919.22165433
   -919.13202306
   -919.24426112
   -919.24014490
   -919.18310321
   -919.18425571
   -919.21592256
   -919.24052878
   -919.09771451
   -919.21205041
   -919.21354699
   -919.23234091
   -919.19970313
   -919.23409705
   -919.23690459
   -919.22667128
   -919.19995323
   -919.23702216
   -919.22785854
   -919.20386284
   -919.23057083
   -919.25102888
   -919.23877378
   -919.22051143
   -919.24755823
   -919.20425884
   -919.20997541
   -919.17568835
   -919.20745564
   -919.22856655
   -919.21025359
   -919.20099643
   -919.20164271
   -919.22128285
   -919.22970704
   -919.22500849
   -919.21468914
   -919.19471995
   -919.21826896
   -919.19700712
   -919.19070159
   -919.23231198
   -919.24670522
   -919.17816441
   -919.21356360
   -919.22655874
   -919.16862943
   -919.19075583
   -919.24467172
   -919.22449673
   -919.21910970
   -919.23291855
   -919.24307479
   -919.17061737
   -919.22667225
   -919.25409491
   -919.21636282
   -919.20572423
   -919.22361960
   -919.23611921
   -919.15569163
   -919.25494409
   -919.20708942
   -919.15927296
   -919.18446124
   -919.22838957
   -919.22520286
   -919.22016314
   -919.20888713
   -919.23505856
   -919.25063105
   -919.19728462
   -919.23745380
   -919.23775637
   -919.25122615
   -919.17492100
   -919.23541005
   -919.20929092
   -919.20299224
   -919.21991472
   -919.22110496
   -919.22900754
   -919.25334648
   -919.23560301
   -919.23635507
   -919.23080718
   -919.19379029
   -919.24387458
   -919.22099669
   -919.24190293
   -919.23685011
   -919.23117376
   -919.22298519
   -919.23767490
   -919.23956069
   -919.21733501
   -919.21779288
   -919.10509228
   -919.19497325
   -919.23221267
   -919.19750299
   -919.23167793
   -919.23036481
   -919.23262729
   -919.20517175
   -919.20573802
   -919.20236989
   -919.23957200
   -919.21730521
   -919.22285483
   -919.19740039
   -919.23626494
   -919.20708825
   -919.23742494
   -919.24822115
   -919.21909268
   -919.21073457
   -919.21680262
   -919.21330422
   -919.09093634
   -919.25288050
   -919.21086540
   -919.19309845
   -919.24170315
   -919.25970523
   -919.18364073
   -919.23760860
   -919.24307365
   -919.10192945
   -919.20153572
   -919.04233998
   -919.24327739
   -919.25189254
   -919.23770532
   -919.22255086
   -919.21462214
   -919.23470202
   -919.22326346
   -919.21678830
   -919.12252856
   -919.17993731
   -919.23536299
   -919.18987114
   -919.21226631
   -919.21394880
   -919.24061061
   -919.18919938
   -919.22765779
   -919.23814918
   -919.22635938
   -919.20090772
   -919.19557013
   -919.22825845
   -919.20507408
   -919.23680459
   -919.21258016
   -919.20828030
   -919.22299672
   -919.14812325
   -919.24685246
   -919.23540524
   -919.24040543
   -919.19327955
   -919.10065485
   -919.22709985
   -919.24885581
   -919.21415309
   -919.22615731
   -919.23153357
   -919.22727682
   -919.23827328
   -919.18354774
   -919.18439357
   -919.21772382
   -919.23965233
   -919.10658208
   -919.22168417
   -919.21736093
   -919.20798136
   -919.21904385
   -919.22009728
   -919.20815427
   -919.07753404
   -919.21571757
   -919.19993149
   -919.23447848
   -919.20791272
   -919.04605921
   -919.22328290
   -919.20717647
   -919.22572790
   -919.21413139
   -919.16590577
   -919.22498579
   -919.21085126
   -919.22194639
   -919.20354925
   -919.21862895
   -919.24008654
   -919.24960960
   -919.20331398
   -919.20620063
   -919.23180350
   -919.23856005
   -919.22452174
   -919.23914772
   -919.26525072
   -919.22659162
   -919.21286622
   -919.21429258
   -919.22616280
   -919.23806135
   -919.21409260
   -919.19168744
   -919.19511893
   -919.19591341
   -919.19791298
   -919.24573232
   -919.22039171
   -919.23231722
   -919.23901643
   -919.04827411
   -919.23363827
   -919.23627332
   -919.23717334
   -919.21824704
   -919.21345307
   -919.20511653
   -919.23529810
   -919.22551681
   -919.24903595
   -919.22583588
   -919.21261639
   -919.22980410
   -919.24401505
   -919.04136893
   -919.20929417
   -919.22040060
   -919.21712892
   -919.16465390
   -919.19421644
   -919.19866226
   -919.19247703
   -919.19611867
   -919.22449932
   -919.21200183
   -919.21231241
   -919.21327021
   -919.23613882
   -919.23861240
   -919.23085768
   -919.20907436
   -919.22527582
   -919.20062251
   -919.25732065
   -919.22757170
   -919.22000334
   -919.19786163
   -919.21011220
   -919.22896003
   -919.26012791
   -919.19930065
   -919.06131722
   -919.20671156
   -919.15843808
   -919.21210393
   -919.21482458
   -919.21450179
   -919.21884882
   -919.24538668
   -919.22884419
   -919.23844865
   -919.18831840
   -919.22780540
   -919.21465139
   -919.23195576
   -919.22403279
   -919.21931277
   -919.20684061
   -919.07303685
   -919.05259174
   -919.22134577
   -919.22725832
   -919.23033281
   -919.23418395
   -919.18843173
   -919.19584957
   -919.22729295
   -919.20038714
   -919.23861968
   -919.18843764
   -919.21797475
   -919.26432021
   -919.22146324
   -919.21131172
   -919.07715204
   -919.20770519
   -919.21386275
   -919.21727888
   -919.22579774
   -919.21971448
   -919.19533661
   -919.16616737
   -919.22603517
   -919.22569464
   -919.21762554
   -919.24148783
   -919.23689447
   -919.22556396
   -919.19534637
   -919.19963296
   -919.17164730
   -919.21183655
   -919.21510182
   -919.22907978
   -919.21355925
   -919.23987868
   -919.23506397
   -919.22687983
   -919.17315272
   -919.20333368
   -919.19398130
   -919.23843547
   -919.24589514
   -919.19539083
   -919.22000630
   -919.22460667
   -919.19644382
   -919.23210500
   -919.19720848
   -919.22558363
   -919.23878426
   -919.19850253
   -919.21383163
   -919.24307040
   -919.24292523
   -919.22952414
   -919.23873820
   -919.21973500
   -919.18327437
   -919.19422617
   -919.23283183
   -919.23074941
   -919.22095465
   -919.23162446
   -919.22349038
   -919.07297314
   -919.23961840
   -919.24278131
   -919.22970360
   -919.23086364
   -919.23573052
   -919.17464415
   -919.22419088
   -919.06037273
   -919.22834789
   -919.21534629
   -919.18037142
   -919.21225114
   -919.22696242
   -919.21046118
   -919.14872945
   -919.22759135
   -919.18404340
   -919.21510573
   -919.16187771
   -919.20290622
   -919.21248949
   -919.06821634
   -919.24223222
   -919.19263938
   -919.24606501
   -919.25234332
   -919.24741992
   -919.20772706
   -919.23766045
   -919.19940147
   -919.03719556
   -919.21627417
   -919.22746627
   -919.21072530
   -919.22722288
   -919.23133638
   -919.22907469
   -919.21096364
   -919.22116879
   -919.22503507
   -919.22161200
   -919.15862020
   -919.19379825
   -919.22963153
   -919.22153136
   -919.25831923
   -919.22245086
   -919.17340740
   -919.23237619
   -919.23332365
   -919.19899302
   -919.20933743
   -919.23778226
   -919.19695853
   -919.26208733
   -919.20749874
   -919.17739684
   -919.17901336
   -919.14314559
   -919.23887024
   -919.21864966
   -919.24118630
   -919.22998924
   -919.22637841
   -919.22489847
   -919.23891943
   -919.23358286
   -919.24623002
   -919.25760619
   -919.20184336
   -919.21991067
   -919.20547961
   -919.17481113
   -919.22461277
   -919.21259989
   -919.22179341
   -919.26579007
   -919.21960756
   -919.21181982
   -919.22496938
   -919.19677143
   -919.24610834
   -919.21036704
   -919.20722716
   -919.15485400
   -919.22631189
   -919.20404115
   -919.21246056
   -919.26114780
   -919.20930002
   -919.19893643
   -919.21817557
   -919.21604809
   -919.21325240
   -919.25276425
   -919.21768989
   -919.23014562
   -919.22064810
   -919.17173667
   -919.20381520
   -919.22954370
   -919.14631834
   -919.19706262
   -919.17885866
   -919.19592472
   -919.24313231
   -919.24236047
   -919.20030892
   -919.23133574
   -919.20143680
   -919.22096823
   -919.23904638
   -919.22818015
   -919.24663075
   -919.22507710
   -919.21714590
   -919.21346154
   -919.22320294
   -919.18139724
   -919.22074019
   -919.23778051
   -919.17604857
   -919.20359543
   -919.23096415
   -919.21626446
   -919.26049696
   -919.22283660
   -919.20010340
   -919.21137342
   -919.22631435
   -919.23358847
   -919.23923350
   -919.22884697
   -919.20989419
   -919.18892550
   -919.08276019
   -919.22835967
   -919.22395157
   -919.24143923
   -919.23458391
   -919.24813109
   -919.22265046
   -919.23479520
   -919.21267734
   -919.21791044
   -919.21757618
   -919.19296978
   -919.23463859
   -919.22713811
   -919.23078604
   -919.23231511
   -919.23273703
   -919.20527757
   -919.21776848
   -919.23750549
   -919.20632284
   -919.21401953
   -919.08695897
   -919.23115537
   -919.22363107
   -919.23403812
   -919.20550081
   -919.09088787
   -919.17812641
   -919.22940240
   -919.22900698
   -919.20616851
   -919.21679689
   -919.23201666
   -919.20253245
   -919.20145730
   -919.24216297
   -919.16363099
   -919.10183414
   -919.17759960
   -919.18638905
   -919.22138782
   -919.23296474
   -919.22306781
   -919.19322743
   -919.24252072
   -919.23562954
   -919.24630385
   -919.19184583
   -919.23160477
   -919.20478242
   -919.20871560
   -919.19738988
   -919.21135624
   -919.19350682
   -919.23223601
   -919.23316659
   -919.18546299
   -919.17482559
   -919.25249086
   -919.26022894
   -919.22802301
   -919.22142841
   -919.20447717
   -919.22244368
   -919.20853131
   -919.08235294
   -919.23892750
   -919.21268403
   -919.25965853
   -919.22147259
   -919.21924489
   -919.23447747
   -919.21861150
   -919.24149533
   -919.17245308
   -919.19341479
   -919.21652008
   -919.19592981
   -919.23562009
   -919.25448614
   -919.12182597
   -919.20841292
   -919.19623728
   -919.24149973
   -919.22479926
   -919.20354520
   -919.22373129
   -919.25092563
   -919.21241363
   -919.23940683
   -919.23852498
   -919.15247215
   -919.24238194
   -919.23971368
   -919.21352670
   -919.22519695
   -919.21007425
   -919.21301459
   -919.23302155
   -919.24961666
   -919.24426690
   -919.23152499
   -919.21707206
   -919.25304359
   -919.24119458
   -919.24648410
   -919.23032476
   -919.21750407
   -919.22689899
   -919.21666112
   -919.24081830
   -919.21156414
   -919.17830750
   -919.23281340
   -919.21245478
   -919.22584817
   -919.23165783
   -919.19955892
   -919.21783552
   -919.22628122
   -919.22533707
   -919.23430813
   -919.05026862
   -919.19977073
   -919.19918398
   -919.15546065
   -919.22812848
   -919.19751224
   -919.22304742
   -919.22979941
   -919.08630466
   -919.23008117
   -919.20889369
   -919.24600780
   -919.24617528
   -919.19984847
   -919.20433640
   -919.22755214
   -919.13946517
   -919.23873080
   -919.24563539
   -919.21633517
   -919.24600791
   -919.22810127
   -919.23553321
   -919.25528528
   -919.23107884
   -919.23641085
   -919.21089082
   -919.09345082
   -919.25647029
   -919.20811736
   -919.24283376
   -919.23322502
   -919.24160832
   -919.25333554
   -919.20451466
   -919.19958237
   -919.23369170
   -919.21745223
   -919.22130566
   -919.20748481
   -919.11896625
   -919.20022932
   -919.24335877
   -919.23831401
   -919.14813260
   -919.22816729
   -919.19745344
   -919.22008244
   -919.22702305
   -919.23056193
   -919.22539444
   -919.24569220
   -919.22765772
   -919.17193685
   -919.18021155
   -919.20966004
   -919.16199187
   -919.22314169
   -919.19739980
   -919.25090175
   -919.22744981
   -919.08700687
   -919.21968163
   -919.23559577
   -919.24427927
   -919.22218921
   -919.24632369
   -919.23594825
   -919.11751409
   -919.24372790
   -919.21974104
   -919.21856011
   -919.20322760
   -919.25481490
   -919.20038203
   -919.20801507
   -919.22727461
   -919.19489441
   -919.04498268
   -919.23140423
   -919.21208946
   -919.02432539
   -919.22560152
   -919.23233494
   -919.23376108
   -919.24802063
   -919.22001467
   -919.23753946
   -919.23616464
   -919.24847092
   -919.21726637
   -919.21239952
   -919.21743890
   -919.25271735
   -919.24463867
   -919.19855364
   -919.21902743
   -919.23617833
   -919.23800650
   -919.21417267
   -919.22771691
   -919.19779525
   -919.21604081
   -919.10254770
   -919.18703675
   -919.14580012
   -919.23717996
   -919.23250931
   -919.24182999
   -919.20867811
   -919.22740464
   -919.24413482
   -919.17103440
   -919.19640013
   -919.07115837
   -919.23509232
   -919.22564801
   -919.22462693
   -919.23789281
   -919.18287708
   -919.23474085
   -919.23321294
   -919.24610270
   -919.24235978
   -919.21352449
   -919.14462648
   -919.22122429
   -919.21574256
   -919.25469662
   -919.21086406
   -919.05191066
   -919.20966638
   -919.20110588
   -919.25988266
   -919.22830906
   -919.21908449
   -919.21088359
   -919.15902467
   -919.22768618
   -919.23069038
   -919.21657821
   -919.24934631
   -919.25275285
   -919.20591215
   -919.20384756
   -919.24339260
   -919.16390687
   -919.23083449
   -919.22664574
   -919.25715824
   -919.24015197
   -919.05424278
   -919.20203993
   -919.26186142
   -919.18579384
   -919.22293614
   -919.21402160
   -919.20765853
   -919.20638668
   -919.20746468
   -919.25875328
   -919.17786175
   -919.20742495
   -919.24639108
   -919.22866926
   -919.22629906
   -919.18811105
   -919.21440875
   -919.21520398
   -919.14121148
   -919.23782171
   -919.20914271
   -919.21582747
   -919.22680989
   -919.23462034
   -919.25220867
   -919.19261197
   -919.24030814
   -919.24036661
   -919.22775645
   -919.21619825
   -919.22068411
   -919.22949720
   -919.23467931
   -919.21845479
   -919.19571487
   -919.17872457
   -919.22956385
   -919.22976691
   -919.21041954
   -919.22516659
   -919.22088897
   -919.24714744
   -919.17525407
   -919.24205273
   -919.22711579
   -919.15980158
   -919.21354112
   -919.23418759
   -919.18518972
   -919.24365766
   -919.23153838
   -919.23837106
   -919.20600884
   -919.23879861
   -919.19623242
   -919.23268273
   -919.15644850
   -919.20927897
   -919.21557049
   -919.14985123
   -919.19193271
   -919.16458239
   -919.19239670
   -919.23882993
   -919.21188859
   -919.23255528
   -919.24319543
   -919.22749860
   -919.23167864
   -919.22034235
   -919.23881879
   -919.25351935
   -919.21943097
   -919.19753260
   -919.21318386
   -919.24624223
   -919.22487416
   -919.22700045
   -919.16621216
   -919.20814096
   -919.20776641
   -919.15441966
   -919.21290077
   -919.23753522
   -919.23131702
   -919.17126466
   -919.22676688
   -919.23384342
   -919.15950233
   -919.24727031
   -919.23158048
   -919.21232439
   -919.23599720
   -919.23566735
   -919.24139786
   -919.20410068
   -919.22346728
   -919.21686231
   -919.20508558
   -919.21018159
   -919.04266913
   -919.23065919
   -919.20849886
   -919.23213066
   -919.14777399
   -919.23326422
   -919.23594314
   -919.21174205
   -919.24930231
   -919.16179465
   -919.20602682
   -919.23759899
   -919.02412630
   -919.15405700
   -919.22121842
   -919.23224887
   -919.19697293
   -919.22129858
   -919.18723538
   -919.20037889
   -919.18586969
   -919.20864028
   -919.24176253
   -919.19896223
   -919.18025524
   -919.22168918
   -919.25345117
   -919.20211458
   -919.22595565
   -919.23229792
   -919.22882262
   -919.17265060
   -919.20643428
   -919.21796153
   -919.21219275
   -919.15643446
   -919.21535925
   -919.21376204
   -919.22259912
   -919.22907521
   -919.21811066
   -919.22973147
   -919.22411862
   -919.12387473
   -919.21023508
   -919.24998053
   -919.20321786
   -919.21328798
   -919.23658550
   -919.19363314
   -919.22772029
   -919.22803228
   -919.08467060
   -919.24033965
   -919.23594245
   -919.13999607
   -919.20281702
   -919.24006400
   -919.23297776
   -919.21670302
   -919.22364180
   -919.18644980
   -919.23798832
   -919.20320174
   -919.24954435
   -919.24151632
   -919.24157467
   -919.23431921
   -919.17854443
   -919.23552777
   -919.22275425
   -919.20975092
   -919.20828347
   -919.22422199
   -919.23870805
   -919.21676614
   -919.25260632
   -919.19951667
   -919.21291235
   -919.20541995
   -919.20476347
   -919.21053129
   -919.23000686
   -919.23674024
   -919.22017107
   -919.23719618
   -919.19976801
   -919.20480105
   -919.19559456
   -919.20547737
   -919.20063559
   -919.25704685
   -919.20373042
   -919.24771705
   -919.22877943
   -919.19019101
   -919.22230095
   -919.20268031
   -919.20825724
   -919.20751786
   -919.26115804
   -919.23879231
   -919.18844468
   -919.21575206
   -919.18252067
   -919.22110303
   -919.14049832
   -919.21529213
   -919.21538384
   -919.22720556
   -919.20465263
   -919.18275921
   -919.21500344
   -919.20458017
   -919.21594748
   -919.23263622
   -919.24016612
   -919.24084965
   -919.23797505
   -919.19333924
   -919.19354863
   -919.24821122
   -919.19423626
   -919.18804784
   -919.24492708
   -919.23673369
   -919.17618895
   -919.19335876
   -919.24958474
   -919.24318325
   -919.22297570
   -919.25240758
   -919.21596937
   -919.23776295
   -919.20391376
   -919.22674299
   -919.22486945
   -919.20542391
   -919.24999213
   -919.23032979
   -919.22528479
   -919.24186663
   -919.23961636
   -919.21344257
   -919.21986579
