% The following energies apply to conformations described by the topology 
% R14_iter1.top.  Structures are given in trajectory coords.cdf, count: 162.

% Item 0:
%   Energy -> orca_structures/coor*/NConf*.out
   -957.35217806
   -957.35926414
   -957.35456829
   -957.36070482
   -957.35261160
   -957.34785883
   -957.35877174
   -957.36003734
   -957.35223135
   -957.35349197
   -957.35949216
   -957.35225290
   -957.35960790
   -957.35120182
   -957.35269539
   -957.35852841
   -957.36018968
   -957.35967506
   -957.35333440
   -957.34543208
   -957.34350494
   -957.35166722
   -957.35279706
   -957.35267526
   -957.35972893
   -957.35164198
   -957.35730191
   -957.34496071
   -957.35992545
   -957.35384338
   -957.35971313
   -957.35996381
   -957.35960002
   -957.35339094
   -957.35761238
   -957.36088906
   -957.35760759
   -957.35257139
   -957.36081352
   -957.34828138
   -957.35992591
   -957.35719981
   -957.34515012
   -957.35400157
   -957.35877002
   -957.36023547
   -957.35962004
   -957.35087393
   -957.35835756
   -957.35933978
   -957.34805170
   -957.35274276
   -957.35690902
   -957.35816413
   -957.35389690
   -957.35149717
   -957.35515011
   -957.35290901
   -957.35186110
   -957.35878598
   -957.34804951
   -957.34360003
   -957.36043519
   -957.34413167
   -957.35442175
   -957.35229910
   -957.35420477
   -957.34808494
   -957.35265220
   -957.34552030
   -957.35344680
   -957.35946111
   -957.34820273
   -957.34835543
   -957.35295569
   -957.35018571
   -957.35824453
   -957.35912390
   -957.35325444
   -957.34807465
   -957.35069527
   -957.36033224
   -957.35280378
   -957.36011319
   -957.35122268
   -957.36162120
   -957.35968052
   -957.36116917
   -957.36026487
   -957.35657671
   -957.35951328
   -957.34890883
   -957.35727564
   -957.35620655
   -957.35764310
   -957.35920375
   -957.35821044
   -957.34555780
   -957.35912572
   -957.35060156
   -957.35235980
   -957.35240662
   -957.34471322
   -957.35347157
   -957.35833566
   -957.35738437
   -957.35225590
   -957.35283934
   -957.35323608
   -957.35264265
   -957.35254483
   -957.35311337
   -957.35682464
   -957.35920604
   -957.35898105
   -957.35843441
   -957.35930202
   -957.35810759
   -957.34379542
   -957.35349595
   -957.35754368
   -957.34944088
   -957.35875617
   -957.35988931
   -957.35397478
   -957.36034844
   -957.35826137
   -957.35099969
   -957.35728422
   -957.35301242
   -957.35312284
   -957.36063009
   -957.35392359
   -957.35228852
   -957.36011230
   -957.35029362
   -957.35214561
   -957.35550260
   -957.35978119
   -957.36060025
   -957.34842719
   -957.35193574
   -957.36036432
   -957.35310515
   -957.35186477
   -957.35901125
   -957.34822516
   -957.36043503
   -957.34413594
   -957.35298742
   -957.35973338
   -957.34815033
   -957.36023786
   -957.35306068
   -957.35236773
   -957.36015128
   -957.36023141
   -957.35993107
   -957.34746087
   -957.35421897
   -957.35257403
   -957.34804123
