% The following energies apply to conformations described by the topology 
% R14.top.  Structures are given in trajectory coords.cdf, count: 2808.

% Item 0:
%   Energy -> orca_structures/coor*/Conf*.out
   -957.28746537
   -957.30178242
   -957.32868040
   -957.30312584
   -957.30497987
   -957.31932520
   -957.27976784
   -957.33840085
   -957.32312899
   -957.30271378
   -957.30582409
   -957.31925934
   -957.33727808
   -957.30477176
   -957.27338703
   -957.30277492
   -957.28634753
   -957.32023730
   -957.33326696
   -957.34426009
   -957.29540485
   -957.31009105
   -957.34158096
   -957.30041955
   -957.31287138
   -957.28907111
   -957.16592296
   -957.32988935
   -957.13511019
   -957.25378660
   -957.31093379
   -957.30805375
   -957.31393942
   -957.30877690
   -957.16201748
   -957.30553070
   -957.31413830
   -957.28288830
   -957.32719687
   -957.31363242
   -957.31512845
   -957.30340011
   -957.30323459
   -957.31485909
   -957.30407935
   -957.30643258
   -957.30194434
   -957.30334864
   -957.30914461
   -957.28610114
   -957.29882788
   -957.28074157
   -957.29973263
   -957.14688749
   -957.18711957
   -957.31215901
   -957.33152482
   -957.29571873
   -957.34750001
   -957.30139558
   -957.30721483
   -957.30425142
   -957.28527984
   -957.33248453
   -957.27505810
   -957.29436580
   -957.29182151
   -957.31552881
   -957.28759279
   -957.29490764
   -957.31931158
   -957.30039123
   -957.28554828
   -957.32085280
   -957.29856328
   -957.30297731
   -957.30736568
   -957.30561958
   -957.30353251
   -957.30193763
   -957.14738811
   -957.30217334
   -957.32543009
   -957.30078085
   -957.33287461
   -957.32052716
   -957.31481096
   -957.24317975
   -957.30580147
   -957.32044975
   -957.31667012
   -957.17801819
   -957.32745652
   -957.30056507
   -957.29201144
   -957.15314006
   -957.31385068
   -957.30440208
   -957.30294030
   -957.29159224
   -957.30080074
   -957.30505767
   -957.29159663
   -957.31888598
   -957.32254365
   -957.30143658
   -957.33874530
   -957.28717911
   -957.30395048
   -957.30067269
   -957.34842656
   -957.32356981
   -957.33300921
   -957.30194592
   -957.30317723
   -957.32618044
   -957.30632469
   -957.30821582
   -957.32277147
   -957.30638402
   -957.30137241
   -957.32388378
   -957.29737434
   -957.32260938
   -957.31547436
   -957.29031235
   -957.29957884
   -957.26434262
   -957.27843883
   -957.30746290
   -957.30020261
   -957.32880302
   -957.27695371
   -957.31572805
   -957.33066259
   -957.30428506
   -957.30681209
   -957.31382778
   -957.31194983
   -957.31634022
   -957.28517415
   -957.32702441
   -957.30416081
   -957.30870766
   -957.29832271
   -957.30052127
   -957.32430291
   -957.33099397
   -957.34092282
   -957.31777264
   -957.30323845
   -957.30133070
   -957.30576293
   -957.32175142
   -957.32051484
   -957.30134589
   -957.30371939
   -957.31275794
   -957.29930488
   -957.31727262
   -957.32299035
   -957.33822875
   -957.32340731
   -957.28973781
   -957.31907723
   -957.33153348
   -957.32652767
   -957.30713665
   -957.31794507
   -957.31386586
   -957.30481732
   -957.29712141
   -957.32169799
   -957.28072311
   -957.27411725
   -957.31296373
   -957.30683658
   -957.33343895
   -957.32118270
   -957.29346718
   -957.33911121
   -957.33863452
   -957.28969613
   -957.31053578
   -957.27925018
   -957.30542327
   -957.30247908
   -957.33634669
   -957.29650900
   -957.31198376
   -957.30188286
   -957.18422036
   -957.31962829
   -957.12039717
   -957.28236223
   -957.29490959
   -957.27910487
   -957.30944947
   -957.31860212
   -957.28970182
   -957.28942313
   -957.18183101
   -957.31314884
   -957.30414775
   -957.33941034
   -957.30339957
   -957.15525697
   -957.31659677
   -957.30498513
   -957.27512568
   -957.33105901
   -957.31216204
   -957.29824479
   -957.27911664
   -957.29782151
   -957.30447726
   -957.30293504
   -957.34398444
   -957.27262940
   -957.30411827
   -957.14149765
   -957.31674649
   -957.31474517
   -957.31119766
   -957.28533428
   -957.30707197
   -957.28984088
   -957.31000528
   -957.32762871
   -957.31385217
   -957.30016774
   -957.30732419
   -957.31034995
   -957.30732209
   -957.32094041
   -957.30489114
   -957.28821208
   -957.32207798
   -957.32004660
   -957.30786946
   -957.33839368
   -957.29766851
   -957.31914928
   -957.33880317
   -957.28822146
   -957.32250464
   -957.30712910
   -957.31886107
   -957.29369554
   -957.29302065
   -957.27139910
   -957.29434534
   -957.30499730
   -957.13437201
   -957.29972751
   -957.31317743
   -957.31394133
   -957.31680956
   -957.31943632
   -957.28383850
   -957.29373416
   -957.30423936
   -957.31180449
   -957.29199221
   -957.18037432
   -957.32798157
   -957.33673763
   -957.32577194
   -957.31110400
   -957.28859649
   -957.30139064
   -957.32900198
   -957.32857821
   -957.32648028
   -957.28941794
   -957.30016214
   -957.27464474
   -957.29464973
   -957.28206121
   -957.30971902
   -957.29458939
   -957.30452753
   -957.33368456
   -957.30475205
   -957.27462201
   -957.29871155
   -957.32352304
   -957.32780325
   -957.32722668
   -957.28057636
   -957.14869588
   -957.32350611
   -957.31865544
   -957.32746890
   -957.31669798
   -957.31877160
   -957.31516655
   -957.28704968
   -957.31785623
   -957.28805680
   -957.32288023
   -957.32600376
   -957.33446746
   -957.31081124
   -957.30307719
   -957.33107219
   -957.29387343
   -957.31968286
   -957.29929587
   -957.29491950
   -957.27567981
   -957.29824557
   -957.14891312
   -957.29980041
   -957.29556358
   -957.32097460
   -957.30308697
   -957.29187492
   -957.32631823
   -957.33509105
   -957.32458604
   -957.30791462
   -957.30520417
   -957.15664692
   -957.31080783
   -957.30254068
   -957.31751182
   -957.30539958
   -957.31565668
   -957.15765258
   -957.27535718
   -957.31447185
   -957.31149076
   -957.30381184
   -957.31878513
   -957.30827274
   -957.31666659
   -957.32407351
   -957.29388704
   -957.31087996
   -957.31566133
   -957.28917061
   -957.30082977
   -957.30318263
   -957.32868257
   -957.29667691
   -957.31843509
   -957.30124809
   -957.30930760
   -957.31365902
   -957.32566938
   -957.31670792
   -957.31800222
   -957.30635940
   -957.31040069
   -957.34293617
   -957.31589220
   -957.30362046
   -957.32722262
   -957.17285885
   -957.30838831
   -957.32984317
   -957.30238369
   -957.31906060
   -957.32063294
   -957.30569440
   -957.31393364
   -957.29595563
   -957.30263020
   -957.30154947
   -957.32807775
   -957.33122591
   -957.30010933
   -957.27535414
   -957.29407460
   -957.33338258
   -957.33036532
   -957.31716377
   -957.30045622
   -957.33351890
   -957.32902006
   -957.28603926
   -957.32191333
   -957.33018619
   -957.28379742
   -957.33145131
   -957.30927559
   -957.29984959
   -957.30906935
   -957.27552602
   -957.16379551
   -957.32477245
   -957.31045571
   -957.32215594
   -957.30153900
   -957.30195765
   -957.30821357
   -957.31630172
   -957.25406652
   -957.33247639
   -957.30104952
   -957.32976198
   -957.27337934
   -957.30529330
   -957.17392667
   -957.31993259
   -957.33914034
   -957.13579434
   -957.33976609
   -957.30534964
   -957.32469054
   -957.32183318
   -957.30223643
   -957.31561037
   -957.34892701
   -957.31774559
   -957.30393599
   -957.32529787
   -957.30668911
   -957.27995759
   -957.32930047
   -957.31778414
   -957.31171967
   -957.32175233
   -957.32662274
   -957.32331744
   -957.33053107
   -957.31762957
   -957.33959304
   -957.26044371
   -957.34414496
   -957.30241596
   -957.31269942
   -957.27898640
   -957.31339733
   -957.31115972
   -957.25479034
   -957.30043940
   -957.33384705
   -957.32400826
   -957.29673322
   -957.32024201
   -957.30465349
   -957.31131680
   -957.33522573
   -957.30658651
   -957.30503996
   -957.28903256
   -957.30217528
   -957.30235327
   -957.30307364
   -957.33002727
   -957.32555737
   -957.15663596
   -957.29986965
   -957.30867825
   -957.31274197
   -957.31829477
   -957.33512500
   -957.34008121
   -957.27997120
   -957.29764475
   -957.30488716
   -957.28653872
   -957.31218434
   -957.31391234
   -957.30677007
   -957.33524484
   -957.31092800
   -957.30402475
   -957.32857320
   -957.33160070
   -957.30183627
   -957.29860720
   -957.30049101
   -957.31653696
   -957.14775871
   -957.29220845
   -957.30516179
   -957.29735441
   -957.18558508
   -957.33431847
   -957.31303884
   -957.32650872
   -957.29104262
   -957.30046891
   -957.30854447
   -957.31001607
   -957.29145851
   -957.31353063
   -957.32684721
   -957.32740597
   -957.31739750
   -957.27956097
   -957.30360589
   -957.31507220
   -957.30616606
   -957.32955920
   -957.28333764
   -957.31033582
   -957.31747322
   -957.31727621
   -957.32075950
   -957.32373272
   -957.29479705
   -957.29773300
   -957.33454785
   -957.31933744
   -957.31551942
   -957.31361471
   -957.31028744
   -957.30489094
   -957.32840055
   -957.30572217
   -957.30129725
   -957.31039252
   -957.31168204
   -957.27925913
   -957.30843098
   -957.30302641
   -957.31177183
   -957.30101392
   -957.28908489
   -957.27734736
   -957.33194967
   -957.29546346
   -957.30093518
   -957.33101441
   -957.33211391
   -957.33407767
   -957.30526470
   -957.32855734
   -957.31190743
   -957.29730313
   -957.31966714
   -957.32454591
   -957.29610063
   -957.32278751
   -957.32265435
   -957.30826502
   -957.29149943
   -957.30627282
   -957.33863915
   -957.31133982
   -957.30185053
   -957.31875995
   -957.15503370
   -957.30433103
   -957.32622523
   -957.22959963
   -957.31871186
   -957.30435222
   -957.28953357
   -957.28669527
   -957.29789350
   -957.30672390
   -957.30147632
   -957.32332242
   -957.31709150
   -957.28699067
   -957.30237588
   -957.31214106
   -957.33710952
   -957.30365873
   -957.30609464
   -957.30415764
   -957.28858694
   -957.34297961
   -957.29920831
   -957.29781033
   -957.30291027
   -957.31131487
   -957.32154154
   -957.29990417
   -957.32084238
   -957.30946968
   -957.28350771
   -957.30808405
   -957.33724644
   -957.29525517
   -957.32910471
   -957.28253709
   -957.31257067
   -957.31808234
   -957.31188313
   -957.29190231
   -957.32637139
   -957.30453400
   -957.32086645
   -957.33844118
   -957.30649852
   -957.29855491
   -957.32586294
   -957.32127008
   -957.26703442
   -957.17328699
   -957.30517925
   -957.28968791
   -957.30326121
   -957.31260568
   -957.27296453
   -957.32384955
   -957.31385833
   -957.31160329
   -957.30985813
   -957.30685591
   -957.31459241
   -957.31460584
   -957.29560402
   -957.30221031
   -957.30132181
   -957.31962821
   -957.33321483
   -957.31271189
   -957.17910999
   -957.30148753
   -957.17842773
   -957.23568490
   -957.32169222
   -957.30208772
   -957.16650584
   -957.30814352
   -957.31970343
   -957.33617273
   -957.34145727
   -957.29572414
   -957.29579529
   -957.28095039
   -957.30467240
   -957.27589062
   -957.30709079
   -957.30262083
   -957.27099048
   -957.26546250
   -957.32380844
   -957.31793952
   -957.34581599
   -957.32916013
   -957.25455998
   -957.32461890
   -957.32687065
   -957.29604102
   -957.33096506
   -957.30864923
   -957.28836292
   -957.30155787
   -957.32795359
   -957.30904450
   -957.29749597
   -957.29961114
   -957.28026980
   -957.28168348
   -957.32004802
   -957.32328325
   -957.12687243
   -957.34402764
   -957.28140852
   -957.25987304
   -957.30012038
   -957.30705244
   -957.29352709
   -957.33595884
   -957.32047403
   -957.29019955
   -957.33890137
   -957.32229827
   -957.31654244
   -957.27342802
   -957.31539370
   -957.30422677
   -957.30780816
   -957.32544371
   -957.18761012
   -957.31784082
   -957.29563112
   -957.30695708
   -957.31700495
   -957.33010247
   -957.34731612
   -957.34462620
   -957.29750767
   -957.31754583
   -957.29396386
   -957.26846811
   -957.31498703
   -957.33087045
   -957.29177973
   -957.29169906
   -957.32029677
   -957.30446395
   -957.31682257
   -957.32547200
   -957.28897574
   -957.30892033
   -957.28013078
   -957.29551706
   -957.30769752
   -957.28681429
   -957.32340630
   -957.32421915
   -957.31787174
   -957.30966216
   -957.30475366
   -957.32574755
   -957.31982814
   -957.29669764
   -957.27459355
   -957.32095649
   -957.29538051
   -957.28782152
   -957.30784351
   -957.33496831
   -957.32458162
   -957.33518320
   -957.13290302
   -957.31622900
   -957.32463108
   -957.31112331
   -957.30022812
   -957.30609699
   -957.31064906
   -957.32019950
   -957.32863978
   -957.29311305
   -957.29016515
   -957.29586221
   -957.29374834
   -957.29284165
   -957.32228809
   -957.30395673
   -957.29341983
   -957.29928819
   -957.31679541
   -957.27443314
   -957.33027501
   -957.28905114
   -957.33667114
   -957.30332816
   -957.33361182
   -957.33599907
   -957.31893068
   -957.31030866
   -957.30756794
   -957.30526277
   -957.31289338
   -957.32048152
   -957.31766717
   -957.30239331
   -957.33505279
   -957.29392728
   -957.29029921
   -957.33368152
   -957.32318843
   -957.32358706
   -957.29680519
   -957.29805785
   -957.27295045
   -957.30286665
   -957.31064096
   -957.31202498
   -957.15036975
   -957.30535464
   -957.33211940
   -957.26659280
   -957.32221623
   -957.29515719
   -957.31987882
   -957.30000009
   -957.29899506
   -957.31545839
   -957.30816935
   -957.28690899
   -957.32899528
   -957.33725583
   -957.29458064
   -957.32041853
   -957.26231537
   -957.17852714
   -957.27477765
   -957.33356781
   -957.32972529
   -957.30659964
   -957.30983677
   -957.31830123
   -957.30692737
   -957.32356534
   -957.29534362
   -957.31411640
   -957.31247580
   -957.31697752
   -957.32287574
   -957.32925656
   -957.32531017
   -957.32309817
   -957.32257824
   -957.31417436
   -957.29753501
   -957.32271477
   -957.34177739
   -957.31221217
   -957.31048080
   -957.25744569
   -957.31696776
   -957.28492570
   -957.31644035
   -957.29123080
   -957.33456324
   -957.30751055
   -957.33463238
   -957.31831697
   -957.29388858
   -957.31024836
   -957.30341121
   -957.32248979
   -957.31573836
   -957.31264805
   -957.31519642
   -957.32109209
   -957.32668320
   -957.30549205
   -957.30267555
   -957.30556970
   -957.32707877
   -957.31127809
   -957.30387478
   -957.29267508
   -957.32812155
   -957.30954045
   -957.29941803
   -957.29985205
   -957.33250139
   -957.30667626
   -957.33183827
   -957.29176099
   -957.33331170
   -957.29067895
   -957.30052297
   -957.30522101
   -957.32644938
   -957.29752436
   -957.30572121
   -957.32266750
   -957.31456844
   -957.29736114
   -957.12492064
   -957.30758254
   -957.28941910
   -957.31333893
   -957.30190278
   -957.30700944
   -957.31325372
   -957.30726982
   -957.31482901
   -957.19169550
   -957.29267578
   -957.31006556
   -957.30746914
   -957.28496662
   -957.34097199
   -957.30993822
   -957.30376082
   -957.29954772
   -957.29802169
   -957.31922158
   -957.33086935
   -957.31588565
   -957.31508570
   -957.31346503
   -957.30107773
   -957.28709434
   -957.31930830
   -957.33253390
   -957.32089048
   -957.30468801
   -957.31823120
   -957.30955084
   -957.32809546
   -957.25842481
   -957.32536560
   -957.31782953
   -957.29195543
   -957.30825840
   -957.30717850
   -957.30968268
   -957.16467749
   -957.16407502
   -957.32277153
   -957.31859161
   -957.30084260
   -957.32762777
   -957.26104525
   -957.33337321
   -957.29275442
   -957.31967630
   -957.16850390
   -957.32271014
   -957.31327081
   -957.32923445
   -957.16694011
   -957.30104758
   -957.32250853
   -957.34975415
   -957.28787757
   -957.30185164
   -957.18551599
   -957.29249252
   -957.30801214
   -957.31919785
   -957.31812761
   -957.31009770
   -957.28997994
   -957.33384147
   -957.32675834
   -957.33132000
   -957.29412444
   -957.29479189
   -957.30651216
   -957.31442561
   -957.32465139
   -957.31404652
   -957.32093937
   -957.18832185
   -957.32524551
   -957.29110115
   -957.28901470
   -957.32876969
   -957.34113969
   -957.30204314
   -957.33633730
   -957.31975362
   -957.28772039
   -957.33132352
   -957.29686533
   -957.31950429
   -957.16565688
   -957.33301011
   -957.31423708
   -957.32697828
   -957.29958757
   -957.31478855
   -957.32025908
   -957.32499497
   -957.29079235
   -957.32591485
   -957.29793205
   -957.31333944
   -957.30493192
   -957.34298164
   -957.30915626
   -957.33497888
   -957.29989063
   -957.30666003
   -957.30084607
   -957.32554779
   -957.31369116
   -957.30181087
   -957.31217522
   -957.10770598
   -957.27696182
   -957.29074740
   -957.30497416
   -957.30655965
   -957.30935134
   -957.30701979
   -957.31810409
   -957.28811111
   -957.31083580
   -957.31373593
   -957.32275665
   -957.28083391
   -957.33463845
   -957.28075564
   -957.31171057
   -957.31381423
   -957.32040770
   -957.29598770
   -957.30623294
   -957.28989745
   -957.30950564
   -957.30238902
   -957.31422903
   -957.34192813
   -957.33357672
   -957.32911117
   -957.30171845
   -957.28749033
   -957.30938805
   -957.30162532
   -957.31898761
   -957.30449113
   -957.31155021
   -957.33019642
   -957.29711160
   -957.33239954
   -957.31584532
   -957.30257980
   -957.31904406
   -957.33721254
   -957.28442926
   -957.32216638
   -957.33433100
   -957.16015739
   -957.30532035
   -957.31848254
   -957.32382469
   -957.17874320
   -957.32192894
   -957.30055635
   -957.31127327
   -957.31587191
   -957.29988233
   -957.32174475
   -957.30847973
   -957.30022173
   -957.32879309
   -957.32827588
   -957.29898839
   -957.28329287
   -957.30141861
   -957.30956324
   -957.30093941
   -957.30535432
   -957.32812366
   -957.30711805
   -957.33405164
   -957.29700355
   -957.32887030
   -957.31952892
   -957.28078303
   -957.31921915
   -957.14314716
   -957.16473024
   -957.34303045
   -957.30579140
   -957.32406165
   -957.31455386
   -957.33556893
   -957.30018687
   -957.30171705
   -957.33551666
   -957.32377572
   -957.34186061
   -957.31844770
   -957.24510618
   -957.31257444
   -957.33109938
   -957.29295842
   -957.30932304
   -957.32279949
   -957.25865088
   -957.29658508
   -957.28635117
   -957.29599452
   -957.34345619
   -957.32065049
   -957.32523046
   -957.28597284
   -957.30859915
   -957.32995683
   -957.16602197
   -957.32898014
   -957.30047529
   -957.30751163
   -957.27849703
   -957.31131820
   -957.30897154
   -957.32727171
   -957.32669070
   -957.30971485
   -957.32153923
   -957.21494464
   -957.32158406
   -957.34155404
   -957.32120470
   -957.32296249
   -957.30398019
   -957.13062262
   -957.32172862
   -957.33188954
   -957.30367455
   -957.30673708
   -957.30784631
   -957.32522134
   -957.31785867
   -957.30754327
   -957.28096639
   -957.26539583
   -957.29685392
   -957.32002298
   -957.29423420
   -957.32399400
   -957.24643245
   -957.30365607
   -957.30904615
   -957.32937991
   -957.32419100
   -957.27295059
   -957.29365131
   -957.28801856
   -957.33576491
   -957.27979844
   -957.29300655
   -957.27647780
   -957.29758285
   -957.31400116
   -957.30878773
   -957.25245276
   -957.31444786
   -957.32586891
   -957.33564130
   -957.32263247
   -957.28923676
   -957.32804672
   -957.14304388
   -957.32911508
   -957.30836342
   -957.33266937
   -957.31679014
   -957.29505670
   -957.29237215
   -957.32171935
   -957.27916258
   -957.32932062
   -957.31312246
   -957.30237236
   -957.28771903
   -957.32047427
   -957.29624533
   -957.29002380
   -957.32430939
   -957.31887232
   -957.27284784
   -957.28150322
   -957.28240088
   -957.29760113
   -957.30184415
   -957.30441791
   -957.29511896
   -957.32799170
   -957.27405070
   -957.29919487
   -957.28954494
   -957.15557291
   -957.30765183
   -957.29502466
   -957.29049948
   -957.31471108
   -957.29967151
   -957.32173056
   -957.29828126
   -957.29865903
   -957.30723282
   -957.29367008
   -957.28504384
   -957.31709393
   -957.29591703
   -957.30818667
   -957.27192841
   -957.31471451
   -957.34205635
   -957.30749061
   -957.29407671
   -957.30315645
   -957.33792447
   -957.30053240
   -957.31109088
   -957.30952088
   -957.30318102
   -957.30142717
   -957.29422880
   -957.31526270
   -957.32837443
   -957.33041337
   -957.34010972
   -957.33666031
   -957.29261554
   -957.18234647
   -957.31749078
   -957.30928810
   -957.27391820
   -957.33469017
   -957.28090388
   -957.31093680
   -957.29980979
   -957.29744821
   -957.33720662
   -957.30338287
   -957.31089365
   -957.33633675
   -957.30383165
   -957.32706563
   -957.30136311
   -957.31593003
   -957.30113284
   -957.32056652
   -957.28678278
   -957.29682168
   -957.30666101
   -957.31059127
   -957.31670766
   -957.30248377
   -957.32432918
   -957.32596111
   -957.31489416
   -957.29690875
   -957.25316891
   -957.31584503
   -957.29699201
   -957.31862077
   -957.32528895
   -957.31010010
   -957.30662364
   -957.30368097
   -957.31526004
   -957.30419715
   -957.30173375
   -957.29750650
   -957.27437574
   -957.30854783
   -957.32480047
   -957.33348664
   -957.34259253
   -957.30102372
   -957.30712720
   -957.28367314
   -957.31170054
   -957.31996111
   -957.32245629
   -957.31650730
   -957.32051023
   -957.26799364
   -957.33207985
   -957.32894564
   -957.32781020
   -957.30134176
   -957.33514222
   -957.30943015
   -957.28453521
   -957.31849465
   -957.26228175
   -957.31521236
   -957.33450364
   -957.32417228
   -957.13824888
   -957.31740288
   -957.28348658
   -957.30700123
   -957.29312934
   -957.31942470
   -957.29470283
   -957.13425661
   -957.17931044
   -957.29995517
   -957.31078852
   -957.30883690
   -957.30638391
   -957.32645206
   -957.29155916
   -957.33058222
   -957.31138152
   -957.31631973
   -957.31994552
   -957.31012660
   -957.29985850
   -957.33844506
   -957.30601434
   -957.32977081
   -957.31107259
   -957.31137129
   -957.33227412
   -957.30623112
   -957.12422505
   -957.31866307
   -957.29566839
   -957.33093638
   -957.31245363
   -957.29898865
   -957.31893097
   -957.29986236
   -957.30270265
   -957.32209817
   -957.33279398
   -957.30418282
   -957.32201483
   -957.27116102
   -957.26388036
   -957.29462741
   -957.29381022
   -957.31823211
   -957.33526363
   -957.33173292
   -957.30412205
   -957.30280867
   -957.29332752
   -957.33079262
   -957.31181736
   -957.32480887
   -957.30700321
   -957.33915053
   -957.31453688
   -957.33283844
   -957.29922807
   -957.18193732
   -957.30879420
   -957.30180730
   -957.32613388
   -957.25580995
   -957.31969943
   -957.30744984
   -957.30886788
   -957.30288595
   -957.30074245
   -957.32058857
   -957.30264449
   -957.31561524
   -957.32741823
   -957.16907901
   -957.29211514
   -957.30186287
   -957.31095825
   -957.31031102
   -957.32865642
   -957.29434185
   -957.34560505
   -957.16191011
   -957.33621779
   -957.33493869
   -957.33967747
   -957.32158733
   -957.30206288
   -957.31474172
   -957.30973566
   -957.16573781
   -957.27949076
   -957.31204801
   -957.30681741
   -957.30676917
   -957.31305683
   -957.31249719
   -957.32028810
   -957.29960167
   -957.32416650
   -957.32916444
   -957.26294715
   -957.31694149
   -957.30515346
   -957.29293805
   -957.32881686
   -957.29947453
   -957.32990689
   -957.31571851
   -957.33273192
   -957.31436544
   -957.29979882
   -957.30018253
   -957.17859021
   -957.32843607
   -957.32562155
   -957.17796291
   -957.28043806
   -957.32144087
   -957.33544788
   -957.31491998
   -957.31071664
   -957.30211276
   -957.27334388
   -957.15456741
   -957.31704765
   -957.30781911
   -957.30903062
   -957.30605643
   -957.30148106
   -957.31771782
   -957.30759402
   -957.26218712
   -957.27369379
   -957.29296501
   -957.30922397
   -957.29430361
   -957.30505067
   -957.33832809
   -957.32734265
   -957.31900656
   -957.33190598
   -957.30403199
   -957.29968833
   -957.30209191
   -957.29480799
   -957.28089597
   -957.32334177
   -957.30639722
   -957.29938513
   -957.32319217
   -957.29953654
   -957.26566531
   -957.30281088
   -957.28619490
   -957.30439742
   -957.30333953
   -957.28082264
   -957.31460746
   -957.28566531
   -957.28094604
   -957.17940670
   -957.31583004
   -957.29108210
   -957.30231177
   -957.30402115
   -957.30629821
   -957.31127892
   -957.27321563
   -957.31711615
   -957.29817288
   -957.31732915
   -957.31272085
   -957.31908786
   -957.32111598
   -957.30581971
   -957.33756980
   -957.29300524
   -957.24638472
   -957.29495188
   -957.30394472
   -957.29082188
   -957.31816500
   -957.28015308
   -957.32128857
   -957.33120858
   -957.30329479
   -957.32058121
   -957.30945360
   -957.28994373
   -957.33235443
   -957.31827705
   -957.29245798
   -957.31592265
   -957.26541801
   -957.30784457
   -957.32560541
   -957.30044033
   -957.30474362
   -957.14577090
   -957.29558517
   -957.31494467
   -957.29356734
   -957.30969416
   -957.30407983
   -957.28745848
   -957.30725593
   -957.30159922
   -957.30634089
   -957.29641263
   -957.27864717
   -957.31487377
   -957.29407813
   -957.13225792
   -957.17068024
   -957.30396823
   -957.25213675
   -957.31040621
   -957.29696839
   -957.30610033
   -957.30520050
   -957.33424154
   -957.29597359
   -957.16644089
   -957.30948597
   -957.30901692
   -957.31087813
   -957.29339710
   -957.30688133
   -957.30189282
   -957.24899607
   -957.33202183
   -957.30860520
   -957.29933745
   -957.15088853
   -957.28134543
   -957.31187282
   -957.31905823
   -957.30294012
   -957.32847529
   -957.30814727
   -957.31609358
   -957.18390243
   -957.29595734
   -957.31926292
   -957.30436800
   -957.31116618
   -957.30032393
   -957.30400212
   -957.12256849
   -957.17886369
   -957.29822894
   -957.30499979
   -957.29757125
   -957.30005863
   -957.32641712
   -957.31999450
   -957.30162528
   -957.16179291
   -957.29253825
   -957.31334647
   -957.30404073
   -957.29969299
   -957.30629344
   -957.31842409
   -957.31282594
   -957.31081885
   -957.32790679
   -957.29942377
   -957.33697409
   -957.28747144
   -957.31411612
   -957.27743665
   -957.29008441
   -957.16940189
   -957.32509259
   -957.32103300
   -957.31408313
   -957.32285185
   -957.33644393
   -957.31592789
   -957.30920493
   -957.30281633
   -957.34199839
   -957.34182378
   -957.31568308
   -957.30299289
   -957.32847499
   -957.31500170
   -957.33563125
   -957.30239001
   -957.29372932
   -957.32230311
   -957.31729771
   -957.30228867
   -957.32438421
   -957.32333484
   -957.33489106
   -957.33407530
   -957.28504673
   -957.29523991
   -957.28446973
   -957.33648547
   -957.30955882
   -957.32735077
   -957.31546279
   -957.32346270
   -957.30709025
   -957.28409477
   -957.33149045
   -957.28683692
   -957.31494417
   -957.29532966
   -957.32161314
   -957.33633207
   -957.30497286
   -957.28789352
   -957.31039280
   -957.32892338
   -957.31037196
   -957.32549128
   -957.29032141
   -957.33477750
   -957.31402793
   -957.29165085
   -957.31730087
   -957.33822993
   -957.28875536
   -957.32373819
   -957.31227996
   -957.32229020
   -957.33150757
   -957.31911962
   -957.30955817
   -957.30690538
   -957.30534332
   -957.31060207
   -957.29604557
   -957.30576165
   -957.31965509
   -957.30448590
   -957.17778362
   -957.29780086
   -957.28746460
   -957.32060298
   -957.28469527
   -957.30202887
   -957.30708330
   -957.32746265
   -957.30049987
   -957.30296653
   -957.30112112
   -957.16274759
   -957.30704432
   -957.15313120
   -957.32228922
   -957.31334755
   -957.32903867
   -957.32505302
   -957.30389714
   -957.29224358
   -957.31991594
   -957.30791589
   -957.30103037
   -957.17591797
   -957.33422314
   -957.28878610
   -957.31339936
   -957.32659131
   -957.14512623
   -957.31962129
   -957.32200660
   -957.17384288
   -957.30491508
   -957.31851141
   -957.16901580
   -957.28480026
   -957.29582485
   -957.33479648
   -957.30965568
   -957.30832389
   -957.27129514
   -957.30288046
   -957.16617582
   -957.34671170
   -957.30863287
   -957.30934357
   -957.29668079
   -957.17777227
   -957.32708723
   -957.33831683
   -957.31419832
   -957.29228730
   -957.29854565
   -957.30041013
   -957.30890462
   -957.30194355
   -957.31333510
   -957.32199010
   -957.28685397
   -957.29536615
   -957.34609876
   -957.32860841
   -957.33244429
   -957.34598353
   -957.29059546
   -957.31806887
   -957.33033310
   -957.30434803
   -957.28790327
   -957.30093937
   -957.31931068
   -957.24762193
   -957.31824546
   -957.30621079
   -957.31397472
   -957.18929333
   -957.32080650
   -957.28887907
   -957.30698432
   -957.32228781
   -957.32995696
   -957.30869639
   -957.31159403
   -957.29459942
   -957.31654758
   -957.30201611
   -957.31110134
   -957.32331496
   -957.34329141
   -957.30083411
   -957.31761032
   -957.29955055
   -957.33090183
   -957.31439940
   -957.30075183
   -957.31086824
   -957.30834529
   -957.29576228
   -957.32551837
   -957.30806365
   -957.32417980
   -957.30915939
   -957.29341926
   -957.29788549
   -957.33610508
   -957.30812934
   -957.31288627
   -957.30880337
   -957.13645597
   -957.33799268
   -957.27396584
   -957.31534329
   -957.31679719
   -957.30638273
   -957.30310061
   -957.32961243
   -957.32009041
   -957.33992294
   -957.29190994
   -957.27325975
   -957.29671974
   -957.32936644
   -957.33572824
   -957.28415031
   -957.32089261
   -957.29592221
   -957.29199793
   -957.23956239
   -957.32949215
   -957.33255142
   -957.33029984
   -957.29498302
   -957.30478594
   -957.31362754
   -957.30994384
   -957.29172093
   -957.28691605
   -957.31508950
   -957.31868364
   -957.29558888
   -957.29952459
   -957.30659667
   -957.33207382
   -957.31042896
   -957.30406991
   -957.32879454
   -957.31828877
   -957.29047830
   -957.30376788
   -957.30431548
   -957.29025831
   -957.33094532
   -957.33297018
   -957.29741053
   -957.29993709
   -957.31076983
   -957.30465512
   -957.33448356
   -957.31401066
   -957.31806554
   -957.32480680
   -957.33151635
   -957.31310358
   -957.32277035
   -957.11712071
   -957.31342041
   -957.33626902
   -957.30781827
   -957.30013483
   -957.33440793
   -957.31926159
   -957.30243142
   -957.34365965
   -957.31335690
   -957.30370252
   -957.31886344
   -957.16433277
   -957.29806158
   -957.32559848
   -957.29426212
   -957.30175297
   -957.17471903
   -957.32201151
   -957.28020567
   -957.30561337
   -957.30840813
   -957.29283900
   -957.30816103
   -957.17296024
   -957.31363348
   -957.30853471
   -957.32248344
   -957.30760337
   -957.30310879
   -957.28307014
   -957.32188721
   -957.31396789
   -957.33498377
   -957.29108846
   -957.17914735
   -957.31219266
   -957.30947868
   -957.29886409
   -957.32034089
   -957.28905640
   -957.28864771
   -957.28816089
   -957.30633384
   -957.31538325
   -957.29893317
   -957.34026531
   -957.33344053
   -957.30297616
   -957.30383812
   -957.32126350
   -957.29268653
   -957.32415906
   -957.32433158
   -957.26540692
   -957.28568510
   -957.28407817
   -957.30972164
   -957.33660091
   -957.28121159
   -957.29053038
   -957.32646869
   -957.29185507
   -957.31016373
   -957.32040615
   -957.32299017
   -957.14830101
   -957.31176034
   -957.31627192
   -957.32613791
   -957.24590851
   -957.31658659
   -957.33800954
   -957.31349405
   -957.30548998
   -957.32682730
   -957.29931279
   -957.28967855
   -957.27547410
   -957.28986958
   -957.32142524
   -957.28491406
   -957.30236153
   -957.30438569
   -957.31425609
   -957.30408188
   -957.33016373
   -957.31076656
   -957.30917424
   -957.31330860
   -957.31125606
   -957.29977727
   -957.31589832
   -957.32119908
   -957.27207483
   -957.31151694
   -957.32298801
   -957.31109395
   -957.28648535
   -957.32683865
   -957.30314180
   -957.10656423
   -957.30326220
   -957.32774630
   -957.33034881
   -957.28027820
   -957.31925873
   -957.33409912
   -957.28638400
   -957.30200135
   -957.32332547
   -957.31837402
   -957.28881179
   -957.33280462
   -957.30300300
   -957.31834750
   -957.28829702
   -957.14492625
   -957.31788867
   -957.30753063
   -957.29261381
   -957.33021270
   -957.33627441
   -957.22895174
   -957.31837645
   -957.24648240
   -957.33864717
   -957.27373991
   -957.31804696
   -957.29616311
   -957.29948357
   -957.31533818
   -957.32551555
   -957.31028403
   -957.30245078
   -957.30092935
   -957.31235313
   -957.31890140
   -957.33076935
   -957.25517796
   -957.30377690
   -957.29978411
   -957.31925269
   -957.33297450
   -957.30790449
   -957.31664985
   -957.33684139
   -957.31260438
   -957.17806832
   -957.27803063
   -957.32116076
   -957.18708030
   -957.30109065
   -957.31859997
   -957.30609017
   -957.30768607
   -957.32393617
   -957.17807921
   -957.27997846
   -957.26594079
   -957.30969908
   -957.33811494
   -957.31892416
   -957.31068407
   -957.28722310
   -957.31867668
   -957.31361208
   -957.32589988
   -957.34172343
   -957.30531089
   -957.30825547
   -957.28874698
   -957.17092803
   -957.33626835
   -957.29373349
   -957.29346990
   -957.31473330
   -957.34655402
   -957.31028831
   -957.32729722
   -957.33540057
   -957.29821104
   -957.32962933
   -957.33315034
   -957.31110974
   -957.31197535
   -957.32318982
   -957.32334927
   -957.32554490
   -957.30500242
   -957.30892879
   -957.27874494
   -957.28010335
   -957.33203685
   -957.26398773
   -957.29218876
   -957.29602048
   -957.29479352
   -957.25921706
   -957.32258523
   -957.31821389
   -957.32697692
   -957.29815420
   -957.28306313
   -957.31248698
   -957.30763561
   -957.28926370
   -957.17247392
   -957.31556580
   -957.30535908
   -957.31504243
   -957.27756762
   -957.33552857
   -957.33920035
   -957.32552099
   -957.31501684
   -957.31393013
   -957.32191168
   -957.33940645
   -957.30497053
   -957.31172343
   -957.31544970
   -957.31991636
   -957.33399472
   -957.30192975
   -957.30085285
   -957.31430380
   -957.31409921
   -957.29785511
   -957.31109911
   -957.31571779
   -957.31891893
   -957.31848002
   -957.31617695
   -957.17974123
   -957.29997301
   -957.30812694
   -957.32229776
   -957.30246574
   -957.25445171
   -957.29025298
   -957.31068584
   -957.12170461
   -957.30358572
   -957.29991263
   -957.30768643
   -957.31481060
   -957.31494768
   -957.31019518
   -957.30886778
   -957.33738238
   -957.33198448
   -957.31778700
   -957.31066474
   -957.31163100
   -957.31502483
   -957.30881348
   -957.31944949
   -957.34133851
   -957.30783322
   -957.28629511
   -957.31327912
   -957.31767987
   -957.30681638
   -957.30012075
   -957.28183346
   -957.29886296
   -957.28865230
   -957.29394646
   -957.33931151
   -957.26910400
   -957.17688683
   -957.31242672
   -957.30602557
   -957.30615075
   -957.32266086
   -957.31362596
   -957.32352403
   -957.30251843
   -957.30979308
   -957.32395349
   -957.30900204
   -957.33019111
   -957.33303223
   -957.30874517
   -957.33144859
   -957.33177581
   -957.15325264
   -957.30752514
   -957.30890295
   -957.31463180
   -957.28938382
   -957.28626166
   -957.28973391
   -957.28717263
   -957.27766849
   -957.14280409
   -957.29680635
   -957.32991796
   -957.26749476
   -957.30938645
   -957.29435969
   -957.32148676
   -957.32822456
   -957.30942760
   -957.30647338
   -957.30186839
   -957.34413663
   -957.33086343
   -957.33078155
   -957.30291496
   -957.28243529
   -957.30260149
   -957.32792424
   -957.30534483
   -957.34364143
   -957.30933095
   -957.15598114
   -957.27040104
   -957.28966510
   -957.33276846
   -957.29685290
   -957.29609761
   -957.30024515
   -957.33014606
   -957.30499699
   -957.32105399
   -957.30194470
   -957.31411398
   -957.31291249
   -957.32749713
   -957.30936041
   -957.30712254
   -957.29248171
   -957.28961201
   -957.33065328
   -957.30830980
   -957.33790088
   -957.28302446
   -957.28591309
   -957.28465695
   -957.29625030
   -957.30786185
   -957.26473583
   -957.30150940
   -957.34788211
   -957.32117151
   -957.30590695
   -957.31335287
   -957.31792365
   -957.29730816
   -957.32331604
   -957.30382832
   -957.29828727
   -957.29269658
   -957.28864960
   -957.32722820
   -957.32091679
   -957.30678500
   -957.32646933
   -957.32935729
   -957.28765790
   -957.30927919
   -957.28400510
   -957.28652798
   -957.29816910
   -957.29944335
   -957.32611390
   -957.28179209
   -957.32334574
   -957.30962452
   -957.31468774
   -957.28878259
   -957.25637316
   -957.29314211
   -957.33102205
   -957.32472815
   -957.28805929
   -957.31123177
   -957.30785028
   -957.29878091
   -957.32621106
   -957.30759371
   -957.29598381
   -957.29424972
   -957.32717009
   -957.29905305
   -957.32464557
   -957.31717582
   -957.32699635
   -957.30546967
   -957.31526461
   -957.30343239
   -957.30208430
   -957.30777023
   -957.31299559
   -957.31940764
   -957.32090890
   -957.31343360
   -957.29537629
   -957.33458702
   -957.31643443
   -957.32580131
   -957.31564724
   -957.30089611
   -957.31982875
   -957.29540922
   -957.31721793
   -957.32160279
   -957.29610204
   -957.29234526
   -957.29526829
   -957.30557113
   -957.30325082
   -957.30534859
   -957.32608036
   -957.28720305
   -957.29965482
   -957.30224189
   -957.24532822
   -957.29094311
   -957.34085478
   -957.29454311
   -957.33151631
   -957.32737429
   -957.33152438
   -957.31828453
   -957.30518835
   -957.28833448
   -957.15379882
   -957.32945218
   -957.31886406
   -957.32439321
   -957.32794076
   -957.31980038
   -957.31381805
   -957.29468477
   -957.31323785
   -957.31509493
   -957.29845213
   -957.27900973
   -957.32495227
   -957.29912569
   -957.31220005
   -957.34128544
   -957.30940780
   -957.28341397
   -957.31279240
   -957.32102380
   -957.30419076
   -957.30773625
   -957.32350482
   -957.30063605
   -957.34944267
   -957.29109600
   -957.32314489
   -957.30626380
   -957.32027530
   -957.28835744
   -957.32559278
   -957.30796551
   -957.33090175
   -957.32271153
   -957.30906292
   -957.31348481
   -957.32887138
   -957.15602337
   -957.31096828
   -957.33904004
   -957.34342863
   -957.29969875
   -957.31441500
   -957.30876426
   -957.28815548
   -957.31393679
   -957.30135775
   -957.30409545
   -957.34369871
   -957.29219184
   -957.20732785
   -957.33365698
   -957.28029982
   -957.33544203
   -957.28903651
   -957.30932683
   -957.29113178
   -957.29950329
   -957.16041527
   -957.30508242
   -957.30330818
   -957.33480882
   -957.31409806
   -957.29887266
   -957.31309305
   -957.30530354
   -957.30641111
   -957.31768758
   -957.32132662
   -957.31352864
   -957.30376171
   -957.32398065
   -957.30874453
   -957.31595128
   -957.33134445
   -957.27791120
   -957.12046382
   -957.29287859
   -957.28623325
   -957.32312892
   -957.32485709
   -957.30087635
   -957.31301625
   -957.29429553
   -957.32585666
   -957.33385322
   -957.31228478
   -957.34396137
   -957.32086591
   -957.31182158
   -957.24516378
   -957.30616397
   -957.27505175
   -957.31865424
   -957.31482128
   -957.31850190
   -957.29398909
   -957.31872974
   -957.25312444
   -957.34562276
   -957.31787246
   -957.30567061
   -957.30223938
   -957.29196114
   -957.33216261
   -957.32701014
   -957.29776611
   -957.30956462
   -957.29077943
   -957.31644709
   -957.30612507
   -957.32125964
   -957.30389410
   -957.33604051
   -957.29830398
   -957.33906462
   -957.30004366
   -957.31208451
   -957.29619636
   -957.29361090
   -957.32335813
   -957.30344893
   -957.31566586
   -957.29830198
   -957.27963425
   -957.31977333
   -957.31960540
   -957.29637203
   -957.32624738
   -957.32186364
   -957.31161335
   -957.30625831
   -957.15765172
   -957.31848224
   -957.30750737
   -957.30706980
   -957.29789596
   -957.32560240
   -957.29071624
   -957.32221282
   -957.28355406
   -957.28755597
   -957.29752571
   -957.31512420
   -957.31122407
   -957.30222972
   -957.29784474
   -957.33666907
   -957.28816368
   -957.30253159
   -957.30492139
   -957.30854177
   -957.31356289
   -957.32130078
   -957.27748435
   -957.33220510
   -957.10184722
   -957.32021094
   -957.33862466
   -957.28636881
   -957.32629375
   -957.30666458
   -957.30333988
   -957.32348628
   -957.30472180
   -957.27362665
   -957.31134010
   -957.32120508
   -957.29076653
   -957.29342829
   -957.34269624
   -957.33490240
   -957.31103880
   -957.30742528
   -957.29266731
   -957.32412083
   -957.30787447
   -957.30816174
   -957.30094557
   -957.30777417
   -957.33210630
   -957.30044985
   -957.33980829
   -957.29624974
   -957.31355572
   -957.31654374
   -957.33097314
   -957.31701728
   -957.30453257
   -957.29649295
   -957.31034154
   -957.28288554
   -957.30857055
   -957.30908906
   -957.33732312
   -957.27705081
   -957.28094032
   -957.30174009
   -957.32855939
   -957.29542670
   -957.32026657
   -957.33386707
   -957.29307706
   -957.32168629
   -957.31474592
   -957.31981925
   -957.33540695
   -957.31124610
   -957.30754447
   -957.30804695
   -957.29724361
   -957.30816933
   -957.31793388
   -957.32452540
   -957.33404801
   -957.30224197
   -957.31041476
   -957.33802508
   -957.33818294
   -957.31727615
   -957.30782798
   -957.31006865
   -957.33035379
   -957.32867341
   -957.29837289
   -957.31762024
   -957.31510568
   -957.30663828
   -957.32025646
   -957.27887987
   -957.30862704
   -957.30256196
   -957.28873521
   -957.29965622
   -957.31499006
   -957.29733557
   -957.30330127
   -957.32517478
   -957.31597318
   -957.28331146
   -957.23645236
   -957.30538264
   -957.29761411
   -957.31505470
   -957.28690224
   -957.32218419
   -957.32589455
   -957.30514117
   -957.30350583
   -957.27843203
   -957.27030704
   -957.32323603
   -957.33304533
   -957.28851823
   -957.32574281
   -957.32713175
   -957.31752467
   -957.34744577
   -957.31927913
   -957.33611425
   -957.31130539
   -957.18647459
   -957.33980071
   -957.30368610
   -957.32781233
   -957.33326430
   -957.33265527
   -957.30283183
   -957.30576373
   -957.32902961
   -957.29340284
   -957.30853104
   -957.28752995
   -957.29102022
   -957.30701403
   -957.11857611
   -957.34353859
   -957.32078545
   -957.28520372
   -957.14279489
   -957.31758580
   -957.30395069
   -957.30132603
   -957.32971907
   -957.32279943
   -957.31636887
   -957.32698921
   -957.31801585
   -957.28047123
   -957.30074396
   -957.29883997
   -957.26796248
   -957.31396475
   -957.29398903
   -957.33039571
   -957.31143951
   -957.18221479
   -957.31427607
   -957.32967227
   -957.32996609
   -957.33405235
   -957.31474761
   -957.31624085
   -957.32476792
   -957.33675502
   -957.29385270
   -957.29846736
   -957.30775158
   -957.34816117
   -957.28885773
   -957.31823937
   -957.31419626
   -957.28452760
   -957.32087106
   -957.30768610
   -957.29409217
   -957.32050839
   -957.33292248
   -957.34010634
   -957.33557176
   -957.32471716
   -957.33657803
   -957.17620217
   -957.30799351
   -957.32505801
   -957.27529165
   -957.34036306
   -957.31303746
   -957.30275260
   -957.31054940
   -957.33555660
   -957.33218952
   -957.30485936
   -957.32760431
   -957.30475608
   -957.31241653
   -957.30576442
   -957.29797344
   -957.32212689
   -957.31931184
   -957.30964988
   -957.32361809
   -957.30757245
   -957.31933572
   -957.33334524
   -957.29918418
   -957.26216144
   -957.32317660
   -957.31084208
   -957.30754891
   -957.32254929
   -957.29770832
   -957.33272572
   -957.33085768
   -957.32259281
   -957.33508435
   -957.33051943
   -957.30756747
   -957.30386850
   -957.29879973
   -957.28174018
   -957.33595083
   -957.26034744
   -957.29946788
   -957.28346793
   -957.29992882
   -957.34215494
   -957.32127342
   -957.31434659
   -957.30004031
   -957.30292320
   -957.32272311
   -957.30803334
   -957.29625810
   -957.33297269
   -957.34098340
   -957.31480798
   -957.28888166
   -957.34137714
   -957.27719303
   -957.32383106
   -957.31886048
   -957.34572719
   -957.32836961
   -957.31517710
   -957.33550766
   -957.28489883
   -957.29379854
   -957.27358811
   -957.29012476
   -957.30334183
   -957.26525960
   -957.28437008
   -957.28057139
   -957.33491767
   -957.32554536
   -957.32100197
   -957.31025833
   -957.31727343
   -957.29671282
   -957.29358994
   -957.32034753
   -957.30918903
   -957.30784100
   -957.31368770
   -957.30712837
   -957.33394438
   -957.32362041
   -957.32117865
   -957.32437654
   -957.31153710
   -957.31219397
   -957.30931619
   -957.33087578
   -957.29616333
   -957.28921509
   -957.29757932
   -957.32337499
   -957.31612056
   -957.29712278
   -957.31317850
   -957.27858925
   -957.33506801
   -957.30635135
   -957.32858963
   -957.29375961
   -957.28131065
   -957.30411976
   -957.24866134
   -957.30266516
   -957.33401462
   -957.31167985
   -957.31789987
   -957.29373354
   -957.13667556
   -957.30706109
   -957.29274446
   -957.31822737
   -957.26996862
   -957.31135894
   -957.31229664
   -957.29433627
   -957.31083848
   -957.27299996
   -957.30731552
   -957.32206091
   -957.27706608
   -957.31119778
   -957.32476384
   -957.31052041
   -957.31849689
   -957.32449621
   -957.32183850
   -957.33308255
   -957.31453890
   -957.32320964
   -957.29836498
   -957.32994279
   -957.32145837
   -957.29825057
   -957.30203747
   -957.30131851
   -957.30128100
   -957.27413315
   -957.29549378
   -957.32640877
   -957.32914028
   -957.29809821
   -957.31613702
   -957.18118132
   -957.32311120
   -957.31857240
   -957.34089515
   -957.26135599
   -957.31688939
   -957.29002806
   -957.32942970
   -957.32846766
   -957.31683466
   -957.30555802
   -957.32311351
   -957.30693288
   -957.30778223
   -957.28786794
   -957.30416975
   -957.31304440
   -957.30615606
   -957.31936169
   -957.28517462
   -957.32791372
   -957.32047154
   -957.31102308
   -957.29985722
   -957.29880926
   -957.33042762
   -957.30050329
   -957.30031095
   -957.31359492
   -957.30950104
   -957.29404475
   -957.30556094
   -957.28569578
   -957.30606015
   -957.29513888
   -957.32502960
   -957.29410029
   -957.28528419
   -957.31854606
   -957.14615673
   -957.33720890
   -957.26805223
   -957.30531833
   -957.33541614
   -957.31116186
   -957.30063107
   -957.31392128
   -957.31113952
   -957.28486177
   -957.26404012
   -957.30432639
   -957.30349692
   -957.32061132
   -957.31978425
   -957.31949111
   -957.32196099
   -957.30270586
   -957.28088373
   -957.30821569
   -957.32881444
   -957.29376087
   -957.29209181
   -957.32710072
   -957.29088014
   -957.32395498
   -957.16002467
   -957.31141908
   -957.32181254
   -957.16438097
   -957.33195452
   -957.31754617
   -957.29783117
   -957.28775131
   -957.31749812
   -957.33498403
   -957.30845653
   -957.31339319
   -957.30814230
   -957.30772660
   -957.29446312
   -957.29400734
   -957.33677268
   -957.32043083
   -957.32465595
   -957.31808305
   -957.30141133
   -957.31991142
   -957.32210890
   -957.31308811
   -957.28959535
   -957.30206985
   -957.30889561
   -957.29468646
   -957.32062869
   -957.31469423
   -957.30871580
   -957.31215665
   -957.31128414
   -957.26316226
   -957.33195211
   -957.33169070
   -957.17218277
   -957.31214544
   -957.33021259
   -957.29720992
   -957.30393109
   -957.25676003
   -957.29529864
   -957.31069881
   -957.30074925
   -957.33022168
   -957.31025086
   -957.30479742
   -957.29680578
   -957.30261110
   -957.30710777
   -957.28802232
   -957.32326790
   -957.29502130
   -957.31378441
   -957.31976979
   -957.30906502
   -957.30957090
   -957.29841446
   -957.30464101
   -957.28318055
   -957.29454038
   -957.28122749
   -957.30205586
   -957.29654617
   -957.32269862
   -957.33563062
   -957.32544866
   -957.33157593
   -957.28135205
   -957.28502006
   -957.13255628
   -957.33385206
   -957.31509049
   -957.28324606
   -957.32907927
   -957.32558435
   -957.28602650
   -957.26608437
   -957.33154250
   -957.32567335
   -957.30391862
   -957.33065794
   -957.27797966
   -957.13195696
   -957.30940742
   -957.33427124
   -957.29862284
   -957.30813023
   -957.30125861
   -957.30786582
   -957.33627116
   -957.31861125
   -957.31587921
   -957.32990438
   -957.32932077
   -957.31150525
   -957.30388649
