% The following energies apply to conformations described by the topology 
% R28.top.  Structures are given in trajectory coords.cdf, count: 2685.

% Item 0:
%   Energy -> orca_structures/coor*/Conf*.out
   -864.86484516
   -864.88623936
   -864.90052178
   -864.87763736
   -864.85586850
   -864.88921601
   -864.85952527
   -864.90671355
   -864.86605476
   -864.87199408
   -864.87017512
   -864.85598523
   -864.90315903
   -864.87680267
   -864.82652073
   -864.87082446
   -864.83870769
   -864.89644689
   -864.89632368
   -864.91870234
   -864.86450622
   -864.89602512
   -864.91347155
   -864.87175005
   -864.90245606
   -864.89357751
   -864.89855135
   -864.81674124
   -864.87966046
   -864.87192891
   -864.88929907
   -864.87397013
   -864.88768638
   -864.89316403
   -864.87163936
   -864.90961115
   -864.87531936
   -864.90645060
   -864.85930036
   -864.88153202
   -864.86925972
   -864.88617514
   -864.87767219
   -864.85750012
   -864.89890366
   -864.84737504
   -864.86086050
   -864.87094313
   -864.85956795
   -864.89289967
   -864.91192508
   -864.86550705
   -864.92321229
   -864.87139642
   -864.87334617
   -864.88129177
   -864.85077855
   -864.89364450
   -864.87087547
   -864.84730254
   -864.86151128
   -864.89526341
   -864.86921177
   -864.87083545
   -864.90501583
   -864.87920627
   -864.84814626
   -864.89167341
   -864.86230523
   -864.88394328
   -864.88670026
   -864.86524281
   -864.86551698
   -864.86000862
   -864.87907394
   -864.84887532
   -864.90178834
   -864.90173881
   -864.88910204
   -864.84988092
   -864.87701853
   -864.88352819
   -864.89526868
   -864.89517705
   -864.88623850
   -864.84900951
   -864.89082457
   -864.86760338
   -864.88460823
   -864.85570401
   -864.88448626
   -864.88422304
   -864.85457525
   -864.88973187
   -864.88448952
   -864.90226390
   -864.86812510
   -864.91181679
   -864.87098754
   -864.87758317
   -864.87347909
   -864.92336675
   -864.88531467
   -864.90424085
   -864.87360999
   -864.89292449
   -864.89872992
   -864.88090022
   -864.87604794
   -864.90023425
   -864.87847983
   -864.87694869
   -864.89487678
   -864.87577062
   -864.89641679
   -864.89181754
   -864.82484402
   -864.86371134
   -864.83919620
   -864.85899228
   -864.89066541
   -864.88978629
   -864.86557155
   -864.90051714
   -864.88410858
   -864.90222761
   -864.87823922
   -864.88206378
   -864.88705880
   -864.87710313
   -864.86738646
   -864.86438999
   -864.89869812
   -864.88169480
   -864.89953508
   -864.87700577
   -864.86584286
   -864.89257284
   -864.89181512
   -864.91243637
   -864.88694793
   -864.86997240
   -864.87900141
   -864.86016566
   -864.90265833
   -864.87132972
   -864.88390760
   -864.88195938
   -864.87008867
   -864.89196745
   -864.89469384
   -864.91545299
   -864.88731533
   -864.85170255
   -864.89095287
   -864.89032251
   -864.89547602
   -864.83595936
   -864.88594445
   -864.88980333
   -864.89510754
   -864.85681579
   -864.90629773
   -864.85382165
   -864.85841288
   -864.88149008
   -864.87984814
   -864.91494534
   -864.90043352
   -864.84366810
   -864.92044131
   -864.90345115
   -864.85307837
   -864.88231202
   -864.86468470
   -864.86933571
   -864.90774919
   -864.87971264
   -864.86924065
   -864.88675236
   -864.90149852
   -864.86213702
   -864.86907823
   -864.83338340
   -864.87609714
   -864.89198795
   -864.85892862
   -864.86659628
   -864.89715823
   -864.86929812
   -864.90780844
   -864.88812666
   -864.89527399
   -864.88394957
   -864.83428065
   -864.90190865
   -864.86411015
   -864.85758626
   -864.86989720
   -864.84797004
   -864.88328953
   -864.87090480
   -864.90976634
   -864.82971352
   -864.89198252
   -864.87769694
   -864.87979625
   -864.89104378
   -864.85182577
   -864.88901489
   -864.82943084
   -864.88953349
   -864.88873950
   -864.88223700
   -864.87434257
   -864.86668653
   -864.87816715
   -864.88972339
   -864.88206499
   -864.88420253
   -864.89317083
   -864.90250698
   -864.86190491
   -864.92252703
   -864.87400837
   -864.89934082
   -864.90587820
   -864.87287499
   -864.89196845
   -864.86999987
   -864.88220653
   -864.89196635
   -864.86865709
   -864.88098715
   -864.85675522
   -864.89042797
   -864.88949309
   -864.87685683
   -864.88828659
   -864.88878157
   -864.85632099
   -864.87803646
   -864.87367816
   -864.88213473
   -864.87324286
   -864.90371557
   -864.87517232
   -864.89906516
   -864.90059982
   -864.88919038
   -864.89795698
   -864.86801061
   -864.88732035
   -864.89795160
   -864.90077689
   -864.90007559
   -864.87467945
   -864.86859430
   -864.85322525
   -864.86479001
   -864.85933332
   -864.88938857
   -864.86004816
   -864.88139288
   -864.90020387
   -864.87176509
   -864.81815169
   -864.87222731
   -864.89302760
   -864.89113976
   -864.89111910
   -864.84955632
   -864.90736024
   -864.89451923
   -864.90476234
   -864.90667002
   -864.89976933
   -864.88505172
   -864.85509088
   -864.88918467
   -864.86807369
   -864.88680446
   -864.89997239
   -864.91384056
   -864.88090205
   -864.89551575
   -864.88998596
   -864.89911633
   -864.86198002
   -864.88831205
   -864.88098405
   -864.86978263
   -864.85578654
   -864.87729208
   -864.87814266
   -864.83667709
   -864.89762433
   -864.87202986
   -864.87601434
   -864.89364385
   -864.90498629
   -864.88552116
   -864.89345151
   -864.89308421
   -864.89106944
   -864.85966412
   -864.89848752
   -864.89164359
   -864.89576270
   -864.85246559
   -864.88198419
   -864.86880562
   -864.88856330
   -864.88728180
   -864.87969017
   -864.89160895
   -864.90078171
   -864.87601587
   -864.88494371
   -864.85454479
   -864.89433466
   -864.87175852
   -864.88799905
   -864.87763055
   -864.89865844
   -864.87495622
   -864.87653219
   -864.86942499
   -864.89681872
   -864.89016852
   -864.89738705
   -864.89004469
   -864.88870410
   -864.89565178
   -864.88997175
   -864.92581495
   -864.88147490
   -864.85794608
   -864.90233064
   -864.87703791
   -864.89425223
   -864.90357545
   -864.88878421
   -864.89101995
   -864.86806450
   -864.88629765
   -864.85598624
   -864.86821628
   -864.87754892
   -864.90902835
   -864.89847488
   -864.86979698
   -864.86427023
   -864.85848743
   -864.91199477
   -864.90382833
   -864.88140118
   -864.87921421
   -864.91113498
   -864.90182477
   -864.86596182
   -864.89722086
   -864.90489378
   -864.88100377
   -864.89643050
   -864.88453785
   -864.87805559
   -864.88271754
   -864.83268209
   -864.90254178
   -864.89014234
   -864.88633449
   -864.88297487
   -864.89307238
   -864.86856460
   -864.87453669
   -864.81970761
   -864.89837750
   -864.87383332
   -864.90096659
   -864.84535332
   -864.88471336
   -864.88052334
   -864.91409160
   -864.90813410
   -864.87818489
   -864.89405345
   -864.88323480
   -864.86387145
   -864.88635368
   -864.92919846
   -864.89575569
   -864.84974111
   -864.90100866
   -864.89119759
   -864.86052619
   -864.91186360
   -864.90293211
   -864.89655512
   -864.89815502
   -864.89236616
   -864.88979843
   -864.89838146
   -864.89644579
   -864.91463556
   -864.88145450
   -864.91736850
   -864.87342661
   -864.87012112
   -864.83992733
   -864.88806696
   -864.88389265
   -864.80673998
   -864.86529649
   -864.90873466
   -864.88948589
   -864.85483960
   -864.89374985
   -864.87425945
   -864.88333366
   -864.91284410
   -864.88015196
   -864.87414239
   -864.86610338
   -864.86003749
   -864.86849789
   -864.90719492
   -864.89192701
   -864.86123963
   -864.87446227
   -864.89526807
   -864.88648291
   -864.90755714
   -864.91135889
   -864.88889534
   -864.82313363
   -864.88329946
   -864.88925756
   -864.86598223
   -864.89007422
   -864.89402238
   -864.87655196
   -864.90926587
   -864.88153550
   -864.88443346
   -864.89043534
   -864.89748815
   -864.87316347
   -864.87393499
   -864.86633393
   -864.89792655
   -864.86629495
   -864.87658728
   -864.84608980
   -864.91199508
   -864.88767445
   -864.91294777
   -864.86755656
   -864.88627900
   -864.87305325
   -864.88960376
   -864.85278334
   -864.88883989
   -864.90443254
   -864.90697569
   -864.89128566
   -864.84151900
   -864.87570193
   -864.87927522
   -864.88983845
   -864.90291584
   -864.89647268
   -864.85832332
   -864.88393130
   -864.90164784
   -864.87935919
   -864.88425312
   -864.90322085
   -864.84807408
   -864.86281927
   -864.90079020
   -864.88124867
   -864.88403133
   -864.88497655
   -864.89335993
   -864.85144270
   -864.89537049
   -864.87738335
   -864.87512362
   -864.87964555
   -864.88319486
   -864.86853146
   -864.89095329
   -864.87136191
   -864.89241082
   -864.88379113
   -864.87036602
   -864.84323723
   -864.90479221
   -864.85576641
   -864.85565211
   -864.90833950
   -864.89263147
   -864.90465358
   -864.89112144
   -864.90052475
   -864.87863379
   -864.87132712
   -864.89149692
   -864.89879705
   -864.87059290
   -864.90202574
   -864.89013987
   -864.87373910
   -864.87375143
   -864.89182818
   -864.90723265
   -864.88449578
   -864.87682280
   -864.85833650
   -864.88072962
   -864.89627993
   -864.82126752
   -864.90329653
   -864.88405888
   -864.86072036
   -864.83820933
   -864.87316892
   -864.89033360
   -864.89146308
   -864.88440854
   -864.86031872
   -864.88403675
   -864.87980509
   -864.90647230
   -864.87494785
   -864.85966636
   -864.88711352
   -864.86780894
   -864.91204177
   -864.86133316
   -864.85892610
   -864.84864899
   -864.89086983
   -864.88670630
   -864.86265925
   -864.88883333
   -864.86961519
   -864.84755297
   -864.86439286
   -864.91501356
   -864.83555451
   -864.91465981
   -864.88477416
   -864.88419565
   -864.88426500
   -864.88467760
   -864.87412775
   -864.89563035
   -864.87706630
   -864.89290841
   -864.90916486
   -864.88580817
   -864.84611622
   -864.88449366
   -864.89654436
   -864.83148423
   -864.87843600
   -864.85486674
   -864.86469712
   -864.88186139
   -864.83215805
   -864.89870889
   -864.85649679
   -864.89983854
   -864.87917611
   -864.87377438
   -864.88340039
   -864.88513343
   -864.87134645
   -864.86940262
   -864.87131266
   -864.88632504
   -864.90522791
   -864.87861449
   -864.84029994
   -864.87443909
   -864.90519753
   -864.87391218
   -864.85476199
   -864.91427569
   -864.91637486
   -864.88008044
   -864.85195955
   -864.82922313
   -864.86830540
   -864.82645629
   -864.84771369
   -864.83229784
   -864.82930557
   -864.89976689
   -864.91426574
   -864.90982688
   -864.90703516
   -864.89108405
   -864.89568488
   -864.85609955
   -864.91096529
   -864.88595106
   -864.84261839
   -864.88268864
   -864.89856773
   -864.89001248
   -864.85826560
   -864.88787369
   -864.85735257
   -864.86042395
   -864.88837184
   -864.89203223
   -864.91144672
   -864.88133258
   -864.82844838
   -864.90198699
   -864.88018569
   -864.87127734
   -864.91712505
   -864.89413225
   -864.87129120
   -864.91726170
   -864.89814529
   -864.89619457
   -864.86277038
   -864.88782416
   -864.89342052
   -864.86032991
   -864.89740754
   -864.89394895
   -864.86834290
   -864.88089071
   -864.89751693
   -864.89576701
   -864.91630168
   -864.91662077
   -864.87050708
   -864.89926191
   -864.87891357
   -864.80196323
   -864.87241210
   -864.90210746
   -864.87133166
   -864.90470472
   -864.87668202
   -864.88594365
   -864.87438647
   -864.89375387
   -864.89984195
   -864.86375472
   -864.88262532
   -864.85644843
   -864.86227555
   -864.87356907
   -864.84979350
   -864.90453202
   -864.88979018
   -864.90145931
   -864.87690232
   -864.86788871
   -864.90554060
   -864.89188732
   -864.87084429
   -864.83650585
   -864.89634387
   -864.88730205
   -864.83186711
   -864.89097011
   -864.91162026
   -864.88564513
   -864.90668808
   -864.90656451
   -864.90340409
   -864.85632496
   -864.89458978
   -864.88599252
   -864.89193639
   -864.90134382
   -864.90977820
   -864.88553325
   -864.85269031
   -864.89235967
   -864.85941178
   -864.84551518
   -864.89295774
   -864.87006415
   -864.87021924
   -864.87965050
   -864.88862826
   -864.84420778
   -864.89142846
   -864.87023314
   -864.91902396
   -864.87514079
   -864.90732417
   -864.89846827
   -864.89448147
   -864.87927275
   -864.88470369
   -864.87853750
   -864.86121984
   -864.89541531
   -864.88335095
   -864.88432042
   -864.89811757
   -864.87596925
   -864.83168970
   -864.90764989
   -864.88665150
   -864.89255644
   -864.86572357
   -864.87565902
   -864.85764765
   -864.89062037
   -864.88813081
   -864.86891169
   -864.91174726
   -864.82835937
   -864.89897453
   -864.86498404
   -864.88858310
   -864.86448918
   -864.87604611
   -864.88633207
   -864.89419078
   -864.84596101
   -864.86152310
   -864.91062708
   -864.82571796
   -864.78803192
   -864.87580174
   -864.89917982
   -864.89505907
   -864.87298610
   -864.87512026
   -864.90216227
   -864.91166897
   -864.87766715
   -864.89341875
   -864.85388900
   -864.88436778
   -864.85967647
   -864.88462915
   -864.89756357
   -864.91082549
   -864.89199502
   -864.89675517
   -864.89122742
   -864.89679866
   -864.85053840
   -864.89061568
   -864.90886114
   -864.85469287
   -864.87824424
   -864.87673328
   -864.89290806
   -864.86515455
   -864.88397709
   -864.87019191
   -864.90829572
   -864.88453919
   -864.88083395
   -864.89256438
   -864.88814538
   -864.88892319
   -864.88427449
   -864.87302978
   -864.89081153
   -864.88692589
   -864.88774760
   -864.90090398
   -864.85993886
   -864.90797588
   -864.86720331
   -864.86626020
   -864.89328139
   -864.87996898
   -864.86453179
   -864.86822013
   -864.89689528
   -864.86811525
   -864.88343322
   -864.87988068
   -864.90232929
   -864.88352336
   -864.89308492
   -864.86686463
   -864.90034483
   -864.87475100
   -864.87023339
   -864.86769572
   -864.89482650
   -864.88119566
   -864.89252138
   -864.90770707
   -864.89917204
   -864.87946011
   -864.89344433
   -864.87410213
   -864.88763313
   -864.88977906
   -864.89643190
   -864.87383237
   -864.88384690
   -864.88693249
   -864.87623949
   -864.87426704
   -864.88538414
   -864.84325666
   -864.91797297
   -864.88106635
   -864.86657943
   -864.90584333
   -864.87540610
   -864.84695649
   -864.89629506
   -864.90529408
   -864.88833135
   -864.89638659
   -864.86538539
   -864.88704490
   -864.85252569
   -864.88258421
   -864.88739697
   -864.88335814
   -864.87946056
   -864.88193285
   -864.87728245
   -864.82222343
   -864.90189427
   -864.89813146
   -864.89443617
   -864.87076618
   -864.88596502
   -864.86223644
   -864.89264360
   -864.87836131
   -864.87568777
   -864.90686048
   -864.88636672
   -864.90365651
   -864.86295375
   -864.84998732
   -864.90061215
   -864.89222450
   -864.89587537
   -864.89799462
   -864.89376543
   -864.88597834
   -864.92130677
   -864.88902087
   -864.87063914
   -864.88641444
   -864.86986655
   -864.88617171
   -864.89402560
   -864.88433883
   -864.87421327
   -864.87192679
   -864.91313439
   -864.89081453
   -864.89230062
   -864.85918544
   -864.85946471
   -864.86248712
   -864.88457319
   -864.89365769
   -864.88717497
   -864.89748041
   -864.89517027
   -864.85805774
   -864.85421924
   -864.89450726
   -864.91051064
   -864.85368286
   -864.91160059
   -864.89452363
   -864.82376773
   -864.88876260
   -864.86742445
   -864.89252590
   -864.89991675
   -864.88891414
   -864.89796975
   -864.88203206
   -864.87464291
   -864.88996647
   -864.88728768
   -864.84936889
   -864.90230842
   -864.88535080
   -864.88367609
   -864.88640118
   -864.90900471
   -864.87966276
   -864.90101802
   -864.87880849
   -864.89037468
   -864.87130544
   -864.90500830
   -864.90716260
   -864.86785402
   -864.87612972
   -864.86802995
   -864.87493760
   -864.88744563
   -864.87964691
   -864.87665201
   -864.88859449
   -864.88691744
   -864.85166038
   -864.88074389
   -864.88558709
   -864.89191454
   -864.77451077
   -864.90990830
   -864.87300549
   -864.89151706
   -864.90107869
   -864.89947036
   -864.88908753
   -864.88292234
   -864.87135114
   -864.88880661
   -864.87194751
   -864.87380901
   -864.91055868
   -864.90113612
   -864.90883892
   -864.88185258
   -864.88748661
   -864.89760250
   -864.87212655
   -864.90187030
   -864.89042262
   -864.88947494
   -864.89447355
   -864.88931192
   -864.90443775
   -864.88335554
   -864.88008518
   -864.89951812
   -864.89470415
   -864.88554728
   -864.88660567
   -864.89653155
   -864.89813512
   -864.88705955
   -864.87576546
   -864.88092113
   -864.90234795
   -864.89380333
   -864.86357607
   -864.89027219
   -864.89449648
   -864.88180699
   -864.88793661
   -864.81538429
   -864.85382695
   -864.89153199
   -864.88473686
   -864.85724031
   -864.86229554
   -864.87895692
   -864.87834786
   -864.86390291
   -864.91253108
   -864.89175997
   -864.86705168
   -864.88833562
   -864.84601273
   -864.89490847
   -864.92653919
   -864.88373706
   -864.90269736
   -864.86650819
   -864.90651776
   -864.86363484
   -864.86448553
   -864.90973296
   -864.89815897
   -864.91118392
   -864.92116561
   -864.85607155
   -864.86006814
   -864.87311634
   -864.90102685
   -864.86575943
   -864.88321016
   -864.90530545
   -864.82426506
   -864.85213981
   -864.85647613
   -864.84182791
   -864.92698484
   -864.90236142
   -864.89472908
   -864.88218908
   -864.87352938
   -864.89244042
   -864.89221725
   -864.87362543
   -864.88446568
   -864.85827066
   -864.87677892
   -864.89181963
   -864.90415837
   -864.89869843
   -864.86937040
   -864.89138533
   -864.88239055
   -864.88885495
   -864.91294415
   -864.88715727
   -864.88518786
   -864.88247968
   -864.90373211
   -864.90352823
   -864.87356304
   -864.88198527
   -864.88530104
   -864.90018842
   -864.88964764
   -864.88798784
   -864.87698665
   -864.80178633
   -864.86283433
   -864.88661168
   -864.86567151
   -864.89674355
   -864.87262596
   -864.89187754
   -864.88288893
   -864.89703363
   -864.89537606
   -864.86016967
   -864.87753016
   -864.84794974
   -864.90086312
   -864.83684978
   -864.84713663
   -864.85925609
   -864.85689269
   -864.85568969
   -864.88630230
   -864.85149318
   -864.88358450
   -864.89169916
   -864.91054320
   -864.89343424
   -864.85761109
   -864.90821040
   -864.90557073
   -864.88682021
   -864.91494260
   -864.86958265
   -864.85884467
   -864.90485807
   -864.83862204
   -864.91242546
   -864.89737479
   -864.87503878
   -864.85032935
   -864.89112273
   -864.86195334
   -864.85251382
   -864.89528032
   -864.85626828
   -864.86778985
   -864.84565785
   -864.87697681
   -864.88340979
   -864.87509221
   -864.87214999
   -864.84383744
   -864.89847723
   -864.84058934
   -864.88268160
   -864.84955068
   -864.88553927
   -864.85417244
   -864.82883048
   -864.89365736
   -864.88281735
   -864.89173661
   -864.87411929
   -864.88019488
   -864.88926906
   -864.86505094
   -864.86360639
   -864.88888082
   -864.87474234
   -864.87738120
   -864.83238109
   -864.88023082
   -864.90906763
   -864.88815861
   -864.85812077
   -864.84370534
   -864.91742337
   -864.85136845
   -864.87270472
   -864.87481820
   -864.86424323
   -864.86803424
   -864.86072829
   -864.90011098
   -864.88585997
   -864.90495615
   -864.90915851
   -864.91004048
   -864.85499324
   -864.88558906
   -864.85934519
   -864.85363764
   -864.89887331
   -864.84377538
   -864.88330237
   -864.86783132
   -864.90804936
   -864.87735922
   -864.88811004
   -864.89734448
   -864.87188996
   -864.88897396
   -864.87952808
   -864.87683320
   -864.86757542
   -864.88861300
   -864.87037355
   -864.87321639
   -864.87251163
   -864.87221167
   -864.90387674
   -864.89063660
   -864.88464756
   -864.89123748
   -864.88446845
   -864.87095219
   -864.88105902
   -864.88998708
   -864.87748674
   -864.88869071
   -864.90010814
   -864.88954281
   -864.89141201
   -864.86831042
   -864.86251956
   -864.85718585
   -864.86558693
   -864.88249368
   -864.84880175
   -864.88829462
   -864.89703967
   -864.90936043
   -864.91010420
   -864.85573938
   -864.85684403
   -864.85682128
   -864.88325318
   -864.89834822
   -864.90427233
   -864.87464570
   -864.88761132
   -864.83192470
   -864.90039741
   -864.90240416
   -864.90236723
   -864.87238671
   -864.90101582
   -864.88484110
   -864.85150862
   -864.88385047
   -864.87001495
   -864.88815682
   -864.89852194
   -864.88937761
   -864.88547883
   -864.83583232
   -864.88138934
   -864.83899267
   -864.88894518
   -864.87183985
   -864.88412730
   -864.88525646
   -864.87871028
   -864.87073700
   -864.89975423
   -864.87019403
   -864.90198719
   -864.88030796
   -864.89486048
   -864.86716253
   -864.89349074
   -864.87656314
   -864.90070096
   -864.88906024
   -864.89867352
   -864.88891834
   -864.89057991
   -864.90113491
   -864.86110178
   -864.87421868
   -864.83876994
   -864.90472132
   -864.87869065
   -864.88741811
   -864.88910881
   -864.86655144
   -864.87166501
   -864.89940625
   -864.85544353
   -864.89081678
   -864.84316979
   -864.84699936
   -864.88053814
   -864.83794934
   -864.89493136
   -864.91806471
   -864.90419443
   -864.87137456
   -864.88312838
   -864.85773570
   -864.89666538
   -864.88999701
   -864.89270582
   -864.89273413
   -864.90155011
   -864.89018492
   -864.90239269
   -864.86728710
   -864.86942358
   -864.86741307
   -864.89710969
   -864.82470656
   -864.88693993
   -864.85752647
   -864.87796152
   -864.89341486
   -864.88588419
   -864.88967116
   -864.85341985
   -864.88280243
   -864.89900629
   -864.82172909
   -864.87548321
   -864.87217471
   -864.87360855
   -864.89089987
   -864.86851403
   -864.92197591
   -864.91249754
   -864.91582334
   -864.90249699
   -864.88207764
   -864.86384871
   -864.87122930
   -864.89961228
   -864.87512162
   -864.85549565
   -864.88719496
   -864.84306628
   -864.87800610
   -864.88686996
   -864.88613371
   -864.89423654
   -864.88509070
   -864.90016008
   -864.90301322
   -864.79337396
   -864.90102617
   -864.87691581
   -864.85735579
   -864.89030770
   -864.87222666
   -864.89991086
   -864.87292490
   -864.90547882
   -864.88964162
   -864.89240351
   -864.85455967
   -864.90118719
   -864.85586473
   -864.86549403
   -864.88294597
   -864.90097930
   -864.89072960
   -864.89514352
   -864.87870864
   -864.85489991
   -864.89266500
   -864.88197053
   -864.89782108
   -864.85448580
   -864.88055416
   -864.88848226
   -864.88893182
   -864.83957657
   -864.84389715
   -864.82430936
   -864.88170674
   -864.85765634
   -864.86726086
   -864.91182337
   -864.89210302
   -864.88648818
   -864.89951062
   -864.87912615
   -864.85974747
   -864.85680677
   -864.84341562
   -864.85705286
   -864.89469986
   -864.79776169
   -864.87961443
   -864.88931210
   -864.85936208
   -864.82935007
   -864.87452164
   -864.84857243
   -864.87755836
   -864.87748096
   -864.86226968
   -864.89365355
   -864.87327068
   -864.87135924
   -864.90860474
   -864.85732609
   -864.86764458
   -864.86789603
   -864.88277741
   -864.87845798
   -864.88202433
   -864.88084014
   -864.87031391
   -864.88765705
   -864.88872624
   -864.90267904
   -864.89639683
   -864.86325682
   -864.90114311
   -864.86474645
   -864.85902150
   -864.87969543
   -864.87067287
   -864.87940580
   -864.89649404
   -864.87773578
   -864.89448030
   -864.90439635
   -864.89338867
   -864.89275592
   -864.89198539
   -864.87474471
   -864.89848471
   -864.89587812
   -864.85131455
   -864.88937807
   -864.84054684
   -864.88803133
   -864.90026065
   -864.87680469
   -864.87815845
   -864.86639665
   -864.88423577
   -864.88048103
   -864.89033522
   -864.87745903
   -864.87976851
   -864.88714960
   -864.87548018
   -864.86626494
   -864.85188730
   -864.87371401
   -864.89116728
   -864.86676189
   -864.89025880
   -864.83553522
   -864.87338121
   -864.87636269
   -864.86761358
   -864.88283995
   -864.90597691
   -864.87757496
   -864.87386131
   -864.88735103
   -864.90915984
   -864.88643833
   -864.86056693
   -864.88397118
   -864.89925456
   -864.81807531
   -864.90743137
   -864.87783315
   -864.88437188
   -864.87318568
   -864.89049827
   -864.89253826
   -864.88163056
   -864.90564732
   -864.89100921
   -864.89372648
   -864.87071728
   -864.84909236
   -864.90366541
   -864.86415734
   -864.88586039
   -864.86168509
   -864.87455907
   -864.84926350
   -864.87245109
   -864.87466610
   -864.86956928
   -864.86444678
   -864.89595460
   -864.87669021
   -864.84106927
   -864.87214183
   -864.86927442
   -864.87468147
   -864.89412544
   -864.88056183
   -864.87450443
   -864.88857678
   -864.89785474
   -864.87087289
   -864.90787570
   -864.83363606
   -864.88290466
   -864.85113444
   -864.86144439
   -864.90436926
   -864.89222537
   -864.89408432
   -864.89455116
   -864.89536488
   -864.90074436
   -864.88064404
   -864.88137785
   -864.89816575
   -864.92234589
   -864.90526870
   -864.88474601
   -864.85735511
   -864.88933663
   -864.87541271
   -864.90917615
   -864.85932366
   -864.85330231
   -864.88856548
   -864.87559238
   -864.89109855
   -864.88624998
   -864.86909105
   -864.90677968
   -864.86531003
   -864.86209717
   -864.87547333
   -864.84843868
   -864.89326639
   -864.88075575
   -864.90110687
   -864.89161230
   -864.88663641
   -864.87900294
   -864.84220061
   -864.86894663
   -864.84913969
   -864.89444789
   -864.84008809
   -864.88248194
   -864.89485918
   -864.89204873
   -864.84301506
   -864.87958548
   -864.89992806
   -864.88982054
   -864.89796054
   -864.85633851
   -864.91651622
   -864.87624544
   -864.88950075
   -864.89570512
   -864.91619358
   -864.85600357
   -864.88533343
   -864.89428878
   -864.88918736
   -864.90072929
   -864.88938714
   -864.88662851
   -864.87817608
   -864.88443554
   -864.88342198
   -864.86032343
   -864.86734706
   -864.88826213
   -864.88025538
   -864.85394809
   -864.86819292
   -864.88379294
   -864.84066296
   -864.84864308
   -864.88461547
   -864.90409090
   -864.85345932
   -864.88745382
   -864.88357874
   -864.85946434
   -864.89790518
   -864.89175896
   -864.89174313
   -864.89491776
   -864.87731690
   -864.85869399
   -864.90090516
   -864.87165380
   -864.87064462
   -864.90434551
   -864.85876691
   -864.87082256
   -864.90230553
   -864.85511782
   -864.88699570
   -864.88013568
   -864.88186857
   -864.85224917
   -864.86733954
   -864.90343806
   -864.91064059
   -864.86846520
   -864.85011098
   -864.85783215
   -864.91548543
   -864.88055785
   -864.83528604
   -864.88986949
   -864.90482608
   -864.90480034
   -864.88823315
   -864.87872331
   -864.86934858
   -864.85402369
   -864.87048582
   -864.87716119
   -864.88303040
   -864.89425139
   -864.86744722
   -864.84593969
   -864.91873745
   -864.89930617
   -864.90110280
   -864.92278634
   -864.86104322
   -864.89574628
   -864.90818807
   -864.86650692
   -864.85858866
   -864.88170535
   -864.87871089
   -864.82172159
   -864.88511073
   -864.88668571
   -864.88083760
   -864.90052947
   -864.86229337
   -864.85854563
   -864.89296028
   -864.90447672
   -864.88084748
   -864.88194246
   -864.85694565
   -864.89090773
   -864.88142031
   -864.89775495
   -864.89733373
   -864.91593319
   -864.86368281
   -864.87288106
   -864.86586903
   -864.89671767
   -864.88573600
   -864.83990840
   -864.87406464
   -864.88931486
   -864.89215519
   -864.84321799
   -864.91711754
   -864.87931667
   -864.90705837
   -864.87359929
   -864.86784602
   -864.87380073
   -864.91590393
   -864.87464410
   -864.89113736
   -864.85125403
   -864.90801343
   -864.87205728
   -864.88429808
   -864.87750731
   -864.89324182
   -864.89605071
   -864.90119565
   -864.89211840
   -864.88241933
   -864.91413784
   -864.88321773
   -864.85220600
   -864.88393986
   -864.89022993
   -864.90157000
   -864.83981136
   -864.89567648
   -864.84449713
   -864.85576429
   -864.85967354
   -864.89771358
   -864.91676832
   -864.90016103
   -864.85011773
   -864.87740723
   -864.86459000
   -864.88783986
   -864.85222546
   -864.87624894
   -864.89494028
   -864.89165223
   -864.87503463
   -864.85835785
   -864.88539235
   -864.89593830
   -864.88592956
   -864.86100086
   -864.87796835
   -864.89577030
   -864.86053911
   -864.87797822
   -864.85701200
   -864.89475478
   -864.91334668
   -864.87744018
   -864.88161427
   -864.88286642
   -864.89436990
   -864.87657503
   -864.90169187
   -864.88920937
   -864.90430804
   -864.87877592
   -864.88227328
   -864.89066016
   -864.90634102
   -864.89155206
   -864.84768141
   -864.90098018
   -864.88500844
   -864.88844444
   -864.91907978
   -864.88644241
   -864.89147559
   -864.89334610
   -864.87744008
   -864.90784477
   -864.84841503
   -864.87610810
   -864.90685548
   -864.89249797
   -864.88212621
   -864.88762746
   -864.86694837
   -864.89125375
   -864.89797362
   -864.88497955
   -864.90224372
   -864.88278201
   -864.87347870
   -864.87331819
   -864.89417186
   -864.89909375
   -864.89508096
   -864.92130802
   -864.86936193
   -864.88454382
   -864.89526705
   -864.88007058
   -864.89338896
   -864.86432152
   -864.87033323
   -864.87924672
   -864.86580950
   -864.87192023
   -864.88440779
   -864.91145860
   -864.90298561
   -864.87921608
   -864.86529796
   -864.88322665
   -864.85168186
   -864.90976230
   -864.90004555
   -864.85744431
   -864.86313759
   -864.86981857
   -864.87749856
   -864.90389815
   -864.86631772
   -864.87208861
   -864.89090566
   -864.86102715
   -864.88027277
   -864.89954868
   -864.88977678
   -864.88983966
   -864.89582289
   -864.88993987
   -864.83677128
   -864.89152098
   -864.91102358
   -864.89663854
   -864.86727171
   -864.90525528
   -864.86858639
   -864.87084554
   -864.83850453
   -864.86372468
   -864.88866359
   -864.81516679
   -864.86255145
   -864.86487861
   -864.88132547
   -864.88981315
   -864.89254502
   -864.88365388
   -864.87453288
   -864.88682642
   -864.86698391
   -864.86974177
   -864.89354177
   -864.90592936
   -864.84893795
   -864.87937497
   -864.88254151
   -864.86441187
   -864.85181986
   -864.90382277
   -864.88158347
   -864.88120994
   -864.89346938
   -864.90380827
   -864.83742970
   -864.88789827
   -864.90415321
   -864.87467816
   -864.85981307
   -864.88898211
   -864.89638751
   -864.85372856
   -864.89901453
   -864.85413209
   -864.87162341
   -864.85190447
   -864.88421211
   -864.88279331
   -864.89072046
   -864.86752012
   -864.89526866
   -864.91224203
   -864.85607474
   -864.89736274
   -864.89656293
   -864.91111125
   -864.83625376
   -864.89579875
   -864.87046820
   -864.86205532
   -864.88496233
   -864.89872421
   -864.88576810
   -864.87018371
   -864.87039727
   -864.89269863
   -864.89501501
   -864.89296533
   -864.87521162
   -864.88248845
   -864.89999120
   -864.90320786
   -864.86847190
   -864.88315279
   -864.89854495
   -864.90123355
   -864.87458289
   -864.89532111
   -864.86553769
   -864.88587755
   -864.86180203
   -864.88649278
   -864.89562317
   -864.84611628
   -864.85275076
   -864.88190204
   -864.90509428
   -864.87636184
   -864.89351423
   -864.86256642
   -864.89503779
   -864.89302908
   -864.90278749
   -864.90726464
   -864.87897902
   -864.88086091
   -864.89327898
   -864.87046925
   -864.91197531
   -864.86890940
   -864.85361265
   -864.90196091
   -864.92183437
   -864.88285642
   -864.90818875
   -864.90360373
   -864.86391257
   -864.90355499
   -864.91200468
   -864.88486026
   -864.88572285
   -864.90164641
   -864.89633993
   -864.89037777
   -864.88207069
   -864.86870537
   -864.82378344
   -864.87548923
   -864.89665521
   -864.84488041
   -864.87149351
   -864.87177017
   -864.89582832
   -864.82515811
   -864.88746843
   -864.90342007
   -864.90699441
   -864.88470688
   -864.85398330
   -864.87371029
   -864.88477390
   -864.86354091
   -864.88806589
   -864.87526055
   -864.87853806
   -864.88201454
   -864.90015755
   -864.91724353
   -864.90460826
   -864.89084259
   -864.89589289
   -864.88539697
   -864.91768130
   -864.87435946
   -864.88539916
   -864.88969055
   -864.88978447
   -864.90658675
   -864.85758179
   -864.85173764
   -864.89097846
   -864.89572317
   -864.88180241
   -864.88035583
   -864.87404693
   -864.87879106
   -864.88377383
   -864.88803158
   -864.87977730
   -864.86092716
   -864.88687670
   -864.86800080
   -864.88207511
   -864.86395590
   -864.88146323
   -864.88172538
   -864.87572462
   -864.88361106
   -864.87402691
   -864.88228844
   -864.87387223
   -864.87901439
   -864.89811608
   -864.91228388
   -864.87161521
   -864.88083214
   -864.87580431
   -864.89137479
   -864.83362430
   -864.89730673
   -864.92501129
   -864.88521408
   -864.86930739
   -864.87263471
   -864.88324283
   -864.89502924
   -864.86588130
   -864.87232187
   -864.85273771
   -864.86021964
   -864.90575231
   -864.83743472
   -864.89572398
   -864.90184072
   -864.89353387
   -864.89715737
   -864.89807493
   -864.88419735
   -864.87274618
   -864.86721218
   -864.89425223
   -864.88301998
   -864.90694206
   -864.89683987
   -864.87468481
   -864.89548767
   -864.91133307
   -864.88032800
   -864.87794976
   -864.86314810
   -864.84604483
   -864.85715179
   -864.84327446
   -864.85968532
   -864.89277961
   -864.84423389
   -864.87825536
   -864.86713262
   -864.88495383
   -864.89982418
   -864.89241062
   -864.88629782
   -864.88743222
   -864.91776824
   -864.88948192
   -864.89402911
   -864.85904258
   -864.86200921
   -864.87515179
   -864.89100097
   -864.88710580
   -864.92005096
   -864.88123160
   -864.86716172
   -864.84619701
   -864.90117751
   -864.87341983
   -864.87893625
   -864.87446330
   -864.90416139
   -864.88843213
   -864.89740425
   -864.85450754
   -864.88680026
   -864.87495070
   -864.90007561
   -864.88428167
   -864.88125423
   -864.86591251
   -864.87770526
   -864.89213363
   -864.88735455
   -864.89543544
   -864.86084594
   -864.85738451
   -864.88496927
   -864.86394600
   -864.87721341
   -864.85002524
   -864.87805664
   -864.92278388
   -864.88966522
   -864.86721903
   -864.89086435
   -864.88140549
   -864.87576758
   -864.87442910
   -864.89203370
   -864.88082398
   -864.87605277
   -864.83668460
   -864.88906044
   -864.88937725
   -864.87907431
   -864.89875334
   -864.89588481
   -864.85526046
   -864.88475036
   -864.87886643
   -864.85571085
   -864.87944879
   -864.87538278
   -864.89754442
   -864.87700599
   -864.89885254
   -864.87798541
   -864.88900446
   -864.84827352
   -864.86216989
   -864.85414600
   -864.90065294
   -864.91057899
   -864.86042825
   -864.88640777
   -864.88294423
   -864.88824821
   -864.89125025
   -864.86054909
   -864.88633483
   -864.86316679
   -864.90033691
   -864.86066643
   -864.89841776
   -864.89946953
   -864.90495273
   -864.88853538
   -864.89957770
   -864.87686805
   -864.89455627
   -864.86361885
   -864.88611595
   -864.89165284
   -864.88099268
   -864.89267023
   -864.88092393
   -864.90624612
   -864.90723482
   -864.90742824
   -864.89130582
   -864.89107402
   -864.89583396
   -864.84489882
   -864.89325084
   -864.88739176
   -864.87870585
   -864.84309997
   -864.88398751
   -864.88896155
   -864.88931700
   -864.86355038
   -864.89012848
   -864.85136937
   -864.88096065
   -864.84428124
   -864.86224858
   -864.87405926
   -864.86253967
   -864.91350882
   -864.91098671
   -864.90701691
   -864.86729623
   -864.89716735
   -864.85815047
   -864.87905509
   -864.90943565
   -864.89151743
   -864.89887042
   -864.88533871
   -864.88808096
   -864.87517305
   -864.88012248
   -864.88398867
   -864.87996051
   -864.87102515
   -864.83341789
   -864.88923352
   -864.85720156
   -864.88045743
   -864.91906182
   -864.88112817
   -864.85495157
   -864.88793690
   -864.89165836
   -864.85896689
   -864.87242846
   -864.89980366
   -864.85931337
   -864.92116811
   -864.86317927
   -864.88027697
   -864.84082159
   -864.88760397
   -864.82602520
   -864.90142883
   -864.88058553
   -864.90116884
   -864.89476009
   -864.88531870
   -864.89080297
   -864.91282847
   -864.88900391
   -864.90502049
   -864.91815677
   -864.86148632
   -864.88504427
   -864.87429843
   -864.84107345
   -864.88760703
   -864.86896764
   -864.87538683
   -864.88268058
   -864.92579579
   -864.87792155
   -864.75654801
   -864.89613455
   -864.86889982
   -864.90348143
   -864.86784591
   -864.87683473
   -864.88669375
   -864.87871143
   -864.87566932
   -864.91942152
   -864.87474998
   -864.85839885
   -864.88056559
   -864.87704466
   -864.87204816
   -864.89221808
   -864.88993115
   -864.88819869
   -864.87937852
   -864.88240407
   -864.87544310
   -864.89854636
   -864.85969989
   -864.84610202
   -864.85318563
   -864.90184313
   -864.90526696
   -864.86701648
   -864.88903111
   -864.86025284
   -864.89513753
   -864.86344156
   -864.89029505
   -864.90999304
   -864.88846022
   -864.87638391
   -864.87239615
   -864.88830018
   -864.84387188
   -864.88460458
   -864.89203912
   -864.89141584
   -864.87375647
   -864.87582522
   -864.92036505
   -864.88356255
   -864.86398329
   -864.87055931
   -864.87906027
   -864.89383462
   -864.90245664
   -864.85963455
   -864.88213346
   -864.84720649
   -864.88835799
   -864.88451872
   -864.90127991
   -864.89117117
   -864.90642332
   -864.88289145
   -864.90931211
   -864.86957155
   -864.87987682
   -864.87797521
   -864.85199418
   -864.89963920
   -864.88839471
   -864.88909959
   -864.86496452
   -864.83986837
   -864.89129746
   -864.89242263
   -864.86381183
   -864.88949746
   -864.89642027
   -864.86621242
   -864.87122997
   -864.89189951
   -864.88413646
   -864.89334589
   -864.86580143
   -864.88765725
   -864.84542126
   -864.88252056
   -864.87223360
   -864.86480692
   -864.87179583
   -864.89065777
   -864.88078739
   -864.86736810
   -864.90200420
   -864.83352943
   -864.84463275
   -864.85899222
   -864.88045936
   -864.89344111
   -864.89875443
   -864.85851392
   -864.90253185
   -864.89733477
   -864.90903386
   -864.85182683
   -864.89385367
   -864.86610574
   -864.87783559
   -864.89040864
   -864.89010534
   -864.85167713
   -864.88367203
   -864.89631427
   -864.85066405
   -864.84188262
   -864.91108515
   -864.91895072
   -864.88642305
   -864.88052231
   -864.86836576
   -864.89214212
   -864.86684742
   -864.88253255
   -864.86855005
   -864.86712689
   -864.90891235
   -864.87361067
   -864.91729295
   -864.88066861
   -864.88116119
   -864.89553198
   -864.88914464
   -864.80642515
   -864.87863597
   -864.86467314
   -864.87187950
   -864.88475560
   -864.84422321
   -864.86731443
   -864.89366156
   -864.90920366
   -864.82782125
   -864.85602069
   -864.86393181
   -864.88740003
   -864.89090597
   -864.87230405
   -864.88800617
   -864.91484981
   -864.86679904
   -864.89819597
   -864.89506820
   -864.87576221
   -864.90424501
   -864.89257307
   -864.87063374
   -864.88461878
   -864.86979381
   -864.87715579
   -864.89274245
   -864.90723894
   -864.90398816
   -864.89410626
   -864.87924989
   -864.91291516
   -864.90476213
   -864.91097946
   -864.89857658
   -864.87818895
   -864.88834322
   -864.89047230
   -864.89011737
   -864.87053154
   -864.80430828
   -864.89212626
   -864.88462774
   -864.88485354
   -864.90204966
   -864.85197398
   -864.87074473
   -864.87753294
   -864.88622823
   -864.86857818
   -864.89362370
   -864.86250507
   -864.86904620
   -864.89740576
   -864.88747028
   -864.85777325
   -864.85712683
   -864.88490498
   -864.86148116
   -864.88903485
   -864.86855820
   -864.90541047
   -864.90965658
   -864.85573584
   -864.86823226
   -864.86467872
   -864.85287551
   -864.90546149
   -864.90444058
   -864.87641996
   -864.90425367
   -864.88935424
   -864.89461493
   -864.91562823
   -864.89204246
   -864.90164717
   -864.87809644
   -864.87484706
   -864.91732730
   -864.87553243
   -864.90667866
   -864.89241649
   -864.90247591
   -864.87060010
   -864.85947509
   -864.89219808
   -864.87043497
   -864.87764933
   -864.85068581
   -864.87713703
   -864.86861659
   -864.90508340
   -864.89891958
   -864.82389500
   -864.88808079
   -864.85336534
   -864.87931515
   -864.88954625
   -864.89163511
   -864.88791996
   -864.90509602
   -864.88800099
   -864.83503792
   -864.86243007
   -864.86913195
   -864.85150874
   -864.88164236
   -864.86367372
   -864.90936319
   -864.88590810
   -864.88265299
   -864.90614534
   -864.90410547
   -864.89885434
   -864.88746350
   -864.90712538
   -864.89629922
   -864.88874382
   -864.87881790
   -864.87778365
   -864.86989374
   -864.91883000
   -864.85752921
   -864.87685894
   -864.88817070
   -864.85600034
   -864.89026686
   -864.86856965
   -864.87796163
   -864.89218053
   -864.89658604
   -864.90807535
   -864.87731670
   -864.90134117
   -864.90681575
   -864.87341356
   -864.88673247
   -864.87074525
   -864.85902141
   -864.90088875
   -864.89196606
   -864.87262699
   -864.87850855
   -864.90055065
   -864.90222872
   -864.87729685
   -864.89433776
   -864.86316528
   -864.87789121
   -864.85232956
   -864.84146484
   -864.89639561
   -864.87863967
   -864.89270127
   -864.90371395
   -864.87522938
   -864.89096758
   -864.90500215
   -864.85951327
   -864.83822365
   -864.89582340
   -864.88829649
   -864.88011865
   -864.89946777
   -864.85998528
   -864.89481251
   -864.90533554
   -864.90842185
   -864.90456156
   -864.88797823
   -864.87659833
   -864.88185083
   -864.87775051
   -864.91463222
   -864.87054135
   -864.85927589
   -864.86624782
   -864.86436132
   -864.91814935
   -864.87680144
   -864.89328524
   -864.87675119
   -864.84515917
   -864.89014515
   -864.89236738
   -864.87487878
   -864.90988376
   -864.91202749
   -864.88926302
   -864.85861184
   -864.82388495
   -864.89548129
   -864.88503843
   -864.92585371
   -864.90047072
   -864.86772227
   -864.92255684
   -864.84750636
   -864.87471040
   -864.84296551
   -864.86807977
   -864.88031451
   -864.86662660
   -864.92164293
   -864.84370908
   -864.86364031
   -864.90357346
   -864.89131734
   -864.88777111
   -864.87478144
   -864.88522911
   -864.87502504
   -864.87874649
   -864.89438099
   -864.88078979
   -864.87511131
   -864.88507253
   -864.89375812
   -864.91383160
   -864.85533137
   -864.90097116
   -864.90146494
   -864.88711173
   -864.87707248
   -864.87945605
   -864.89071743
   -864.89611114
   -864.87815687
   -864.85328569
   -864.85220624
   -864.89702483
   -864.88722218
   -864.86836451
   -864.89059255
   -864.87925225
   -864.90762370
   -864.87073614
   -864.90018989
   -864.88831092
   -864.83976480
   -864.87519646
   -864.89307761
   -864.89070136
   -864.90452725
   -864.89235454
   -864.89816193
   -864.86596808
   -864.89772512
   -864.86842775
   -864.89159268
   -864.87326867
   -864.87790851
   -864.88645815
   -864.86579187
   -864.82931800
   -864.86050769
   -864.89807407
   -864.85769341
   -864.89239724
   -864.90310628
   -864.89441955
   -864.88931863
   -864.88385243
   -864.89901357
   -864.91466971
   -864.88446611
   -864.89362960
   -864.87571879
   -864.90635720
   -864.89027804
   -864.88552686
   -864.86334795
   -864.87880635
   -864.87405610
   -864.82945892
   -864.87626702
   -864.89864915
   -864.89449857
   -864.85494787
   -864.89584164
   -864.89594627
   -864.85311646
   -864.90184519
   -864.85558177
   -864.89309605
   -864.87205242
   -864.89718961
   -864.89796484
   -864.90557678
   -864.86546769
   -864.88853057
   -864.87469600
   -864.86604049
   -864.87163913
   -864.87986452
   -864.88908467
   -864.87904938
   -864.89592439
   -864.84085977
   -864.89506835
   -864.89513050
   -864.87974339
   -864.91388186
   -864.84446071
   -864.86491012
   -864.89788528
   -864.84928304
   -864.88069835
   -864.89330123
   -864.87627156
   -864.87865667
   -864.86971038
   -864.86503576
   -864.88318185
   -864.88227413
   -864.90390712
   -864.86044464
   -864.83943895
   -864.87796195
   -864.91325545
   -864.83501920
   -864.88937974
   -864.90151161
   -864.88731855
   -864.84839322
   -864.88980194
   -864.87581740
   -864.87002866
   -864.82042095
   -864.87711292
   -864.87782147
   -864.88752181
   -864.88980150
   -864.88267272
   -864.89075077
   -864.88227252
   -864.82844944
   -864.87166435
   -864.90813652
   -864.86563129
   -864.86623726
   -864.89940609
   -864.87327418
   -864.89344141
   -864.88716222
   -864.89631712
   -864.90270496
   -864.89593617
   -864.84905848
   -864.85769462
   -864.90002366
   -864.90110570
   -864.87315201
   -864.89316294
   -864.88592153
   -864.87933078
   -864.87505462
   -864.90043055
   -864.86786608
   -864.90912927
   -864.89964219
   -864.89863569
   -864.89510783
   -864.85871771
   -864.89468752
   -864.88620252
   -864.82091989
   -864.86738980
   -864.87024942
   -864.89876742
   -864.87932819
   -864.90402876
   -864.88286698
   -864.86959227
   -864.88853624
   -864.87797083
   -864.86927766
   -864.89957659
   -864.91050567
   -864.88075053
   -864.89996882
   -864.86104449
   -864.86361511
   -864.86549287
   -864.86299610
   -864.91532549
   -864.86236718
   -864.90615305
   -864.81262095
   -864.88459620
   -864.87175694
   -864.86824000
   -864.88747373
   -864.85560886
   -864.91996866
   -864.89730255
   -864.84876473
   -864.87893794
   -864.86602733
   -864.88042050
   -864.87805670
   -864.87662047
   -864.89269895
   -864.86475112
   -864.85504835
   -864.85388949
   -864.86921786
   -864.87503946
   -864.89205243
   -864.90140915
   -864.91067418
   -864.90275999
   -864.85281499
   -864.85984490
   -864.90874250
   -864.86184759
   -864.85084210
   -864.90391319
   -864.89837466
   -864.86355447
   -864.86086937
   -864.90923885
   -864.90305990
   -864.88110764
   -864.91046852
   -864.84201678
   -864.87735245
   -864.86398579
   -864.88442567
   -864.87501254
   -864.89689735
   -864.86915422
   -864.90863716
   -864.89312421
   -864.88569332
   -864.90012959
   -864.90172008
   -864.89053896
   -864.87851618
