% The following energies apply to conformations described by the topology 
% R12.top.  Structures are given in trajectory coords.cdf, count: 2823.

% Item 0:
%   Energy -> orca_structures/coor*/Conf*.out
   -844.24176357
   -844.25693244
   -844.28423221
   -844.25383263
   -844.25722569
   -844.26853528
   -844.22789871
   -844.29434739
   -844.27710110
   -844.25454519
   -844.25759310
   -844.24190098
   -844.29345048
   -844.25693410
   -844.22165804
   -844.25513765
   -844.23852683
   -844.27339515
   -844.28603228
   -844.29826215
   -844.24919419
   -844.26381943
   -844.29670279
   -844.24927590
   -844.27564889
   -844.26892857
   -844.08987685
   -844.28208305
   -844.07685393
   -844.20843161
   -844.26349382
   -844.26261504
   -844.10766217
   -844.26929312
   -844.26035800
   -844.08325427
   -844.25701254
   -844.26906978
   -844.24413108
   -844.28160444
   -844.26601207
   -844.27023477
   -844.25435146
   -844.25402999
   -844.26719420
   -844.25273637
   -844.25691444
   -844.25381584
   -844.25508362
   -844.25817508
   -844.24025039
   -844.24232012
   -844.22731239
   -844.25500824
   -844.10923886
   -844.26132933
   -844.28342921
   -844.25171252
   -844.30197046
   -844.25190074
   -844.26163894
   -844.25356903
   -844.24107050
   -844.28425988
   -844.22317668
   -844.24767197
   -844.24467890
   -844.27147745
   -844.24254960
   -844.24459775
   -844.27174620
   -844.25267638
   -844.23985420
   -844.26841385
   -844.24696240
   -844.25848244
   -844.25858319
   -844.25848872
   -844.25849572
   -844.25596705
   -844.09547076
   -844.25468719
   -844.27851358
   -844.25169827
   -844.28805224
   -844.27636014
   -844.26603808
   -844.23177832
   -844.25844063
   -844.25162371
   -844.26994569
   -844.10031979
   -844.28375308
   -844.25273644
   -844.24647278
   -844.08544237
   -844.26508541
   -844.25558747
   -844.25875332
   -844.24239622
   -844.26424468
   -844.25505721
   -844.24226727
   -844.27053148
   -844.27190126
   -844.27722594
   -844.25575807
   -844.28741225
   -844.24218351
   -844.25383979
   -844.25399091
   -844.30421097
   -844.27217070
   -844.28431315
   -844.25329505
   -844.26597219
   -844.27437817
   -844.25912768
   -844.26059611
   -844.27430822
   -844.25804938
   -844.25522347
   -844.27558150
   -844.24856932
   -844.27315853
   -844.27095105
   -844.24294899
   -844.24710550
   -844.21600277
   -844.23068181
   -844.26071835
   -844.26687553
   -844.24841217
   -844.27677606
   -844.22695344
   -844.27025608
   -844.28632631
   -844.25972127
   -844.26405529
   -844.26378048
   -844.26039934
   -844.26831749
   -844.24073112
   -844.28085923
   -844.25737430
   -844.26416331
   -844.24741788
   -844.24781031
   -844.27690143
   -844.28294040
   -844.29386121
   -844.26771066
   -844.25805662
   -844.25600970
   -844.25697545
   -844.24060468
   -844.27763271
   -844.24938511
   -844.25915548
   -844.26246224
   -844.25115573
   -844.27141954
   -844.27645661
   -844.28759382
   -844.27280212
   -844.24359200
   -844.26799718
   -844.28411166
   -844.27961807
   -844.25940022
   -844.26968861
   -844.26683363
   -844.25126127
   -844.24694572
   -844.27428425
   -844.23286049
   -844.22595367
   -844.26481262
   -844.25924168
   -844.28925000
   -844.27058132
   -844.24565759
   -844.29067771
   -844.28727433
   -844.23775206
   -844.22125382
   -844.22868205
   -844.25805299
   -844.25612203
   -844.29133106
   -844.25952016
   -844.26617720
   -844.25814551
   -844.11665650
   -844.27357270
   -844.24929335
   -844.24765135
   -844.23347876
   -844.26136203
   -844.26970915
   -844.24133921
   -844.24227018
   -844.10143145
   -844.26834731
   -844.25283803
   -844.28521788
   -844.26810040
   -844.27195611
   -844.25848689
   -844.22271881
   -844.28336454
   -844.26971314
   -844.24961166
   -844.26084134
   -844.25280098
   -844.25965518
   -844.25161180
   -844.29928812
   -844.22753084
   -844.25865708
   -844.26627855
   -844.26331567
   -844.26335546
   -844.23385814
   -844.26244321
   -844.24174325
   -844.26441195
   -844.27665589
   -844.26426824
   -844.25224993
   -844.26011050
   -844.26224495
   -844.26349032
   -844.26861231
   -844.25998194
   -844.23522817
   -844.27523509
   -844.27514966
   -844.26347401
   -844.29433884
   -844.25070355
   -844.27183776
   -844.28853555
   -844.24371806
   -844.27281140
   -844.25872299
   -844.27076095
   -844.24596909
   -844.24385947
   -844.22197950
   -844.24625874
   -844.25804249
   -844.24748741
   -844.26832108
   -844.26250152
   -844.27459103
   -844.26750197
   -844.23307749
   -844.24865272
   -844.25317628
   -844.26240101
   -844.24756361
   -844.28380412
   -844.24794778
   -844.11085363
   -844.27992018
   -844.28551216
   -844.27580947
   -844.26228145
   -844.24323958
   -844.25656456
   -844.28060491
   -844.28148986
   -844.27842753
   -844.24460311
   -844.25569844
   -844.22978455
   -844.24384870
   -844.23476845
   -844.26167661
   -844.24918282
   -844.25635597
   -844.29004882
   -844.25750623
   -844.22792280
   -844.24762001
   -844.27872142
   -844.28282894
   -844.27886037
   -844.23278389
   -844.07862600
   -844.27815146
   -844.27246010
   -844.28234581
   -844.27245256
   -844.09290426
   -844.27386292
   -844.26887418
   -844.23908349
   -844.27426860
   -844.24208127
   -844.25909588
   -844.28135701
   -844.28629246
   -844.26283317
   -844.25817715
   -844.26584306
   -844.28463328
   -844.24300068
   -844.27231105
   -844.25050616
   -844.24281722
   -844.23043859
   -844.25186508
   -844.08432135
   -844.25566418
   -844.23679799
   -844.27349807
   -844.25202519
   -844.25963896
   -844.27560602
   -844.28687241
   -844.28041421
   -844.25956788
   -844.26027065
   -844.08294085
   -844.26616574
   -844.25775046
   -844.27266809
   -844.26135689
   -844.26184410
   -844.10333957
   -844.22767820
   -844.26980967
   -844.26418577
   -844.25587617
   -844.26904532
   -844.26005634
   -844.26789604
   -844.27850292
   -844.24723129
   -844.26594116
   -844.21994645
   -844.26685958
   -844.24415565
   -844.24963851
   -844.25131553
   -844.28171617
   -844.24960768
   -844.27152907
   -844.25092058
   -844.26370582
   -844.26600862
   -844.27792629
   -844.27261880
   -844.26631091
   -844.26147637
   -844.26154040
   -844.29766917
   -844.26839382
   -844.25843319
   -844.28254160
   -844.07320515
   -844.26014134
   -844.28189215
   -844.28285160
   -844.26839589
   -844.27561115
   -844.25982378
   -844.26868706
   -844.24704174
   -844.25111385
   -844.25312396
   -844.28202828
   -844.28638034
   -844.25605212
   -844.20957374
   -844.24862459
   -844.28650158
   -844.28237484
   -844.26772569
   -844.25553392
   -844.28925146
   -844.28502341
   -844.23998553
   -844.27523068
   -844.28521169
   -844.25347281
   -844.28416659
   -844.26355623
   -844.25318367
   -844.25720061
   -844.22947810
   -844.07856114
   -844.27983363
   -844.26444074
   -844.27405403
   -844.25654028
   -844.25728306
   -844.26281432
   -844.26985777
   -844.20376202
   -844.28474242
   -844.25032823
   -844.28371412
   -844.22594071
   -844.25960897
   -844.08621511
   -844.26845063
   -844.29128044
   -844.29221929
   -844.25916086
   -844.27389440
   -844.27416248
   -844.25753563
   -844.30181108
   -844.27248095
   -844.25197207
   -844.27854959
   -844.26327332
   -844.23427857
   -844.27831358
   -844.28316636
   -844.26703575
   -844.27602269
   -844.28103318
   -844.27245238
   -844.28257048
   -844.27079508
   -844.29084953
   -844.23000750
   -844.29878977
   -844.24674079
   -844.26072775
   -844.23299663
   -844.26823406
   -844.25911515
   -844.20351277
   -844.25273039
   -844.28188156
   -844.27773875
   -844.25256220
   -844.27387705
   -844.25639239
   -844.26603324
   -844.28931503
   -844.25855203
   -844.25440699
   -844.24065747
   -844.25611507
   -844.25783334
   -844.25507986
   -844.28471039
   -844.27355595
   -844.08419835
   -844.06440845
   -844.25402801
   -844.26351509
   -844.26525491
   -844.27343555
   -844.28573294
   -844.29274170
   -844.28367807
   -844.23170221
   -844.25256682
   -844.25885833
   -844.23883466
   -844.26739412
   -844.26754440
   -844.25934445
   -844.28446593
   -844.25941499
   -844.25648092
   -844.27837782
   -844.28733719
   -844.25146824
   -844.25134190
   -844.25058682
   -844.26858939
   -844.24858514
   -844.25403719
   -844.24502270
   -844.09873987
   -844.28969296
   -844.27158027
   -844.27989454
   -844.24203588
   -844.25530898
   -844.25712898
   -844.26506708
   -844.24436390
   -844.26646438
   -844.27848811
   -844.28312974
   -844.26827180
   -844.23402144
   -844.25174957
   -844.26902215
   -844.25985390
   -844.27756814
   -844.27800823
   -844.20638947
   -844.25793334
   -844.26648812
   -844.26503022
   -844.27274223
   -844.27101307
   -844.24713817
   -844.24672283
   -844.28415847
   -844.27528339
   -844.26816138
   -844.26657999
   -844.26434386
   -844.25946801
   -844.28325241
   -844.25804597
   -844.25638432
   -844.26075994
   -844.26029596
   -844.23455958
   -844.25600304
   -844.25460769
   -844.26254203
   -844.25689088
   -844.25489072
   -844.22626007
   -844.28369201
   -844.25056471
   -844.25529281
   -844.28592835
   -844.28275355
   -844.28785347
   -844.26035330
   -844.27832720
   -844.26728836
   -844.24682144
   -844.27085853
   -844.27458056
   -844.24869322
   -844.27624552
   -844.24817439
   -844.24320251
   -844.10397464
   -844.26155904
   -844.29000313
   -844.26080757
   -844.25537186
   -844.26990778
   -844.25501095
   -844.25691179
   -844.18138572
   -844.27011201
   -844.25938515
   -844.24178600
   -844.23674356
   -844.24672269
   -844.25853332
   -844.25588950
   -844.27678608
   -844.26991390
   -844.24183708
   -844.25529539
   -844.26544952
   -844.28552778
   -844.25801539
   -844.25853926
   -844.26548540
   -844.24327450
   -844.29483550
   -844.25527506
   -844.24940354
   -844.25757881
   -844.26256043
   -844.27375013
   -844.25283653
   -844.27213381
   -844.25816519
   -844.23482875
   -844.25604843
   -844.29249161
   -844.24417075
   -844.28430892
   -844.25977699
   -844.26770006
   -844.26620725
   -844.26367211
   -844.24770376
   -844.27884962
   -844.25601438
   -844.27171375
   -844.29379205
   -844.25550738
   -844.24661868
   -844.28118424
   -844.27325961
   -844.21636181
   -844.08868599
   -844.25675945
   -844.24503617
   -844.25717897
   -844.25990832
   -844.22457666
   -844.27886245
   -844.23653826
   -844.26561739
   -844.26162134
   -844.25509736
   -844.26780124
   -844.26691089
   -844.24305310
   -844.25360784
   -844.25229055
   -844.27038038
   -844.28468065
   -844.26505920
   -844.10873837
   -844.25520283
   -844.08378414
   -844.25174599
   -844.27577589
   -844.25429916
   -844.25645863
   -844.27188504
   -844.28932377
   -844.29702521
   -844.24876889
   -844.24361828
   -844.23264000
   -844.25854367
   -844.22741764
   -844.26078887
   -844.25405203
   -844.22602157
   -844.21550098
   -844.27262287
   -844.29243369
   -844.29619040
   -844.28105910
   -844.20899071
   -844.28000420
   -844.28235443
   -844.24368186
   -844.28487039
   -844.26206323
   -844.24354565
   -844.25270008
   -844.27487924
   -844.26090387
   -844.25172847
   -844.24930684
   -844.23213694
   -844.23452306
   -844.27191166
   -844.27633277
   -844.29814519
   -844.25450435
   -844.20767903
   -844.25141953
   -844.25914385
   -844.25987515
   -844.29166349
   -844.27515737
   -844.24529191
   -844.29297584
   -844.27738097
   -844.26382913
   -844.22852733
   -844.22888787
   -844.25299688
   -844.26049409
   -844.27620219
   -844.09899538
   -844.26710098
   -844.24647662
   -844.26295711
   -844.26661129
   -844.28515288
   -844.30035806
   -844.29025261
   -844.24418967
   -844.27173760
   -844.24970154
   -844.21776090
   -844.26922854
   -844.28683858
   -844.24330634
   -844.29449437
   -844.23229259
   -844.27180477
   -844.25153264
   -844.26489134
   -844.27273727
   -844.24303217
   -844.26385081
   -844.23153556
   -844.24360356
   -844.25835169
   -844.23414737
   -844.27416372
   -844.27356610
   -844.26517017
   -844.26139277
   -844.26033648
   -844.28111165
   -844.27373208
   -844.24696239
   -844.22902715
   -844.26927356
   -844.25054942
   -844.23778610
   -844.25862503
   -844.29161914
   -844.27165017
   -844.29111297
   -844.28542592
   -844.27694293
   -844.25932821
   -844.24724180
   -844.25492777
   -844.27066215
   -844.27540938
   -844.28439086
   -844.26914367
   -844.23806753
   -844.24469766
   -844.24710537
   -844.24355441
   -844.27553897
   -844.25258190
   -844.24622763
   -844.25474180
   -844.27197504
   -844.22273888
   -844.28727487
   -844.24412274
   -844.29246720
   -844.25276859
   -844.28942026
   -844.28294640
   -844.27084414
   -844.26281785
   -844.25994231
   -844.25879482
   -844.26697251
   -844.27568394
   -844.26709126
   -844.25690691
   -844.29030135
   -844.24611247
   -844.24396368
   -844.29047354
   -844.23253093
   -844.27546945
   -844.24516745
   -844.25378417
   -844.22791267
   -844.25505690
   -844.25752033
   -844.26484083
   -844.25749325
   -844.28548617
   -844.22189364
   -844.27736471
   -844.24390694
   -844.27327749
   -844.23729595
   -844.08814905
   -844.25074745
   -844.26805910
   -844.26378563
   -844.24099913
   -844.28136142
   -844.29252944
   -844.24871129
   -844.27335159
   -844.21176590
   -844.10310672
   -844.22345453
   -844.28720770
   -844.27818392
   -844.25669270
   -844.26028027
   -844.27058044
   -844.29198514
   -844.25648728
   -844.27522496
   -844.24620714
   -844.26583506
   -844.26612498
   -844.27327341
   -844.27471238
   -844.28085218
   -844.27746060
   -844.27742432
   -844.27809262
   -844.26795867
   -844.24892582
   -844.27507172
   -844.29509043
   -844.26500773
   -844.25979028
   -844.20513530
   -844.26784302
   -844.23805486
   -844.26952770
   -844.24459234
   -844.25676453
   -844.29095674
   -844.27176977
   -844.24608049
   -844.26176118
   -844.27435170
   -844.26794864
   -844.25404966
   -844.26898363
   -844.26960181
   -844.28251008
   -844.26014004
   -844.27565400
   -844.25138071
   -844.25570333
   -844.27885181
   -844.26002204
   -844.25206811
   -844.24139474
   -844.27830860
   -844.26546134
   -844.22877971
   -844.25235680
   -844.28493783
   -844.23626372
   -844.28328657
   -844.21879756
   -844.28705873
   -844.24403675
   -844.24913722
   -844.26059526
   -844.27515627
   -844.25320038
   -844.26597396
   -844.27515181
   -844.26562658
   -844.25265496
   -844.26255427
   -844.24564229
   -844.26614257
   -844.25505046
   -844.26656496
   -844.26892853
   -844.24317897
   -844.26496486
   -844.10282740
   -844.24532894
   -844.26244313
   -844.25587565
   -844.23896804
   -844.29203077
   -844.26536608
   -844.25445694
   -844.29281818
   -844.24893291
   -844.25161176
   -844.27277904
   -844.28349559
   -844.26999807
   -844.26967885
   -844.26204651
   -844.25360119
   -844.24025889
   -844.27115835
   -844.28743101
   -844.27366602
   -844.25946781
   -844.26706733
   -844.26236468
   -844.28010891
   -844.20851682
   -844.27361821
   -844.27328278
   -844.26655708
   -844.25608150
   -844.25919397
   -844.26190755
   -844.08692347
   -844.06873858
   -844.27562345
   -844.26656658
   -844.25597183
   -844.27609943
   -844.24004911
   -844.28868079
   -844.24691016
   -844.26835259
   -844.09627525
   -844.27119887
   -844.26691081
   -844.28051370
   -844.11040725
   -844.24749211
   -844.27025293
   -844.29934976
   -844.27095783
   -844.24145619
   -844.25190400
   -844.11319293
   -844.24553166
   -844.27100042
   -844.27142191
   -844.07846500
   -844.26420523
   -844.24566436
   -844.28649741
   -844.27875552
   -844.28294713
   -844.25161850
   -844.24789497
   -844.26135088
   -844.26295298
   -844.27618204
   -844.27430833
   -844.27421801
   -844.08409910
   -844.27687559
   -844.24379689
   -844.24127927
   -844.28063692
   -844.29741973
   -844.25704447
   -844.28705253
   -844.27218987
   -844.24343486
   -844.28890678
   -844.24849501
   -844.27540621
   -844.10541602
   -844.28500815
   -844.26225795
   -844.27655178
   -844.25365184
   -844.26924667
   -844.27255707
   -844.28221448
   -844.24427394
   -844.27533850
   -844.25283587
   -844.26502516
   -844.25664119
   -844.29723456
   -844.26233150
   -844.29071005
   -844.25344571
   -844.26172307
   -844.25348034
   -844.27363255
   -844.26927638
   -844.24897410
   -844.26017661
   -844.22955937
   -844.24596535
   -844.25832447
   -844.25492148
   -844.26161526
   -844.25572436
   -844.27077528
   -844.24382015
   -844.26119579
   -844.26877554
   -844.27746763
   -844.23300564
   -844.28624976
   -844.23277996
   -844.26656005
   -844.28167942
   -844.27411810
   -844.24394206
   -844.25801749
   -844.24501157
   -844.25796665
   -844.25471136
   -844.26093799
   -844.29436341
   -844.28597294
   -844.28198651
   -844.25103154
   -844.25956884
   -844.25834483
   -844.25675011
   -844.27284018
   -844.25620758
   -844.26522257
   -844.28210098
   -844.24661630
   -844.28234922
   -844.26567408
   -844.25174052
   -844.27386100
   -844.29359280
   -844.23778413
   -844.27348870
   -844.26772282
   -844.28640647
   -844.08005283
   -844.25761645
   -844.25699073
   -844.27082624
   -844.27329834
   -844.09613945
   -844.27194870
   -844.25426246
   -844.26382595
   -844.26846118
   -844.25234341
   -844.27638567
   -844.26752675
   -844.24795836
   -844.28099169
   -844.28001291
   -844.25036762
   -844.23688460
   -844.25535399
   -844.26352313
   -844.26988421
   -844.25373196
   -844.28332926
   -844.25872627
   -844.28556448
   -844.25029950
   -844.28426454
   -844.27145853
   -844.22864653
   -844.26745556
   -844.10210360
   -844.29865576
   -844.25868569
   -844.28511155
   -844.26717940
   -844.28867413
   -844.25164094
   -844.25331653
   -844.29078464
   -844.27829666
   -844.29236472
   -844.29708443
   -844.26126925
   -844.26851589
   -844.28628045
   -844.24675562
   -844.25619490
   -844.27804197
   -844.21382161
   -844.25169045
   -844.23674096
   -844.24889000
   -844.29944945
   -844.27284448
   -844.27483440
   -844.23598868
   -844.25676725
   -844.27908000
   -844.09873056
   -844.28423243
   -844.24911158
   -844.26110556
   -844.23647109
   -844.26166730
   -844.26063608
   -844.27583917
   -844.28042489
   -844.26353134
   -844.27443686
   -844.25462952
   -844.25958378
   -844.28931296
   -844.26992542
   -844.27928968
   -844.23985349
   -844.27536307
   -844.28725386
   -844.25543580
   -844.25500497
   -844.25935334
   -844.27899633
   -844.26647890
   -844.26192435
   -844.25194158
   -844.22832527
   -844.24971994
   -844.27249235
   -844.24210080
   -844.27388968
   -844.25327865
   -844.25654204
   -844.26087370
   -844.28314360
   -844.27220926
   -844.22558882
   -844.24841010
   -844.24193920
   -844.29100280
   -844.23188486
   -844.24070646
   -844.23125776
   -844.25170300
   -844.26788314
   -844.26078310
   -844.22488671
   -844.26497256
   -844.28124419
   -844.28824152
   -844.27835941
   -844.23778105
   -844.28226570
   -844.07969195
   -844.28383457
   -844.26233905
   -844.28591898
   -844.26345668
   -844.24845968
   -844.23567828
   -844.27716432
   -844.22938213
   -844.28220055
   -844.26787970
   -844.25248356
   -844.23628751
   -844.26423561
   -844.24582771
   -844.24391836
   -844.27963223
   -844.27122282
   -844.22820323
   -844.23356333
   -844.23797683
   -844.24879190
   -844.26006188
   -844.08640219
   -844.25400157
   -844.25925053
   -844.24628268
   -844.27677381
   -844.22533736
   -844.25125257
   -844.24102758
   -844.06252858
   -844.25911922
   -844.24663391
   -844.24344693
   -844.26821372
   -844.25242369
   -844.26894761
   -844.25091742
   -844.25274212
   -844.26062976
   -844.24555260
   -844.23353174
   -844.26977415
   -844.25231458
   -844.25672073
   -844.22519355
   -844.26320444
   -844.29343464
   -844.25803885
   -844.24464498
   -844.25526002
   -844.28961105
   -844.24712812
   -844.26315147
   -844.26234897
   -844.25499871
   -844.24976736
   -844.24633600
   -844.26367969
   -844.27665191
   -844.28149387
   -844.29587893
   -844.29276762
   -844.24659460
   -844.10855879
   -844.27222674
   -844.26376254
   -844.22621506
   -844.28245740
   -844.23133851
   -844.26008420
   -844.25298562
   -844.24823968
   -844.28520677
   -844.25862654
   -844.25907028
   -844.29105152
   -844.25218944
   -844.28223623
   -844.25298139
   -844.26534468
   -844.24977705
   -844.26645613
   -844.23883812
   -844.25021603
   -844.25311147
   -844.26263016
   -844.26932307
   -844.25546355
   -844.27869726
   -844.27881228
   -844.26683380
   -844.25063164
   -844.20505302
   -844.26451062
   -844.25171005
   -844.09042942
   -844.26960252
   -844.27420099
   -844.26294159
   -844.26069677
   -844.25760741
   -844.26930060
   -844.25608427
   -844.24918333
   -844.25247887
   -844.22598973
   -844.26382358
   -844.28066101
   -844.28288740
   -844.29905130
   -844.25076866
   -844.25941504
   -844.23609920
   -844.26679586
   -844.26906528
   -844.26905370
   -844.25339291
   -844.27249505
   -844.22319261
   -844.28720683
   -844.28353009
   -844.28281030
   -844.25171858
   -844.29075367
   -844.26018385
   -844.23666756
   -844.25999736
   -844.24687195
   -844.26827110
   -844.28759838
   -844.27659522
   -844.27233288
   -844.23825077
   -844.25934011
   -844.24135403
   -844.27535732
   -844.24683188
   -844.09949225
   -844.25094706
   -844.26102229
   -844.26113564
   -844.25649083
   -844.27984756
   -844.24699964
   -844.28226668
   -844.26429931
   -844.26595026
   -844.26798739
   -844.25994881
   -844.25263386
   -844.29206972
   -844.26143801
   -844.26049993
   -844.26337210
   -844.29009242
   -844.26180348
   -844.26811528
   -844.07840680
   -844.24759122
   -844.28131883
   -844.24258938
   -844.25478345
   -844.26608879
   -844.25266878
   -844.25127652
   -844.27080658
   -844.27572976
   -844.25435886
   -844.27821512
   -844.22026582
   -844.21824014
   -844.24818646
   -844.24172649
   -844.27332140
   -844.29013280
   -844.28511191
   -844.25877517
   -844.25587961
   -844.24497916
   -844.27938241
   -844.26442835
   -844.27373623
   -844.26198233
   -844.28965056
   -844.26477083
   -844.28436652
   -844.25509617
   -844.09744398
   -844.26025800
   -844.23597513
   -844.27863472
   -844.20400747
   -844.27479614
   -844.26188848
   -844.25678011
   -844.25369742
   -844.26349781
   -844.26962962
   -844.25400679
   -844.26363209
   -844.27743577
   -844.08291785
   -844.23984753
   -844.25522286
   -844.26305400
   -844.26617394
   -844.28027550
   -844.24339371
   -844.30108466
   -844.07349825
   -844.28789131
   -844.29069431
   -844.29341666
   -844.27688126
   -844.26830888
   -844.25540815
   -844.26851799
   -844.08827302
   -844.25732342
   -844.10219553
   -844.23178705
   -844.27154184
   -844.25873243
   -844.25584724
   -844.26715731
   -844.26174349
   -844.27089967
   -844.25442421
   -844.27692331
   -844.28485113
   -844.21602121
   -844.26880261
   -844.25787301
   -844.24381252
   -844.28298562
   -844.24873209
   -844.28529258
   -844.27036541
   -844.28329927
   -844.26650644
   -844.24864289
   -844.09198068
   -844.28026801
   -844.28220953
   -844.08403524
   -844.23384351
   -844.27700384
   -844.28381423
   -844.26752425
   -844.26049419
   -844.25843610
   -844.22857904
   -844.09617272
   -844.26633839
   -844.26165852
   -844.26525351
   -844.26136985
   -844.25566225
   -844.27011805
   -844.26088453
   -844.21428165
   -844.22779733
   -844.24647829
   -844.26194710
   -844.24489366
   -844.25845877
   -844.29244563
   -844.27578491
   -844.26813668
   -844.28473392
   -844.25763417
   -844.25282978
   -844.25577648
   -844.24664292
   -844.23310072
   -844.27600297
   -844.25446732
   -844.25423652
   -844.27745542
   -844.24927792
   -844.21569157
   -844.25133462
   -844.24114210
   -844.25937328
   -844.10217597
   -844.25661616
   -844.23286430
   -844.26394185
   -844.24024187
   -844.23199125
   -844.09404477
   -844.27104704
   -844.23898964
   -844.25401723
   -844.25227532
   -844.26165443
   -844.26011653
   -844.26449052
   -844.26955380
   -844.25062454
   -844.27092098
   -844.26841973
   -844.27437140
   -844.27456841
   -844.25607117
   -844.29210353
   -844.24065688
   -844.24477638
   -844.24930472
   -844.25360556
   -844.24216291
   -844.27121554
   -844.22781992
   -844.27741508
   -844.28152919
   -844.25834704
   -844.27621084
   -844.26125381
   -844.24221698
   -844.09777517
   -844.28517218
   -844.27014643
   -844.24654973
   -844.26819907
   -844.23457559
   -844.25528515
   -844.27966457
   -844.25128535
   -844.25721504
   -844.25311251
   -844.24868545
   -844.26991673
   -844.24900961
   -844.25684442
   -844.25576566
   -844.24699439
   -844.25905887
   -844.25572575
   -844.26083173
   -844.23766132
   -844.23336728
   -844.26817308
   -844.23862673
   -844.10348925
   -844.25599086
   -844.20472336
   -844.26420701
   -844.24964183
   -844.25720276
   -844.25703948
   -844.28716484
   -844.24941183
   -844.07387648
   -844.25750514
   -844.26241148
   -844.28742428
   -844.26051887
   -844.24533466
   -844.26001986
   -844.24984135
   -844.24048320
   -844.28445727
   -844.25770017
   -844.26041265
   -844.09128836
   -844.23622144
   -844.26102348
   -844.27319198
   -844.25581017
   -844.28346739
   -844.26111969
   -844.27768476
   -844.26747421
   -844.09578959
   -844.24918078
   -844.27170081
   -844.25851611
   -844.26411663
   -844.26047833
   -844.25501747
   -844.10493963
   -844.25005458
   -844.25354014
   -844.25275498
   -844.25271132
   -844.26113925
   -844.27498827
   -844.25229185
   -844.10224477
   -844.24643933
   -844.26086479
   -844.25869880
   -844.25429181
   -844.26106080
   -844.26586737
   -844.26674708
   -844.25697623
   -844.28029448
   -844.25137771
   -844.28897523
   -844.24151944
   -844.26616833
   -844.22578498
   -844.22478529
   -844.08836348
   -844.27902881
   -844.24455616
   -844.26531460
   -844.26537551
   -844.28928551
   -844.26919762
   -844.25744502
   -844.25140169
   -844.28060041
   -844.29487539
   -844.28907392
   -844.26771661
   -844.25445263
   -844.28081665
   -844.26731743
   -844.28831143
   -844.25823479
   -844.24857995
   -844.27913875
   -844.26999128
   -844.27434888
   -844.27623569
   -844.27544129
   -844.28516283
   -844.28548015
   -844.25023234
   -844.24272524
   -844.24729660
   -844.23692771
   -844.29277721
   -844.26155443
   -844.27453514
   -844.26460464
   -844.27345057
   -844.25663744
   -844.21879354
   -844.28807379
   -844.23724302
   -844.26653932
   -844.24866449
   -844.27454574
   -844.28143650
   -844.25594537
   -844.23618384
   -844.26254064
   -844.28138214
   -844.26117340
   -844.28049348
   -844.24430514
   -844.28579691
   -844.26532346
   -844.24741427
   -844.27159073
   -844.29202839
   -844.23705695
   -844.27120224
   -844.26546543
   -844.27415844
   -844.28412807
   -844.26583490
   -844.25852513
   -844.25890975
   -844.25493045
   -844.26571919
   -844.24622409
   -844.25727258
   -844.26762353
   -844.25931190
   -844.09529437
   -844.25127192
   -844.24259696
   -844.27167336
   -844.23723133
   -844.25622639
   -844.25736108
   -844.27788369
   -844.25028377
   -844.25108693
   -844.25450226
   -844.08714416
   -844.25658634
   -844.09698152
   -844.27767711
   -844.26709570
   -844.28010145
   -844.27375737
   -844.25432474
   -844.24494352
   -844.26878975
   -844.26191661
   -844.25313800
   -844.10653875
   -844.29819630
   -844.24016687
   -844.24725067
   -844.09524809
   -844.27801926
   -844.27210802
   -844.27806447
   -844.08565675
   -844.25616708
   -844.27104222
   -844.10306836
   -844.23640184
   -844.24501430
   -844.28422920
   -844.26478169
   -844.26712420
   -844.22010545
   -844.25506866
   -844.08206600
   -844.30025317
   -844.25067992
   -844.23210027
   -844.26631263
   -844.10127711
   -844.27455463
   -844.28860344
   -844.26558791
   -844.23988847
   -844.24968235
   -844.25095764
   -844.26358348
   -844.25598246
   -844.26191758
   -844.27479217
   -844.23938777
   -844.24997235
   -844.29618156
   -844.28488287
   -844.28093355
   -844.30190409
   -844.24077011
   -844.26538511
   -844.27960750
   -844.25277979
   -844.23991528
   -844.25611185
   -844.27444623
   -844.19960757
   -844.27132336
   -844.26025143
   -844.26652715
   -844.09379312
   -844.09929241
   -844.27608885
   -844.24106798
   -844.26111466
   -844.27421390
   -844.27969935
   -844.26029028
   -844.26302168
   -844.07263267
   -844.24540828
   -844.26470017
   -844.25602779
   -844.25981666
   -844.27499530
   -844.29605900
   -844.25446016
   -844.26912417
   -844.25353100
   -844.28402279
   -844.26634294
   -844.23906380
   -844.25238442
   -844.26444901
   -844.26146997
   -844.24851189
   -844.29033274
   -844.25767815
   -844.27940078
   -844.26089256
   -844.24638631
   -844.25324757
   -844.28763608
   -844.26134858
   -844.26883407
   -844.26119854
   -844.29350464
   -844.20316031
   -844.26121192
   -844.26888165
   -844.26675744
   -844.25326470
   -844.25591756
   -844.28380104
   -844.26710044
   -844.29406267
   -844.23846778
   -844.22826042
   -844.25247292
   -844.28400831
   -844.28603663
   -844.23878528
   -844.09376325
   -844.27642011
   -844.24751648
   -844.24261541
   -844.21185063
   -844.28232421
   -844.28773970
   -844.28489928
   -844.24790107
   -844.25597501
   -844.26728598
   -844.26420306
   -844.24605192
   -844.24318797
   -844.26996431
   -844.27244917
   -844.24484704
   -844.25645217
   -844.25570557
   -844.28054372
   -844.25937468
   -844.25892488
   -844.28232570
   -844.27273300
   -844.24254386
   -844.25549058
   -844.25691495
   -844.23870414
   -844.28681491
   -844.28874406
   -844.25415203
   -844.24820119
   -844.25915425
   -844.25174238
   -844.29093378
   -844.26895188
   -844.27342055
   -844.26223093
   -844.28415013
   -844.26258317
   -844.27539214
   -844.26807996
   -844.28470346
   -844.26020970
   -844.25519102
   -844.28920569
   -844.27299668
   -844.25481118
   -844.29900261
   -844.26139517
   -844.25780734
   -844.27014977
   -844.08075880
   -844.24945596
   -844.27780957
   -844.24964620
   -844.25532415
   -844.09995755
   -844.27088185
   -844.23320557
   -844.25760917
   -844.26221437
   -844.24303452
   -844.26324564
   -844.10300253
   -844.26925445
   -844.25658066
   -844.27428055
   -844.25935213
   -844.25020832
   -844.23530808
   -844.27402203
   -844.27750827
   -844.25508938
   -844.28836997
   -844.24489232
   -844.09456220
   -844.26078270
   -844.26506210
   -844.25023468
   -844.27496232
   -844.24199223
   -844.25519388
   -844.23834188
   -844.25870016
   -844.26857929
   -844.25445848
   -844.29540881
   -844.28892345
   -844.25486997
   -844.25574418
   -844.27404535
   -844.24684722
   -844.27969061
   -844.27712653
   -844.22088969
   -844.23765947
   -844.23451831
   -844.25698948
   -844.28529911
   -844.23552567
   -844.23202365
   -844.27671753
   -844.24083040
   -844.26183124
   -844.27525795
   -844.27143966
   -844.26451195
   -844.26584754
   -844.27469052
   -844.19793234
   -844.27157454
   -844.29025055
   -844.26628201
   -844.25259537
   -844.27956594
   -844.24816052
   -844.23845020
   -844.23039216
   -844.24070782
   -844.27337543
   -844.23839535
   -844.25347391
   -844.25852775
   -844.26546268
   -844.25901761
   -844.28329898
   -844.26054428
   -844.26455034
   -844.26849073
   -844.26040527
   -844.24892649
   -844.26244569
   -844.27320695
   -844.22408741
   -844.26368619
   -844.27911987
   -844.26657454
   -844.23870985
   -844.27979462
   -844.25822932
   -844.25805867
   -844.28205287
   -844.28270166
   -844.23474500
   -844.27528871
   -844.28433894
   -844.25765126
   -844.27180535
   -844.26648384
   -844.24361762
   -844.28573188
   -844.25799354
   -844.27367589
   -844.24186849
   -844.26830541
   -844.09714428
   -844.26550380
   -844.26065387
   -844.24761566
   -844.27766021
   -844.29160782
   -844.22194610
   -844.27352878
   -844.26598984
   -844.29029203
   -844.22579467
   -844.26655210
   -844.24692672
   -844.22841778
   -844.26831096
   -844.27810653
   -844.26573638
   -844.25053562
   -844.25045095
   -844.26587583
   -844.26756765
   -844.28521065
   -844.21001796
   -844.25335907
   -844.25406484
   -844.27395027
   -844.27062688
   -844.25915373
   -844.26984326
   -844.28891490
   -844.26811069
   -844.10584972
   -844.26177981
   -844.27689423
   -844.10394631
   -844.25494028
   -844.27440770
   -844.25923800
   -844.27445975
   -844.27996524
   -844.09530141
   -844.23021914
   -844.21809803
   -844.26229134
   -844.29366321
   -844.27344973
   -844.26354338
   -844.23954488
   -844.27147646
   -844.26861622
   -844.27713872
   -844.29535836
   -844.26023894
   -844.25882829
   -844.26433084
   -844.09135373
   -844.28830084
   -844.24199350
   -844.24835475
   -844.27064028
   -844.30207432
   -844.26515763
   -844.28234957
   -844.29056432
   -844.24891156
   -844.28279236
   -844.28484196
   -844.26383425
   -844.26366865
   -844.27854812
   -844.27562001
   -844.27497441
   -844.25821074
   -844.26214205
   -844.22662004
   -844.23583062
   -844.28083909
   -844.21833071
   -844.24687067
   -844.24871376
   -844.24642741
   -844.20903603
   -844.27608815
   -844.27145646
   -844.28041946
   -844.25178967
   -844.23534646
   -844.26426018
   -844.25580392
   -844.24296170
   -844.08002093
   -844.27154050
   -844.25721575
   -844.26817190
   -844.23124922
   -844.28318866
   -844.29328153
   -844.28094318
   -844.26347357
   -844.26911493
   -844.10177425
   -844.27113690
   -844.29498522
   -844.25281271
   -844.25960736
   -844.26604250
   -844.27197648
   -844.28832336
   -844.25516810
   -844.25353671
   -844.27013922
   -844.26735372
   -844.09958844
   -844.25356928
   -844.26337866
   -844.27038755
   -844.26822409
   -844.26972390
   -844.26854320
   -844.08794914
   -844.25295639
   -844.26231242
   -844.27828012
   -844.25017542
   -844.23465881
   -844.23910856
   -844.26253318
   -844.25318539
   -844.25242661
   -844.26191908
   -844.27214845
   -844.26757332
   -844.25796619
   -844.26169519
   -844.28941283
   -844.28084066
   -844.26640344
   -844.25941809
   -844.26524291
   -844.26764596
   -844.26038000
   -844.27185882
   -844.29679527
   -844.25994242
   -844.23683521
   -844.26500342
   -844.27111931
   -844.25996430
   -844.24839895
   -844.23165145
   -844.25092274
   -844.23913251
   -844.24668078
   -844.28742618
   -844.21788500
   -844.09601327
   -844.26777462
   -844.26094331
   -844.25309908
   -844.27637630
   -844.26618350
   -844.27681353
   -844.25018632
   -844.26234537
   -844.27191747
   -844.25742495
   -844.28369559
   -844.28717924
   -844.25801306
   -844.28414090
   -844.28683983
   -844.09258389
   -844.25578576
   -844.26064249
   -844.26400341
   -844.24383576
   -844.24258889
   -844.24096860
   -844.23945848
   -844.23290254
   -844.24780966
   -844.28375374
   -844.21937567
   -844.25815836
   -844.24563901
   -844.27676363
   -844.27767035
   -844.25867555
   -844.25495060
   -844.25543687
   -844.29232482
   -844.28259888
   -844.27886434
   -844.25441231
   -844.23495592
   -844.25614681
   -844.27618408
   -844.25844936
   -844.29670452
   -844.26263699
   -844.09508807
   -844.21700187
   -844.24233624
   -844.28188243
   -844.25065413
   -844.24841328
   -844.25443263
   -844.28367468
   -844.26033415
   -844.27027287
   -844.25435898
   -844.26672640
   -844.26481453
   -844.28249275
   -844.26103403
   -844.26135187
   -844.24355416
   -844.24291966
   -844.28135430
   -844.25651598
   -844.29241715
   -844.23467065
   -844.23653606
   -844.23957891
   -844.24887796
   -844.25708907
   -844.21725451
   -844.25046332
   -844.29547198
   -844.27003192
   -844.25799473
   -844.26869015
   -844.27051094
   -844.25105194
   -844.27657089
   -844.25328207
   -844.25021841
   -844.24742365
   -844.24140569
   -844.27603691
   -844.27790887
   -844.25800058
   -844.27587364
   -844.27862611
   -844.23614580
   -844.26280981
   -844.23883933
   -844.23900302
   -844.25246231
   -844.25435125
   -844.27457772
   -844.24731082
   -844.27738552
   -844.25871375
   -844.26445819
   -844.24375289
   -844.22012034
   -844.24455345
   -844.28544340
   -844.28034246
   -844.23484636
   -844.26093533
   -844.25616293
   -844.25413199
   -844.28038649
   -844.25926143
   -844.24144490
   -844.24778838
   -844.28318791
   -844.25228264
   -844.27791798
   -844.27277722
   -844.27910233
   -844.27025400
   -844.25574092
   -844.25712786
   -844.26177649
   -844.26238521
   -844.27322354
   -844.27528822
   -844.26915597
   -844.24867057
   -844.28965578
   -844.28362489
   -844.27921383
   -844.27069816
   -844.26697207
   -844.27515448
   -844.24316765
   -844.27055641
   -844.27675778
   -844.24929636
   -844.24394502
   -844.25025231
   -844.26114172
   -844.25749320
   -844.25649956
   -844.27600637
   -844.23802275
   -844.25663932
   -844.25041234
   -844.23603610
   -844.24611321
   -844.29465752
   -844.24515580
   -844.28524507
   -844.28302962
   -844.28715672
   -844.27115259
   -844.25772533
   -844.24047343
   -844.08302561
   -844.25611574
   -844.28510339
   -844.26863505
   -844.27480669
   -844.27839734
   -844.27020604
   -844.26222389
   -844.24785138
   -844.26345252
   -844.26978694
   -844.25453540
   -844.23208015
   -844.28020761
   -844.25006738
   -844.26283484
   -844.29111413
   -844.26182081
   -844.23598088
   -844.25991090
   -844.26299532
   -844.25806004
   -844.25589566
   -844.27179085
   -844.25599689
   -844.29980434
   -844.24374019
   -844.27558084
   -844.25869267
   -844.27438397
   -844.24151931
   -844.27421288
   -844.25771550
   -844.28318847
   -844.27626979
   -844.26352951
   -844.26218722
   -844.28190775
   -844.26622175
   -844.28647865
   -844.29220950
   -844.25132717
   -844.26641684
   -844.26108417
   -844.24180837
   -844.26708818
   -844.25342683
   -844.25229593
   -844.25628089
   -844.29845543
   -844.24496105
   -844.16071656
   -844.28544563
   -844.23353969
   -844.28904366
   -844.24108172
   -844.26087310
   -844.23928613
   -844.25475956
   -844.25916601
   -844.25572911
   -844.29098472
   -844.26678180
   -844.25192061
   -844.26516950
   -844.25743211
   -844.25725620
   -844.27347544
   -844.27315037
   -844.26329125
   -844.25582975
   -844.27652885
   -844.26443963
   -844.26698995
   -844.27958594
   -844.23275478
   -844.24813998
   -844.24000906
   -844.27421077
   -844.28062533
   -844.25253596
   -844.26798073
   -844.24904610
   -844.27777158
   -844.28920320
   -844.26541727
   -844.29516525
   -844.27299415
   -844.25931628
   -844.26034124
   -844.22797655
   -844.27676254
   -844.26671318
   -844.27162920
   -844.24892956
   -844.27068436
   -844.21871165
   -844.30171170
   -844.26847244
   -844.25325721
   -844.24926727
   -844.23745997
   -844.29030109
   -844.27969137
   -844.24957631
   -844.26196265
   -844.23892233
   -844.26340046
   -844.25728601
   -844.27689033
   -844.25761785
   -844.29159990
   -844.25072317
   -844.29571465
   -844.25518912
   -844.26186692
   -844.25170921
   -844.24152366
   -844.27850565
   -844.25932905
   -844.26769417
   -844.25003045
   -844.22990997
   -844.27174881
   -844.24445071
   -844.24884976
   -844.26160421
   -844.26979760
   -844.26303112
   -844.25885235
   -844.09496079
   -844.27007888
   -844.26039960
   -844.26315406
   -844.24962198
   -844.27860545
   -844.09097271
   -844.24483518
   -844.27535238
   -844.23868726
   -844.23940085
   -844.25273914
   -844.26352074
   -844.26421631
   -844.25460067
   -844.24901696
   -844.28422632
   -844.24109858
   -844.10134561
   -844.25269178
   -844.25967425
   -844.25620522
   -844.26086182
   -844.27245020
   -844.23001720
   -844.28692727
   -844.26910540
   -844.29401720
   -844.23867661
   -844.27844758
   -844.25814722
   -844.25577532
   -844.27488429
   -844.25948381
   -844.22621240
   -844.26030758
   -844.27891068
   -844.24588139
   -844.24756872
   -844.29101034
   -844.28797066
   -844.26509887
   -844.25599662
   -844.24337483
   -844.27238980
   -844.25882712
   -844.25536953
   -844.24903691
   -844.26070844
   -844.28025759
   -844.25124459
   -844.29163399
   -844.24967270
   -844.26675074
   -844.27231778
   -844.25444091
   -844.27978704
   -844.26025551
   -844.25919251
   -844.24845265
   -844.26125609
   -844.23259292
   -844.25622782
   -844.26376953
   -844.29271082
   -844.22484495
   -844.23336115
   -844.25237428
   -844.28146609
   -844.27865015
   -844.24305879
   -844.26929631
   -844.28920759
   -844.24535796
   -844.26948244
   -844.26799220
   -844.27516169
   -844.28604205
   -844.26489169
   -844.26274898
   -844.26159697
   -844.24879574
   -844.26044630
   -844.26798842
   -844.27979453
   -844.29023566
   -844.25111568
   -844.25964463
   -844.28595740
   -844.29013028
   -844.29704084
   -844.27255502
   -844.25647928
   -844.25879395
   -844.28459894
   -844.27173245
   -844.25077554
   -844.20190472
   -844.27280775
   -844.26725625
   -844.25909828
   -844.27272370
   -844.22786219
   -844.26275997
   -844.25411693
   -844.26825294
   -844.24877190
   -844.27047198
   -844.24980890
   -844.25682933
   -844.27406891
   -844.26372744
   -844.23760464
   -844.18699148
   -844.26096257
   -844.24912755
   -844.09332999
   -844.26328094
   -844.23931651
   -844.27401055
   -844.27795540
   -844.25691479
   -844.25517652
   -844.22701334
   -844.22065403
   -844.27440134
   -844.28098165
   -844.24351439
   -844.27356453
   -844.27913494
   -844.26573552
   -844.29793933
   -844.27413971
   -844.29314268
   -844.26536691
   -844.26286741
   -844.09145682
   -844.29551738
   -844.25512397
   -844.28277325
   -844.28843745
   -844.28394428
   -844.25551916
   -844.25723065
   -844.27997772
   -844.24415906
   -844.25587205
   -844.24048680
   -844.24033290
   -844.26044524
   -844.29188363
   -844.27341048
   -844.23507709
   -844.27063564
   -844.25271544
   -844.24796525
   -844.27991327
   -844.27795511
   -844.26973053
   -844.27510086
   -844.26971271
   -844.23353910
   -844.25291968
   -844.24731113
   -844.23757753
   -844.26552858
   -844.24437389
   -844.28282320
   -844.26622281
   -844.09642085
   -844.26431045
   -844.28498723
   -844.27924787
   -844.28476428
   -844.26796716
   -844.28750627
   -844.27605679
   -844.28105672
   -844.29027473
   -844.24634637
   -844.25198005
   -844.25864623
   -844.30424157
   -844.24301564
   -844.27083415
   -844.10719372
   -844.26568678
   -844.23334707
   -844.27247091
   -844.25963603
   -844.24757948
   -844.27587274
   -844.28136714
   -844.29161045
   -844.25899407
   -844.28932348
   -844.27854450
   -844.28431335
   -844.09247552
   -844.25731247
   -844.28137095
   -844.25124160
   -844.22958833
   -844.29298951
   -844.26470312
   -844.25768444
   -844.26237782
   -844.28985039
   -844.28308645
   -844.25498121
   -844.27599606
   -844.26020924
   -844.26073346
   -844.25961504
   -844.25095767
   -844.27124429
   -844.27285099
   -844.26541485
   -844.27948785
   -844.25790609
   -844.26954249
   -844.28513197
   -844.25462075
   -844.21448419
   -844.27148110
   -844.26452122
   -844.25509110
   -844.27609893
   -844.24468778
   -844.28197501
   -844.28284302
   -844.27702858
   -844.28837853
   -844.28077947
   -844.25708469
   -844.25105085
   -844.24955171
   -844.23394933
   -844.28672566
   -844.23934879
   -844.25373306
   -844.23397908
   -844.24888398
   -844.29852650
   -844.27013584
   -844.26685925
   -844.25353165
   -844.25147161
   -844.27081109
   -844.26159642
   -844.24343416
   -844.28852677
   -844.29724551
   -844.26838393
   -844.24108264
   -844.29692416
   -844.24570604
   -844.27987815
   -844.26971693
   -844.30044442
   -844.27987989
   -844.26419191
   -844.28454347
   -844.23544940
   -844.27756997
   -844.22706799
   -844.24476386
   -844.25771964
   -844.21719379
   -844.29192382
   -844.23632431
   -844.22748326
   -844.28646873
   -844.27557490
   -844.27340234
   -844.26432909
   -844.26982300
   -844.25065223
   -844.24258823
   -844.27329271
   -844.26193099
   -844.25998832
   -844.26682450
   -844.25828135
   -844.28443803
   -844.25094927
   -844.27727078
   -844.27387696
   -844.27207669
   -844.26769921
   -844.26238221
   -844.26387055
   -844.28586191
   -844.25127611
   -844.24201243
   -844.25140550
   -844.27449662
   -844.26818124
   -844.24550016
   -844.26763936
   -844.26202254
   -844.29224713
   -844.26195506
   -844.28104109
   -844.24900254
   -844.23438313
   -844.25615609
   -844.24501855
   -844.25760243
   -844.28925442
   -844.26726024
   -844.27212479
   -844.24617826
   -844.26796901
   -844.24490035
   -844.26656967
   -844.22316897
   -844.25641004
   -844.26457938
   -844.24260053
   -844.26250880
   -844.22801492
   -844.26170421
   -844.27289410
   -844.22901942
   -844.26226353
   -844.27683425
   -844.26613270
   -844.26927989
   -844.27814866
   -844.27194256
   -844.28827254
   -844.27108660
   -844.26924615
   -844.24998085
   -844.28208770
   -844.27517811
   -844.25174875
   -844.25635722
   -844.25217402
   -844.24969251
   -844.22876278
   -844.25047285
   -844.27773020
   -844.28114476
   -844.25324170
   -844.27139922
   -844.10234009
   -844.27168090
   -844.27231695
   -844.29351545
   -844.20926418
   -844.27319818
   -844.24094221
   -844.27933702
   -844.27714510
   -844.27106026
   -844.26009462
   -844.27664856
   -844.26222473
   -844.26221234
   -844.23659559
   -844.25724976
   -844.26091040
   -844.25436664
   -844.26966420
   -844.23879753
   -844.28024334
   -844.26883194
   -844.26475359
   -844.28589758
   -844.25417350
   -844.25318403
   -844.28225871
   -844.24891102
   -844.25183720
   -844.25946083
   -844.26339027
   -844.24993021
   -844.26034980
   -844.23824908
   -844.25574638
   -844.25013379
   -844.27356083
   -844.24516207
   -844.23516203
   -844.24913131
   -844.29066866
   -844.22020817
   -844.25815074
   -844.28397401
   -844.25938657
   -844.25103911
   -844.26641012
   -844.26611870
   -844.23376560
   -844.21827024
   -844.25292810
   -844.25525086
   -844.27042266
   -844.26882306
   -844.26919820
   -844.26991105
   -844.25524399
   -844.23283656
   -844.25908905
   -844.28031259
   -844.24448485
   -844.25588807
   -844.27803427
   -844.24573138
   -844.27782112
   -844.07111903
   -844.26467217
   -844.27721537
   -844.08998941
   -844.28040577
   -844.27248140
   -844.25283847
   -844.23937947
   -844.26938451
   -844.28311292
   -844.25825161
   -844.26528214
   -844.26325769
   -844.25890640
   -844.24950011
   -844.28295691
   -844.24452740
   -844.28893589
   -844.27252399
   -844.27332687
   -844.26575555
   -844.25537318
   -844.27219157
   -844.27143333
   -844.24720221
   -844.24134279
   -844.25432993
   -844.25947738
   -844.24933046
   -844.27554175
   -844.26779840
   -844.26141202
   -844.26138109
   -844.26556793
   -844.24173900
   -844.28663281
   -844.28337153
   -844.10259748
   -844.26500746
   -844.28427807
   -844.24600201
   -844.25693934
   -844.19682975
   -844.24711374
   -844.26633764
   -844.25321855
   -844.28637651
   -844.26488748
   -844.25647469
   -844.25019870
   -844.25753272
   -844.26111249
   -844.24082109
   -844.30247993
   -844.27121159
   -844.24639547
   -844.26312259
   -844.27357857
   -844.26027623
   -844.26119420
   -844.24508129
   -844.25770273
   -844.23166824
   -844.24860648
   -844.22977709
   -844.25414119
   -844.24897436
   -844.27237737
   -844.28288214
   -844.28056154
   -844.28459462
   -844.23335173
   -844.23802762
   -844.28730623
   -844.26346023
   -844.23592410
   -844.27730142
   -844.28041214
   -844.23854929
   -844.21784643
   -844.27924371
   -844.27920288
   -844.25750554
   -844.28247678
   -844.22694800
   -844.25827739
   -844.28649413
   -844.22934864
   -844.26091853
   -844.25304261
   -844.28028484
   -844.26125575
   -844.28417296
   -844.27088408
   -844.26516546
   -844.27790148
   -844.27836202
   -844.26635414
   -844.25661163
