   -804.94332067
   -804.89368483
   -804.97272383
   -804.96185383
   -804.89144453
   -804.93877408
   -804.92089712
   -804.93024433
   -804.98027632
   -804.96871662
   -804.96145135
   -804.92024568
   -804.96142432
   -804.98937458
   -804.95682573
   -804.92258964
   -804.96171969
   -804.93481309
   -804.91601332
   -804.96360983
   -804.95258880
   -804.97485757
   -804.97616687
   -804.99610117
   -804.95372705
   -804.97833460
   -804.97317529
   -804.89454436
   -804.97609231
   -804.96384831
   -804.95766712
   -804.92950319
   -804.95448410
   -804.96338352
   -804.90190411
   -804.97773282
   -804.93597233
   -804.98103743
   -804.95310230
   -804.97817089
   -804.93847578
   -804.95147297
   -804.95505203
   -804.95791235
   -804.93973043
   -804.95380200
   -804.93130311
   -804.93621103
   -804.90932555
   -804.93271951
   -804.90524880
   -804.95330416
   -804.93356147
   -804.94322145
   -804.97804653
   -804.93208687
   -804.98816349
   -804.95017796
   -804.96917041
   -804.93785345
   -804.94947312
   -804.95519598
   -804.97115880
   -804.93513001
   -804.96145255
   -804.95455984
   -804.98322162
   -804.96128782
   -804.92174041
   -804.96982113
   -804.94605352
   -804.97037577
   -804.97831660
   -804.93834744
   -804.96394068
   -804.95289220
   -804.91314260
   -804.95091656
   -804.96051866
   -804.98464921
   -804.96799794
   -804.90648269
   -804.95387647
   -804.93561048
   -804.97855212
   -804.95750925
   -804.96164065
   -804.98289547
   -804.94845727
   -804.95615234
   -804.92277140
   -804.95320474
   -804.94132589
   -804.95590445
   -804.93939074
   -804.94817681
   -804.95184996
   -804.95385397
   -804.96725454
   -804.98026766
   -804.95809600
   -804.94202953
   -804.96075172
   -804.92700188
   -804.95839067
   -804.93771960
   -804.94719472
   -804.96961626
   -804.91998765
   -804.95363382
   -804.97841656
   -804.95972886
   -804.96710207
   -804.96803775
   -804.94541872
   -804.93337739
   -804.94444929
   -804.94427157
   -804.98256746
   -804.93804441
   -804.95947514
   -804.93734732
   -804.96080528
   -804.95342808
   -804.95835281
   -804.97805162
   -804.94096950
   -804.95164506
   -804.95589581
   -804.97012083
   -804.95093851
   -804.90459017
   -804.95763479
   -804.96764563
   -804.93466197
   -804.97335372
   -804.96910322
   -804.91486750
   -804.98774365
   -804.96193110
   -804.95351496
   -804.93933952
   -804.93080309
   -804.94765979
   -804.97531967
   -804.94443059
   -804.96082250
   -804.94140564
   -804.93975456
   -804.96440344
   -804.95179469
   -804.98342992
   -804.95480995
   -804.95679720
   -804.94319815
   -804.97697270
   -804.94251482
   -804.96138215
   -804.95163207
   -804.93592390
   -804.92407196
   -804.96686606
   -804.94988713
   -804.87663594
   -804.96333646
   -804.95168319
   -804.99558699
   -804.97704242
   -804.95605241
   -804.98015345
   -804.97900524
   -804.92089304
   -804.91850327
   -804.93305435
   -804.94752229
   -804.88781727
   -804.97947025
   -804.93924668
   -804.95353459
   -804.92390489
   -804.98137532
   -804.94412318
   -804.95797147
   -804.98517339
   -804.95441486
   -804.94767499
   -804.96968793
   -804.97011458
   -804.96700965
   -804.97790730
   -804.95678690
   -804.97618463
   -804.91842745
   -804.97657949
   -804.95227864
   -804.93487807
   -804.92437254
   -804.96337481
   -804.98000285
   -804.97178209
   -804.89507938
   -804.93518236
   -804.93559441
   -804.95087982
   -804.97510029
   -804.97597430
   -804.94727887
   -804.96256237
   -804.94661492
   -804.93465644
   -804.95891927
   -804.94887463
   -804.94591909
   -804.95407397
   -804.95767804
   -804.91668874
   -804.97465839
   -804.96114619
   -804.98721363
   -804.93779056
   -804.97497356
   -804.98104425
   -804.94328836
   -804.96829655
   -804.93489531
   -804.93613279
   -804.96489320
   -804.93223053
   -804.93538947
   -804.91668128
   -804.97062606
   -804.97302571
   -804.95132392
   -804.95681973
   -804.94984796
   -804.93939291
   -804.96260032
   -804.93416826
   -804.91570181
   -804.94914289
   -804.97230199
   -804.94691546
   -804.94381052
   -804.94716345
   -804.97512494
   -804.96126646
   -804.96538352
   -804.95181964
   -804.98464848
   -804.98744982
   -804.97863553
   -804.98637683
   -804.96299582
   -804.95167579
   -804.93956947
   -804.93457351
   -804.95007306
   -804.94738225
   -804.95725663
   -804.97737580
   -804.95777693
   -804.95686278
   -804.94727348
   -804.96783879
   -804.97688778
   -804.94886856
   -804.97690551
   -804.98705007
   -804.97687722
   -804.94172129
   -804.93419801
   -804.94263715
   -804.93470299
   -804.93897901
   -804.95881643
   -804.93980207
   -804.95750476
   -804.97502170
   -804.98579322
   -804.96691361
   -804.97463775
   -804.97575270
   -804.98239244
   -804.96786115
   -804.94899504
   -804.93842939
   -804.94571178
   -804.95890133
   -804.95858606
   -804.96921438
   -804.95252405
   -804.96033849
   -804.94644452
   -804.98742917
   -804.96552977
   -804.97130063
   -804.95470079
   -804.97236041
   -804.95684945
   -804.96923222
   -804.96785007
   -804.93713355
   -804.96242348
   -804.95172954
   -804.95188502
   -804.97553862
   -804.96062018
   -804.93974074
   -804.97085849
   -804.95659865
   -804.96902158
   -804.84193779
   -804.98596571
   -804.96120593
   -804.94699819
   -804.94234323
   -804.98151674
   -804.95965117
   -804.94733375
   -804.95748850
   -804.97224985
   -804.96916651
   -804.98110377
   -804.96954275
   -804.94633979
   -804.95849124
   -804.96392626
   -804.98891712
   -804.96490133
   -804.94846604
   -804.98303312
   -804.90203223
   -804.90319443
   -804.95148569
   -804.95936107
   -804.98143860
   -804.97741790
   -804.95359385
   -804.85881521
   -804.96255605
   -804.92612604
   -804.94535098
   -804.94685590
   -804.98292475
   -804.95459554
   -804.94996130
   -804.93225106
   -804.99067870
   -804.97218084
   -804.94586486
   -804.96394849
   -804.99282990
   -804.96270128
   -804.94755627
   -804.98062761
   -804.99014312
   -804.96261112
   -804.95039559
   -804.96107462
   -804.96220994
   -804.95091702
   -804.95383745
   -804.90210814
   -804.97756373
   -804.96344433
   -804.96647489
   -804.96111609
   -804.94841227
   -804.92479245
   -804.93619711
   -804.93496689
   -804.97702471
   -804.94883602
   -804.95557994
   -804.93492396
   -804.97118658
   -804.91054905
   -804.95475320
   -804.94775690
   -804.95151601
   -804.93870449
   -804.95296086
   -804.96611958
   -805.00285820
   -804.96453943
   -804.94621092
   -804.98614349
   -804.91234955
   -804.94614651
   -804.95020162
   -804.97874421
   -804.95380414
   -804.96239106
   -804.92829657
   -804.96151807
   -804.96303596
   -804.97975856
   -804.96395255
   -804.99502132
   -804.91228526
   -805.00870668
   -804.88757764
   -804.93782445
   -804.96697306
   -804.94347460
   -804.95269732
   -804.97727431
   -804.98605652
   -804.93601245
   -804.88879626
   -804.95276272
   -804.96797766
   -804.98358317
   -804.95383125
   -804.91359596
   -804.92888040
   -804.96290248
   -804.96168493
   -804.98891120
   -804.95335748
   -804.89856531
   -804.97081800
   -804.97558384
   -804.98723569
   -804.97377299
   -804.98605416
   -804.96648282
   -804.94025348
   -804.97133753
   -804.96375693
   -804.95307600
   -804.96431885
   -804.96830707
   -804.95516283
   -804.97102211
   -804.96026132
   -804.94685817
   -804.98109344
   -804.93944907
   -804.96311241
   -804.96299512
   -804.96970965
   -804.94720514
   -804.95225860
   -804.91886436
   -804.91336436
   -804.96446056
   -804.97171952
   -804.91812563
   -804.98500254
   -804.94164150
   -804.95296775
   -804.94946866
   -804.96587867
   -804.95300789
   -804.94837065
   -804.97387318
   -804.96580445
   -804.97961878
   -804.94026595
   -804.95882570
   -804.96990336
   -804.97608194
   -804.97543999
   -804.94018625
   -804.95387701
   -804.96090681
   -804.94288529
   -804.97477430
   -804.95560326
   -804.92651175
   -804.95433268
   -804.97747738
   -804.94850882
   -804.96998517
   -804.96036880
   -804.96669084
   -804.95936119
   -804.96088895
   -804.97127139
   -804.95238509
   -804.97012935
   -804.93961151
   -804.95127569
   -804.93947877
   -804.92999674
   -804.95297548
   -804.97734499
   -804.96624664
   -804.91819743
   -804.98562772
   -804.91774476
   -804.94484416
   -804.97579016
   -804.97469227
   -804.96250870
   -804.98037238
   -804.94996997
   -804.95220106
   -804.95544144
   -804.96694619
   -804.94826360
   -804.95864242
   -804.97461709
   -804.96381937
   -804.95452331
   -804.96385001
   -804.95985568
   -804.94534751
   -804.96077675
   -804.94038792
   -804.95888014
   -804.97579910
   -804.94658800
   -804.95704674
   -804.91109749
   -804.95712243
   -804.92154745
   -804.96252024
   -804.95938403
   -804.96803143
   -804.93914405
   -804.95810752
   -804.93610319
   -804.97177045
   -804.94725488
   -804.94080461
   -804.96996186
   -804.96076843
   -805.00205992
   -804.94172437
   -804.95364826
   -804.96681680
   -804.96594895
   -804.91133232
   -804.97187960
   -804.94787261
   -804.93700711
   -804.98843968
   -804.92699966
   -804.97009592
   -804.93330592
   -804.96110660
   -804.94803603
   -804.96958752
   -804.96106044
   -804.96512327
   -804.96774391
   -804.95256489
   -804.94048318
   -804.96422929
   -804.94991302
   -804.93355256
   -804.95990998
   -804.96366059
   -804.92529924
   -804.91396220
   -804.95847821
   -804.96832332
   -804.92757019
   -804.93044084
   -804.97486485
   -804.97336812
   -804.96979720
   -804.94983634
   -804.95475342
   -804.97230929
   -804.95530671
   -804.93805000
   -804.95388841
   -804.95986489
   -804.95982649
   -804.99076562
   -804.96050433
   -804.92891305
   -804.94457564
   -804.90261892
   -804.91260511
   -804.97112983
   -804.96422995
   -804.89972046
   -804.94341489
   -804.96442051
   -804.97993583
   -804.99085180
   -804.96807247
   -804.91059278
   -804.93273191
   -804.94737392
   -804.93379666
   -804.95858159
   -804.97217484
   -804.92842906
   -804.89528942
   -804.97055905
   -804.94527318
   -804.99088138
   -804.97295586
   -804.96587284
   -804.94130297
   -804.93855663
   -804.99837609
   -804.97353333
   -804.97245103
   -804.96209882
   -804.96216502
   -804.93274889
   -804.95307528
   -804.95071913
   -804.92799811
   -804.96270112
   -804.95602782
   -804.91510356
   -804.89452434
   -804.94914523
   -804.96639748
   -804.95462634
   -804.99349062
   -804.96844149
   -804.91882530
   -804.99052596
   -804.97143815
   -804.94346383
   -804.94284594
   -804.94963608
   -804.96272214
   -804.92838563
   -804.98472039
   -804.92650429
   -804.97180574
   -804.94520020
   -804.97019859
   -804.96006323
   -804.96284818
   -804.98765729
   -804.98450179
   -804.92827319
   -804.97047416
   -804.96364744
   -804.90215194
   -804.96451416
   -804.96391376
   -804.93860330
   -804.98366650
   -804.96423452
   -804.98104258
   -804.93687255
   -804.98699858
   -804.93577123
   -804.96414425
   -804.93733266
   -804.95020199
   -804.94051563
   -804.91751145
   -804.96229737
   -804.96363184
   -804.94992644
   -804.93596220
   -804.94240303
   -804.98624174
   -804.93044913
   -804.94615309
   -804.94987128
   -804.95027797
   -804.90902153
   -804.95752674
   -804.98432202
   -804.96737219
   -804.96889851
   -804.98563281
   -804.98793982
   -804.94780255
   -804.94185821
   -804.96292716
   -804.97188399
   -804.97809432
   -804.98993075
   -804.96922091
   -804.94462637
   -804.96419761
   -804.93505459
   -804.91949577
   -804.95958113
   -804.95148380
   -804.95500016
   -804.94613687
   -804.95172988
   -804.94236429
   -804.95473629
   -804.99716370
   -804.93737666
   -804.99203757
   -804.95022888
   -804.97836705
   -804.95887598
   -804.95456478
   -804.97581258
   -804.96409644
   -804.97327065
   -804.93834056
   -804.96899227
   -804.97793909
   -804.95811775
   -804.97452371
   -804.91716702
   -804.97617302
   -804.94509659
   -804.95547648
   -804.94275404
   -804.95876936
   -804.96632208
   -804.92366026
   -804.89238104
   -804.96198566
   -804.98115026
   -804.97660178
   -804.94742859
   -804.93819946
   -804.91986905
   -804.92628703
   -804.96601860
   -804.92445163
   -804.95752741
   -804.94159602
   -804.94852277
   -804.95558378
   -804.98123405
   -804.89899148
   -804.91057413
   -804.94047198
   -804.96901334
   -804.96689942
   -804.96824456
   -804.95658634
   -804.96418664
   -804.98140740
   -804.95516140
   -804.97720476
   -804.92346355
   -804.93606374
   -804.95764977
   -804.95972418
   -804.97572347
   -804.97898334
   -804.97324387
   -804.96730278
   -804.95532351
   -804.97284554
   -804.95315476
   -804.97867181
   -804.99294209
   -804.96393196
   -804.94691231
   -804.91520934
   -804.98173373
   -804.88084014
   -804.96963312
   -804.94421854
   -804.97647321
   -804.96562430
   -804.97884245
   -804.91748712
   -804.90755055
   -804.97343959
   -804.95271395
   -804.95056407
   -804.96142467
   -804.94734564
   -804.96820081
   -804.96142970
   -804.96472987
   -804.95179424
   -804.98186168
   -804.94040349
   -804.93867583
   -804.97087607
   -804.94572158
   -804.94925072
   -804.94158537
   -804.95485686
   -804.96291459
   -804.96433209
   -804.94776812
   -804.96331677
   -804.91665878
   -804.98882794
   -804.96142032
   -804.95161639
   -804.96788796
   -804.96608626
   -804.96453143
   -804.96924274
   -804.98413919
   -804.96696887
   -804.96593761
   -804.98102519
   -804.94940723
   -804.97140157
   -804.96123746
   -804.97761319
   -804.96003410
   -804.96965762
   -804.93034319
   -804.93976744
   -804.95310442
   -804.94585198
   -804.95960398
   -804.94558104
   -804.98557146
   -804.95946520
   -804.94234488
   -804.97628099
   -804.92817463
   -804.94585639
   -804.97277954
   -804.95194526
   -804.95647267
   -804.95590166
   -804.96728979
   -804.97668470
   -804.93726313
   -804.98566340
   -804.91057584
   -804.96042778
   -804.95845958
   -804.92259001
   -804.96899281
   -804.88921764
   -804.94233132
   -804.97892152
   -804.93255760
   -804.94604535
   -804.95783474
   -804.94301119
   -804.91140662
   -804.89664704
   -804.97849315
   -804.94413338
   -804.96455040
   -804.95499199
   -804.91300114
   -804.99385435
   -804.93010277
   -804.96916287
   -804.94909937
   -804.98083581
   -804.92392974
   -804.95431572
   -804.95927430
   -804.94461443
   -804.93393577
   -804.93026976
   -804.95109720
   -804.96079856
   -804.80296493
   -804.93308558
   -804.90685371
   -804.96285224
   -804.95326138
   -804.96491884
   -804.97553795
   -804.94853375
   -804.94239804
   -804.95575044
   -804.95808635
   -804.94111168
   -804.95569778
   -804.96922544
   -804.90684085
   -804.93371369
   -804.94619039
   -804.94088500
   -804.96602688
   -804.96906863
   -804.91695255
   -804.97671976
   -804.97768688
   -804.95815128
   -804.94208358
   -804.97005473
   -804.91284921
   -804.98442975
   -804.95594058
   -804.94790429
   -804.94588072
   -804.96810108
   -804.96747313
   -804.95889909
   -804.97578762
   -804.96407553
   -804.95076646
   -804.97378312
   -804.98943429
   -804.95538741
   -804.95782031
   -804.94514911
   -804.95232919
   -804.94536676
   -804.92854519
   -804.95043674
   -804.95978608
   -804.96097940
   -804.93130408
   -804.95975042
   -804.96998451
   -804.95916481
   -804.94714901
   -804.95475087
   -804.99268868
   -804.96026975
   -804.94709555
   -804.97799172
   -804.97909082
   -804.92660461
   -804.92985501
   -804.95917186
   -804.94708689
   -804.94748339
   -804.95613902
   -804.98755275
   -804.98162439
   -804.97665511
   -804.95809682
   -804.95347753
   -804.93962837
   -804.97462687
   -804.92797745
   -804.95900824
   -804.96370813
   -804.98891083
   -804.92986720
   -804.97049004
   -804.98337722
   -804.96593635
   -804.93655088
   -804.97281690
   -804.97022150
   -804.96439448
   -804.92239186
   -804.90382622
   -804.96345122
   -804.93625449
   -804.90721271
   -804.96712606
   -804.91076146
   -804.96791408
   -804.98286889
   -804.97167999
   -804.91423674
   -804.95565891
   -804.92940084
   -804.95161324
   -804.95092680
   -804.96109181
   -804.94845896
   -804.96251764
   -804.95690260
   -804.96271022
   -804.93737622
   -804.96695862
   -804.97179719
   -804.96878658
   -804.94015716
   -804.96745722
   -804.94579791
   -804.94638566
   -805.00280216
   -804.97166885
   -804.97812157
   -804.88119958
   -804.98432558
   -804.95570034
   -804.96191417
   -804.99743731
   -804.98364304
   -805.00257202
   -805.01052188
   -804.90273158
   -804.95374267
   -804.94506542
   -804.94898344
   -804.96495004
   -804.92768814
   -804.95174070
   -805.00570642
   -804.96974202
   -804.94422977
   -804.96745480
   -804.94974932
   -804.94578625
   -804.90777489
   -804.96200742
   -804.94537567
   -804.96764828
   -804.97393440
   -804.93567671
   -804.96780698
   -804.94613719
   -804.93163182
   -804.90885014
   -804.95159444
   -804.97556004
   -804.95810880
   -804.94931991
   -804.93882432
   -804.97868108
   -804.96708708
   -804.96035210
   -804.95629275
   -804.97022408
   -804.95913752
   -804.97159813
   -804.97325146
   -804.91738508
   -804.94815377
   -804.94386365
   -804.94335089
   -804.92530194
   -804.93304516
   -804.96657635
   -804.96467741
   -804.97583060
   -804.96210844
   -804.94973640
   -804.95064325
   -804.89210194
   -804.94355227
   -804.91800164
   -804.92878979
   -804.97421661
   -804.87582206
   -804.94320415
   -804.95103721
   -804.97543381
   -804.96606421
   -804.93919620
   -804.97671651
   -804.97954482
   -804.97677724
   -804.99364879
   -804.97093696
   -804.95976213
   -804.90401730
   -804.98125077
   -804.92143250
   -804.98154473
   -804.97285415
   -804.96119896
   -804.93086613
   -804.96476405
   -804.86389305
   -804.94036774
   -804.97009878
   -804.92515084
   -804.93448624
   -804.95541962
   -804.96061661
   -804.95705535
   -804.90503770
   -804.93840826
   -804.93219445
   -804.97884933
   -804.92643995
   -804.94908266
   -804.94662381
   -804.90099133
   -804.90801469
   -804.90664813
   -804.94348088
   -804.94863720
   -804.96446597
   -804.94420313
   -804.93392555
   -804.93473301
   -804.95954428
   -804.95595196
   -804.92098535
   -804.90267792
   -804.94828684
   -804.94091342
   -804.94767725
   -804.95896928
   -804.98012208
   -804.95640435
   -804.94193869
   -804.95784422
   -804.97805245
   -804.94005663
   -804.89792610
   -804.95280999
   -804.93098287
   -804.95308107
   -804.93416657
   -804.95896377
   -804.96508159
   -804.95736228
   -804.98569353
   -804.97762607
   -804.94312087
   -804.95070118
   -804.92337833
   -804.96169301
   -804.88804248
   -804.93943715
   -804.94889544
   -804.95013835
   -804.95828616
   -804.94559623
   -804.99135011
   -804.94571674
   -804.97212609
   -804.96993393
   -804.94533399
   -804.94924506
   -804.97538183
   -804.95279616
   -804.94631683
   -804.94136465
   -804.93006919
   -804.97786026
   -804.96386215
   -804.95762782
   -804.97397819
   -804.96154983
   -804.93617548
   -804.93049581
   -804.96604050
   -804.95812305
   -804.96143673
   -804.96765962
   -804.97505614
   -804.96781202
   -804.95894654
   -804.96759566
   -804.91006619
   -804.94409729
   -804.96644523
   -804.93429691
   -804.94292735
   -804.97710886
   -804.96610662
   -804.90625147
   -804.94867903
   -804.93174488
   -804.96563765
   -804.96674019
   -804.94620086
   -804.95661222
   -804.97038205
   -804.96990793
   -804.98905340
   -804.98771381
   -804.99696199
   -804.97024120
   -804.95350749
   -804.94089453
   -804.95313114
   -804.97246714
   -804.98364837
   -804.94303580
   -804.96420503
   -804.96443794
   -804.93797579
   -804.96533334
   -804.95205253
   -804.93650755
   -804.95884891
   -804.95752974
   -804.95877561
   -804.93462754
   -804.98107330
   -804.95976199
   -804.95603594
   -804.96539321
   -804.93731335
   -804.95665540
   -804.94887169
   -804.95965572
   -804.97516563
   -804.97135622
   -804.96639129
   -804.94911973
   -804.96235829
   -804.97755168
   -804.94442153
   -804.95496168
   -804.97117783
   -804.90044976
   -804.95143984
   -804.93001559
   -804.96704865
   -804.95806083
   -804.96504171
   -804.93887700
   -804.94811097
   -804.98617473
   -804.95227848
   -804.95138817
   -804.93950254
   -804.93059516
   -804.96033232
   -804.93618978
   -804.97641348
   -804.99319922
   -804.99348704
   -804.95741570
   -804.95645143
   -804.92823704
   -804.89359591
   -804.96751856
   -804.96700879
   -804.95194822
   -804.96005958
   -804.98793666
   -804.97358611
   -804.96658351
   -804.97598000
   -804.97026391
   -804.94615319
   -804.92767116
   -804.96720752
   -804.90480525
   -804.95609272
   -804.95296354
   -804.95053046
   -804.96578257
   -804.96662173
   -804.96386023
   -804.94334935
   -804.95163665
   -804.90196048
   -804.91295060
   -804.95526496
   -804.97056978
   -804.96166131
   -804.98014683
   -804.97484029
   -804.99198936
   -804.98099509
   -804.98531012
   -804.95387820
   -804.94883161
   -804.96465026
   -804.96206641
   -804.91077241
   -804.93556368
   -804.94447582
   -804.91935622
   -804.92064597
   -804.93881234
   -804.94685535
   -804.92886151
   -804.96733478
   -804.96110432
   -804.96368368
   -804.96804935
   -804.93235649
   -804.97472401
   -804.94467005
   -804.98584649
   -804.97311294
   -804.97589221
   -804.93594427
   -804.90496832
   -804.98986683
   -804.94965729
   -804.90573380
   -804.93810291
   -804.94522318
   -804.97470352
   -804.97349813
   -804.95315998
   -804.95198352
   -804.94240517
   -804.95411386
   -804.95411646
   -804.97865150
   -804.96722359
   -804.96782586
   -804.91433782
   -804.95158857
   -804.92604480
   -804.93698083
   -804.95894514
   -804.90670167
   -804.93264514
   -804.97519909
   -804.97231945
   -804.95269514
   -804.98216709
   -804.96542428
   -804.95191757
   -804.96103008
   -804.94689184
   -804.97668419
   -804.94953382
   -804.92821005
   -804.91232437
   -804.94819738
   -804.94733474
   -804.95700066
   -804.92193866
   -804.93562082
   -804.92937591
   -804.94772801
   -804.96210708
   -804.93279589
   -804.91105867
   -804.98490542
   -804.93854836
   -804.93819279
   -804.95518969
   -804.96719032
   -804.94059064
   -804.90438966
   -804.97494938
   -804.96210681
   -804.96513100
   -804.96755401
   -804.98378892
   -804.97279986
   -804.93659922
   -804.97295428
   -804.92636986
   -804.91090123
   -804.95916422
   -804.93992842
   -804.93220399
   -804.97548029
   -804.92348943
   -804.96932552
   -804.96916852
   -804.98232723
   -804.95844086
   -804.97677504
   -804.94407826
   -804.98252034
   -804.97364722
   -804.94370712
   -804.97213718
   -804.95010323
   -804.93914884
   -804.98174852
   -804.98439753
   -804.95743628
   -804.94886223
   -804.94002431
   -804.95179498
   -804.95535074
   -804.94120374
   -804.93987394
   -804.96328328
   -804.95257879
   -804.94900059
   -804.97605207
   -804.97059919
   -804.91983865
   -804.93916321
   -804.97289266
   -804.93485001
   -804.97662481
   -804.94909515
   -804.96461412
   -804.95940291
   -804.93308899
   -804.96001985
   -804.98277787
   -804.96597894
   -804.90360411
   -804.94385636
   -804.96233615
   -804.97416800
   -804.94078312
   -804.89787524
   -804.94658915
   -804.96664026
   -804.93892994
   -804.93414977
   -804.96022006
   -804.96223542
   -804.93740213
   -804.95294923
   -804.95804226
   -804.96755068
   -804.96574366
   -804.97950363
   -804.95732895
   -804.96671506
   -804.94823901
   -804.92023181
   -804.97097898
   -804.96776452
   -804.96063292
   -804.97448354
   -804.91074618
   -804.95622104
   -804.94428465
   -804.94215065
   -804.98154167
   -804.96219860
   -804.90092000
   -804.96269985
   -804.96735555
   -804.97127389
   -804.94272898
   -804.92398805
   -804.96685960
   -804.96322424
   -804.88429118
   -804.99625941
   -804.91759062
   -804.92381129
   -804.93152729
   -804.90736902
   -804.97822179
   -804.95079592
   -804.96372913
   -804.96451994
   -804.97733701
   -804.96986647
   -804.93335234
   -804.94922228
   -804.97110714
   -804.98722498
   -804.98141847
   -804.97765740
   -804.95818153
   -804.94339252
   -804.97176629
   -804.84047194
   -804.90848676
   -804.97601121
   -804.97883895
   -804.95624561
   -804.96551533
   -804.96721854
   -804.95499662
   -804.98589326
   -804.94410402
   -804.93788961
   -804.88860989
   -804.96919647
   -804.89821260
   -804.97276976
   -804.96564407
   -804.95510953
   -804.97056151
   -804.91356474
   -804.94239834
   -804.91709367
   -804.97330549
   -804.92520672
   -804.96325602
   -804.96983745
   -804.96038413
   -804.94374221
   -804.95695551
   -804.97143742
   -804.93731881
   -804.97534446
   -804.96805774
   -804.99008826
   -804.95176219
   -804.95709988
   -804.96476001
   -804.99204383
   -804.93800382
   -804.96083862
   -804.97116070
   -804.95514421
   -804.98331783
   -804.95703594
   -804.95714647
   -804.96748036
   -804.96775948
   -804.94224566
   -804.90963436
   -804.96449642
   -804.93938152
   -804.93477229
   -804.94416074
   -804.96270771
   -804.87531119
   -804.93559149
   -804.94296018
   -804.93769626
   -804.93666014
   -804.95279658
   -804.94639739
   -804.96707142
   -804.97961499
   -804.96506198
   -804.95213082
   -804.92764640
   -804.93612700
   -804.95994581
   -804.94820674
   -804.91728594
   -804.94841712
   -804.98971638
   -804.94713426
   -804.92892351
   -804.97409742
   -804.93595912
   -804.95533575
   -804.90752264
   -804.95814864
   -804.95471829
   -804.95350650
   -804.94110433
   -804.96080974
   -804.98136214
   -804.98928696
   -804.96339881
   -804.90948782
   -804.95989894
   -804.91018714
   -804.98441750
   -804.95166683
   -804.91568073
   -804.96601265
   -804.96613795
   -804.94281288
   -804.97936295
   -804.96071168
   -804.93820403
   -804.95332117
   -804.91945506
   -804.95702276
   -804.97756893
   -805.00124761
   -804.96715408
   -804.93344981
   -804.96854876
   -804.99433823
   -804.94409749
   -804.95850572
   -804.96292009
   -804.94354885
   -804.93917463
   -804.96330430
   -804.96425964
   -804.95973543
   -804.96621478
   -804.94607687
   -804.96425678
   -804.94515476
   -804.97967218
   -804.93404325
   -804.98161258
   -804.96346361
   -804.96366569
   -804.97158006
   -804.90348999
   -804.92614975
   -804.96217128
   -804.96861656
   -804.95555479
   -804.95060404
   -804.99458010
   -804.97197699
   -804.97384445
   -804.95924425
   -804.93272273
   -804.96194647
   -804.94467340
   -804.87431056
   -804.91035869
   -804.97957668
   -804.92910659
   -804.96187249
   -804.89483522
   -804.95149682
   -804.95046759
   -804.93573907
   -804.97406479
   -804.94907144
   -804.96862595
   -804.89720002
   -804.97009145
   -804.88094126
   -804.96066199
   -804.96637128
   -804.97082493
   -804.93239180
   -804.96922991
   -804.96770259
   -804.94576322
   -804.98946787
   -804.91419211
   -804.95411480
   -804.97118137
   -804.97529318
   -804.98611337
   -804.94002722
   -804.96996955
   -804.92947357
   -804.90345456
   -804.88036234
   -804.97251954
   -804.97692295
   -804.98693057
   -804.94329563
   -804.91192296
   -804.96257078
   -804.90343020
   -804.90476265
   -804.95685270
   -804.98164800
   -804.98451123
   -804.92712949
   -804.91799363
   -804.96831410
   -804.97480317
   -804.96690692
   -804.96086850
   -804.92738645
   -804.88528055
   -804.95035550
   -804.94828573
   -804.82399533
   -804.95965189
   -804.93363974
   -804.95398113
   -804.93136773
   -804.96637575
   -804.93153800
   -804.98812406
   -804.96594320
   -804.97579462
   -804.94731557
   -804.96691677
   -804.95478591
   -804.93766330
   -804.92464148
   -804.97380729
   -804.95273707
   -804.97975098
   -804.96249354
   -805.00244025
   -804.96486191
   -804.96087331
   -804.96741613
   -804.94170952
   -804.97905798
   -804.93985901
   -804.94653543
   -804.98185422
   -804.93930157
   -804.93031099
   -804.95091122
   -804.94200647
   -804.97293847
   -804.92711651
   -804.98000586
   -804.95533067
   -804.97692683
   -804.96200358
   -804.93965264
   -804.94183028
   -804.97258493
   -804.96144792
   -804.96603568
   -804.99295241
   -804.94764242
   -804.90895517
   -804.95007785
   -804.98278024
   -804.92664678
   -804.96796340
   -804.95090021
   -804.95636415
   -804.95168093
   -804.95581943
   -804.95363000
   -804.96274965
   -804.98860494
   -804.96132698
   -804.96123768
   -804.95693540
   -804.94781095
   -804.99049727
   -804.98170276
   -804.94120976
   -804.95326289
   -804.93532663
   -804.95063776
   -804.97331222
   -804.90018070
   -804.95073057
   -804.93498202
   -804.94851510
   -804.92952443
   -804.94706934
   -804.97783943
   -804.95278605
   -804.96356723
   -804.96331579
   -804.96489466
   -804.94983573
   -804.98511443
   -804.97421102
   -804.92478123
   -804.96980434
   -804.92776037
   -804.93950038
   -804.97265932
   -804.94315755
   -804.90469940
   -804.94661641
   -804.94281728
   -804.96649485
   -804.97816998
   -804.97098988
   -804.95025943
   -804.96537436
   -804.94732771
   -804.92575169
   -804.95272429
   -804.98115327
   -804.92065444
   -804.96473786
   -804.95984858
   -804.87679275
   -804.97501038
   -804.96686219
   -804.96259911
   -804.97913893
   -804.97674496
   -804.96185668
   -804.98956063
   -804.94304679
   -804.94981598
   -804.94136403
   -804.94407695
   -804.98392296
   -804.94512644
   -804.97236384
   -804.94200988
   -804.96291534
   -804.95528166
   -804.97150272
   -804.96510276
   -804.92248378
   -804.96149225
   -804.92705978
   -804.97916566
   -804.88340234
   -804.95078494
   -804.94860579
   -804.93536573
   -804.95436493
   -804.96593657
   -804.94523791
   -804.98788252
   -804.97836815
   -804.95281013
   -804.96245352
   -804.96058206
   -804.96413516
   -804.97406184
   -804.95944025
   -804.96517054
   -804.96117548
   -804.98429821
   -804.96910288
   -804.91142176
   -804.91237535
   -804.96982528
   -804.91902949
   -804.96176802
   -804.95597809
   -804.97516098
   -804.96765010
   -804.90276708
   -804.90611672
   -804.96573539
   -804.97457591
   -804.96947246
   -804.96073293
   -804.97403858
   -804.93677624
   -804.98154653
   -804.97773555
   -804.96383217
   -804.99197880
   -804.94677371
   -804.96418466
   -804.96755575
   -804.94676877
   -804.91650093
   -804.98265628
   -804.94444390
   -804.96601815
   -804.99782813
   -804.96461828
   -804.98482177
   -804.93356749
   -804.98218783
   -804.89710347
   -804.98514912
   -804.95992090
   -804.97984711
   -804.96042183
   -804.98515602
   -804.95261510
   -804.89402780
   -804.95556532
   -804.91640446
   -804.93072024
   -804.95939084
   -804.92945461
   -804.95635219
   -804.87874847
   -804.96887590
   -804.90284992
   -804.96800315
   -804.97401320
   -804.95736251
   -804.95491873
   -804.93852424
   -804.93608776
   -804.95221651
   -804.90940894
   -804.96956367
   -804.95363470
   -804.87711563
   -804.95040515
   -804.96410637
   -804.98136480
   -804.96134147
   -804.93100248
   -804.93853999
   -804.92974763
   -804.96899233
   -804.94885462
   -804.95072990
   -804.96197231
   -804.95967053
   -804.98932336
   -804.95776618
   -804.95716517
   -804.95320918
   -804.97769943
   -804.96126049
   -804.97840583
   -804.97079247
   -804.95125958
   -804.94803116
   -804.94567651
   -804.90201025
   -804.91633016
   -804.96019893
   -804.96374857
   -804.96821969
   -804.94471463
   -804.91071697
   -804.94954007
   -804.94029453
   -804.96102641
   -804.92712649
   -804.96188613
   -804.94768493
   -804.96727915
   -804.94081239
   -804.93225650
   -804.98013747
   -804.95405363
   -804.96055906
   -804.94504235
   -804.97412384
   -804.94189254
   -804.97820629
   -805.00045427
   -804.96139305
   -804.94892775
   -804.96358728
   -804.96544824
   -804.97758487
   -804.93897001
   -804.90167591
   -804.96022177
   -804.93677350
   -804.93645333
   -804.97568670
   -804.93262948
   -804.97472828
   -804.94589962
   -804.94403677
   -804.96154022
   -804.96617202
   -804.97156573
   -804.94590963
   -804.96316163
   -804.95835727
   -804.93978583
   -804.99069831
   -804.97251611
   -804.97538520
   -804.97676472
   -804.96983288
   -804.94784245
   -804.96396521
   -804.93560318
   -804.93445620
   -804.94041807
   -804.92913969
   -804.91521877
   -804.96282877
   -804.94667811
   -804.94568786
   -804.95211064
   -804.96880896
   -804.95679010
   -804.96782379
   -804.95993477
   -804.96146753
   -804.94853382
   -804.97076044
   -804.92765990
   -804.94616797
   -804.94720226
   -804.96386383
   -804.98236293
   -804.90189544
   -804.88613567
   -804.94196950
   -804.99041385
   -804.95286215
   -804.96138837
   -804.96740070
   -804.97426693
   -804.97399183
   -804.95218961
   -804.95936244
   -804.88954225
   -804.94732192
   -804.91250588
   -804.97148388
   -804.91428369
   -804.95626125
   -804.97382495
   -804.94172892
   -804.95330280
   -804.90318230
   -804.96645962
   -804.94971675
   -804.96715825
   -804.83323937
   -804.94775817
   -804.99022864
   -804.96903104
   -804.92502538
   -804.89365417
   -804.97318717
   -804.94034094
   -804.95147072
   -804.95249857
   -804.95523176
   -804.95370915
   -804.93416837
   -804.96956146
   -804.96504314
   -804.97024065
   -804.96767178
   -804.93504182
   -804.94094979
   -804.94233233
   -804.94356013
   -804.94930709
   -804.95202619
   -804.97469595
   -804.95083477
   -804.96848032
   -804.96904406
   -804.96575237
   -804.95415989
   -804.91736990
   -804.92204410
   -804.98625907
   -804.98057607
   -804.94715547
   -804.96555195
   -804.95603252
   -804.94543660
   -804.95602926
   -804.95998863
   -804.93489356
   -804.95031658
   -804.97272497
   -804.90776756
   -804.97231746
   -804.98122108
   -804.96931393
   -804.96795669
   -804.97518869
   -804.96006678
   -804.92601253
   -804.92021053
   -804.96620462
   -804.94770116
   -804.95596269
   -804.96730640
   -804.96424835
   -804.91205234
   -804.97832371
   -804.98397785
   -804.97113062
   -804.96953294
   -804.98345435
   -804.94058501
   -804.96456385
   -804.87661326
   -804.88743702
   -804.96088910
   -804.94557180
   -804.96814950
   -804.98273573
   -804.94503499
   -804.93573245
   -804.95003663
   -804.91430605
   -804.95959585
   -804.92613409
   -804.89886782
   -804.95503980
   -804.91864892
   -804.94041937
   -804.98472511
   -804.98285733
   -804.96459473
   -804.97413329
   -804.94148965
   -804.97576427
   -804.99327486
   -804.93142192
   -804.96644149
   -804.96806557
   -804.96557800
   -804.94378403
   -804.89422501
   -804.93763750
   -804.96419877
   -804.95518765
   -804.90870886
   -804.97592485
   -804.93128438
   -804.92186260
   -804.98475004
   -804.97742855
   -804.92889767
   -804.97482744
   -804.95281852
   -804.96358154
   -805.00060184
   -804.95389172
   -804.94388361
   -804.88982763
   -804.97018044
   -804.93567569
   -804.96867731
   -804.96087577
   -804.99034184
   -804.95155366
   -804.92023671
   -804.95633892
   -804.98364272
   -804.97340929
   -804.97561362
   -804.98003111
   -804.94072828
   -804.84087372
   -804.96367376
   -804.91298490
   -804.96572888
   -804.94741071
   -804.94675614
   -804.95129004
   -804.99778350
   -804.93938883
   -804.90560151
   -804.94463353
   -804.95509490
   -804.98760661
   -804.95945680
   -804.97141478
   -804.90826341
   -804.96654635
   -804.94222375
   -804.96504984
   -804.99803329
   -804.95952148
   -804.93170809
   -804.95912486
   -804.96805485
   -804.92564726
   -804.97703692
   -804.95236256
   -804.96848356
   -804.96394793
   -804.94936407
   -804.94797552
   -804.98818032
   -804.96469873
   -804.95284853
   -804.94544526
   -804.93896893
   -804.98202942
   -804.95902451
   -804.97405949
   -804.94535006
   -804.98322937
   -804.94570927
   -804.97420038
   -804.97382509
   -804.92894412
   -804.91137840
   -804.96517083
   -804.91998859
   -804.96174741
   -804.95673053
   -804.97251948
   -804.93392383
   -804.96876905
   -804.89127111
   -804.99040651
   -804.94812062
   -804.94301414
   -804.96300376
   -804.97163393
   -804.97583579
   -804.94025758
   -804.93787064
   -804.93578967
   -804.89562530
   -804.95717010
   -804.95032934
   -804.97368453
   -804.97004558
   -804.97186937
   -804.90200174
   -804.99625678
   -804.95294164
   -804.93067485
   -804.96296869
   -804.93688352
   -804.97749177
   -804.97322302
   -804.96365306
   -804.91755781
   -804.91094341
   -804.96918549
   -804.95961835
   -804.94080796
   -804.96591441
   -804.91127197
   -804.95787338
   -804.95960645
   -804.93659531
   -804.96525199
   -804.94067535
   -804.95692978
   -804.90858285
   -804.96460856
   -804.97323257
   -804.95139843
   -804.95045626
   -804.92610527
   -804.91165018
   -804.97428354
   -804.89394411
   -804.92218447
   -804.92278063
   -804.94700398
   -804.94890046
   -804.96406856
   -804.90262799
   -804.97781965
   -804.96357713
   -804.98183014
   -804.88412681
   -804.88309574
   -804.92873044
   -804.95753797
   -804.97803090
   -804.96092205
   -804.93733573
   -804.97246711
   -804.97533140
   -804.93937798
   -804.94479644
   -804.97452563
   -804.98978424
   -804.97791901
   -804.94947068
   -804.95435211
   -804.95730341
   -804.93874060
   -804.95932533
   -804.96165100
   -804.88650450
   -804.97108722
   -804.95899279
   -804.97165392
   -804.95949511
   -804.94089775
   -804.97064495
   -804.96133620
   -804.95699994
   -804.95345073
   -804.91472461
   -804.96155044
   -804.85429749
   -804.92470190
   -804.93902521
   -804.96391602
   -804.99741308
   -804.91361501
   -804.94730770
   -804.92494257
   -804.96993710
   -804.97838362
   -804.94936414
   -804.95235376
   -804.97156198
   -804.95967734
   -804.95814686
   -804.96901902
   -804.95651460
   -804.95989347
   -804.93640210
   -804.91679796
   -804.95318196
   -804.98031167
   -804.96098983
   -804.96219009
   -804.95767185
   -804.97802367
   -804.98345097
   -804.87934249
   -804.96419096
   -804.94823057
   -804.95087015
   -804.96312074
   -804.96992868
   -804.95871044
   -804.95968829
   -804.97053754
   -804.96949143
   -804.97667148
   -804.94581744
   -804.92554828
   -804.94807759
   -804.94617724
   -804.96149201
   -804.96909067
   -804.93857543
   -804.96868755
   -804.94611182
   -804.92275698
   -804.91280552
   -804.96215976
   -804.96819847
   -804.91509319
   -804.95150146
   -804.95681904
   -804.97464332
   -804.97636552
   -804.91645188
   -804.96196042
   -804.90458808
   -804.96724652
   -804.96830393
   -804.96079832
   -804.95430191
   -804.95343090
   -804.94670399
   -804.98250794
   -804.97321477
   -804.97929333
   -804.91955270
   -804.92514776
   -804.92757740
   -804.99313395
   -804.93200393
   -804.96993320
   -804.94961883
   -804.98198212
   -804.99112493
   -804.96095412
   -804.96029674
   -804.92554120
   -804.95031758
   -804.93817823
   -804.91212927
   -804.91799952
   -804.98157086
   -804.97672669
   -804.90614866
   -804.89974500
   -804.93794930
   -804.95705875
   -804.92873018
   -804.95757849
   -804.94147300
   -804.95395409
   -804.91480072
   -804.90397686
   -804.88954276
   -804.94916045
   -804.93128948
   -804.92769194
   -804.91579428
   -804.98245925
   -804.94171345
   -804.93494949
   -804.94229969
   -804.97558100
   -804.94242418
   -804.98285218
   -804.94756254
   -804.99601811
   -804.98714961
   -804.95102929
   -804.91576532
   -804.95215700
   -804.94762506
   -804.92143825
   -804.97787875
   -804.94498047
   -804.96574288
   -804.90964913
   -804.97183121
   -804.93249365
   -804.88530955
   -804.96685248
   -804.95124620
   -804.96185159
   -804.95032547
   -804.97046377
   -804.96063958
   -804.95595542
   -804.94916327
   -804.97883479
   -804.96888667
   -804.90973231
   -804.95570914
   -804.95179305
   -804.93865025
   -804.96612289
   -804.97587381
   -804.96303587
   -804.94198903
   -804.95826067
   -804.95895437
   -804.95716730
   -804.96701086
   -804.95525667
   -804.93995322
   -804.88973212
   -804.92803557
   -804.94486198
   -804.93225963
   -804.97461704
   -804.98689693
   -804.95417058
   -804.96119775
   -804.98742960
   -804.95711876
   -804.89153274
   -804.96633239
   -804.95429810
   -804.94555219
   -804.96555776
   -804.92643304
   -804.98247764
   -804.92451835
   -804.96878622
   -804.98492406
   -804.97025348
   -804.95253149
   -804.95496421
   -804.97050042
   -804.94626516
   -804.97498047
   -804.90379265
   -804.94744746
   -804.91954890
   -804.98312106
   -804.95459828
   -804.95921175
   -804.95627880
   -804.93746216
   -804.94683152
   -804.97014507
   -804.92340688
   -804.97996200
   -804.93991013
   -804.94069447
   -804.94846969
   -804.95843081
   -804.94205829
   -805.00947908
   -804.98505084
   -804.89066450
   -804.94394809
   -804.98564833
   -804.89732923
   -804.97901866
   -804.96229977
   -804.95050455
   -804.95820989
   -804.96514409
   -804.99673541
   -804.88441880
   -804.90142204
   -804.99380327
   -804.95475250
   -804.95873397
   -804.97103581
   -804.95377011
   -804.94491002
   -804.89235150
   -804.96925356
   -804.96415210
   -804.98178220
   -804.93994917
   -804.97282399
   -804.97951354
   -804.94197397
   -804.96934456
   -804.88717580
   -804.96012344
   -804.96437455
   -804.92231881
   -804.94998652
   -804.95070674
   -804.95338467
   -804.95799316
   -804.98307546
   -804.95306806
   -804.94232808
   -804.97339034
   -804.90689132
   -804.98697016
   -804.96999914
   -804.97428271
   -804.91213948
   -804.97032687
   -804.92980622
   -804.97021231
   -804.97637959
   -804.97118067
   -804.96440564
   -804.94460383
   -804.96995544
   -804.96075690
   -804.94077027
   -804.90407469
   -804.95142771
   -804.95747634
   -804.94220676
   -804.94234756
   -804.96830508
   -804.94379859
   -804.96720889
   -804.96429641
   -804.96793432
   -804.95852697
   -804.96998678
   -804.96270344
   -804.98597683
   -804.95153964
   -804.95353023
   -804.96126832
   -804.98604446
   -804.95403143
   -804.90037306
   -804.97324190
   -804.93702088
   -804.95386047
   -804.97272511
   -804.96956189
   -804.95861990
   -804.92373610
   -804.95074725
   -804.98286005
   -804.92256650
   -804.96683524
   -804.94228899
   -804.97519780
   -804.96140824
   -804.97704250
   -804.92425097
   -804.97440893
   -804.96202648
   -804.92665984
   -804.96836054
   -804.94206372
   -804.93206049
   -804.95441190
   -804.93868550
   -804.97624363
   -804.94603128
   -804.96490893
   -804.98767625
   -804.95223336
   -804.95560219
   -804.97106285
   -804.93605545
   -804.95433271
   -804.95871110
   -804.96705993
   -804.96513855
   -804.95223861
   -804.93778050
   -804.94012354
   -804.94917505
   -804.90351406
   -804.92396803
   -804.90380369
   -804.98054858
   -804.94870158
   -804.96063252
   -804.98106939
   -804.96261098
   -804.95664256
   -804.97208802
   -804.93508682
   -804.92479094
   -804.94547435
   -804.96343098
   -804.95386427
   -804.95161125
   -804.94991409
   -804.97426417
   -804.94411600
   -804.97057002
   -804.95105355
   -804.95342593
   -804.94394934
   -804.94451084
   -804.90622462
   -804.97658822
   -804.94578541
   -804.91263470
   -804.91095991
   -804.96880354
   -804.96369448
   -804.92105795
   -804.98380361
   -804.97769631
   -804.93901786
   -804.97917252
   -804.95886454
   -804.95838095
   -804.96284312
   -804.98312476
   -804.94394315
   -804.98048965
   -804.98017908
   -804.95130137
   -804.95842807
   -804.97850052
   -804.95622401
   -804.89969245
   -804.95511097
   -804.95217128
   -804.98649270
   -804.95337609
   -804.97980200
   -804.96475859
   -804.96138237
   -804.93902464
   -804.93769721
   -804.91482633
   -804.95083379
   -804.97842408
   -804.95732377
   -804.95694571
   -804.94344029
   -804.92293339
   -804.96110261
   -804.87635547
   -804.96026019
   -804.97465397
   -804.92533029
   -804.97636907
   -804.96548951
   -804.94346595
   -804.94739746
   -804.96232733
   -804.93675973
   -805.00139441
   -804.95464505
   -804.94663180
   -804.94913434
   -804.95122517
   -804.88996474
   -804.96273495
   -804.92407341
   -804.95215345
   -804.93284360
   -804.92814932
   -804.95689674
   -804.95861700
   -804.97050281
   -804.96836355
   -804.98136341
   -804.97038472
   -804.93103611
   -804.95736590
   -804.98634882
   -804.95451814
   -804.94387205
   -804.95684969
   -804.98738626
   -804.95527167
   -804.92285397
   -804.96191064
   -804.96068117
   -804.96322611
   -804.97946537
   -804.91559968
   -804.93381439
   -804.96813685
   -804.93127046
   -804.96347034
   -804.96077914
   -804.97127385
   -804.96841268
   -804.97525531
   -804.94604036
   -804.95845999
   -804.96726936
   -804.96960012
   -804.95119648
