% The following energies apply to conformations described by the topology 
% R02_iter1.top.  Structures are given in trajectory coords.cdf, count: 110.

% Item 0:
%   Energy -> orca_structures/coor*/NConf*.out
   -804.99666032
   -805.00302639
   -805.01182454
   -805.00971830
   -805.00876590
   -805.01367539
   -805.01175118
   -805.00849146
   -805.00645083
   -805.00760687
   -805.01256974
   -805.00970387
   -805.00285138
   -805.01104548
   -805.01193851
   -805.01071210
   -805.01154236
   -805.01222940
   -805.00878399
   -805.01145775
   -805.01474830
   -805.01524482
   -805.01283581
   -805.00939296
   -805.00447820
   -805.01503900
   -805.01236265
   -805.00878825
   -805.01710922
   -805.01103426
   -805.01261580
   -805.01017852
   -805.01178514
   -805.01441154
   -805.01437317
   -805.00956513
   -805.00712516
   -805.00918882
   -805.01118725
   -805.01042900
   -805.01187287
   -805.00329796
   -805.00994499
   -805.01511512
   -805.01047611
   -805.00547932
   -805.00903532
   -805.00885411
   -805.01305246
   -805.00558928
   -805.01217564
   -805.00977071
   -805.00456988
   -805.01220771
   -805.00942698
   -805.01531972
   -805.00900880
   -805.00940703
   -805.00972920
   -805.01054487
   -805.01450250
   -805.01398313
   -805.00430581
   -805.00999879
   -805.01029505
   -805.00870527
   -805.01456125
   -805.01279522
   -805.01294563
   -805.01504392
   -805.00953229
   -805.01312606
   -805.01137113
   -805.00761709
   -805.00846261
   -805.00570027
   -805.00943804
   -805.01040923
   -805.00956077
   -805.01371641
   -805.01549707
   -805.00917453
   -805.01523281
   -805.01175293
   -805.00796971
   -805.01021954
   -805.00942460
   -805.00462850
   -804.99675150
   -804.99904580
   -805.01282439
   -805.01205964
   -805.01155507
   -805.01267268
   -805.00964848
   -805.01108128
   -805.01215392
   -805.01160739
   -805.01597604
   -805.01180941
   -805.00954949
   -805.01377696
   -805.00953639
   -805.00927103
   -805.01285799
   -805.01125011
   -805.01015915
   -805.01028302
   -805.01252473
   -805.00858532
