% The following energies apply to conformations described by the topology 
% R62.top.  Structures are given in trajectory coords.cdf, count: 2518.

% Item 0:
%   Energy -> orca_structures/coor*/Conf*.out
   -817.32661628
   -817.34065120
   -817.38340397
   -817.35568243
   -817.32491810
   -817.20032216
   -817.32388171
   -817.39340474
   -817.25758443
   -817.30695754
   -817.26840302
   -817.35188782
   -817.38845170
   -817.35817904
   -817.30760135
   -817.27786134
   -817.32561963
   -817.31467081
   -817.37958609
   -817.33720110
   -817.36951787
   -817.27344544
   -817.36644426
   -817.34010204
   -817.37324947
   -817.36428924
   -817.33048187
   -817.22415945
   -817.31599774
   -817.27278585
   -817.33921791
   -817.30352812
   -817.35722450
   -817.33332383
   -817.34388933
   -817.32239341
   -817.37793611
   -817.34499243
   -817.34030936
   -817.37283098
   -817.34077641
   -817.33994789
   -817.32363081
   -817.38962496
   -817.22529340
   -817.32696931
   -817.25902587
   -817.36317855
   -817.37239953
   -817.30226529
   -817.36524512
   -817.33775425
   -817.27518521
   -817.35128739
   -817.26130492
   -817.36202944
   -817.24708505
   -817.35817075
   -817.32711748
   -817.33618541
   -817.38571960
   -817.35058505
   -817.31597345
   -817.36445841
   -817.30940097
   -817.35838656
   -817.36117032
   -817.21890221
   -817.35913666
   -817.25638077
   -817.35099022
   -817.27146067
   -817.37002311
   -817.38473069
   -817.37630509
   -817.32428433
   -817.33346934
   -817.36286018
   -817.38928565
   -817.31870840
   -817.32555358
   -817.36380474
   -817.32311840
   -817.35430694
   -817.35102739
   -817.34123815
   -817.31601109
   -817.33519890
   -817.27820727
   -817.38226253
   -817.32772727
   -817.33847947
   -817.30515027
   -817.39685873
   -817.31836572
   -817.36147911
   -817.28005928
   -817.33631974
   -817.35339464
   -817.35630136
   -817.28872425
   -817.37211111
   -817.30236803
   -817.34754761
   -817.33187893
   -817.30209111
   -817.36287986
   -817.36847997
   -817.23658295
   -817.31382179
   -817.25027764
   -817.32458258
   -817.37455652
   -817.33423859
   -817.36551430
   -817.19417274
   -817.31903748
   -817.37712006
   -817.34534789
   -817.32440705
   -817.34049418
   -817.22191159
   -817.35095640
   -817.32251061
   -817.35186567
   -817.32952009
   -817.36849860
   -817.34353485
   -817.31463547
   -817.37172138
   -817.31822918
   -817.38536497
   -817.35032063
   -817.23988563
   -817.33616308
   -817.33209570
   -817.31823319
   -817.39544976
   -817.34066323
   -817.36362293
   -817.28658473
   -817.33289961
   -817.36961009
   -817.36642186
   -817.38274012
   -817.32473147
   -817.21350277
   -817.34137147
   -817.28520436
   -817.34577825
   -817.24428987
   -817.32290286
   -817.36397159
   -817.31253500
   -817.35885281
   -817.28806231
   -817.30877269
   -817.35923787
   -817.36058572
   -817.39544278
   -817.36713986
   -817.25979442
   -817.37797570
   -817.33745641
   -817.29318936
   -817.27309941
   -817.33574951
   -817.31986166
   -817.27343138
   -817.37665294
   -817.33273130
   -817.29116873
   -817.35152870
   -817.36502096
   -817.26362800
   -817.34775697
   -817.22354839
   -817.29188964
   -817.33293853
   -817.29837291
   -817.35228053
   -817.37006305
   -817.34954734
   -817.22133249
   -817.36003006
   -817.37540802
   -817.30798643
   -817.37474379
   -817.34465712
   -817.21425548
   -817.24205923
   -817.36515071
   -817.32273355
   -817.37152166
   -817.23617968
   -817.36946907
   -817.32807890
   -817.33271232
   -817.33595890
   -817.31832529
   -817.30368368
   -817.34663301
   -817.24189636
   -817.37690427
   -817.36553050
   -817.34684503
   -817.30125801
   -817.34387200
   -817.24157482
   -817.34042129
   -817.33420320
   -817.35807789
   -817.33144370
   -817.37320508
   -817.32684615
   -817.25006633
   -817.38868781
   -817.33589100
   -817.35161582
   -817.34588525
   -817.35744084
   -817.32159352
   -817.31802345
   -817.33441598
   -817.29822558
   -817.33382541
   -817.35284215
   -817.36264640
   -817.21022774
   -817.36463595
   -817.34453368
   -817.31454663
   -817.33574005
   -817.32081578
   -817.26091021
   -817.35201059
   -817.38383183
   -817.33875130
   -817.37949723
   -817.37283230
   -817.36131300
   -817.34914347
   -817.33705618
   -817.34666738
   -817.32456983
   -817.40675673
   -817.32742761
   -817.24945756
   -817.32345596
   -817.29088672
   -817.34649101
   -817.33806345
   -817.34532545
   -817.32153607
   -817.22950481
   -817.33835072
   -817.36463465
   -817.37817279
   -817.36239495
   -817.26516142
   -817.37804488
   -817.36917853
   -817.36809362
   -817.38721941
   -817.36941752
   -817.25589525
   -817.29309157
   -817.37378415
   -817.30475835
   -817.35845792
   -817.35019302
   -817.38365227
   -817.34931996
   -817.37019477
   -817.37183510
   -817.36226025
   -817.34474644
   -817.32864778
   -817.34218158
   -817.34896305
   -817.32858078
   -817.33719853
   -817.33856897
   -817.28503262
   -817.36026676
   -817.33128836
   -817.35083156
   -817.33808752
   -817.37940537
   -817.37406074
   -817.38056789
   -817.37199500
   -817.33962255
   -817.25094983
   -817.36987229
   -817.36193931
   -817.36333977
   -817.33097153
   -817.35337806
   -817.32611721
   -817.33221108
   -817.35059879
   -817.32840368
   -817.35020125
   -817.34123945
   -817.34021088
   -817.36611394
   -817.33754213
   -817.33586700
   -817.32187641
   -817.38245244
   -817.35844103
   -817.35464266
   -817.34021731
   -817.36567164
   -817.33140741
   -817.36583141
   -817.34923996
   -817.35251004
   -817.35453327
   -817.38351923
   -817.34801831
   -817.37812129
   -817.31943935
   -817.37103500
   -817.36798360
   -817.34863413
   -817.35735057
   -817.27853419
   -817.36240856
   -817.27283510
   -817.33537345
   -817.37120504
   -817.37727984
   -817.29429111
   -817.34554009
   -817.25412186
   -817.34572083
   -817.38211227
   -817.35468951
   -817.35005984
   -817.34759980
   -817.37042962
   -817.34840664
   -817.34857381
   -817.38719906
   -817.35261872
   -817.34463628
   -817.35959510
   -817.33203379
   -817.33592009
   -817.25655207
   -817.37929491
   -817.35221453
   -817.36428934
   -817.35953379
   -817.35154540
   -817.21896538
   -817.38019734
   -817.35839466
   -817.36363411
   -817.28979497
   -817.33138213
   -817.35406218
   -817.36452280
   -817.35501892
   -817.33242735
   -817.20087265
   -817.35533303
   -817.26852443
   -817.33909173
   -817.39291575
   -817.37842645
   -817.27759256
   -817.37139284
   -817.34657888
   -817.33238765
   -817.37318376
   -817.35755474
   -817.36605867
   -817.35185753
   -817.32034594
   -817.36355058
   -817.32931589
   -817.32486606
   -817.37098361
   -817.38575226
   -817.40786327
   -817.34995894
   -817.31782611
   -817.34618917
   -817.35074920
   -817.21653303
   -817.26892750
   -817.35850556
   -817.29223964
   -817.24160560
   -817.35448019
   -817.33886877
   -817.34453222
   -817.35363036
   -817.35625759
   -817.32437871
   -817.28261241
   -817.27408926
   -817.24168058
   -817.34820750
   -817.33964959
   -817.24753337
   -817.37623103
   -817.37738095
   -817.35241137
   -817.37608837
   -817.35491839
   -817.24017981
   -817.35655400
   -817.34480692
   -817.36011165
   -817.37489211
   -817.30967541
   -817.38023062
   -817.32704297
   -817.31641711
   -817.28094360
   -817.37160761
   -817.32602738
   -817.28810416
   -817.34547809
   -817.35811152
   -817.34409726
   -817.31748148
   -817.30833852
   -817.37973201
   -817.35757579
   -817.32060495
   -817.33956218
   -817.29129422
   -817.33559929
   -817.33146469
   -817.35552460
   -817.34276531
   -817.37380428
   -817.37994054
   -817.35834854
   -817.36686445
   -817.25195861
   -817.33331903
   -817.31440635
   -817.35799319
   -817.38160062
   -817.35714178
   -817.31812972
   -817.35053718
   -817.35359048
   -817.33149302
   -817.36429740
   -817.34957885
   -817.32756550
   -817.37496167
   -817.36109082
   -817.36126767
   -817.35704262
   -817.34880685
   -817.26214070
   -817.35310055
   -817.34119300
   -817.34857087
   -817.19724525
   -817.33411193
   -817.35802539
   -817.33287685
   -817.36385012
   -817.35579377
   -817.32846920
   -817.27784536
   -817.38169213
   -817.26324501
   -817.37128369
   -817.36693538
   -817.37358647
   -817.36970214
   -817.35370717
   -817.34105690
   -817.33601036
   -817.36868449
   -817.34965428
   -817.32022542
   -817.36600898
   -817.36153031
   -817.27822116
   -817.38168965
   -817.36092046
   -817.38672408
   -817.34702232
   -817.33546897
   -817.28558482
   -817.34885714
   -817.33328776
   -817.23070182
   -817.36078092
   -817.35637939
   -817.28691288
   -817.34480215
   -817.35344794
   -817.35134260
   -817.34156081
   -817.36164328
   -817.32972724
   -817.36268073
   -817.33917719
   -817.38094006
   -817.35293726
   -817.35497739
   -817.33925713
   -817.34508843
   -817.30891583
   -817.28732917
   -817.20470654
   -817.36173761
   -817.36540323
   -817.35818491
   -817.29132557
   -817.33435445
   -817.38556280
   -817.21488866
   -817.38376585
   -817.31365679
   -817.34857335
   -817.36172559
   -817.34420475
   -817.36272494
   -817.34818551
   -817.32953679
   -817.35155143
   -817.34398277
   -817.37157592
   -817.34655714
   -817.23110541
   -817.36813877
   -817.35508494
   -817.26464172
   -817.28852308
   -817.34333495
   -817.24966272
   -817.34912976
   -817.25610835
   -817.37065904
   -817.34360356
   -817.29043482
   -817.35678564
   -817.33194127
   -817.33734759
   -817.32688797
   -817.34765309
   -817.35821995
   -817.34410791
   -817.28547643
   -817.22454282
   -817.36258273
   -817.28590429
   -817.24554827
   -817.38196799
   -817.37794115
   -817.38924493
   -817.33664953
   -817.32862167
   -817.24537850
   -817.34020178
   -817.24399575
   -817.25389475
   -817.19673318
   -817.18960961
   -817.34919510
   -817.38899338
   -817.38054968
   -817.37013787
   -817.21279800
   -817.37394558
   -817.38734038
   -817.31646042
   -817.37739530
   -817.39032342
   -817.24016209
   -817.35341351
   -817.34396715
   -817.35161382
   -817.34244790
   -817.30775481
   -817.28815661
   -817.33451479
   -817.30273667
   -817.34014295
   -817.37293827
   -817.35541666
   -817.14700398
   -817.36549883
   -817.32882437
   -817.35073400
   -817.39606065
   -817.37097729
   -817.35880489
   -817.37920240
   -817.37048975
   -817.32560962
   -817.32536476
   -817.33578545
   -817.27806503
   -817.36689870
   -817.34031083
   -817.33277550
   -817.34315679
   -817.34159493
   -817.36737686
   -817.38200966
   -817.25471989
   -817.35793337
   -817.35203640
   -817.21725456
   -817.29304948
   -817.39532158
   -817.35443892
   -817.38152460
   -817.35767850
   -817.32315399
   -817.31885295
   -817.34694649
   -817.37168010
   -817.34368710
   -817.25418802
   -817.17668947
   -817.34192535
   -817.33464301
   -817.36964376
   -817.35536769
   -817.36854295
   -817.27301191
   -817.25596814
   -817.37730292
   -817.26696798
   -817.33310574
   -817.24407574
   -817.35343285
   -817.35565059
   -817.25902444
   -817.34523404
   -817.35091378
   -817.35263577
   -817.38285395
   -817.38537438
   -817.26079214
   -817.36971427
   -817.33074394
   -817.37822480
   -817.37881666
   -817.38958094
   -817.34417144
   -817.30018350
   -817.35124608
   -817.32180362
   -817.25820725
   -817.33200262
   -817.30206898
   -817.31667876
   -817.32240467
   -817.36449423
   -817.34191881
   -817.36493615
   -817.34660678
   -817.39608253
   -817.33339275
   -817.39586480
   -817.24917951
   -817.33185927
   -817.35394307
   -817.34959549
   -817.35608822
   -817.25522323
   -817.38271251
   -817.18569455
   -817.34444912
   -817.33918795
   -817.27080595
   -817.35969843
   -817.29527804
   -817.32147867
   -817.33513765
   -817.33316665
   -817.28339840
   -817.35809194
   -817.33552305
   -817.30077423
   -817.37689233
   -817.25844400
   -817.37101757
   -817.33458962
   -817.34391356
   -817.32256436
   -817.19826365
   -817.30386222
   -817.33017218
   -817.36533946
   -817.21820397
   -817.33456811
   -817.35409395
   -817.25150873
   -817.25221226
   -817.31728676
   -817.37582798
   -817.36736313
   -817.37139076
   -817.35484896
   -817.34708023
   -817.39156954
   -817.34926121
   -817.33168899
   -817.21833093
   -817.25905812
   -817.33765726
   -817.29898956
   -817.35833385
   -817.37723611
   -817.27437703
   -817.30116354
   -817.37101490
   -817.26497969
   -817.20403919
   -817.36722218
   -817.37044737
   -817.33756770
   -817.38041680
   -817.35548588
   -817.37754437
   -817.26913244
   -817.32985101
   -817.34698261
   -817.35196897
   -817.26877600
   -817.35899082
   -817.31984132
   -817.35804023
   -817.38964815
   -817.26220793
   -817.39084001
   -817.33991235
   -817.30135750
   -817.30476909
   -817.30055168
   -817.33199616
   -817.27320316
   -817.22368951
   -817.37124799
   -817.37986273
   -817.35144595
   -817.37592360
   -817.32539489
   -817.38288021
   -817.34136133
   -817.32583073
   -817.35247184
   -817.36511729
   -817.35451655
   -817.36840450
   -817.38896940
   -817.36419992
   -817.35242574
   -817.38564020
   -817.34961973
   -817.34540484
   -817.35077725
   -817.35927582
   -817.35402545
   -817.34164229
   -817.35902118
   -817.32749021
   -817.33599452
   -817.34726052
   -817.34392544
   -817.24234367
   -817.39005278
   -817.35293633
   -817.33523283
   -817.38327815
   -817.33012049
   -817.21262603
   -817.34889157
   -817.37623069
   -817.36094260
   -817.36681336
   -817.33142040
   -817.25845513
   -817.27638111
   -817.36694810
   -817.29732704
   -817.34193058
   -817.35304024
   -817.33088764
   -817.24282348
   -817.37053425
   -817.36377189
   -817.32407199
   -817.36048806
   -817.23063794
   -817.37458233
   -817.34524331
   -817.35646205
   -817.37122844
   -817.37640579
   -817.32345133
   -817.29722413
   -817.36979507
   -817.32835408
   -817.35325489
   -817.36442113
   -817.35424548
   -817.35898825
   -817.38514913
   -817.36890860
   -817.33560267
   -817.33348415
   -817.33009161
   -817.35121130
   -817.34516101
   -817.34837332
   -817.31367165
   -817.34774665
   -817.38282005
   -817.29006916
   -817.26942010
   -817.25512922
   -817.25490615
   -817.34539832
   -817.32367568
   -817.36189859
   -817.36691608
   -817.34408121
   -817.33196132
   -817.25308301
   -817.36091834
   -817.39097285
   -817.24790479
   -817.34608114
   -817.22748217
   -817.34704114
   -817.36842467
   -817.37941621
   -817.34775954
   -817.35401762
   -817.35473809
   -817.29668410
   -817.32482981
   -817.34036072
   -817.21545322
   -817.34607484
   -817.35440153
   -817.35074921
   -817.31531557
   -817.38314092
   -817.38707330
   -817.34430483
   -817.26472551
   -817.37607480
   -817.37767661
   -817.30527556
   -817.30075869
   -817.34825954
   -817.34397659
   -817.31464123
   -817.33757843
   -817.28827852
   -817.33475059
   -817.36687774
   -817.25254815
   -817.35769250
   -817.35431447
   -817.35476493
   -817.34008479
   -817.35594797
   -817.31482963
   -817.36022011
   -817.36690646
   -817.31157550
   -817.30510478
   -817.34198299
   -817.31665623
   -817.31391595
   -817.35262699
   -817.34151910
   -817.37833402
   -817.35046538
   -817.35319763
   -817.36029665
   -817.36688741
   -817.36952990
   -817.32575646
   -817.35691349
   -817.36465189
   -817.33428514
   -817.35223666
   -817.37507443
   -817.34386329
   -817.31378055
   -817.34788114
   -817.37229674
   -817.37324911
   -817.31330715
   -817.36851479
   -817.29227413
   -817.36666377
   -817.36470197
   -817.25610099
   -817.34702396
   -817.34219106
   -817.35323826
   -817.34312556
   -817.33221360
   -817.35140728
   -817.34824519
   -817.31797447
   -817.26170330
   -817.33866177
   -817.37165058
   -817.30858420
   -817.33269557
   -817.33001020
   -817.33408457
   -817.29355819
   -817.37477951
   -817.36684742
   -817.16592233
   -817.34607452
   -817.40184079
   -817.36137097
   -817.39156263
   -817.26965185
   -817.38040135
   -817.30129668
   -817.33051221
   -817.38035091
   -817.38384385
   -817.39298360
   -817.40284177
   -817.23186600
   -817.28503902
   -817.36528927
   -817.33730428
   -817.37439685
   -817.19999602
   -817.33816669
   -817.24934569
   -817.40089433
   -817.37239378
   -817.25120886
   -817.19462972
   -817.36535452
   -817.36616776
   -817.34309414
   -817.35895584
   -817.25221810
   -817.33927063
   -817.34993176
   -817.37576787
   -817.22303455
   -817.23045990
   -817.25990427
   -817.35372463
   -817.36372226
   -817.34058759
   -817.34600081
   -817.35614429
   -817.36879474
   -817.38350167
   -817.34470955
   -817.31500570
   -817.32292577
   -817.35340421
   -817.35254398
   -817.19878028
   -817.34114969
   -817.36321885
   -817.17981841
   -817.36655370
   -817.35269451
   -817.35843344
   -817.38269471
   -817.36288393
   -817.27986542
   -817.34679273
   -817.25993019
   -817.36844402
   -817.28765930
   -817.31173933
   -817.33164444
   -817.27766755
   -817.24494135
   -817.31441431
   -817.33167209
   -817.36772882
   -817.38347143
   -817.35784749
   -817.31542292
   -817.38249072
   -817.37818342
   -817.37216951
   -817.37357234
   -817.33464845
   -817.23680539
   -817.38330022
   -817.26153486
   -817.37141048
   -817.34711894
   -817.34088540
   -817.28524440
   -817.33829178
   -817.29066973
   -817.25265632
   -817.37308134
   -817.34074320
   -817.29725675
   -817.24439843
   -817.33421183
   -817.35962290
   -817.29541117
   -817.36127090
   -817.35567057
   -817.28289239
   -817.27316431
   -817.35712847
   -817.33368300
   -817.23330090
   -817.35953016
   -817.36463960
   -817.34717451
   -817.31606460
   -817.32235738
   -817.35765572
   -817.29817939
   -817.31092716
   -817.28490926
   -817.30655820
   -817.19194120
   -817.33259457
   -817.37750214
   -817.35498293
   -817.25364082
   -817.25575044
   -817.37868190
   -817.30469981
   -817.28599062
   -817.32926126
   -817.31198229
   -817.26725354
   -817.36395228
   -817.35235472
   -817.36571426
   -817.39109645
   -817.26468438
   -817.36590152
   -817.25306660
   -817.26027859
   -817.25645107
   -817.36298626
   -817.29330757
   -817.37883501
   -817.34458004
   -817.34499790
   -817.37777665
   -817.31557396
   -817.36944871
   -817.30918915
   -817.27297101
   -817.33261511
   -817.37626671
   -817.28768083
   -817.27604134
   -817.32212396
   -817.31274825
   -817.38333363
   -817.35342541
   -817.36321302
   -817.27782211
   -817.31591996
   -817.32470819
   -817.34995162
   -817.33443507
   -817.35617351
   -817.35703455
   -817.34733411
   -817.36583304
   -817.35424172
   -817.27845442
   -817.25742806
   -817.28609810
   -817.23225181
   -817.31675715
   -817.35211867
   -817.26303235
   -817.35635106
   -817.37049494
   -817.38149548
   -817.37605593
   -817.34024675
   -817.26029510
   -817.30740581
   -817.34881432
   -817.36773650
   -817.34402279
   -817.37027769
   -817.36037956
   -817.24381646
   -817.35624330
   -817.36963147
   -817.36939089
   -817.38590190
   -817.39010763
   -817.35949275
   -817.29342012
   -817.33192035
   -817.33359190
   -817.34810248
   -817.37247275
   -817.33481374
   -817.34576656
   -817.22685851
   -817.31592564
   -817.24318328
   -817.36384502
   -817.30653084
   -817.36184065
   -817.34988220
   -817.32620934
   -817.34618409
   -817.37683600
   -817.32666671
   -817.36507216
   -817.36393143
   -817.36354723
   -817.35876064
   -817.32975423
   -817.37551592
   -817.36551688
   -817.36850962
   -817.35991168
   -817.37809563
   -817.33744948
   -817.33231474
   -817.25177626
   -817.36553542
   -817.32047736
   -817.35838683
   -817.35741870
   -817.23388997
   -817.31875908
   -817.35215986
   -817.37627467
   -817.34712611
   -817.30200275
   -817.34528346
   -817.34629518
   -817.36132752
   -817.39696518
   -817.36362610
   -817.35270857
   -817.35173656
   -817.37500722
   -817.33741515
   -817.35598768
   -817.37578540
   -817.35273995
   -817.38048766
   -817.37127610
   -817.37048674
   -817.28461613
   -817.35342802
   -817.25695887
   -817.35143602
   -817.35740615
   -817.33947065
   -817.35731571
   -817.29719149
   -817.33298932
   -817.34521797
   -817.34658713
   -817.28453931
   -817.27448989
   -817.35360880
   -817.35547101
   -817.37293815
   -817.38199254
   -817.37703456
   -817.36137789
   -817.34824841
   -817.33043064
   -817.36306676
   -817.35859387
   -817.27664119
   -817.27886080
   -817.28932741
   -817.34526461
   -817.35777397
   -817.34151972
   -817.34236108
   -817.36549845
   -817.39061149
   -817.19270400
   -817.28712883
   -817.34065163
   -817.37180036
   -817.33131575
   -817.36621914
   -817.29302148
   -817.34561915
   -817.36194376
   -817.35853709
   -817.28184746
   -817.33298014
   -817.33444426
   -817.32337597
   -817.35733146
   -817.18935477
   -817.34001566
   -817.36058476
   -817.35664525
   -817.33537231
   -817.20058419
   -817.34444278
   -817.36095396
   -817.24312916
   -817.35466604
   -817.33410864
   -817.35692311
   -817.35273610
   -817.32782992
   -817.26221350
   -817.32419122
   -817.25388370
   -817.25626791
   -817.36436918
   -817.33945229
   -817.34164153
   -817.36842133
   -817.34636724
   -817.28472860
   -817.27792081
   -817.37351347
   -817.32867567
   -817.34469285
   -817.38681089
   -817.34240656
   -817.35379926
   -817.23218570
   -817.34618413
   -817.30111369
   -817.29524730
   -817.34434218
   -817.35292141
   -817.29125283
   -817.38145571
   -817.31225196
   -817.32691247
   -817.36467628
   -817.32577567
   -817.27196807
   -817.28536150
   -817.33865660
   -817.36082492
   -817.39055059
   -817.37067582
   -817.34053180
   -817.35470132
   -817.30949111
   -817.35790612
   -817.20075751
   -817.29925048
   -817.38506113
   -817.32706972
   -817.32877985
   -817.34394209
   -817.36820126
   -817.35741056
   -817.32482918
   -817.29471020
   -817.37272950
   -817.37016904
   -817.26672601
   -817.31373533
   -817.29307183
   -817.35608984
   -817.32599182
   -817.32155854
   -817.29798258
   -817.34913029
   -817.32152605
   -817.32736719
   -817.36071198
   -817.30419174
   -817.35192372
   -817.31362879
   -817.32938373
   -817.29321131
   -817.31475165
   -817.34512523
   -817.37330467
   -817.33210309
   -817.32666697
   -817.25245272
   -817.35096810
   -817.30635052
   -817.36411483
   -817.34725529
   -817.34794820
   -817.21185135
   -817.35364365
   -817.38023347
   -817.34118083
   -817.29680176
   -817.31415259
   -817.34522858
   -817.27203026
   -817.37181883
   -817.33293929
   -817.35670721
   -817.34474054
   -817.34563208
   -817.31661566
   -817.35457222
   -817.38330214
   -817.36084222
   -817.36931391
   -817.28195610
   -817.23257084
   -817.35629324
   -817.24967411
   -817.25794731
   -817.29009494
   -817.27644842
   -817.31379307
   -817.34852638
   -817.30038926
   -817.34309430
   -817.37594905
   -817.33895868
   -817.25780800
   -817.32055866
   -817.24433523
   -817.34004676
   -817.37536171
   -817.36178545
   -817.18710804
   -817.35963964
   -817.36159345
   -817.33788212
   -817.25790508
   -817.33699551
   -817.30368786
   -817.30578105
   -817.37076233
   -817.30605137
   -817.32042105
   -817.35822766
   -817.36551447
   -817.34401294
   -817.32113670
   -817.38615341
   -817.22067234
   -817.32090767
   -817.27792897
   -817.27796070
   -817.27551751
   -817.33434644
   -817.26958666
   -817.27625638
   -817.34982291
   -817.37398847
   -817.30163692
   -817.36959695
   -817.37540248
   -817.33946300
   -817.35053385
   -817.31394668
   -817.36185391
   -817.34098402
   -817.36168769
   -817.35806627
   -817.34323553
   -817.35410303
   -817.33268390
   -817.24671651
   -817.36931332
   -817.27090356
   -817.31860768
   -817.26794196
   -817.31695698
   -817.36665266
   -817.35584946
   -817.30715081
   -817.33682915
   -817.32915966
   -817.37619446
   -817.25801857
   -817.39067175
   -817.33261158
   -817.34279238
   -817.33846070
   -817.38658941
   -817.31092236
   -817.35587730
   -817.32508307
   -817.35351054
   -817.38131474
   -817.34803136
   -817.30566358
   -817.29422618
   -817.31229587
   -817.35612518
   -817.31873756
   -817.36880956
   -817.33053272
   -817.33909987
   -817.24835068
   -817.33533042
   -817.35785686
   -817.21105352
   -817.23041571
   -817.34061465
   -817.28064448
   -817.19702035
   -817.35577702
   -817.33561749
   -817.36769247
   -817.35789937
   -817.36787131
   -817.19264409
   -817.34220670
   -817.29055317
   -817.34900477
   -817.26344323
   -817.29046264
   -817.38630221
   -817.29516244
   -817.32886700
   -817.33462956
   -817.30333731
   -817.38244293
   -817.36132005
   -817.35870213
   -817.28109292
   -817.34933721
   -817.34830803
   -817.36343135
   -817.35519403
   -817.27726897
   -817.39991366
   -817.35311437
   -817.32399101
   -817.36176392
   -817.35722423
   -817.37730728
   -817.36156543
   -817.34809144
   -817.29143405
   -817.26334308
   -817.24900419
   -817.35298750
   -817.37657304
   -817.32581335
   -817.22012725
   -817.37335760
   -817.38200788
   -817.32102554
   -817.32764480
   -817.36381291
   -817.37552288
   -817.30964182
   -817.29278986
   -817.34524356
   -817.36165765
   -817.23172942
   -817.31665273
   -817.34963442
   -817.29061416
   -817.35398039
   -817.28481135
   -817.27056589
   -817.36830707
   -817.35003220
   -817.35735863
   -817.36036865
   -817.33162575
   -817.38348819
   -817.35165015
   -817.36762327
   -817.37640052
   -817.25592248
   -817.29687652
   -817.27526357
   -817.37167367
   -817.30853446
   -817.26889226
   -817.35759446
   -817.31852893
   -817.35519264
   -817.32249334
   -817.33678610
   -817.33493955
   -817.35172586
   -817.30182666
   -817.31872658
   -817.33350693
   -817.38191436
   -817.34395742
   -817.35814461
   -817.28225378
   -817.38436812
   -817.36335240
   -817.27626469
   -817.34263442
   -817.35887166
   -817.35178297
   -817.37159910
   -817.35689448
   -817.38131614
   -817.33462912
   -817.33994532
   -817.35999331
   -817.36349411
   -817.12636169
   -817.23645051
   -817.35909891
   -817.21167223
   -817.33943637
   -817.34286834
   -817.37908498
   -817.27522243
   -817.35212047
   -817.24908093
   -817.35425450
   -817.37817923
   -817.36343364
   -817.33962172
   -817.35504785
   -817.37124199
   -817.36691104
   -817.26653901
   -817.36765946
   -817.28354740
   -817.34464801
   -817.32458151
   -817.35136041
   -817.29170343
   -817.37426405
   -817.33391379
   -817.30885470
   -817.34226114
   -817.36709770
   -817.35931367
   -817.35754056
   -817.37021224
   -817.36590731
   -817.34841984
   -817.31565502
   -817.28065020
   -817.37529216
   -817.35794490
   -817.20498202
   -817.39181567
   -817.29124861
   -817.31550329
   -817.40489705
   -817.33331622
   -817.32926904
   -817.36519833
   -817.36881131
   -817.31198744
   -817.33361770
   -817.36829492
   -817.32058622
   -817.24627159
   -817.26572114
   -817.33028198
   -817.36616154
   -817.34776191
   -817.34640675
   -817.36415722
   -817.31707736
   -817.32090430
   -817.34467278
   -817.36778774
   -817.37712112
   -817.36289037
   -817.38327971
   -817.34084657
   -817.35545279
   -817.37453530
   -817.35361956
   -817.34809287
   -817.28631579
   -817.32854616
   -817.27234966
   -817.26676158
   -817.30759551
   -817.36686569
   -817.37860707
   -817.37950633
   -817.30418178
   -817.28723214
   -817.36496628
   -817.27051905
   -817.38604233
   -817.35028648
   -817.32293475
   -817.28672918
   -817.28957615
   -817.32916691
   -817.35095743
   -817.35430325
   -817.32997477
   -817.34204635
   -817.32313159
   -817.35069113
   -817.37198681
   -817.31505464
   -817.33892203
   -817.35836156
   -817.32498877
   -817.24910909
   -817.36217489
   -817.38023689
   -817.37539062
   -817.35915685
   -817.37081573
   -817.31825531
   -817.32029489
   -817.24901565
   -817.28985522
   -817.25672383
   -817.33522489
   -817.34466147
   -817.22954407
   -817.36192809
   -817.28661597
   -817.35529366
   -817.35605808
   -817.36315181
   -817.31763225
   -817.35825225
   -817.36818526
   -817.29368781
   -817.29001963
   -817.34630172
   -817.23107095
   -817.30989872
   -817.33585718
   -817.34777957
   -817.35721136
   -817.38540714
   -817.36872099
   -817.37619070
   -817.33802064
   -817.31681942
   -817.31500068
   -817.35695794
   -817.26456525
   -817.38692555
   -817.33744146
   -817.22228234
   -817.26045063
   -817.37287396
   -817.33973632
   -817.35816136
   -817.34409878
   -817.35272445
   -817.36430022
   -817.37795427
   -817.18520049
   -817.28662941
   -817.34247250
   -817.35751232
   -817.35818410
   -817.18995974
   -817.37753680
   -817.35852427
   -817.36187024
   -817.37052709
   -817.36812729
   -817.37205808
   -817.33038765
   -817.37849095
   -817.30799099
   -817.31973009
   -817.36017628
   -817.35181126
   -817.27017888
   -817.34748567
   -817.28693338
   -817.31192469
   -817.34815920
   -817.36690195
   -817.20992824
   -817.30868547
   -817.28196685
   -817.36869801
   -817.30725840
   -817.34459202
   -817.26295428
   -817.35003848
   -817.36949698
   -817.36456428
   -817.37845159
   -817.35014409
   -817.33338113
   -817.34009118
   -817.38245852
   -817.34321114
   -817.20092645
   -817.37070419
   -817.36045481
   -817.29233468
   -817.32151678
   -817.36843063
   -817.31770360
   -817.33679679
   -817.35535591
   -817.31201127
   -817.37460605
   -817.37266139
   -817.33244703
   -817.32522061
   -817.20240147
   -817.34719838
   -817.34266470
   -817.31563296
   -817.35143249
   -817.29254418
   -817.34024436
   -817.19294368
   -817.36008373
   -817.38241993
   -817.30643218
   -817.29058439
   -817.18002741
   -817.32991393
   -817.36332426
   -817.29620049
   -817.26856611
   -817.14374255
   -817.35203438
   -817.36495584
   -817.38014419
   -817.36112471
   -817.36598318
   -817.35496018
   -817.32369981
   -817.34395142
   -817.35595651
   -817.30720825
   -817.38412448
   -817.26586892
   -817.26699495
   -817.34961620
   -817.36258459
   -817.35460400
   -817.30551112
   -817.27472799
   -817.35376498
   -817.34849617
   -817.36389753
   -817.28079558
   -817.37059669
   -817.32236845
   -817.33682922
   -817.24867507
   -817.34322457
   -817.32165331
   -817.34403880
   -817.33254813
   -817.36608404
   -817.35977055
   -817.31420017
   -817.36044697
   -817.37865430
   -817.32231630
   -817.36049721
   -817.37136458
   -817.21755083
   -817.35397334
   -817.35873065
   -817.35064467
   -817.33718510
   -817.34550625
   -817.35760408
   -817.19448205
   -817.31352370
   -817.28861175
   -817.31265234
   -817.37943989
   -817.29788768
   -817.36885947
   -817.37306095
   -817.35566707
   -817.36634296
   -817.32611628
   -817.28059468
   -817.32107799
   -817.26819839
   -817.36189743
   -817.33066661
   -817.36829015
   -817.37553664
   -817.35208666
   -817.37104494
   -817.38076077
   -817.29508580
   -817.33382771
   -817.24339008
   -817.31265072
   -817.34514082
   -817.33011088
   -817.24202744
   -817.36994572
   -817.38576860
   -817.32238474
   -817.34240843
   -817.36969298
   -817.36028092
   -817.35970423
   -817.30998643
   -817.35335019
   -817.36732750
   -817.38410708
   -817.28758239
   -817.33933820
   -817.28527855
   -817.27704836
   -817.34619585
   -817.31810195
   -817.36941558
   -817.27724716
   -817.34551486
   -817.36714358
   -817.32998332
   -817.34327845
   -817.34109618
   -817.33403001
   -817.36469289
   -817.35670518
   -817.26840216
   -817.33505828
   -817.34075462
   -817.37425328
   -817.35196888
   -817.22046510
   -817.34230585
   -817.36760509
   -817.33999676
   -817.36651856
   -817.29252431
   -817.28652056
   -817.35780296
   -817.31402262
   -817.36132189
   -817.25897821
   -817.33545441
   -817.39212502
   -817.33320645
   -817.31016863
   -817.35386779
   -817.33162740
   -817.29746915
   -817.34614314
   -817.35973983
   -817.34806424
   -817.34322378
   -817.31571640
   -817.35724385
   -817.36894466
   -817.36402870
   -817.31195519
   -817.34198150
   -817.23022591
   -817.29486549
   -817.36283779
   -817.34371338
   -817.38102837
   -817.34252905
   -817.34981574
   -817.35722364
   -817.31911289
   -817.24853139
   -817.28261256
   -817.38843090
   -817.36753464
   -817.30152644
   -817.35635303
   -817.35239455
   -817.35389298
   -817.37479547
   -817.28278480
   -817.34845763
   -817.34412549
   -817.37241483
   -817.25842651
   -817.37372079
   -817.36911901
   -817.36648834
   -817.35530835
   -817.37411131
   -817.32087228
   -817.36602490
   -817.36261581
   -817.36454121
   -817.35974542
   -817.37730317
   -817.34681600
   -817.37572231
   -817.36617063
   -817.33750867
   -817.36252472
   -817.36184843
   -817.35028641
   -817.35644933
   -817.36029985
   -817.26164007
   -817.36241957
   -817.35362937
   -817.27494144
   -817.28803540
   -817.27837737
   -817.35702569
   -817.22674760
   -817.34640029
   -817.37015659
   -817.30979439
   -817.37343995
   -817.37820366
   -817.36478235
   -817.35013717
   -817.36208038
   -817.29441750
   -817.35658569
   -817.39613395
   -817.34479858
   -817.36012886
   -817.36496932
   -817.35871843
   -817.32165643
   -817.34515793
   -817.34677835
   -817.22439035
   -817.35995933
   -817.23628714
   -817.38696058
   -817.30032434
   -817.30554720
   -817.36363805
   -817.36406295
   -817.25849727
   -817.31664123
   -817.37169246
   -817.23545860
   -817.39077047
   -817.34570161
   -817.27343801
   -817.25103847
   -817.37184903
   -817.21579758
   -817.37175456
   -817.32083961
   -817.31636996
   -817.34099265
   -817.34878439
   -817.39688441
   -817.36326615
   -817.37655844
   -817.38839227
   -817.28029141
   -817.30034796
   -817.28841710
   -817.25619665
   -817.33605827
   -817.34730989
   -817.36823975
   -817.38713429
   -817.34886785
   -817.33071165
   -817.30933084
   -817.37103227
   -817.28681222
   -817.31758540
   -817.31731251
   -817.31632186
   -817.32964128
   -817.39190950
   -817.27253891
   -817.32355140
   -817.29637016
   -817.30106876
   -817.34115559
   -817.38428837
   -817.32346935
   -817.35185410
   -817.32095407
   -817.27578275
   -817.35662749
   -817.34945693
   -817.33529514
   -817.22760043
   -817.26406363
   -817.28558621
   -817.37997170
   -817.28423202
   -817.35854358
   -817.32293591
   -817.33335143
   -817.38138565
   -817.34272980
   -817.37044594
   -817.30208970
   -817.35529796
   -817.32842502
   -817.29743580
   -817.32826306
   -817.37530455
   -817.35598272
   -817.33320574
   -817.40267293
   -817.33569962
   -817.31331209
   -817.33868545
   -817.33942579
   -817.35247366
   -817.34356320
   -817.24325471
   -817.30832186
   -817.33347645
   -817.34601538
   -817.37031057
   -817.35387873
   -817.39019038
   -817.35835669
   -817.39103206
   -817.32633495
   -817.36304373
   -817.36315167
   -817.30591210
   -817.37381563
   -817.36304275
   -817.32651078
   -817.24625516
   -817.25392197
   -817.31652761
   -817.32871366
   -817.31250422
   -817.36715518
   -817.36909886
   -817.36557221
   -817.34967236
   -817.32077454
   -817.35192371
   -817.37439942
   -817.23664342
   -817.36660721
   -817.36043292
   -817.28268990
   -817.33381331
   -817.32461203
   -817.32681531
   -817.26821599
   -817.26301328
   -817.24515806
   -817.26347948
   -817.26938749
   -817.32558465
   -817.36382219
   -817.35129818
   -817.39219702
   -817.38428219
   -817.28676907
   -817.31011446
   -817.24735024
   -817.31412830
   -817.32735952
   -817.34555347
   -817.26949349
   -817.35620619
   -817.31315178
   -817.32589966
   -817.23864702
   -817.35638128
   -817.38274809
   -817.34181260
   -817.35895279
   -817.33943236
   -817.34658616
   -817.26948773
   -817.35699237
   -817.34558359
   -817.22325737
   -817.36630586
   -817.33588803
   -817.37861787
   -817.34673781
   -817.33590466
   -817.37635288
   -817.37004484
   -817.36619157
   -817.33556309
   -817.31520107
   -817.35569530
   -817.30197830
   -817.31962573
   -817.36295944
   -817.37449295
   -817.35453831
   -817.29578634
   -817.37665936
   -817.38888636
   -817.32253466
   -817.33366909
   -817.34649427
   -817.27435687
   -817.37859852
   -817.34225072
   -817.22195692
   -817.37271479
   -817.35548344
   -817.33330686
   -817.35705495
   -817.33548148
   -817.31921514
   -817.35366724
   -817.38264406
   -817.38838100
   -817.35185785
   -817.35184285
   -817.35641420
   -817.33485641
   -817.39800282
   -817.35951969
   -817.36292750
   -817.35641091
   -817.34358655
   -817.37825469
   -817.30726276
   -817.19329853
   -817.36790928
   -817.32521418
   -817.33723986
   -817.38397481
   -817.31202115
   -817.24395789
   -817.34371393
   -817.30106713
   -817.34750115
   -817.36856996
   -817.27166084
   -817.26595883
   -817.35527197
   -817.33457090
   -817.20336782
   -817.35199774
   -817.34593296
   -817.31247462
   -817.37044173
   -817.35866010
   -817.29126945
   -817.33444557
   -817.21740235
   -817.36620360
   -817.37487205
   -817.35298479
   -817.36907359
   -817.35899013
   -817.35303302
   -817.33703813
   -817.36853703
   -817.33864026
   -817.27003186
   -817.39624336
   -817.23106892
   -817.34051358
   -817.26269901
   -817.37836176
   -817.27548583
   -817.28206926
   -817.35868593
   -817.33973193
   -817.36094772
   -817.27115030
   -817.32715118
   -817.27578567
   -817.35821710
   -817.34534496
   -817.32955229
   -817.27695388
   -817.34472721
   -817.37837086
   -817.37623318
   -817.33616559
   -817.36625041
   -817.28291530
   -817.32451870
   -817.28157723
   -817.32859709
   -817.28141945
   -817.28183755
   -817.22307903
   -817.37791653
   -817.36982795
   -817.33681723
   -817.37419854
   -817.37377680
   -817.37409383
   -817.33558546
   -817.39468154
   -817.35100440
   -817.34619250
   -817.36486567
   -817.32684333
   -817.30186001
   -817.26258289
   -817.39887009
   -817.34306935
   -817.28862357
   -817.36036591
   -817.30477095
   -817.28423101
   -817.36499108
   -817.36668824
   -817.34907031
   -817.38523282
   -817.33337748
   -817.36587447
   -817.36634895
   -817.37256008
   -817.30195544
   -817.34763004
   -817.34509755
   -817.34795526
   -817.38389827
   -817.35414032
   -817.34405486
   -817.33670291
   -817.36146612
   -817.37197149
   -817.33806139
   -817.34000317
   -817.28661792
   -817.34190859
   -817.24803569
   -817.27029091
   -817.28312618
   -817.32240419
   -817.36853044
   -817.34375110
   -817.34302733
   -817.38134766
   -817.23358693
   -817.25360327
   -817.35635840
   -817.35110123
   -817.33896100
   -817.34624744
   -817.31760981
   -817.37928660
   -817.32908466
   -817.36493682
   -817.38226264
   -817.35494179
   -817.32637824
   -817.35674889
   -817.28540387
   -817.37752976
   -817.26877990
   -817.33521824
   -817.31617137
   -817.40264906
   -817.32006862
   -817.33239882
   -817.32415454
   -817.25497124
   -817.35988269
   -817.35785229
   -817.33341051
   -817.38031417
   -817.39468557
   -817.34346100
   -817.30285572
   -817.39602808
   -817.26515689
   -817.36673038
   -817.33720357
   -817.40558594
   -817.37618016
   -817.34820311
   -817.38770574
   -817.28834537
   -817.36330488
   -817.24821691
   -817.33996115
   -817.33830864
   -817.29587599
   -817.39826918
   -817.33191811
   -817.31196156
   -817.33928096
   -817.34429105
   -817.23585391
   -817.36848086
   -817.33036393
   -817.19995571
   -817.37526261
   -817.36180059
   -817.35879205
   -817.21145861
   -817.35820372
   -817.38053808
   -817.33721629
   -817.37031830
   -817.36621409
   -817.35902786
   -817.32646762
   -817.34619777
   -817.36178616
   -817.37930919
   -817.31291171
   -817.23114321
   -817.24640477
   -817.33920664
   -817.35647890
   -817.30742565
   -817.35314884
   -817.35396891
   -817.23416774
   -817.35690532
   -817.35626959
   -817.22255535
   -817.32390844
   -817.36224673
   -817.38529811
   -817.37782168
   -817.34794898
   -817.31519837
   -817.36587253
   -817.34869434
   -817.35292942
   -817.18911532
   -817.28603140
   -817.23154375
   -817.26935120
   -817.35487488
   -817.33767186
   -817.35978259
   -817.36765600
   -817.37250881
   -817.36050828
   -817.35398587
   -817.35932712
   -817.38483966
   -817.38526337
   -817.35072864
   -817.38450278
   -817.35133781
   -817.25508605
   -817.35244262
   -817.34470107
   -817.21741764
   -817.34787483
   -817.36708865
   -817.36683184
   -817.23571670
   -817.35743430
   -817.35619823
   -817.23755134
   -817.37701014
   -817.37129837
   -817.32962125
   -817.36347407
   -817.34511409
   -817.37508130
   -817.29156139
   -817.36921744
   -817.34695712
   -817.29441231
   -817.33221914
   -817.36022430
   -817.33372001
   -817.35768339
   -817.35778164
   -817.30481892
   -817.35785296
   -817.35552310
   -817.39857149
   -817.23547163
   -817.28036318
   -817.37733086
   -817.34749931
   -817.29325057
   -817.35536043
   -817.25028205
   -817.34410325
   -817.33575467
   -817.33206404
   -817.39518834
   -817.28942919
   -817.27748608
   -817.35023137
   -817.36633083
   -817.27960444
   -817.35040103
   -817.36306529
   -817.34610118
   -817.26709326
   -817.34554565
   -817.33463308
   -817.21983108
   -817.34464180
   -817.35175545
   -817.33375937
   -817.35868182
   -817.27662500
   -817.36026787
   -817.29781269
   -817.19363297
   -817.34551414
   -817.37430694
   -817.31700061
   -817.27117712
   -817.34836487
   -817.34860832
   -817.20100365
   -817.35647174
   -817.38334197
   -817.37231831
   -817.37728130
   -817.21028836
   -817.37552206
   -817.34754078
   -817.27217045
   -817.37141662
   -817.34751660
   -817.30870391
   -817.34713225
   -817.38789001
   -817.33487106
   -817.38543130
   -817.36715071
   -817.34323818
   -817.37887608
   -817.25324249
   -817.33723795
   -817.32882255
   -817.33847176
   -817.28610349
   -817.33528128
   -817.34975579
   -817.38730027
   -817.33364645
   -817.32876189
   -817.33816270
   -817.23809485
   -817.33749970
   -817.38391361
   -817.36369084
   -817.37290109
   -817.29767929
   -817.32798447
   -817.25627078
   -817.28882138
   -817.36491872
   -817.38473606
   -817.36130695
   -817.32125369
   -817.29835615
   -817.34622886
   -817.34476713
   -817.29067529
   -817.40855712
   -817.30783788
   -817.27451831
   -817.30238314
   -817.25468962
   -817.36026328
   -817.32823418
   -817.30646767
   -817.32599308
   -817.25844715
   -817.32083419
   -817.27702731
   -817.34742432
   -817.36044641
   -817.35286106
   -817.37507341
   -817.34636824
   -817.31363403
   -817.31022287
   -817.37121307
   -817.26633836
   -817.36244592
   -817.37727687
   -817.31158820
   -817.22851166
   -817.36686312
   -817.36141107
   -817.33803951
   -817.32113485
   -817.36967326
   -817.32389200
   -817.34181763
   -817.29889058
   -817.38007739
   -817.26890228
   -817.37812073
   -817.32955564
   -817.19747037
   -817.36298516
   -817.36599872
   -817.37959674
   -817.17347500
