% The following energies apply to conformations described by the topology 
% R62_iter1.top.  Structures are given in trajectory coords.cdf, count: 263.

% Item 0:
%   Energy -> orca_structures/coor*/NConf*.out
   -817.41560189
   -817.41973287
   -817.41779100
   -817.41792732
   -817.42211502
   -817.41463774
   -817.41751281
   -817.42091357
   -817.42179282
   -817.40263151
   -817.42239699
   -817.41914212
   -817.40336953
   -817.42201658
   -817.38996439
   -817.41137475
   -817.41733341
   -817.41382326
   -817.41769339
   -817.42576435
   -817.41378952
   -817.41877756
   -817.41289051
   -817.40978734
   -817.41536388
   -817.41427546
   -817.41748921
   -817.40908283
   -817.41141154
   -817.41055042
   -817.40075517
   -817.41556724
   -817.42266231
   -817.42248613
   -817.42003384
   -817.41943497
   -817.41893364
   -817.41925723
   -817.42279053
   -817.41958843
   -817.39547040
   -817.41123282
   -817.42249257
   -817.41552353
   -817.41212889
   -817.39456149
   -817.41126058
   -817.41885595
   -817.41637167
   -817.40671398
   -817.41339868
   -817.41736827
   -817.42263541
   -817.41671829
   -817.42236277
   -817.40834863
   -817.41765369
   -817.41448423
   -817.42322079
   -817.41688793
   -817.40436376
   -817.40844463
   -817.39880290
   -817.41360932
   -817.41646878
   -817.41693114
   -817.40859910
   -817.41567338
   -817.41143750
   -817.41970358
   -817.41755854
   -817.42141478
   -817.40043967
   -817.41783720
   -817.42648268
   -817.41908335
   -817.42207755
   -817.42155923
   -817.41857452
   -817.41714408
   -817.42301172
   -817.41776544
   -817.42101318
   -817.41126166
   -817.41729278
   -817.40561597
   -817.42163089
   -817.40217035
   -817.41129806
   -817.41364344
   -817.40601971
   -817.40473928
   -817.38649273
   -817.41076796
   -817.41506686
   -817.41784165
   -817.41967290
   -817.39063961
   -817.41558767
   -817.41795832
   -817.41383794
   -817.41552055
   -817.40978031
   -817.41638253
   -817.41098322
   -817.41540630
   -817.41414027
   -817.40443714
   -817.41379489
   -817.42195499
   -817.41670181
   -817.42263563
   -817.42176890
   -817.41558553
   -817.41127479
   -817.40572718
   -817.41819002
   -817.41381918
   -817.41108846
   -817.42806338
   -817.41495209
   -817.41742825
   -817.42029176
   -817.41537820
   -817.40388672
   -817.41091381
   -817.41369093
   -817.42732316
   -817.40866577
   -817.42082853
   -817.41862506
   -817.41377660
   -817.39117731
   -817.41180964
   -817.40021865
   -817.42264380
   -817.40019489
   -817.41119666
   -817.39162250
   -817.42149697
   -817.41839507
   -817.41970958
   -817.41901874
   -817.41746432
   -817.41751157
   -817.40036375
   -817.41984392
   -817.39868082
   -817.41387101
   -817.41925201
   -817.42291285
   -817.40891887
   -817.39608373
   -817.39895832
   -817.41744566
   -817.42299486
   -817.41560241
   -817.42039302
   -817.41942352
   -817.41599224
   -817.39169717
   -817.39748144
   -817.40848399
   -817.42255194
   -817.39694044
   -817.38899111
   -817.41330860
   -817.40118556
   -817.41298575
   -817.42219315
   -817.41894610
   -817.42206494
   -817.38938795
   -817.41437056
   -817.41744826
   -817.41388272
   -817.38900292
   -817.41781207
   -817.41382959
   -817.39452838
   -817.41387606
   -817.41727243
   -817.39711693
   -817.42066238
   -817.41748787
   -817.40337969
   -817.41374288
   -817.40498083
   -817.39865757
   -817.41278493
   -817.40506462
   -817.41806520
   -817.41454099
   -817.41383632
   -817.40339118
   -817.41731034
   -817.39062388
   -817.40147090
   -817.40387767
   -817.41122811
   -817.41765761
   -817.40390324
   -817.41971595
   -817.41735055
   -817.39743277
   -817.42264539
   -817.41234712
   -817.39268249
   -817.41040654
   -817.42185011
   -817.42323366
   -817.41433222
   -817.42326152
   -817.41814800
   -817.41897809
   -817.41604630
   -817.41474410
   -817.39019778
   -817.41054510
   -817.42205399
   -817.42197329
   -817.41073154
   -817.41722381
   -817.41183097
   -817.42098372
   -817.41932988
   -817.41070557
   -817.41952990
   -817.41827883
   -817.41869182
   -817.39529476
   -817.41370956
   -817.41716884
   -817.41544174
   -817.41666460
   -817.41893408
   -817.41793653
   -817.41632506
   -817.41911873
   -817.42170431
   -817.42257800
   -817.41880881
   -817.38843171
   -817.40423269
   -817.41365864
   -817.39269077
   -817.41949116
   -817.39444919
   -817.42736091
   -817.41364944
   -817.40423834
   -817.40088781
   -817.41742055
   -817.39863351
   -817.41749354
   -817.42266646
   -817.41491447
   -817.41806686
   -817.41952413
   -817.40674562
   -817.40435600
   -817.41885442
   -817.42014794
