% The following energies apply to conformations described by the topology 
% R05.top.  Structures are given in trajectory coords.cdf, count: 2239.

% Item 0:
%   Energy -> orca_structures/coor*/Conf*.out
   -762.52206105
   -762.52222243
   -762.54991447
   -762.52025549
   -762.53514342
   -762.50470179
   -762.57395627
   -762.50695835
   -762.53381282
   -762.51744085
   -762.51715407
   -762.56386854
   -762.50882293
   -762.52908714
   -762.51085470
   -762.54706059
   -762.57128361
   -762.54046835
   -762.54871530
   -762.56369831
   -762.51096530
   -762.54676710
   -762.55749393
   -762.51985363
   -762.54481569
   -762.52020534
   -762.54060673
   -762.53355779
   -762.55099242
   -762.55431828
   -762.55581857
   -762.53570209
   -762.55103615
   -762.50526409
   -762.50528627
   -762.51918547
   -762.55849438
   -762.48043924
   -762.54390617
   -762.52805363
   -762.50055227
   -762.53943007
   -762.55788759
   -762.50392955
   -762.51732684
   -762.50720084
   -762.53569232
   -762.48895318
   -762.43997624
   -762.51472735
   -762.48633746
   -762.56071232
   -762.53986505
   -762.50427352
   -762.55737256
   -762.54733114
   -762.51846514
   -762.54437393
   -762.51044991
   -762.54485152
   -762.50944567
   -762.52686191
   -762.50997286
   -762.51077342
   -762.52513542
   -762.54610698
   -762.48735231
   -762.53386705
   -762.52125088
   -762.55994553
   -762.49432767
   -762.55386126
   -762.51269734
   -762.53081530
   -762.51985757
   -762.52903215
   -762.52796576
   -762.52741030
   -762.53746921
   -762.52976106
   -762.55878877
   -762.51503822
   -762.52269295
   -762.53838914
   -762.53208179
   -762.41751969
   -762.52247038
   -762.54491531
   -762.55613384
   -762.52486216
   -762.52866666
   -762.53275264
   -762.49170716
   -762.55153680
   -762.53692806
   -762.53384160
   -762.54499286
   -762.48667283
   -762.51591631
   -762.51118174
   -762.48238122
   -762.54855985
   -762.51995555
   -762.55189345
   -762.53743319
   -762.53370522
   -762.53418959
   -762.53561860
   -762.53730575
   -762.50756689
   -762.53548312
   -762.53898345
   -762.54620068
   -762.51664783
   -762.54469516
   -762.54618917
   -762.56019144
   -762.53213656
   -762.52574292
   -762.52375679
   -762.53264624
   -762.56514787
   -762.52093128
   -762.54056553
   -762.53200690
   -762.54727507
   -762.54362343
   -762.55477920
   -762.53499757
   -762.52672514
   -762.55630116
   -762.54478995
   -762.48796203
   -762.54401798
   -762.54024386
   -762.52973678
   -762.51527174
   -762.52075956
   -762.53083952
   -762.53570502
   -762.53749299
   -762.52710181
   -762.55297032
   -762.54588920
   -762.48919434
   -762.55943179
   -762.53017379
   -762.55505976
   -762.53823003
   -762.56192545
   -762.50990656
   -762.51246825
   -762.53128626
   -762.55821425
   -762.51602421
   -762.51774907
   -762.54637650
   -762.53487539
   -762.55761673
   -762.53419942
   -762.55736575
   -762.53656588
   -762.51780898
   -762.53405804
   -762.53880928
   -762.48682201
   -762.53159959
   -762.56117462
   -762.55553135
   -762.54031370
   -762.52300451
   -762.55526506
   -762.48460698
   -762.55691883
   -762.49495001
   -762.54892703
   -762.53312025
   -762.55064819
   -762.54235169
   -762.52390101
   -762.55379817
   -762.53278441
   -762.54162909
   -762.54403053
   -762.50479863
   -762.56945202
   -762.52681404
   -762.56417524
   -762.55322746
   -762.51425626
   -762.53900171
   -762.53984119
   -762.54615079
   -762.52906113
   -762.51932130
   -762.54171457
   -762.55170510
   -762.50890763
   -762.54332143
   -762.53896705
   -762.49797822
   -762.52272420
   -762.53629100
   -762.54790378
   -762.52998081
   -762.54884612
   -762.52777121
   -762.55660947
   -762.52984466
   -762.54385260
   -762.52929907
   -762.52793160
   -762.56050399
   -762.51759985
   -762.50337268
   -762.50389788
   -762.50496038
   -762.51919380
   -762.54418986
   -762.51834407
   -762.52327452
   -762.54920694
   -762.55634231
   -762.52345147
   -762.51290963
   -762.54750115
   -762.48211211
   -762.53929060
   -762.55073704
   -762.51468882
   -762.54365839
   -762.52905018
   -762.54423932
   -762.48017511
   -762.52899643
   -762.55815922
   -762.54420591
   -762.56484838
   -762.53024362
   -762.42919502
   -762.51999315
   -762.50843769
   -762.52378780
   -762.54578274
   -762.51833542
   -762.52733015
   -762.53837796
   -762.55364945
   -762.55296837
   -762.55933297
   -762.53537451
   -762.54396696
   -762.56242975
   -762.54090875
   -762.53489577
   -762.53681117
   -762.51422119
   -762.53261008
   -762.55402037
   -762.53525690
   -762.52575096
   -762.51196978
   -762.54000804
   -762.52612611
   -762.52936238
   -762.52292992
   -762.52452153
   -762.54558873
   -762.55330397
   -762.53017026
   -762.53114310
   -762.51975719
   -762.53654962
   -762.57400220
   -762.53014149
   -762.44218429
   -762.51258960
   -762.56771771
   -762.53714732
   -762.55035462
   -762.45941599
   -762.53901855
   -762.49726703
   -762.51475791
   -762.57250553
   -762.53899211
   -762.52748966
   -762.51696803
   -762.49568032
   -762.55619836
   -762.53611573
   -762.52355151
   -762.56861478
   -762.55810987
   -762.51348007
   -762.53309419
   -762.54424118
   -762.52328755
   -762.54274995
   -762.53649924
   -762.53195519
   -762.53509073
   -762.49401071
   -762.55724305
   -762.54294947
   -762.54209932
   -762.52329203
   -762.53620879
   -762.52069494
   -762.54131365
   -762.54796867
   -762.56069590
   -762.51706239
   -762.51289873
   -762.53289294
   -762.56126351
   -762.55613579
   -762.55474916
   -762.52929213
   -762.58161545
   -762.54689062
   -762.49586566
   -762.50499794
   -762.56784653
   -762.56892455
   -762.54977147
   -762.52131121
   -762.55286751
   -762.54285285
   -762.56773158
   -762.54100696
   -762.57259191
   -762.54302793
   -762.51561809
   -762.50219396
   -762.54715594
   -762.52297863
   -762.46588270
   -762.55836725
   -762.50607446
   -762.51537063
   -762.52244152
   -762.53558820
   -762.49357841
   -762.49642205
   -762.52180361
   -762.55853365
   -762.53809250
   -762.51161018
   -762.53250243
   -762.55057549
   -762.53717199
   -762.54130273
   -762.46210186
   -762.54589932
   -762.48620974
   -762.52894399
   -762.51694687
   -762.53803355
   -762.55226546
   -762.53333075
   -762.55551193
   -762.52746968
   -762.55214717
   -762.55861796
   -762.53625473
   -762.53660033
   -762.53978604
   -762.55564635
   -762.52359428
   -762.50197643
   -762.53713818
   -762.52233541
   -762.53456078
   -762.51951711
   -762.54495890
   -762.52727821
   -762.53438413
   -762.55567229
   -762.55391487
   -762.45944957
   -762.52747139
   -762.55834146
   -762.53175779
   -762.50121665
   -762.54179032
   -762.55511897
   -762.52879881
   -762.55421470
   -762.54635356
   -762.51601773
   -762.54498663
   -762.52736923
   -762.52143670
   -762.53946991
   -762.50299808
   -762.54753202
   -762.53004895
   -762.55574156
   -762.54340383
   -762.51560256
   -762.52750903
   -762.52593653
   -762.56034423
   -762.52826502
   -762.47577448
   -762.47864126
   -762.52588755
   -762.53493301
   -762.52541357
   -762.55330636
   -762.55356367
   -762.56338512
   -762.53450855
   -762.52131952
   -762.56042256
   -762.52056641
   -762.55506715
   -762.52991142
   -762.52465075
   -762.56820981
   -762.52900121
   -762.53275082
   -762.51731382
   -762.53100792
   -762.52897246
   -762.52800093
   -762.54802833
   -762.52705932
   -762.51718678
   -762.48092708
   -762.52462254
   -762.54493210
   -762.52146264
   -762.53506908
   -762.53141229
   -762.56188903
   -762.53200546
   -762.51582683
   -762.53964369
   -762.51692411
   -762.51206428
   -762.52220458
   -762.50022942
   -762.53478879
   -762.50520966
   -762.51039970
   -762.55759193
   -762.47757524
   -762.55141646
   -762.54095340
   -762.44889749
   -762.54350803
   -762.53191664
   -762.52606914
   -762.56826932
   -762.53209900
   -762.49275445
   -762.55054601
   -762.54463165
   -762.48742142
   -762.52217304
   -762.53643715
   -762.48111739
   -762.54348486
   -762.53569839
   -762.54476737
   -762.53455552
   -762.48962323
   -762.52411193
   -762.54201408
   -762.52717158
   -762.54526092
   -762.53299083
   -762.56510401
   -762.48114741
   -762.48772264
   -762.53276114
   -762.50007688
   -762.56810160
   -762.50231490
   -762.49002552
   -762.49506121
   -762.47279269
   -762.47288649
   -762.52407844
   -762.55226134
   -762.57116655
   -762.55780218
   -762.54312810
   -762.52552828
   -762.55037764
   -762.54667869
   -762.52166287
   -762.55473116
   -762.47407566
   -762.55470149
   -762.53707898
   -762.51205471
   -762.51886977
   -762.50699946
   -762.44293037
   -762.57286671
   -762.49118787
   -762.54303405
   -762.54695917
   -762.53796628
   -762.57697964
   -762.54101561
   -762.50485518
   -762.58264891
   -762.55354999
   -762.54364257
   -762.50540126
   -762.50074202
   -762.52179371
   -762.51679727
   -762.54443073
   -762.54872826
   -762.49575827
   -762.52535676
   -762.54001706
   -762.53806508
   -762.52367613
   -762.55127647
   -762.53249513
   -762.47085428
   -762.50109339
   -762.52279415
   -762.56462992
   -762.53624769
   -762.56116568
   -762.53668262
   -762.53129363
   -762.47985900
   -762.51525116
   -762.47712911
   -762.54578773
   -762.54096213
   -762.50527488
   -762.55377194
   -762.51883876
   -762.54205301
   -762.51264848
   -762.47500714
   -762.56003470
   -762.55658650
   -762.51145186
   -762.50225439
   -762.54414792
   -762.49915165
   -762.53087063
   -762.56008618
   -762.55007922
   -762.56009208
   -762.56736171
   -762.50054740
   -762.55245047
   -762.53296726
   -762.55503410
   -762.55342784
   -762.56215429
   -762.53394436
   -762.52523740
   -762.53380970
   -762.47531573
   -762.49891340
   -762.52274958
   -762.52342247
   -762.53937814
   -762.53509742
   -762.52389000
   -762.58150378
   -762.53424391
   -762.56945933
   -762.54515101
   -762.55744320
   -762.53754230
   -762.49533769
   -762.55837807
   -762.54592945
   -762.53138646
   -762.51633520
   -762.55693547
   -762.55674315
   -762.53857682
   -762.53311097
   -762.49982044
   -762.52143203
   -762.54243539
   -762.49857984
   -762.52973261
   -762.56262896
   -762.52301236
   -762.46918900
   -762.51294734
   -762.54704556
   -762.51506852
   -762.50844904
   -762.53774923
   -762.49877387
   -762.51722104
   -762.46938287
   -762.47182247
   -762.51911864
   -762.55685851
   -762.54592797
   -762.54295431
   -762.51090749
   -762.54398456
   -762.56251683
   -762.51807949
   -762.55620419
   -762.49864093
   -762.52890339
   -762.49312476
   -762.52570333
   -762.48923470
   -762.54597990
   -762.41877364
   -762.51226190
   -762.57465325
   -762.50755778
   -762.53825069
   -762.52195298
   -762.53297425
   -762.53540693
   -762.54741643
   -762.53780237
   -762.53048305
   -762.55173320
   -762.55008686
   -762.49118124
   -762.53478996
   -762.54158043
   -762.55911534
   -762.48380605
   -762.55950002
   -762.49907309
   -762.51136275
   -762.52048286
   -762.51263961
   -762.51720670
   -762.56077392
   -762.51328535
   -762.54410967
   -762.55464981
   -762.51770618
   -762.52622956
   -762.55573797
   -762.51370936
   -762.52854127
   -762.53801052
   -762.52422849
   -762.54875593
   -762.55989425
   -762.54307367
   -762.53585101
   -762.55858684
   -762.52772632
   -762.55065482
   -762.53292638
   -762.54652494
   -762.53669007
   -762.51699717
   -762.50766877
   -762.52083608
   -762.53758795
   -762.47849806
   -762.56550008
   -762.53393688
   -762.53479567
   -762.55942176
   -762.53852644
   -762.47649717
   -762.53730653
   -762.55224605
   -762.53372540
   -762.56233253
   -762.53700692
   -762.50055467
   -762.52975606
   -762.56777870
   -762.51217993
   -762.52752863
   -762.49787355
   -762.54600842
   -762.56207578
   -762.55273947
   -762.52083331
   -762.52178499
   -762.47948943
   -762.55123248
   -762.54448971
   -762.53987278
   -762.53888438
   -762.54708161
   -762.55176593
   -762.48771507
   -762.55524380
   -762.54235609
   -762.56098341
   -762.54512111
   -762.54265300
   -762.42301673
   -762.53510291
   -762.53278153
   -762.53591326
   -762.54503102
   -762.51312500
   -762.56335842
   -762.53705864
   -762.50784764
   -762.49210766
   -762.46094913
   -762.53665149
   -762.52584030
   -762.54021837
   -762.53868231
   -762.54783644
   -762.51654370
   -762.53353215
   -762.57067947
   -762.49451345
   -762.55470283
   -762.56223198
   -762.47059917
   -762.54609746
   -762.52709707
   -762.53300314
   -762.56082246
   -762.50890450
   -762.54608038
   -762.52759077
   -762.45225825
   -762.53053120
   -762.53388640
   -762.54319987
   -762.54050589
   -762.54765338
   -762.56536934
   -762.52973928
   -762.54337321
   -762.52133134
   -762.55642908
   -762.56355501
   -762.50624837
   -762.52852201
   -762.52032237
   -762.53339269
   -762.52823472
   -762.53483801
   -762.53920356
   -762.53873416
   -762.50624100
   -762.56215732
   -762.54527338
   -762.55268054
   -762.53231409
   -762.52903949
   -762.54593410
   -762.50681452
   -762.49555554
   -762.52340268
   -762.54230949
   -762.52334997
   -762.55587463
   -762.55313931
   -762.56676266
   -762.51075494
   -762.54793125
   -762.55726311
   -762.51980257
   -762.55262249
   -762.53849996
   -762.55921011
   -762.54192589
   -762.53777724
   -762.55943288
   -762.54803984
   -762.54152995
   -762.53126781
   -762.54158144
   -762.54368009
   -762.53917208
   -762.54863317
   -762.50357534
   -762.55737751
   -762.55919924
   -762.54784391
   -762.42569620
   -762.50958795
   -762.52787607
   -762.53318168
   -762.51549343
   -762.50697093
   -762.56455628
   -762.51500192
   -762.55189265
   -762.55396515
   -762.47401968
   -762.54158399
   -762.55357034
   -762.58566464
   -762.53196002
   -762.56462179
   -762.42885729
   -762.52898051
   -762.55821755
   -762.55123711
   -762.56481883
   -762.57499940
   -762.48812878
   -762.50575037
   -762.51785383
   -762.52606549
   -762.53438174
   -762.54973551
   -762.53462609
   -762.49548327
   -762.52959741
   -762.48886562
   -762.58913376
   -762.55028975
   -762.53837970
   -762.53669239
   -762.54775572
   -762.52398547
   -762.53819202
   -762.53640189
   -762.51259110
   -762.52587091
   -762.50560535
   -762.53592471
   -762.55451549
   -762.54448217
   -762.52260204
   -762.55947559
   -762.52788522
   -762.54819599
   -762.50536737
   -762.56032661
   -762.53125828
   -762.54857963
   -762.53407188
   -762.53451499
   -762.54318948
   -762.46048140
   -762.53190121
   -762.53979602
   -762.56727509
   -762.54052953
   -762.53806078
   -762.53705388
   -762.54848374
   -762.54898091
   -762.51909506
   -762.53243657
   -762.48664233
   -762.51694145
   -762.49575133
   -762.49344728
   -762.48954532
   -762.54657523
   -762.48252204
   -762.53716494
   -762.55222988
   -762.51642617
   -762.54920781
   -762.54860915
   -762.54643402
   -762.53169885
   -762.56534615
   -762.51728530
   -762.55610074
   -762.55204732
   -762.50720216
   -762.49909862
   -762.51408550
   -762.49724832
   -762.54761077
   -762.51985573
   -762.53583418
   -762.49582901
   -762.51363596
   -762.53114465
   -762.50403201
   -762.49413052
   -762.54855113
   -762.50100838
   -762.51056420
   -762.55937660
   -762.52476486
   -762.47283854
   -762.54309065
   -762.53857151
   -762.50516206
   -762.52598237
   -762.52426703
   -762.52235580
   -762.52324260
   -762.52952473
   -762.52673862
   -762.51440771
   -762.54661068
   -762.53413492
   -762.52369004
   -762.49851685
   -762.54212299
   -762.50672248
   -762.52248808
   -762.53076898
   -762.50047303
   -762.49374209
   -762.55082535
   -762.55159929
   -762.54208736
   -762.56831434
   -762.56954940
   -762.54083761
   -762.48623025
   -762.54729945
   -762.51178906
   -762.53876543
   -762.52793116
   -762.54014176
   -762.53515370
   -762.57874898
   -762.52054345
   -762.55147473
   -762.51322545
   -762.50738331
   -762.54176471
   -762.51815874
   -762.52874051
   -762.52357985
   -762.52078578
   -762.55642812
   -762.54152468
   -762.54321586
   -762.54298207
   -762.53168200
   -762.53421762
   -762.54270569
   -762.54219427
   -762.52926759
   -762.55066920
   -762.54294379
   -762.53793443
   -762.54135338
   -762.50726098
   -762.53481131
   -762.50775313
   -762.51246667
   -762.52963200
   -762.50644625
   -762.53969911
   -762.53894041
   -762.53876501
   -762.50895940
   -762.49749253
   -762.50459822
   -762.52150005
   -762.54376793
   -762.55149609
   -762.52342217
   -762.52273461
   -762.55562046
   -762.55533305
   -762.54355999
   -762.57103956
   -762.56906922
   -762.52930775
   -762.51125487
   -762.53624743
   -762.54105262
   -762.55192532
   -762.54703132
   -762.52958450
   -762.54066039
   -762.51703909
   -762.56435671
   -762.52323849
   -762.53161109
   -762.53715544
   -762.55332959
   -762.54749121
   -762.51736723
   -762.54294676
   -762.53752306
   -762.54018733
   -762.54477437
   -762.53745252
   -762.53569201
   -762.55591579
   -762.54443430
   -762.55117918
   -762.53296714
   -762.52422715
   -762.54498049
   -762.52576453
   -762.55576250
   -762.49764422
   -762.54572926
   -762.51493269
   -762.54269536
   -762.55194108
   -762.51332560
   -762.50738736
   -762.52239571
   -762.56454572
   -762.48347749
   -762.53402843
   -762.51782812
   -762.49382344
   -762.48069064
   -762.55369533
   -762.57478272
   -762.52998257
   -762.52950261
   -762.54044273
   -762.54430892
   -762.54366107
   -762.54055424
   -762.55171339
   -762.54279400
   -762.55014163
   -762.53651359
   -762.54985511
   -762.51421779
   -762.54728735
   -762.49259278
   -762.53301829
   -762.53891690
   -762.53947432
   -762.53760807
   -762.52813667
   -762.53655089
   -762.54903904
   -762.50956827
   -762.53417494
   -762.51503240
   -762.53404823
   -762.56129494
   -762.57090788
   -762.56534945
   -762.56759648
   -762.55936249
   -762.52646904
   -762.51579290
   -762.52952234
   -762.55144632
   -762.52838008
   -762.51804642
   -762.55039898
   -762.46101143
   -762.53320390
   -762.53358726
   -762.55418807
   -762.44510905
   -762.53523421
   -762.56971498
   -762.43839499
   -762.53225944
   -762.55152260
   -762.52530924
   -762.55367613
   -762.54920693
   -762.49815224
   -762.55728495
   -762.53696213
   -762.53796333
   -762.55676611
   -762.53942177
   -762.53047060
   -762.50842353
   -762.55558641
   -762.53616890
   -762.55445019
   -762.49976311
   -762.53579373
   -762.49306225
   -762.52925492
   -762.49798521
   -762.51741217
   -762.53643629
   -762.50553814
   -762.50961651
   -762.56931422
   -762.52198726
   -762.52806421
   -762.53808506
   -762.48791462
   -762.52548123
   -762.52177716
   -762.51987410
   -762.54154215
   -762.53273500
   -762.54987117
   -762.53445530
   -762.52035626
   -762.53732520
   -762.48740317
   -762.53265828
   -762.53479313
   -762.51254529
   -762.51413425
   -762.53427885
   -762.52525502
   -762.56245540
   -762.51423533
   -762.52141426
   -762.52249677
   -762.52196137
   -762.51801690
   -762.52521773
   -762.53010918
   -762.42860395
   -762.53571521
   -762.55068637
   -762.54034018
   -762.53461923
   -762.52834088
   -762.50626912
   -762.52352198
   -762.53120104
   -762.53156045
   -762.55897976
   -762.50477507
   -762.55021505
   -762.54593667
   -762.55339127
   -762.54474018
   -762.52923388
   -762.46329633
   -762.54941764
   -762.52902188
   -762.52193187
   -762.53936018
   -762.52948323
   -762.51878186
   -762.52543773
   -762.53348366
   -762.53558046
   -762.54893716
   -762.53937223
   -762.52330747
   -762.53550176
   -762.53285478
   -762.47633059
   -762.51633342
   -762.54192945
   -762.54859693
   -762.49586850
   -762.53805206
   -762.51674016
   -762.49723068
   -762.43710429
   -762.53155976
   -762.54326245
   -762.56428423
   -762.54779088
   -762.52043015
   -762.54608302
   -762.51394216
   -762.55345186
   -762.51557895
   -762.52544710
   -762.52624091
   -762.53708903
   -762.53030432
   -762.56870571
   -762.53928000
   -762.54364663
   -762.51085040
   -762.54328472
   -762.51278302
   -762.50867927
   -762.50010515
   -762.51707369
   -762.50583263
   -762.54118085
   -762.44465748
   -762.53412898
   -762.53859353
   -762.46616529
   -762.51662228
   -762.54650842
   -762.53446301
   -762.54977192
   -762.54001605
   -762.52133901
   -762.54183616
   -762.53641127
   -762.56364197
   -762.47400038
   -762.54000233
   -762.52058223
   -762.52620477
   -762.54481128
   -762.54804495
   -762.55036608
   -762.55753740
   -762.52390516
   -762.53181311
   -762.52962646
   -762.54292332
   -762.56436417
   -762.55869567
   -762.50332782
   -762.51871944
   -762.53468097
   -762.53512860
   -762.51160636
   -762.50067653
   -762.54282588
   -762.54430349
   -762.52306261
   -762.56251511
   -762.52512780
   -762.51256993
   -762.53434819
   -762.52557248
   -762.54239168
   -762.53805858
   -762.53104236
   -762.54103506
   -762.46990305
   -762.52689428
   -762.50792701
   -762.52663242
   -762.50349655
   -762.54075460
   -762.54135649
   -762.51626287
   -762.49947386
   -762.53164578
   -762.55377386
   -762.52809559
   -762.56337573
   -762.50472912
   -762.52995243
   -762.54148942
   -762.52823484
   -762.43904291
   -762.52643904
   -762.53363182
   -762.51973270
   -762.51868146
   -762.52069416
   -762.49245880
   -762.52599283
   -762.51428573
   -762.48304956
   -762.52237449
   -762.57131452
   -762.49288809
   -762.53280561
   -762.54195402
   -762.50013753
   -762.55468638
   -762.54405231
   -762.55277656
   -762.54401543
   -762.50922469
   -762.54543820
   -762.50701704
   -762.48986377
   -762.56105144
   -762.52803030
   -762.51223921
   -762.53934127
   -762.55243979
   -762.49219851
   -762.53562466
   -762.55674943
   -762.53389030
   -762.53798262
   -762.50049896
   -762.51509621
   -762.57621747
   -762.53432953
   -762.50950036
   -762.53147787
   -762.53798551
   -762.54320487
   -762.52771041
   -762.52977445
   -762.49428273
   -762.52838670
   -762.50946564
   -762.53166496
   -762.54810091
   -762.48223087
   -762.56178146
   -762.56061859
   -762.53109499
   -762.54506987
   -762.57795078
   -762.50841195
   -762.53569884
   -762.52991873
   -762.53112381
   -762.51340821
   -762.54895673
   -762.53766780
   -762.52166939
   -762.54007414
   -762.49830461
   -762.51188053
   -762.52088953
   -762.51991311
   -762.52205494
   -762.51709298
   -762.53682652
   -762.55146662
   -762.52751970
   -762.58159941
   -762.53232725
   -762.50078614
   -762.52331939
   -762.51858313
   -762.53241560
   -762.52011557
   -762.56549110
   -762.54279038
   -762.51596242
   -762.52701323
   -762.52739349
   -762.54689281
   -762.52898554
   -762.53900711
   -762.50442444
   -762.56267599
   -762.49548784
   -762.53759907
   -762.47943038
   -762.51868140
   -762.53985636
   -762.53729706
   -762.55355187
   -762.55456139
   -762.56489005
   -762.53444618
   -762.53316030
   -762.54222546
   -762.54410658
   -762.54921858
   -762.47745000
   -762.52714953
   -762.52998187
   -762.51065554
   -762.55694110
   -762.55442876
   -762.47704214
   -762.49628660
   -762.54875503
   -762.49751883
   -762.53302371
   -762.54918786
   -762.50571975
   -762.54154437
   -762.55232222
   -762.54676063
   -762.48068602
   -762.56985887
   -762.52524571
   -762.48901143
   -762.52557835
   -762.52894151
   -762.54239834
   -762.56342200
   -762.53225557
   -762.57084885
   -762.52887925
   -762.56067599
   -762.51184575
   -762.53436172
   -762.53615567
   -762.54997776
   -762.53578492
   -762.48249646
   -762.55501522
   -762.53158502
   -762.56501040
   -762.53969243
   -762.53497533
   -762.51023669
   -762.52126146
   -762.55124326
   -762.51608230
   -762.53743114
   -762.53518142
   -762.51280372
   -762.55508966
   -762.54393228
   -762.53920809
   -762.53788901
   -762.53744123
   -762.52671216
   -762.50541041
   -762.54537572
   -762.54746115
   -762.57040977
   -762.51930679
   -762.53631752
   -762.55849014
   -762.54197089
   -762.54714664
   -762.51538823
   -762.54703743
   -762.51332864
   -762.47798028
   -762.54956539
   -762.48019460
   -762.52359465
   -762.46818771
   -762.57143894
   -762.56520657
   -762.49803750
   -762.52408283
   -762.51886022
   -762.52864211
   -762.54558501
   -762.51408179
   -762.50418389
   -762.53763895
   -762.56403848
   -762.53384144
   -762.51412472
   -762.53269795
   -762.53211622
   -762.53061219
   -762.53789729
   -762.54971490
   -762.53194504
   -762.53465685
   -762.46693978
   -762.51937437
   -762.52715931
   -762.52522224
   -762.52131382
   -762.54452198
   -762.55312769
   -762.49357083
   -762.52012358
   -762.51222058
   -762.52838722
   -762.50772708
   -762.53342660
   -762.53556073
   -762.55617629
   -762.49865133
   -762.54144695
   -762.54845962
   -762.49927464
   -762.49244917
   -762.54816891
   -762.52776628
   -762.55044514
   -762.51962748
   -762.54984063
   -762.56310345
   -762.51547512
   -762.52329841
   -762.54450249
   -762.51757599
   -762.52478531
   -762.51163974
   -762.51227865
   -762.53730600
   -762.54018504
   -762.52025100
   -762.54716679
   -762.55869749
   -762.49001676
   -762.54287015
   -762.49268415
   -762.51812493
   -762.55070898
   -762.54453638
   -762.53726698
   -762.54322813
   -762.56398601
   -762.53439369
   -762.55173892
   -762.54181070
   -762.52984583
   -762.54669512
   -762.55219714
   -762.53654191
   -762.54002803
   -762.53259937
   -762.47298197
   -762.53978089
   -762.51448503
   -762.54003441
   -762.51871009
   -762.54672686
   -762.55153181
   -762.52949344
   -762.52965938
   -762.52995239
   -762.46938967
   -762.54802877
   -762.46673012
   -762.56349129
   -762.55561130
   -762.54427440
   -762.52828992
   -762.51642807
   -762.54953398
   -762.54545409
   -762.52619120
   -762.50724543
   -762.54801228
   -762.57484735
   -762.54340411
   -762.57394346
   -762.52285214
   -762.54284931
   -762.56004453
   -762.53920499
   -762.55814382
   -762.51556535
   -762.49920802
   -762.50795874
   -762.54084112
   -762.49900880
   -762.52773933
   -762.53361365
   -762.53332915
   -762.52682688
   -762.55558590
   -762.52356912
   -762.55034205
   -762.54243467
   -762.52981305
   -762.54220048
   -762.49583537
   -762.55890573
   -762.54340137
   -762.56595484
   -762.55685377
   -762.54147495
   -762.53577808
   -762.55551968
   -762.53128402
   -762.53663898
   -762.53113442
   -762.54581405
   -762.55728888
   -762.50891118
   -762.50626394
   -762.54309150
   -762.53691968
   -762.53792283
   -762.48225954
   -762.53492150
   -762.50916696
   -762.53144806
   -762.49279413
   -762.55115472
   -762.51931839
   -762.55362549
   -762.50677294
   -762.53551204
   -762.52745944
   -762.48605681
   -762.54413810
   -762.53349694
   -762.54276088
   -762.53426140
   -762.51313492
   -762.55100776
   -762.51373199
   -762.53090203
   -762.54880081
   -762.53833261
   -762.56565415
   -762.51978456
   -762.53339655
   -762.50068771
   -762.52627959
   -762.49950728
   -762.51428430
   -762.56087526
   -762.52840248
   -762.55913385
   -762.55847716
   -762.55125436
   -762.54528346
   -762.48884893
   -762.52067436
   -762.53087099
   -762.54918063
   -762.54189361
   -762.55846505
   -762.55677977
   -762.54687562
   -762.54415221
   -762.52373843
   -762.53222048
   -762.52265881
   -762.51589960
   -762.51552038
   -762.50032376
   -762.53289359
   -762.53305758
   -762.55079395
   -762.51687735
   -762.52796712
   -762.55331972
   -762.55011060
   -762.52977279
   -762.51872526
   -762.53673252
   -762.53965895
   -762.52767082
   -762.50479786
   -762.53064620
   -762.53804490
   -762.56695529
   -762.52053248
   -762.51518972
   -762.48836922
   -762.55505243
   -762.53644279
   -762.51902657
   -762.53805271
   -762.54839528
   -762.54183287
   -762.51027571
   -762.52804928
   -762.47738285
   -762.53105392
   -762.52108921
   -762.53190117
   -762.52510670
   -762.51407243
   -762.54009563
   -762.54689727
   -762.44966475
   -762.52805569
   -762.52286978
   -762.52506846
   -762.53713327
   -762.52696919
   -762.54580818
   -762.49656674
   -762.47569724
   -762.53931183
   -762.54678083
   -762.54444271
   -762.53587717
   -762.52270951
   -762.54281192
   -762.49675375
   -762.52745926
   -762.53444225
   -762.55242424
   -762.51122920
   -762.55454755
   -762.54228706
   -762.51912716
   -762.49486232
   -762.48319719
   -762.52240715
   -762.55309048
   -762.55648980
   -762.53214256
   -762.50877254
   -762.54683048
   -762.51804597
   -762.53501467
   -762.52670673
   -762.55386443
   -762.55296641
   -762.55688722
   -762.54323096
   -762.56398728
   -762.53652294
   -762.49135344
   -762.52898122
   -762.54927409
   -762.53994562
   -762.54036304
   -762.55222479
   -762.54600544
   -762.55980630
   -762.54080843
   -762.53492630
   -762.53917448
   -762.49194131
   -762.55184343
   -762.46991119
   -762.53138444
   -762.50394426
   -762.54253309
   -762.54467195
   -762.51590031
   -762.51197699
   -762.53481708
   -762.51023209
   -762.52690170
   -762.52736013
   -762.48672343
   -762.52423754
   -762.52526413
   -762.56415365
   -762.55809424
   -762.51625266
   -762.51962536
   -762.55943639
   -762.55219043
   -762.55920194
   -762.54435639
   -762.52657159
   -762.52338741
   -762.51078217
   -762.54168891
   -762.54232375
   -762.53856679
   -762.51390803
   -762.54292454
   -762.54184641
   -762.51659355
   -762.53303636
   -762.56510223
   -762.54651353
   -762.49431578
   -762.54468042
   -762.51582344
   -762.52890952
   -762.51479129
   -762.53007937
   -762.51108842
   -762.57267268
   -762.52087561
   -762.52687597
   -762.50277562
   -762.54253235
   -762.46850609
   -762.54997425
   -762.52024716
   -762.40470825
   -762.54154541
   -762.49730881
   -762.51901252
   -762.56660037
   -762.54221903
   -762.56043226
   -762.44844013
   -762.54079343
   -762.49622705
   -762.54858159
   -762.55012978
   -762.58022985
   -762.52102280
   -762.48909614
   -762.55243410
   -762.52387228
   -762.52646420
   -762.52278135
   -762.52969761
   -762.52438108
   -762.53246647
   -762.57798873
   -762.51957729
   -762.43848996
   -762.54252248
   -762.56794643
   -762.54677875
   -762.52559239
   -762.54436717
   -762.49432211
   -762.52849466
   -762.54156405
   -762.52195026
   -762.49528308
   -762.52515496
   -762.56175363
   -762.56754600
   -762.52690193
   -762.53161301
   -762.50881913
   -762.55401289
   -762.55770821
   -762.54280830
   -762.53262027
   -762.52988981
   -762.49881799
   -762.53402685
   -762.54339394
   -762.56031967
   -762.51232233
   -762.52278523
   -762.57976447
   -762.41607167
   -762.51127243
   -762.51670676
   -762.51658571
   -762.55686288
   -762.51628501
   -762.49760442
   -762.54369441
   -762.52147334
   -762.55484992
   -762.56610930
   -762.52146891
   -762.57531932
   -762.52491939
   -762.54116009
   -762.53240239
   -762.50229799
   -762.45134066
   -762.54489322
   -762.53898645
   -762.50446050
   -762.51742453
   -762.55164695
   -762.54787856
   -762.51659763
   -762.54892497
   -762.53745944
   -762.53741542
   -762.54661696
   -762.50482945
   -762.54197408
   -762.52652478
   -762.52984764
   -762.51785186
   -762.55435363
   -762.48434708
   -762.47392990
   -762.49527589
   -762.52814952
   -762.54594838
   -762.55168795
   -762.51556978
   -762.55413660
   -762.54985624
   -762.55820687
   -762.51256705
   -762.42967663
   -762.52053573
   -762.54013048
   -762.51929501
   -762.51831822
   -762.54191970
   -762.54362470
   -762.52509177
   -762.47704679
   -762.55710633
   -762.57185161
   -762.55760785
   -762.52220841
   -762.52002020
   -762.53398443
   -762.52583331
   -762.53897450
   -762.53082179
   -762.54818710
   -762.52794009
   -762.55477542
   -762.54270928
   -762.55894760
   -762.52496750
   -762.52479958
   -762.53695412
   -762.53445824
   -762.53632511
   -762.52461059
   -762.53426870
   -762.55536924
   -762.49727874
   -762.52726207
   -762.50737290
   -762.54622268
   -762.51680972
   -762.52797088
   -762.55542131
   -762.53862572
   -762.52147283
   -762.55281129
   -762.53788250
   -762.51554790
   -762.55057668
   -762.50766251
   -762.53260900
   -762.56239539
   -762.56488019
   -762.52703186
   -762.52803660
   -762.56517244
   -762.55942048
   -762.56373834
   -762.53807965
   -762.52888299
   -762.53275842
   -762.51939448
   -762.54205154
   -762.52915788
   -762.54878964
   -762.55522497
   -762.50690690
   -762.53801151
   -762.53943145
   -762.50843542
   -762.54434649
   -762.52036285
   -762.51081745
   -762.53868445
   -762.54529505
   -762.51765686
   -762.50202728
   -762.54739932
   -762.53500633
   -762.53277672
   -762.54666256
   -762.52934100
   -762.52687090
   -762.53686473
   -762.49710844
   -762.55055816
   -762.56116295
   -762.54310253
   -762.55973823
   -762.54287550
   -762.56228978
   -762.53800087
   -762.52496727
   -762.57987581
   -762.53384834
   -762.55516303
   -762.54731076
   -762.51763026
   -762.52193542
   -762.56092046
   -762.50664801
   -762.53467456
   -762.55632548
   -762.52206846
   -762.49518393
   -762.55023022
   -762.56291477
   -762.46646786
   -762.51606081
   -762.53540054
   -762.55940469
   -762.43024224
   -762.54214152
   -762.51786790
   -762.51519707
   -762.51763032
   -762.49925307
   -762.53170072
   -762.52164876
   -762.53733146
   -762.54811575
   -762.55706920
   -762.55730238
   -762.55038349
   -762.54264746
   -762.56278148
   -762.56186468
   -762.53608729
   -762.52067148
   -762.51412750
   -762.58004970
   -762.51084049
   -762.52678945
   -762.54077914
   -762.50565109
   -762.53360548
   -762.53804818
   -762.52337046
   -762.45707771
   -762.50464065
   -762.55051997
   -762.51838086
   -762.53535894
   -762.54108508
   -762.52408394
   -762.56429527
   -762.55221244
   -762.52249071
   -762.53051593
   -762.48403601
   -762.53476644
   -762.48247583
   -762.47882715
   -762.55257878
   -762.53149395
   -762.54429854
   -762.54950797
   -762.51001747
   -762.54405625
   -762.57035860
   -762.50411216
   -762.52224969
   -762.54621017
   -762.53182446
   -762.52985874
   -762.55749882
   -762.51994993
   -762.55180286
   -762.53168652
   -762.55528830
   -762.53484132
   -762.50114911
   -762.54253245
   -762.53218902
   -762.54463962
   -762.48652260
   -762.51182964
   -762.52545828
   -762.56883921
   -762.54072448
   -762.54167007
   -762.53250285
   -762.48866990
   -762.53775936
   -762.54235321
   -762.52497276
   -762.57122582
   -762.51959154
   -762.48251228
   -762.54783532
   -762.53931103
   -762.58126121
   -762.54442954
   -762.56916230
   -762.49922656
   -762.56162366
   -762.52585003
   -762.51977229
   -762.52439413
   -762.52969048
   -762.57521344
   -762.53197096
   -762.51846329
   -762.56883942
   -762.55540760
   -762.53653353
   -762.53721764
   -762.52879537
   -762.52339512
   -762.53770921
   -762.56473072
   -762.52975695
   -762.53984276
   -762.55459925
   -762.53622972
   -762.55142685
   -762.53349759
   -762.53885225
   -762.54799153
   -762.53522253
   -762.51428561
   -762.50037574
   -762.56183276
   -762.51626339
   -762.55023709
   -762.53881460
   -762.55228600
   -762.50858241
   -762.55355115
   -762.54714358
   -762.47321839
   -762.53170964
   -762.55325527
   -762.49311071
   -762.55631107
   -762.55180563
   -762.55172060
   -762.52359002
   -762.52391231
   -762.53079738
   -762.54259634
   -762.53684299
   -762.52662012
   -762.44490744
   -762.54553272
   -762.47854833
   -762.53542741
   -762.51189620
   -762.54409773
   -762.54984779
   -762.55041677
   -762.54233274
   -762.53879405
   -762.45631483
   -762.56166545
   -762.52997493
   -762.55200295
   -762.54144897
   -762.52230431
   -762.49405115
   -762.52779539
   -762.47177557
   -762.51839734
   -762.53002054
   -762.53262562
   -762.49505265
   -762.52329486
   -762.55267459
   -762.48320635
   -762.55979398
   -762.43136475
   -762.54991937
   -762.51464943
   -762.54543219
   -762.52571399
   -762.55310386
   -762.48338956
   -762.53442393
   -762.50640273
   -762.53362373
   -762.53119068
   -762.52339777
   -762.53409923
   -762.47802322
   -762.54499911
   -762.54550794
   -762.56918664
   -762.48737958
   -762.49513144
   -762.52413123
   -762.52628774
   -762.51412508
   -762.53554471
   -762.51055546
   -762.51963081
   -762.54858986
   -762.52415104
   -762.48658497
   -762.51908885
   -762.51194435
   -762.52522699
   -762.56177271
   -762.52244574
   -762.54754777
   -762.53956113
   -762.47297854
   -762.52184086
   -762.51172139
   -762.49466099
   -762.51616315
   -762.52298205
   -762.54482687
   -762.53075566
   -762.54752539
   -762.45990471
   -762.51956670
   -762.55895041
   -762.51769958
   -762.54154073
   -762.55156068
   -762.51751413
   -762.51628207
   -762.55367251
   -762.55257125
   -762.46208881
   -762.47956175
   -762.53851952
   -762.52408117
   -762.52894340
   -762.53261736
   -762.50906841
   -762.55271259
   -762.50196771
   -762.54788096
   -762.49499686
   -762.53233716
   -762.52440493
   -762.52212211
   -762.52012136
   -762.55450778
   -762.50329742
   -762.54401751
   -762.54542795
   -762.53331747
   -762.48988813
   -762.54949292
   -762.56081836
   -762.53098752
   -762.55524722
   -762.50781856
   -762.51921823
   -762.52176302
   -762.50257923
   -762.51334553
   -762.56799868
   -762.52523227
   -762.55327807
   -762.46868988
   -762.54914346
   -762.52046601
   -762.51491731
   -762.57070966
   -762.51225769
   -762.51217202
   -762.51418005
   -762.50450495
   -762.52886505
   -762.50885977
   -762.49002603
   -762.50670037
   -762.52452318
   -762.52093679
   -762.54270106
   -762.54379558
   -762.55663925
   -762.56106400
   -762.50807028
   -762.51618996
   -762.57511786
   -762.50498201
   -762.51281744
   -762.54869828
   -762.55142511
   -762.52941697
   -762.51685803
   -762.55706790
   -762.53817218
   -762.50520182
   -762.52440503
   -762.55202071
   -762.52179750
   -762.55168610
   -762.54794334
   -762.55667910
   -762.55316626
   -762.54856485
   -762.55315442
   -762.55336866
   -762.53718888
   -762.53439019
