% The following energies apply to conformations described by the topology 
% R13.top.  Structures are given in trajectory coords.cdf, count: 2789.

% Item 0:
%   Energy -> orca_structures/coor*/Conf*.out
   -801.57454259
   -801.58304007
   -801.60949004
   -801.58491500
   -801.58232553
   -801.59799622
   -801.55893493
   -801.62182310
   -801.60414940
   -801.57996758
   -801.58558910
   -801.57038310
   -801.61698096
   -801.58112057
   -801.54981050
   -801.58076140
   -801.56736093
   -801.60122696
   -801.60875559
   -801.62216237
   -801.57541412
   -801.58766053
   -801.62175224
   -801.57625931
   -801.59325160
   -801.59344546
   -801.60685560
   -801.53601800
   -801.58818169
   -801.58740676
   -801.59475854
   -801.58503810
   -801.58565560
   -801.59162995
   -801.57061079
   -801.60556487
   -801.59008753
   -801.60075162
   -801.56497422
   -801.58102163
   -801.59176179
   -801.58270233
   -801.57246562
   -801.57951782
   -801.57999416
   -801.58717610
   -801.56748480
   -801.58987787
   -801.55903250
   -801.58338783
   -801.58904519
   -801.60786300
   -801.58414076
   -801.62587465
   -801.57994579
   -801.58785884
   -801.57768379
   -801.56877602
   -801.61148261
   -801.55250140
   -801.57447391
   -801.58249110
   -801.57134967
   -801.57072168
   -801.57456790
   -801.59765199
   -801.59015316
   -801.56916335
   -801.59862620
   -801.57673524
   -801.58364807
   -801.58418938
   -801.58678549
   -801.58338626
   -801.58364191
   -801.57873740
   -801.60166712
   -801.57827481
   -801.61091897
   -801.60101094
   -801.59307234
   -801.57396354
   -801.58437210
   -801.57887891
   -801.59550687
   -801.60647915
   -801.57811954
   -801.57551330
   -801.59172761
   -801.58318341
   -801.58439136
   -801.57253848
   -801.58229235
   -801.58409684
   -801.57112428
   -801.59411656
   -801.59539789
   -801.60145820
   -801.58364371
   -801.61473464
   -801.56838368
   -801.58064362
   -801.58162689
   -801.62859892
   -801.60060326
   -801.61128066
   -801.58086004
   -801.59522952
   -801.60528737
   -801.58517936
   -801.58638750
   -801.58859674
   -801.58497322
   -801.58129960
   -801.59894155
   -801.57610935
   -801.60251121
   -801.59631790
   -801.56955660
   -801.57731320
   -801.54183350
   -801.55715450
   -801.58415092
   -801.59321783
   -801.57835612
   -801.60652432
   -801.59544064
   -801.61190543
   -801.57783071
   -801.58802628
   -801.58923890
   -801.59086960
   -801.59381864
   -801.56630699
   -801.60527316
   -801.58130418
   -801.58775719
   -801.57687196
   -801.57854923
   -801.60322710
   -801.60789109
   -801.61894431
   -801.59589182
   -801.58669111
   -801.57990965
   -801.58604087
   -801.56358739
   -801.60319732
   -801.57715157
   -801.58319154
   -801.59141392
   -801.57656752
   -801.59772860
   -801.60139592
   -801.61383199
   -801.60188653
   -801.57132074
   -801.59660813
   -801.61019957
   -801.60430571
   -801.57994170
   -801.59572239
   -801.58983616
   -801.58194742
   -801.57564807
   -801.58907990
   -801.55801142
   -801.55559922
   -801.59034741
   -801.58593312
   -801.61417600
   -801.59978565
   -801.57217496
   -801.61500326
   -801.61657493
   -801.56748299
   -801.54874722
   -801.55516717
   -801.57941149
   -801.58280389
   -801.61703716
   -801.58872007
   -801.59333180
   -801.58143382
   -801.50234400
   -801.59669171
   -801.57805250
   -801.57122833
   -801.55984212
   -801.58722842
   -801.59578090
   -801.49457159
   -801.56767725
   -801.56982879
   -801.49242510
   -801.59257399
   -801.58127368
   -801.61494389
   -801.59367543
   -801.59522405
   -801.58563895
   -801.55154308
   -801.60861232
   -801.59133693
   -801.57542924
   -801.58930908
   -801.58076426
   -801.58510509
   -801.58069683
   -801.62364136
   -801.55509805
   -801.58470066
   -801.49139999
   -801.59251419
   -801.59179982
   -801.59005450
   -801.56334455
   -801.58787204
   -801.56873881
   -801.58903143
   -801.60431183
   -801.59503494
   -801.57779319
   -801.58360885
   -801.58801008
   -801.58615995
   -801.59914417
   -801.58596493
   -801.56696154
   -801.60127849
   -801.59902739
   -801.59010485
   -801.61911224
   -801.58139113
   -801.59731283
   -801.61565704
   -801.56739451
   -801.60214534
   -801.58359562
   -801.59576637
   -801.59561386
   -801.57068238
   -801.54842887
   -801.57555588
   -801.58065303
   -801.48228887
   -801.57694567
   -801.59255662
   -801.59281638
   -801.59962025
   -801.59688190
   -801.56291049
   -801.57471336
   -801.58144146
   -801.59216505
   -801.57475463
   -801.60976545
   -801.57367020
   -801.60380475
   -801.61358648
   -801.58044562
   -801.60042732
   -801.56905533
   -801.58190962
   -801.60581901
   -801.60648367
   -801.60303983
   -801.55485736
   -801.58382519
   -801.55576106
   -801.57220848
   -801.56191938
   -801.58738599
   -801.57249626
   -801.58149948
   -801.61501674
   -801.58250045
   -801.55461936
   -801.57443403
   -801.60347333
   -801.60733205
   -801.60540020
   -801.55908507
   -801.60366671
   -801.59897747
   -801.60589078
   -801.59690775
   -801.59833500
   -801.59865688
   -801.56424520
   -801.59896669
   -801.56852247
   -801.58527171
   -801.60696172
   -801.60085218
   -801.58929283
   -801.58166728
   -801.59229089
   -801.60759886
   -801.57125555
   -801.59689666
   -801.57738425
   -801.57320208
   -801.56023504
   -801.57818814
   -801.58050624
   -801.56533186
   -801.59829651
   -801.58103691
   -801.57576531
   -801.60521880
   -801.61348671
   -801.60304821
   -801.58820296
   -801.59307937
   -801.59158554
   -801.58485816
   -801.60035978
   -801.58318733
   -801.59422197
   -801.55394463
   -801.59509181
   -801.58865942
   -801.57974177
   -801.59674966
   -801.58652271
   -801.59537125
   -801.59862485
   -801.57276887
   -801.59187036
   -801.54857597
   -801.59487460
   -801.57088153
   -801.57966091
   -801.58040806
   -801.60669732
   -801.57620155
   -801.59499305
   -801.57734892
   -801.58779470
   -801.59071479
   -801.60213087
   -801.59727720
   -801.59538156
   -801.58227494
   -801.58719371
   -801.62324475
   -801.59331471
   -801.58325196
   -801.60144568
   -801.59188511
   -801.60830811
   -801.58042891
   -801.59608528
   -801.59970524
   -801.58525750
   -801.59421881
   -801.57651952
   -801.58133617
   -801.57939547
   -801.60455383
   -801.61017348
   -801.57930280
   -801.55496666
   -801.57800385
   -801.61239360
   -801.60906868
   -801.59520971
   -801.58224733
   -801.61133944
   -801.60709172
   -801.56652730
   -801.60015868
   -801.61107505
   -801.57931625
   -801.60895580
   -801.59537661
   -801.57803480
   -801.58695311
   -801.55590892
   -801.60583894
   -801.59157778
   -801.59990510
   -801.58063147
   -801.58215851
   -801.59172732
   -801.59778616
   -801.53273192
   -801.60889408
   -801.59985210
   -801.60903113
   -801.55078830
   -801.58921997
   -801.48802330
   -801.59545267
   -801.61648888
   -801.48963274
   -801.61728142
   -801.59392770
   -801.60341654
   -801.59817918
   -801.58493150
   -801.59645966
   -801.62779181
   -801.59811193
   -801.58119282
   -801.60458299
   -801.58320392
   -801.56133164
   -801.60629717
   -801.59723867
   -801.59204138
   -801.60250316
   -801.60252488
   -801.60211104
   -801.60807187
   -801.59706158
   -801.61546805
   -801.58885412
   -801.62331066
   -801.57658473
   -801.59036277
   -801.56018856
   -801.59229916
   -801.58958167
   -801.53058534
   -801.57922643
   -801.61211521
   -801.60342586
   -801.58031946
   -801.59852263
   -801.58263811
   -801.59006756
   -801.61382329
   -801.60098193
   -801.56748715
   -801.56601365
   -801.58534562
   -801.58647241
   -801.57982837
   -801.60700068
   -801.60330674
   -801.50006628
   -801.58177983
   -801.58895139
   -801.59154036
   -801.59892817
   -801.61412834
   -801.61764095
   -801.61590434
   -801.55877542
   -801.57913694
   -801.58475961
   -801.56671002
   -801.59273668
   -801.59309743
   -801.58416593
   -801.61148941
   -801.58887238
   -801.57963282
   -801.60702493
   -801.61010546
   -801.57983677
   -801.57743979
   -801.58028924
   -801.59487155
   -801.57141417
   -801.58265507
   -801.57429004
   -801.61321440
   -801.59129346
   -801.61027849
   -801.56584681
   -801.57556007
   -801.58572775
   -801.58893228
   -801.57370122
   -801.59230511
   -801.60441570
   -801.60794373
   -801.59466871
   -801.56230076
   -801.58631525
   -801.59386600
   -801.56490424
   -801.60051714
   -801.60661944
   -801.53610428
   -801.58888736
   -801.59609414
   -801.59462445
   -801.59766654
   -801.59248050
   -801.57560453
   -801.57466885
   -801.61259286
   -801.59916381
   -801.59460183
   -801.59371876
   -801.58080841
   -801.58615640
   -801.60902084
   -801.58510910
   -801.58075581
   -801.57333986
   -801.59078143
   -801.56056599
   -801.58402278
   -801.58017535
   -801.59160496
   -801.58046334
   -801.58080216
   -801.55699687
   -801.61050315
   -801.57785709
   -801.58293596
   -801.61118473
   -801.60750007
   -801.61374953
   -801.58445901
   -801.60554210
   -801.59164234
   -801.57467452
   -801.59656112
   -801.60235823
   -801.58428847
   -801.60046741
   -801.60216259
   -801.57693058
   -801.57147506
   -801.49205634
   -801.58635528
   -801.61841381
   -801.58944528
   -801.57944401
   -801.56239585
   -801.48397608
   -801.47322656
   -801.58784758
   -801.58436040
   -801.52294661
   -801.60105705
   -801.58838919
   -801.56763904
   -801.56685893
   -801.57457727
   -801.58356136
   -801.57995410
   -801.60068277
   -801.59370808
   -801.56616061
   -801.58084544
   -801.59051336
   -801.61292072
   -801.58393293
   -801.58710453
   -801.58976753
   -801.56949967
   -801.61985205
   -801.58055389
   -801.57492566
   -801.58520597
   -801.58997028
   -801.59878340
   -801.58213982
   -801.59886676
   -801.57136834
   -801.56055675
   -801.58400212
   -801.61866873
   -801.57478002
   -801.60792152
   -801.57742538
   -801.58363485
   -801.59207073
   -801.59322662
   -801.58881031
   -801.57323525
   -801.60311490
   -801.58305832
   -801.59894656
   -801.61670113
   -801.58598944
   -801.57687565
   -801.60445363
   -801.59871059
   -801.54599850
   -801.58266698
   -801.57342844
   -801.58594658
   -801.56421419
   -801.55142811
   -801.60490956
   -801.59285826
   -801.59173460
   -801.58878238
   -801.58410378
   -801.59512070
   -801.59204354
   -801.56717710
   -801.57903983
   -801.58208623
   -801.59827974
   -801.60873321
   -801.59105918
   -801.48450165
   -801.58242592
   -801.58067509
   -801.60106208
   -801.58138971
   -801.58676142
   -801.59627056
   -801.61157154
   -801.62292079
   -801.57571372
   -801.57282283
   -801.55837161
   -801.57327672
   -801.55382381
   -801.58776170
   -801.57999047
   -801.55306305
   -801.54461913
   -801.60087440
   -801.61779590
   -801.62187703
   -801.60545141
   -801.53594475
   -801.60462866
   -801.60694180
   -801.57386818
   -801.60980057
   -801.58596133
   -801.57107944
   -801.58056502
   -801.60630221
   -801.58558446
   -801.58145256
   -801.57928082
   -801.55860770
   -801.56112755
   -801.59730193
   -801.60084272
   -801.62188278
   -801.57821541
   -801.53704541
   -801.57527527
   -801.58498142
   -801.58510054
   -801.61639076
   -801.60072594
   -801.58785163
   -801.61544658
   -801.60073662
   -801.60096902
   -801.56365878
   -801.59259317
   -801.59129616
   -801.58818579
   -801.60271988
   -801.50610421
   -801.59465119
   -801.57337319
   -801.57624839
   -801.59470105
   -801.61116172
   -801.62465417
   -801.61440273
   -801.57425826
   -801.59557556
   -801.55614004
   -801.54848089
   -801.59519954
   -801.61158813
   -801.57077899
   -801.61806305
   -801.55802802
   -801.59688970
   -801.57991488
   -801.59515575
   -801.60069121
   -801.57066731
   -801.58993923
   -801.55739512
   -801.57210268
   -801.58848911
   -801.56419374
   -801.60193532
   -801.60087770
   -801.59572899
   -801.59017269
   -801.58624616
   -801.60438592
   -801.60183398
   -801.57675591
   -801.55663284
   -801.59823363
   -801.57567878
   -801.56834750
   -801.58770967
   -801.61579755
   -801.60691622
   -801.61764110
   -801.59610411
   -801.60096500
   -801.58962349
   -801.57980721
   -801.58569803
   -801.59070410
   -801.60465482
   -801.60878979
   -801.57360271
   -801.56777076
   -801.59861395
   -801.57238860
   -801.57264273
   -801.59945244
   -801.58782288
   -801.57053667
   -801.58104254
   -801.59750098
   -801.55123470
   -801.61043302
   -801.57040329
   -801.61546013
   -801.58402108
   -801.60831962
   -801.60991694
   -801.59413046
   -801.58731085
   -801.58626068
   -801.58500077
   -801.59393878
   -801.59847432
   -801.59695805
   -801.58406082
   -801.61362841
   -801.57110747
   -801.57062727
   -801.61390911
   -801.56058032
   -801.60045309
   -801.57371631
   -801.55557626
   -801.56044122
   -801.58190820
   -801.58888418
   -801.58957751
   -801.57310541
   -801.60840210
   -801.54950742
   -801.60298612
   -801.57105603
   -801.59804421
   -801.57937775
   -801.57710447
   -801.59271384
   -801.58756132
   -801.56862747
   -801.60554757
   -801.61314297
   -801.57480665
   -801.59647359
   -801.53013361
   -801.49963728
   -801.55334353
   -801.61200159
   -801.60525834
   -801.58712635
   -801.58776596
   -801.59617724
   -801.61553873
   -801.58295575
   -801.59922362
   -801.57503823
   -801.59272916
   -801.59484013
   -801.59923742
   -801.60006035
   -801.60613750
   -801.60336253
   -801.60664588
   -801.60374248
   -801.59352344
   -801.57403004
   -801.60057815
   -801.61768129
   -801.59139776
   -801.58995537
   -801.53420684
   -801.59444262
   -801.57215942
   -801.59697200
   -801.57036255
   -801.61047830
   -801.58654230
   -801.61436439
   -801.59905111
   -801.57429731
   -801.58694077
   -801.56526766
   -801.59975398
   -801.59464950
   -801.59224930
   -801.59403727
   -801.59776433
   -801.60764325
   -801.58716553
   -801.60179093
   -801.58158888
   -801.58321115
   -801.60477459
   -801.58862189
   -801.58097828
   -801.57078997
   -801.60597073
   -801.59322443
   -801.58098486
   -801.58018424
   -801.61158046
   -801.58356270
   -801.59990860
   -801.56966595
   -801.61158782
   -801.57049605
   -801.57914104
   -801.58597677
   -801.60189951
   -801.57999442
   -801.58714016
   -801.60142736
   -801.59275014
   -801.57629211
   -801.58739841
   -801.57072596
   -801.58711202
   -801.58604832
   -801.59177449
   -801.59311157
   -801.57068879
   -801.59468640
   -801.51197332
   -801.57113621
   -801.58866687
   -801.58602305
   -801.56720907
   -801.62004697
   -801.58952644
   -801.58385286
   -801.61789890
   -801.57724366
   -801.57900416
   -801.59731227
   -801.60820013
   -801.59632992
   -801.59420621
   -801.59037048
   -801.58169982
   -801.56638901
   -801.59953904
   -801.58606453
   -801.59944889
   -801.57941181
   -801.59386054
   -801.58710717
   -801.60436933
   -801.53845587
   -801.60105515
   -801.58979341
   -801.59328622
   -801.58616676
   -801.58864507
   -801.59029691
   -801.49732309
   -801.60153060
   -801.59492100
   -801.58088842
   -801.60240511
   -801.58127372
   -801.61426333
   -801.57793161
   -801.57464495
   -801.58851605
   -801.49401808
   -801.59957702
   -801.58998117
   -801.60809568
   -801.58057926
   -801.60042011
   -801.62677166
   -801.59602561
   -801.56803174
   -801.58118753
   -801.50610947
   -801.57148286
   -801.57359489
   -801.58254698
   -801.59614656
   -801.59006587
   -801.57119255
   -801.60999240
   -801.60325505
   -801.61156975
   -801.57902106
   -801.57692629
   -801.58857123
   -801.59152964
   -801.60082669
   -801.59478331
   -801.59968185
   -801.50913053
   -801.60493082
   -801.46978133
   -801.57352507
   -801.56805572
   -801.60539349
   -801.62178038
   -801.58511210
   -801.61389256
   -801.59779201
   -801.56715483
   -801.61160057
   -801.57783961
   -801.61086067
   -801.49001713
   -801.60998833
   -801.55822632
   -801.60567912
   -801.58103026
   -801.59480277
   -801.59764867
   -801.60588582
   -801.57195884
   -801.60256931
   -801.57814335
   -801.59128170
   -801.58325696
   -801.62083471
   -801.58576597
   -801.61552430
   -801.58050116
   -801.58684089
   -801.57904392
   -801.60137028
   -801.61000777
   -801.58604144
   -801.58983786
   -801.55604643
   -801.56911938
   -801.58409414
   -801.58366271
   -801.58513643
   -801.58472608
   -801.59730391
   -801.57198536
   -801.59974681
   -801.59319276
   -801.60093989
   -801.56074633
   -801.61034767
   -801.55992268
   -801.59068715
   -801.60985599
   -801.59948457
   -801.57331705
   -801.58536171
   -801.57061332
   -801.58831074
   -801.57937612
   -801.59035669
   -801.61757444
   -801.61163970
   -801.60680761
   -801.57981720
   -801.58541526
   -801.58748739
   -801.59160730
   -801.58413927
   -801.58146802
   -801.59224036
   -801.60738389
   -801.57334288
   -801.60954938
   -801.59341937
   -801.57971101
   -801.59952054
   -801.61733986
   -801.58827112
   -801.60112955
   -801.59414531
   -801.61024874
   -801.58332834
   -801.58222404
   -801.59713227
   -801.60274184
   -801.50486825
   -801.59899030
   -801.58276041
   -801.58940855
   -801.59359472
   -801.55461107
   -801.60034175
   -801.58663299
   -801.57769182
   -801.60482085
   -801.58890306
   -801.58373047
   -801.56120204
   -801.58351122
   -801.58884356
   -801.59424827
   -801.58447937
   -801.60741295
   -801.58332916
   -801.61057647
   -801.57568532
   -801.60891635
   -801.59753059
   -801.55783189
   -801.59586323
   -801.49383005
   -801.62185127
   -801.58499441
   -801.60857485
   -801.59283375
   -801.61146462
   -801.57754939
   -801.57856009
   -801.61647289
   -801.60509032
   -801.61579654
   -801.61975219
   -801.59848070
   -801.57415151
   -801.59564663
   -801.61036552
   -801.57407149
   -801.58540415
   -801.60093270
   -801.54127791
   -801.57809588
   -801.56648273
   -801.57463283
   -801.62212604
   -801.59697475
   -801.60471479
   -801.56358577
   -801.58552896
   -801.60671525
   -801.60961210
   -801.57795809
   -801.58584825
   -801.55880683
   -801.58960479
   -801.58611421
   -801.60329603
   -801.60782253
   -801.59263567
   -801.60101318
   -801.57982140
   -801.58616769
   -801.61979112
   -801.59829252
   -801.60367967
   -801.57083262
   -801.60067402
   -801.61189572
   -801.58179901
   -801.58596169
   -801.58672151
   -801.60140592
   -801.59659792
   -801.58913548
   -801.57901399
   -801.54494193
   -801.57371369
   -801.59835168
   -801.57197939
   -801.60342677
   -801.58178045
   -801.58182344
   -801.58685732
   -801.60986928
   -801.60209961
   -801.55271159
   -801.57351032
   -801.57140521
   -801.61473885
   -801.55812326
   -801.57060269
   -801.54665954
   -801.57810205
   -801.59492142
   -801.58749630
   -801.58487568
   -801.59330508
   -801.60440867
   -801.61320876
   -801.60179736
   -801.56710209
   -801.60796952
   -801.49494127
   -801.60919978
   -801.58711637
   -801.61172126
   -801.59360883
   -801.57342476
   -801.56228794
   -801.60113399
   -801.55909928
   -801.61167266
   -801.59199061
   -801.58076510
   -801.56509727
   -801.57599940
   -801.58013395
   -801.57085947
   -801.60341561
   -801.58953351
   -801.56465350
   -801.55846617
   -801.56598302
   -801.56554808
   -801.58536073
   -801.57964265
   -801.58414205
   -801.57528077
   -801.60467681
   -801.55075062
   -801.57723386
   -801.56583095
   -801.58783266
   -801.57484771
   -801.56941506
   -801.59147141
   -801.57842650
   -801.59800290
   -801.57738768
   -801.57837086
   -801.58601684
   -801.56662356
   -801.56266717
   -801.59296389
   -801.57741641
   -801.58443990
   -801.55314811
   -801.59194952
   -801.61865355
   -801.58639347
   -801.57410122
   -801.58202370
   -801.61623978
   -801.57576959
   -801.59053056
   -801.58717336
   -801.58038279
   -801.58038693
   -801.57303322
   -801.59262359
   -801.60422022
   -801.60592488
   -801.61966290
   -801.61687408
   -801.57411026
   -801.58989941
   -801.59232057
   -801.56826034
   -801.60965402
   -801.56012486
   -801.57899637
   -801.57256229
   -801.61299659
   -801.58368646
   -801.58787238
   -801.61376904
   -801.58216334
   -801.60682846
   -801.57975682
   -801.59424058
   -801.57703060
   -801.59958915
   -801.56353261
   -801.57468209
   -801.58242261
   -801.58744735
   -801.59563427
   -801.58140111
   -801.60348991
   -801.60510494
   -801.58780876
   -801.57474310
   -801.53251725
   -801.59325392
   -801.57707437
   -801.59753956
   -801.48614953
   -801.60235803
   -801.58860912
   -801.58731442
   -801.58341378
   -801.59682896
   -801.58441357
   -801.57847281
   -801.57936811
   -801.55113930
   -801.58854881
   -801.60877314
   -801.60981360
   -801.62211373
   -801.56371741
   -801.58987645
   -801.55998939
   -801.59254292
   -801.60114771
   -801.59776090
   -801.57775427
   -801.59528270
   -801.55018553
   -801.61062752
   -801.60899971
   -801.60894304
   -801.57696445
   -801.61394269
   -801.58926078
   -801.56577781
   -801.58748005
   -801.57159850
   -801.59467484
   -801.61129184
   -801.60130071
   -801.59782710
   -801.56632635
   -801.58406246
   -801.57086364
   -801.59773106
   -801.57239076
   -801.57787735
   -801.58766135
   -801.58596105
   -801.58643675
   -801.60553978
   -801.57302481
   -801.60675052
   -801.59031639
   -801.59318529
   -801.57242283
   -801.58706755
   -801.57724406
   -801.61674687
   -801.57791773
   -801.60574166
   -801.59021046
   -801.59115163
   -801.62385352
   -801.58058527
   -801.59331229
   -801.57442465
   -801.60887671
   -801.58947125
   -801.57772708
   -801.59370756
   -801.59036824
   -801.58049195
   -801.59384452
   -801.59910430
   -801.58646085
   -801.60314615
   -801.54974190
   -801.54476956
   -801.57515874
   -801.57071736
   -801.58782444
   -801.61307980
   -801.60976624
   -801.57065075
   -801.57950364
   -801.57018281
   -801.60857955
   -801.59174423
   -801.60338070
   -801.58595580
   -801.61744818
   -801.60021635
   -801.61063853
   -801.57857896
   -801.49253582
   -801.58512989
   -801.58438163
   -801.60503722
   -801.53366421
   -801.59938741
   -801.58996553
   -801.58765507
   -801.58799352
   -801.57850727
   -801.60335372
   -801.57994099
   -801.59315213
   -801.60700114
   -801.49503427
   -801.57117565
   -801.57960474
   -801.59021941
   -801.59663225
   -801.60442676
   -801.58970483
   -801.62414652
   -801.50150361
   -801.48512440
   -801.61282944
   -801.61714462
   -801.61783047
   -801.59995109
   -801.59398727
   -801.57968907
   -801.59741766
   -801.58555609
   -801.49810188
   -801.55907335
   -801.59924477
   -801.58657015
   -801.48473848
   -801.58436400
   -801.59536440
   -801.58560383
   -801.59887685
   -801.58053472
   -801.60018592
   -801.61639894
   -801.54271091
   -801.59377574
   -801.58402099
   -801.56991406
   -801.60735159
   -801.57957729
   -801.61067514
   -801.59731234
   -801.60919875
   -801.59193042
   -801.57941634
   -801.57863278
   -801.60573559
   -801.59931110
   -801.55999225
   -801.60182824
   -801.61256657
   -801.59247898
   -801.58841739
   -801.58101136
   -801.55514444
   -801.59669905
   -801.58674496
   -801.58660420
   -801.58713884
   -801.58068084
   -801.59522720
   -801.58631904
   -801.54103483
   -801.56570276
   -801.57146718
   -801.58628498
   -801.57374587
   -801.58744562
   -801.61593599
   -801.60490227
   -801.59608081
   -801.61174611
   -801.58345514
   -801.57740197
   -801.58326292
   -801.57295201
   -801.56055037
   -801.60229273
   -801.58421383
   -801.58128406
   -801.60327519
   -801.57904238
   -801.54502335
   -801.58065821
   -801.57143219
   -801.58393269
   -801.58437537
   -801.55819291
   -801.59125633
   -801.56679891
   -801.56148381
   -801.59536253
   -801.56835770
   -801.56657104
   -801.58038025
   -801.58772585
   -801.58971927
   -801.59107561
   -801.59701720
   -801.57757407
   -801.59560801
   -801.59453604
   -801.59962331
   -801.60014401
   -801.58561831
   -801.61554923
   -801.56877461
   -801.57268799
   -801.58656131
   -801.55962526
   -801.56697392
   -801.59836959
   -801.55776379
   -801.60270724
   -801.58224572
   -801.58214165
   -801.60022494
   -801.58755440
   -801.56857009
   -801.60807236
   -801.59564494
   -801.57361814
   -801.59447579
   -801.55899778
   -801.58396826
   -801.60414456
   -801.57971882
   -801.58134213
   -801.58022228
   -801.49372338
   -801.57347195
   -801.59593828
   -801.57375893
   -801.58873446
   -801.58254519
   -801.56844245
   -801.59011565
   -801.58018379
   -801.58809673
   -801.56101401
   -801.56899797
   -801.59392921
   -801.57263309
   -801.58183766
   -801.53008835
   -801.59017440
   -801.57492019
   -801.58604392
   -801.58388305
   -801.61160046
   -801.57666262
   -801.58795791
   -801.59062648
   -801.61417887
   -801.59006675
   -801.48789349
   -801.57052985
   -801.58553701
   -801.57816177
   -801.57006754
   -801.60975326
   -801.58639671
   -801.58674135
   -801.48766280
   -801.56174938
   -801.58789784
   -801.59789044
   -801.58197847
   -801.61039195
   -801.58687823
   -801.60161456
   -801.59681598
   -801.50158554
   -801.57827886
   -801.59552238
   -801.58638615
   -801.58783568
   -801.58250410
   -801.58275992
   -801.46548678
   -801.58021087
   -801.58412686
   -801.58055971
   -801.57741218
   -801.58480376
   -801.60120839
   -801.59049139
   -801.49008514
   -801.57465918
   -801.58922062
   -801.58610923
   -801.57843175
   -801.58533748
   -801.59613544
   -801.59429576
   -801.59392783
   -801.60531386
   -801.57960941
   -801.61328035
   -801.56961324
   -801.59091612
   -801.55368318
   -801.56810809
   -801.60415395
   -801.57076716
   -801.58817807
   -801.60087228
   -801.61405879
   -801.59626762
   -801.58692896
   -801.57972658
   -801.60511831
   -801.61887879
   -801.61576318
   -801.59271691
   -801.58113636
   -801.60876485
   -801.59439692
   -801.61100975
   -801.58559684
   -801.57571520
   -801.59873234
   -801.59542007
   -801.59968316
   -801.60204789
   -801.60190288
   -801.61202626
   -801.60907619
   -801.56648171
   -801.57305349
   -801.57710529
   -801.56600244
   -801.61537545
   -801.58796126
   -801.60627723
   -801.59496847
   -801.60072007
   -801.58376365
   -801.56733875
   -801.59725720
   -801.56740156
   -801.59807771
   -801.57644557
   -801.59823533
   -801.60559933
   -801.58185895
   -801.56525284
   -801.59325060
   -801.60553677
   -801.59369712
   -801.60461057
   -801.57084579
   -801.61453089
   -801.59106585
   -801.57228654
   -801.59652084
   -801.61231489
   -801.56540610
   -801.59803684
   -801.59004275
   -801.59980482
   -801.60743311
   -801.59711880
   -801.58664588
   -801.58365614
   -801.58300437
   -801.59293853
   -801.57140378
   -801.58656634
   -801.58958955
   -801.59018717
   -801.57852663
   -801.56569991
   -801.59896317
   -801.56495182
   -801.58357735
   -801.58559818
   -801.60719785
   -801.55652321
   -801.58081615
   -801.57837220
   -801.49713771
   -801.58564562
   -801.49192295
   -801.60201738
   -801.59184021
   -801.60521735
   -801.60408793
   -801.58232642
   -801.56552446
   -801.59836192
   -801.58839329
   -801.57910701
   -801.62021642
   -801.56602989
   -801.57592187
   -801.60687786
   -801.59640313
   -801.60238143
   -801.58175611
   -801.59676574
   -801.56326595
   -801.57377101
   -801.61193169
   -801.59015651
   -801.58987809
   -801.55090331
   -801.58075268
   -801.49251642
   -801.62526051
   -801.58323451
   -801.56004989
   -801.59180825
   -801.49645544
   -801.60478554
   -801.59928209
   -801.59173296
   -801.59041041
   -801.57419599
   -801.58127523
   -801.59163033
   -801.59304653
   -801.58940898
   -801.60099270
   -801.56447168
   -801.57653089
   -801.62172168
   -801.60902663
   -801.60967480
   -801.62484363
   -801.56966184
   -801.59521753
   -801.60626746
   -801.58490142
   -801.56481777
   -801.58111498
   -801.59939069
   -801.59605690
   -801.58288969
   -801.59213360
   -801.59994623
   -801.56774181
   -801.58947306
   -801.59912689
   -801.60627970
   -801.58704747
   -801.59020848
   -801.57391470
   -801.59438494
   -801.58538830
   -801.58891550
   -801.60285370
   -801.61878440
   -801.58190262
   -801.59597373
   -801.58006164
   -801.60951763
   -801.59171919
   -801.57922005
   -801.58871211
   -801.58975479
   -801.58847700
   -801.57697014
   -801.61205275
   -801.58533583
   -801.60313605
   -801.58655239
   -801.58500995
   -801.57924260
   -801.61636490
   -801.58847797
   -801.59447070
   -801.58858125
   -801.47803000
   -801.61667515
   -801.55815043
   -801.58575714
   -801.59539832
   -801.59795078
   -801.58164156
   -801.58801244
   -801.61652557
   -801.59855271
   -801.61901527
   -801.57044987
   -801.56638719
   -801.57675641
   -801.60967133
   -801.61284649
   -801.56609687
   -801.60027558
   -801.57218621
   -801.57147971
   -801.56581128
   -801.60678991
   -801.61066178
   -801.61105373
   -801.57715842
   -801.58138702
   -801.59643100
   -801.59290148
   -801.57386388
   -801.56758098
   -801.59747193
   -801.59868226
   -801.57418109
   -801.58323164
   -801.58355544
   -801.60843953
   -801.58533020
   -801.58650901
   -801.60806753
   -801.60146941
   -801.56840853
   -801.58039795
   -801.58240368
   -801.56925269
   -801.61092313
   -801.60934094
   -801.57424888
   -801.57913614
   -801.58996512
   -801.58304566
   -801.61465828
   -801.57582848
   -801.59616113
   -801.58853344
   -801.60918031
   -801.59216664
   -801.60403831
   -801.59389846
   -801.61113042
   -801.58549170
   -801.58288361
   -801.61438685
   -801.59981148
   -801.57884908
   -801.62425171
   -801.59204652
   -801.58181054
   -801.59745017
   -801.49372113
   -801.57569184
   -801.60242988
   -801.57491803
   -801.57959275
   -801.49019777
   -801.59628337
   -801.56064810
   -801.58628891
   -801.56063431
   -801.56931548
   -801.59838541
   -801.49391145
   -801.59557470
   -801.58481534
   -801.59986229
   -801.58406319
   -801.58170696
   -801.57523968
   -801.59850515
   -801.60295465
   -801.58412263
   -801.61747572
   -801.57251001
   -801.49694091
   -801.58788720
   -801.58897334
   -801.57988906
   -801.59855181
   -801.56677634
   -801.58003442
   -801.59227912
   -801.58537218
   -801.59283449
   -801.58130053
   -801.61831666
   -801.61404635
   -801.58129325
   -801.58212031
   -801.59767214
   -801.57481847
   -801.60398780
   -801.60219986
   -801.55309995
   -801.56459815
   -801.56383621
   -801.58569739
   -801.61505399
   -801.56293121
   -801.56814111
   -801.60611803
   -801.57019409
   -801.58819275
   -801.59985887
   -801.60067419
   -801.58928693
   -801.59371605
   -801.60314372
   -801.52269366
   -801.59605913
   -801.61459099
   -801.59248280
   -801.58132685
   -801.60271982
   -801.57639454
   -801.55413355
   -801.55838079
   -801.56423815
   -801.59921671
   -801.56360504
   -801.58239245
   -801.58363706
   -801.59328575
   -801.58318005
   -801.60985130
   -801.58901252
   -801.58857326
   -801.59392586
   -801.59049750
   -801.57726413
   -801.59211379
   -801.59945759
   -801.56017491
   -801.58991394
   -801.60371108
   -801.59418484
   -801.56748516
   -801.60281162
   -801.57848194
   -801.58366763
   -801.60790609
   -801.60821231
   -801.56347938
   -801.59782521
   -801.61111524
   -801.54852153
   -801.58275569
   -801.60164825
   -801.59533552
   -801.57085607
   -801.61153169
   -801.58168335
   -801.60154609
   -801.56940124
   -801.59426979
   -801.59588307
   -801.58696599
   -801.56758756
   -801.60828362
   -801.61514420
   -801.56615770
   -801.59907780
   -801.59217244
   -801.61600991
   -801.55451934
   -801.59765760
   -801.57335564
   -801.58236778
   -801.59175326
   -801.60176748
   -801.59179633
   -801.57941932
   -801.57773310
   -801.59189760
   -801.59376322
   -801.61023428
   -801.53729343
   -801.58019997
   -801.58025768
   -801.59616413
   -801.59614778
   -801.58549421
   -801.59525433
   -801.61284300
   -801.58989420
   -801.50125947
   -801.58854359
   -801.57899247
   -801.50181587
   -801.58197243
   -801.58352454
   -801.58498269
   -801.60001737
   -801.60432696
   -801.50464142
   -801.55937545
   -801.54273938
   -801.58787484
   -801.61891209
   -801.59944076
   -801.58863561
   -801.56554120
   -801.59696925
   -801.59274374
   -801.60671063
   -801.62094416
   -801.58575176
   -801.58802678
   -801.58794838
   -801.56979593
   -801.61417293
   -801.57255006
   -801.57528547
   -801.59549395
   -801.62573695
   -801.59017476
   -801.60851742
   -801.61351172
   -801.57744918
   -801.60727119
   -801.60951204
   -801.58719466
   -801.59016216
   -801.60320704
   -801.59851706
   -801.60427249
   -801.58604783
   -801.58714828
   -801.55693179
   -801.57820997
   -801.61057793
   -801.54453149
   -801.57157969
   -801.57398693
   -801.57116927
   -801.53823476
   -801.60172853
   -801.59738533
   -801.60313554
   -801.57759326
   -801.55908387
   -801.59219009
   -801.58724603
   -801.56746606
   -801.59560277
   -801.58270552
   -801.59493300
   -801.58711820
   -801.61157973
   -801.61726265
   -801.60641544
   -801.59084375
   -801.59303680
   -801.50323282
   -801.60162112
   -801.61911539
   -801.58336761
   -801.58841533
   -801.59396574
   -801.59707431
   -801.61663491
   -801.58157837
   -801.57916061
   -801.59590427
   -801.59389569
   -801.57829086
   -801.58948887
   -801.59752735
   -801.59827977
   -801.59262310
   -801.59252870
   -801.50668200
   -801.58012934
   -801.59001255
   -801.60047747
   -801.58052741
   -801.59065551
   -801.56915580
   -801.59046292
   -801.58212500
   -801.57731590
   -801.58544787
   -801.59542009
   -801.59371299
   -801.58758101
   -801.58606650
   -801.61233515
   -801.60810503
   -801.59688174
   -801.58586067
   -801.59025569
   -801.59302091
   -801.58667532
   -801.59779071
   -801.61865717
   -801.58592284
   -801.56562351
   -801.59052626
   -801.59688078
   -801.58731858
   -801.57761113
   -801.56214630
   -801.57551291
   -801.56889826
   -801.57124020
   -801.61524135
   -801.54662542
   -801.49411921
   -801.59224458
   -801.60190152
   -801.58540400
   -801.60321645
   -801.59041715
   -801.60317504
   -801.58078980
   -801.58826988
   -801.60128852
   -801.58745199
   -801.60924348
   -801.62196938
   -801.58842106
   -801.60986902
   -801.61116062
   -801.58565758
   -801.58458092
   -801.59358685
   -801.56999652
   -801.56247928
   -801.56998254
   -801.56470467
   -801.56091566
   -801.57659155
   -801.61040592
   -801.54710781
   -801.58743953
   -801.57108781
   -801.60206501
   -801.60529340
   -801.59089041
   -801.55790261
   -801.58232957
   -801.58148863
   -801.61998353
   -801.61074897
   -801.60829956
   -801.58388350
   -801.55961224
   -801.58002152
   -801.60456317
   -801.58678076
   -801.62145913
   -801.58808952
   -801.54941797
   -801.57196911
   -801.60804700
   -801.57521402
   -801.57357008
   -801.57834336
   -801.60817779
   -801.58498807
   -801.59700677
   -801.58116022
   -801.57087679
   -801.59042797
   -801.60707810
   -801.58711296
   -801.58529443
   -801.57288588
   -801.56974982
   -801.60803725
   -801.58589969
   -801.61787755
   -801.56157551
   -801.56709101
   -801.56504047
   -801.57502654
   -801.58531419
   -801.54384975
   -801.58016097
   -801.62316059
   -801.60079811
   -801.58295545
   -801.58743107
   -801.59518858
   -801.57685487
   -801.59956081
   -801.58176392
   -801.57543654
   -801.57412755
   -801.57029936
   -801.60357835
   -801.60305143
   -801.58269717
   -801.60304032
   -801.60572825
   -801.56455686
   -801.58664077
   -801.56756362
   -801.56543572
   -801.57927107
   -801.57619856
   -801.60538852
   -801.56261274
   -801.57527373
   -801.58727333
   -801.59378584
   -801.57091945
   -801.59347481
   -801.57440291
   -801.61136827
   -801.60467151
   -801.56686965
   -801.59192680
   -801.58578110
   -801.57890497
   -801.58981548
   -801.58506403
   -801.58582987
   -801.57535658
   -801.60755531
   -801.57856065
   -801.60468156
   -801.59866395
   -801.60301434
   -801.58500351
   -801.59511053
   -801.58096839
   -801.58206678
   -801.59081483
   -801.58900380
   -801.59910791
   -801.58574343
   -801.59512257
   -801.57577178
   -801.61346682
   -801.60621185
   -801.60396635
   -801.59633607
   -801.58100924
   -801.60081609
   -801.57179001
   -801.59592049
   -801.60105551
   -801.57660296
   -801.57007788
   -801.57701516
   -801.58616702
   -801.57280476
   -801.58459853
   -801.60521167
   -801.56714137
   -801.58139778
   -801.58166255
   -801.56228973
   -801.57419559
   -801.61820802
   -801.57326713
   -801.61074430
   -801.60706842
   -801.61096793
   -801.58901031
   -801.58647499
   -801.56580556
   -801.58594440
   -801.61024099
   -801.59638694
   -801.61319932
   -801.60520339
   -801.56564684
   -801.59191809
   -801.57680152
   -801.59403608
   -801.59439564
   -801.58045236
   -801.56068779
   -801.60542987
   -801.57909574
   -801.59214009
   -801.61718049
   -801.58712925
   -801.56490728
   -801.58886506
   -801.59443153
   -801.58511839
   -801.57739818
   -801.60047610
   -801.58285688
   -801.62508267
   -801.57095802
   -801.60402274
   -801.58413504
   -801.60777268
   -801.56817335
   -801.60134612
   -801.55464325
   -801.60909847
   -801.60046150
   -801.57731173
   -801.58864956
   -801.60738820
   -801.48676470
   -801.58933225
   -801.61734288
   -801.61949879
   -801.57708442
   -801.59138199
   -801.58986366
   -801.57056420
   -801.59138145
   -801.58343657
   -801.57764379
   -801.58113048
   -801.62350562
   -801.57058225
   -801.56781184
   -801.61045385
   -801.57613550
   -801.61454141
   -801.56680920
   -801.58720782
   -801.57036309
   -801.57768541
   -801.48383722
   -801.58257023
   -801.58162385
   -801.61398710
   -801.59316498
   -801.58120168
   -801.59050003
   -801.58267558
   -801.58744954
   -801.59502135
   -801.59876255
   -801.59093660
   -801.58085068
   -801.60489293
   -801.57725872
   -801.60412460
   -801.60787217
   -801.55791105
   -801.57610068
   -801.56696959
   -801.60330927
   -801.59918949
   -801.57921131
   -801.59419494
   -801.57459937
   -801.60147008
   -801.61268734
   -801.59021779
   -801.61908718
   -801.59880950
   -801.58890252
   -801.58062766
   -801.58606457
   -801.55215869
   -801.60024164
   -801.59365339
   -801.59792633
   -801.58067961
   -801.59527146
   -801.58377117
   -801.63091611
   -801.59599452
   -801.58209358
   -801.58126998
   -801.57311131
   -801.61324670
   -801.60327202
   -801.57479680
   -801.59127164
   -801.56922852
   -801.59509075
   -801.58135622
   -801.60082040
   -801.58373704
   -801.60402140
   -801.57869333
   -801.61808666
   -801.57878772
   -801.58934486
   -801.57844543
   -801.57052255
   -801.60285784
   -801.58412279
   -801.59324376
   -801.57849673
   -801.55973461
   -801.59792875
   -801.59713804
   -801.57377652
   -801.58679928
   -801.60020839
   -801.59166933
   -801.58191496
   -801.59542964
   -801.58502120
   -801.58792515
   -801.57552597
   -801.60172556
   -801.57098461
   -801.59844635
   -801.56298045
   -801.56537030
   -801.57844631
   -801.59334146
   -801.59023973
   -801.57913523
   -801.57784759
   -801.61149825
   -801.56982751
   -801.58408456
   -801.58716664
   -801.58693042
   -801.59279047
   -801.59995272
   -801.55839976
   -801.61218879
   -801.59707688
   -801.61683856
   -801.56680728
   -801.60354154
   -801.58624392
   -801.57953379
   -801.59892360
   -801.58418284
   -801.55226772
   -801.58812542
   -801.59921135
   -801.57481045
   -801.57511929
   -801.61553213
   -801.61170914
   -801.58991819
   -801.58661343
   -801.57212146
   -801.60029486
   -801.58685430
   -801.58431439
   -801.57803516
   -801.59006699
   -801.61028362
   -801.57806899
   -801.61622767
   -801.57624544
   -801.59128666
   -801.59836850
   -801.58393517
   -801.60770866
   -801.59803721
   -801.58806780
   -801.57351303
   -801.59020692
   -801.56155256
   -801.58576181
   -801.58966528
   -801.61799598
   -801.55486876
   -801.56042504
   -801.58166508
   -801.60431052
   -801.60249164
   -801.57123031
   -801.59884709
   -801.61286946
   -801.57156632
   -801.59889555
   -801.59113410
   -801.60199036
   -801.61362051
   -801.58709915
   -801.58812879
   -801.59568565
   -801.57508394
   -801.58552985
   -801.59438899
   -801.60360952
   -801.61482524
   -801.57663322
   -801.58676361
   -801.61769876
   -801.61551751
   -801.62265735
   -801.59470503
   -801.58581472
   -801.58598328
   -801.60914210
   -801.59580559
   -801.57616686
   -801.52874246
   -801.59319012
   -801.58240955
   -801.58505733
   -801.59889375
   -801.55769092
   -801.59044657
   -801.58068039
   -801.59388734
   -801.57742170
   -801.59692336
   -801.57558276
   -801.58376300
   -801.60230753
   -801.59411204
   -801.56520546
   -801.58956523
   -801.58688613
   -801.57516062
   -801.59462238
   -801.56626620
   -801.59945645
   -801.60225767
   -801.58568906
   -801.58117478
   -801.55484200
   -801.55045348
   -801.60752516
   -801.61143076
   -801.55710964
   -801.60261895
   -801.60242177
   -801.59437090
   -801.61829522
   -801.59935434
   -801.61704467
   -801.59449040
   -801.59143556
   -801.62075048
   -801.58418111
   -801.60644465
   -801.60328286
   -801.61334045
   -801.60837086
   -801.58213560
   -801.58335804
   -801.60850566
   -801.54738947
   -801.58823219
   -801.56831281
   -801.56873410
   -801.58854504
   -801.61904441
   -801.59823282
   -801.56531505
   -801.59478800
   -801.58051322
   -801.58067723
   -801.60286788
   -801.60227925
   -801.59399589
   -801.60495736
   -801.59770849
   -801.56187923
   -801.58099970
   -801.57588251
   -801.56695801
   -801.59430086
   -801.57460989
   -801.60618658
   -801.59831513
   -801.50388629
   -801.59272205
   -801.61143176
   -801.60922991
   -801.61346302
   -801.59220653
   -801.61238430
   -801.59395996
   -801.60570702
   -801.61479073
   -801.56285779
   -801.57837912
   -801.58785544
   -801.62616861
   -801.58003811
   -801.59735273
   -801.59153434
   -801.56054421
   -801.59828972
   -801.58462385
   -801.57330831
   -801.60166306
   -801.60965598
   -801.61849273
   -801.58302975
   -801.61428837
   -801.60267783
   -801.61179978
   -801.50044502
   -801.58694238
   -801.60605403
   -801.57687006
   -801.55749645
   -801.61434211
   -801.58924300
   -801.58228800
   -801.58804451
   -801.61371190
   -801.61086595
   -801.58147184
   -801.60424478
   -801.58562937
   -801.58919602
   -801.58663734
   -801.57896272
   -801.60135244
   -801.60112066
   -801.59098684
   -801.60474438
   -801.58550418
   -801.59288926
   -801.60965384
   -801.58323784
   -801.54056864
   -801.60011795
   -801.58885246
   -801.58743216
   -801.60050746
   -801.57503656
   -801.61058651
   -801.60814146
   -801.60102874
   -801.61356083
   -801.60640481
   -801.58388476
   -801.58006655
   -801.57749055
   -801.56048211
   -801.59526039
   -801.57574313
   -801.58167639
   -801.56330803
   -801.57742340
   -801.62099442
   -801.58944555
   -801.59181656
   -801.57852730
   -801.58195316
   -801.60060088
   -801.59099270
   -801.57451310
   -801.61199348
   -801.62174175
   -801.59246993
   -801.56518479
   -801.62156237
   -801.55660533
   -801.60449279
   -801.59899550
   -801.62659435
   -801.60562275
   -801.59368260
   -801.61153137
   -801.56419366
   -801.57189558
   -801.55420389
   -801.57056094
   -801.59287688
   -801.48427999
   -801.54160494
   -801.61510978
   -801.56440061
   -801.55909195
   -801.61193734
   -801.60339429
   -801.59691767
   -801.59450237
   -801.59598326
   -801.57558335
   -801.57206029
   -801.59681455
   -801.58847467
   -801.58593722
   -801.59456231
   -801.58899731
   -801.61112116
   -801.58043994
   -801.60416314
   -801.59882773
   -801.60257987
   -801.59248003
   -801.59219260
   -801.59889854
   -801.61228329
   -801.57574389
   -801.57078039
   -801.57806753
   -801.59991418
   -801.59148750
   -801.57412412
   -801.59223510
   -801.58865965
   -801.61870260
   -801.59281519
   -801.60625529
   -801.57418117
   -801.56372033
   -801.58085735
   -801.59358377
   -801.58784426
   -801.61308038
   -801.59292824
   -801.59580281
   -801.57085724
   -801.58577424
   -801.57242066
   -801.59577403
   -801.55144637
   -801.58901038
   -801.59057287
   -801.57352671
   -801.59115457
   -801.55586775
   -801.58891798
   -801.60038192
   -801.55726555
   -801.59284420
   -801.60239542
   -801.59236961
   -801.59679174
   -801.59921321
   -801.60000442
   -801.61422239
   -801.59613092
   -801.59386188
   -801.57490913
   -801.60726958
   -801.59973290
   -801.58788860
   -801.58269840
   -801.57995932
   -801.57717418
   -801.55715520
   -801.57705155
   -801.59123134
   -801.61049612
   -801.58092304
   -801.59398813
   -801.50203941
   -801.60088274
   -801.59932221
   -801.61550349
   -801.53865300
   -801.59712317
   -801.56897917
   -801.60747218
   -801.60442141
   -801.59320841
   -801.58707190
   -801.60247473
   -801.58692546
   -801.58871490
   -801.56609301
   -801.58336755
   -801.58128053
   -801.57558176
   -801.59543431
   -801.56831196
   -801.60593359
   -801.59818506
   -801.58688238
   -801.61143376
   -801.58120416
   -801.58071193
   -801.60732742
   -801.57894566
   -801.57876170
   -801.57806005
   -801.59073259
   -801.57502877
   -801.58945243
   -801.56485038
   -801.58637078
   -801.57855511
   -801.60248610
   -801.58106302
   -801.56750346
   -801.59547368
   -801.61543997
   -801.54571525
   -801.58165699
   -801.61249494
   -801.58979725
   -801.58021577
   -801.59011030
   -801.58873651
   -801.56216512
   -801.54484107
   -801.57970368
   -801.57979066
   -801.60117773
   -801.59721825
   -801.59884423
   -801.60042569
   -801.58262697
   -801.55894883
   -801.57363486
   -801.60644732
   -801.57235360
   -801.57210718
   -801.60425595
   -801.56956795
   -801.60501444
   -801.49214618
   -801.59121095
   -801.60213924
   -801.49566045
   -801.60758280
   -801.61117056
   -801.58024365
   -801.56498392
   -801.61141085
   -801.61205087
   -801.58708441
   -801.60133649
   -801.58110204
   -801.58323381
   -801.57510523
   -801.60892798
   -801.57242042
   -801.61461191
   -801.59671194
   -801.60244239
   -801.59590913
   -801.58209021
   -801.59494795
   -801.60155157
   -801.59079891
   -801.56780416
   -801.56593268
   -801.58812185
   -801.56784327
   -801.60087565
   -801.59287185
   -801.58537366
   -801.58917957
   -801.59388349
   -801.57081427
   -801.60838115
   -801.61020944
   -801.49646429
   -801.59160181
   -801.61034532
   -801.57479247
   -801.58395737
   -801.57306410
   -801.57363741
   -801.58951988
   -801.58113176
   -801.61112591
   -801.59071756
   -801.58125046
   -801.57611351
   -801.56810728
   -801.58576860
   -801.56623420
   -801.62778478
   -801.59997837
   -801.57131408
   -801.59457035
   -801.60223107
   -801.58713862
   -801.58608017
   -801.57643800
   -801.58124161
   -801.56196835
   -801.57593057
   -801.55704560
   -801.58077025
   -801.57566690
   -801.60342001
   -801.61120811
   -801.60404636
   -801.60909518
   -801.55848072
   -801.56309675
   -801.61190125
   -801.59291572
   -801.56111942
   -801.60115196
   -801.60629508
   -801.57010067
   -801.54451714
   -801.60848751
   -801.60405528
   -801.58331048
   -801.60616436
   -801.55726858
   -801.49526232
   -801.58776328
   -801.61078597
   -801.57620363
   -801.58598478
   -801.57998528
   -801.60712820
   -801.58795931
   -801.61411073
   -801.59448256
   -801.59559826
   -801.60749465
   -801.60625259
   -801.59158602
   -801.58455923
