% The following energies apply to conformations described by the topology 
% R03.top.  Structures are given in trajectory coords.cdf, count: 2748.

% Item 0:
%   Energy -> orca_structures/coor*/Conf*.out
   -629.36349725
   -629.36544717
   -629.38048786
   -629.39899518
   -629.34855477
   -629.37321295
   -629.38764503
   -629.35205450
   -629.41322054
   -629.36636067
   -629.36157077
   -629.35699061
   -629.37602151
   -629.40367853
   -629.33504868
   -629.35904909
   -629.34216523
   -629.34401491
   -629.39775433
   -629.38812323
   -629.36850858
   -629.39015066
   -629.41298813
   -629.35825554
   -629.39528371
   -629.36569767
   -629.36361253
   -629.37092499
   -629.38718397
   -629.38143195
   -629.34545110
   -629.38395951
   -629.35934494
   -629.34189817
   -629.38445529
   -629.36524170
   -629.36286195
   -629.39280982
   -629.38630089
   -629.39727282
   -629.38554756
   -629.40044125
   -629.36420344
   -629.34775119
   -629.35591184
   -629.36096329
   -629.37552130
   -629.36604600
   -629.35316210
   -629.39570338
   -629.32194895
   -629.37276333
   -629.34628076
   -629.37592002
   -629.36564124
   -629.38529208
   -629.40107839
   -629.36176264
   -629.41523859
   -629.36265637
   -629.33048063
   -629.36330896
   -629.39533863
   -629.36360328
   -629.32536976
   -629.35713120
   -629.38930282
   -629.32667130
   -629.37352774
   -629.36160884
   -629.39665689
   -629.37850328
   -629.36082985
   -629.36835339
   -629.35712019
   -629.38250126
   -629.32077101
   -629.26877234
   -629.37010712
   -629.34653501
   -629.34870209
   -629.36934627
   -629.39320603
   -629.34028532
   -629.39789306
   -629.36231938
   -629.39044643
   -629.37671276
   -629.37954710
   -629.36261900
   -629.38621972
   -629.35970489
   -629.32404713
   -629.39900487
   -629.37899014
   -629.33813202
   -629.38465614
   -629.36142632
   -629.37735045
   -629.35774757
   -629.36104636
   -629.34782217
   -629.38048615
   -629.37587516
   -629.36335612
   -629.38247370
   -629.37649141
   -629.31511184
   -629.36094361
   -629.40884089
   -629.36474492
   -629.36813676
   -629.32155917
   -629.41732618
   -629.38183765
   -629.39589876
   -629.33009641
   -629.38298137
   -629.39185992
   -629.37399791
   -629.34532452
   -629.39398742
   -629.33350131
   -629.36746503
   -629.38388037
   -629.36551928
   -629.38749600
   -629.38759827
   -629.32464639
   -629.35897014
   -629.33356832
   -629.33986090
   -629.39211378
   -629.36077473
   -629.39536098
   -629.37188666
   -629.36797400
   -629.40003517
   -629.36659918
   -629.38059602
   -629.38860874
   -629.39444698
   -629.36683697
   -629.36652935
   -629.39039343
   -629.37205029
   -629.35810501
   -629.38699262
   -629.36398937
   -629.39303673
   -629.37915934
   -629.37242222
   -629.40805626
   -629.38178134
   -629.36456491
   -629.36988856
   -629.34760312
   -629.36503143
   -629.35495871
   -629.40234494
   -629.36113548
   -629.37306853
   -629.36384814
   -629.39046583
   -629.38631884
   -629.39732958
   -629.37453400
   -629.36636498
   -629.36570476
   -629.38151578
   -629.39187496
   -629.33781529
   -629.37869179
   -629.38354010
   -629.35587392
   -629.37862733
   -629.35928525
   -629.35801142
   -629.37402497
   -629.38093202
   -629.37618421
   -629.38019350
   -629.33580450
   -629.40543254
   -629.39820702
   -629.36901359
   -629.35566349
   -629.37766990
   -629.40577312
   -629.37615419
   -629.35309533
   -629.37708632
   -629.38045804
   -629.39813806
   -629.34940385
   -629.32990376
   -629.36866714
   -629.37546118
   -629.35122739
   -629.36906249
   -629.32619852
   -629.38498195
   -629.38578916
   -629.40131869
   -629.38283047
   -629.36873093
   -629.39246604
   -629.35190538
   -629.32196844
   -629.39701047
   -629.37575636
   -629.35892837
   -629.35686666
   -629.33559273
   -629.37936083
   -629.37380046
   -629.39554602
   -629.32125118
   -629.39057802
   -629.36232973
   -629.35434141
   -629.37149679
   -629.38350328
   -629.35391597
   -629.38904677
   -629.32501769
   -629.40263570
   -629.39924801
   -629.38080472
   -629.38289989
   -629.39589828
   -629.36371444
   -629.36996803
   -629.38493825
   -629.37857701
   -629.38123433
   -629.39380147
   -629.38525473
   -629.35890299
   -629.40754606
   -629.37048392
   -629.39707372
   -629.40389651
   -629.35288884
   -629.39173546
   -629.37287174
   -629.37994962
   -629.36315034
   -629.35894018
   -629.36335520
   -629.37982246
   -629.37577304
   -629.39186620
   -629.38014566
   -629.38653876
   -629.38423307
   -629.36325042
   -629.37191916
   -629.36544234
   -629.38269336
   -629.37367639
   -629.39986647
   -629.37280622
   -629.38061443
   -629.38747611
   -629.40486881
   -629.38471733
   -629.37887175
   -629.36770263
   -629.38708145
   -629.41524553
   -629.38228859
   -629.36933710
   -629.36502941
   -629.34801391
   -629.35380568
   -629.34330138
   -629.38167428
   -629.36555398
   -629.39193504
   -629.34890338
   -629.30562732
   -629.36716573
   -629.37189503
   -629.39817763
   -629.37977897
   -629.34477720
   -629.36082137
   -629.40211807
   -629.39294343
   -629.39849513
   -629.40964988
   -629.35529999
   -629.37736862
   -629.37560950
   -629.34525417
   -629.36620239
   -629.35702208
   -629.38210541
   -629.39299476
   -629.40732956
   -629.37033667
   -629.39364218
   -629.38941254
   -629.26698199
   -629.38670526
   -629.38071473
   -629.37244898
   -629.36135257
   -629.35224098
   -629.36791089
   -629.37798378
   -629.32584011
   -629.39105049
   -629.37092758
   -629.37311412
   -629.38015576
   -629.39774225
   -629.39071285
   -629.39955438
   -629.39710087
   -629.37097595
   -629.38020852
   -629.38181093
   -629.34671000
   -629.38839456
   -629.40006363
   -629.38440736
   -629.33430125
   -629.37894807
   -629.38853758
   -629.35929796
   -629.38196908
   -629.37656647
   -629.37328396
   -629.38282939
   -629.39082775
   -629.34625743
   -629.37919798
   -629.38275449
   -629.36104219
   -629.38109631
   -629.37242111
   -629.40778510
   -629.37544431
   -629.37571753
   -629.35847321
   -629.38752302
   -629.37318053
   -629.38877184
   -629.38193534
   -629.37488899
   -629.38200285
   -629.37774393
   -629.41503215
   -629.36738191
   -629.39773871
   -629.36590036
   -629.37804081
   -629.36743833
   -629.38933381
   -629.39867576
   -629.38345677
   -629.38717826
   -629.35093094
   -629.38463765
   -629.34729720
   -629.36433264
   -629.36504329
   -629.40497704
   -629.39248166
   -629.37114567
   -629.36577177
   -629.34266496
   -629.40582921
   -629.40264829
   -629.37874549
   -629.37380730
   -629.40584801
   -629.40130410
   -629.38890961
   -629.36564742
   -629.39925185
   -629.35848857
   -629.39355551
   -629.37960055
   -629.37013519
   -629.37625338
   -629.34613304
   -629.37413840
   -629.39140811
   -629.37525631
   -629.37992099
   -629.37323110
   -629.35326254
   -629.32972853
   -629.36328828
   -629.37434867
   -629.39209738
   -629.39575036
   -629.35659120
   -629.37601704
   -629.38133007
   -629.37309311
   -629.40398283
   -629.40368843
   -629.35103858
   -629.39126071
   -629.38322878
   -629.34895012
   -629.39268284
   -629.42406081
   -629.39243662
   -629.34524305
   -629.39553515
   -629.37467775
   -629.35364409
   -629.40536426
   -629.38555458
   -629.38070969
   -629.39192823
   -629.38245465
   -629.37791103
   -629.36353383
   -629.39124661
   -629.41218806
   -629.41716837
   -629.38460707
   -629.36340405
   -629.33518533
   -629.37900774
   -629.37032412
   -629.29294422
   -629.35337694
   -629.40476379
   -629.38354487
   -629.34018104
   -629.35202233
   -629.35452347
   -629.36779945
   -629.36644066
   -629.40712081
   -629.38064769
   -629.31551684
   -629.35193187
   -629.35469160
   -629.36704414
   -629.39701192
   -629.38624532
   -629.33980867
   -629.36551812
   -629.35558382
   -629.38819986
   -629.39472005
   -629.38761682
   -629.39827157
   -629.40264623
   -629.41229596
   -629.31619698
   -629.37788298
   -629.39674888
   -629.36340901
   -629.38195997
   -629.39271271
   -629.36512254
   -629.40050807
   -629.37272351
   -629.36982924
   -629.36955036
   -629.36882512
   -629.37933921
   -629.38135534
   -629.39520860
   -629.37657327
   -629.36416281
   -629.36875582
   -629.34932625
   -629.38570288
   -629.40146519
   -629.38531265
   -629.40301357
   -629.28186373
   -629.37329676
   -629.36877986
   -629.37170747
   -629.37546309
   -629.39107395
   -629.39162949
   -629.39891110
   -629.40309417
   -629.33231124
   -629.36095985
   -629.36415367
   -629.37678973
   -629.39694816
   -629.36832154
   -629.36016374
   -629.37966661
   -629.39772771
   -629.37391646
   -629.37285716
   -629.35462288
   -629.40235221
   -629.36818866
   -629.38842162
   -629.38903130
   -629.37330452
   -629.37298019
   -629.38427359
   -629.36971073
   -629.35198614
   -629.40086810
   -629.37505626
   -629.36921922
   -629.39195409
   -629.37754597
   -629.37060930
   -629.37678091
   -629.36455547
   -629.38047743
   -629.39300520
   -629.37218935
   -629.33125676
   -629.39741704
   -629.34104490
   -629.34911664
   -629.31093395
   -629.39450887
   -629.39920207
   -629.37638561
   -629.37813152
   -629.36712967
   -629.38342261
   -629.35644570
   -629.35895620
   -629.38552684
   -629.36945787
   -629.38501162
   -629.36822758
   -629.32651016
   -629.41057273
   -629.38714593
   -629.37302864
   -629.37364587
   -629.37652638
   -629.38899510
   -629.35176426
   -629.38820303
   -629.37605531
   -629.34718999
   -629.33966671
   -629.36282996
   -629.36918043
   -629.38101224
   -629.35477586
   -629.38086300
   -629.38385258
   -629.40137381
   -629.37803194
   -629.34563639
   -629.38559569
   -629.36040972
   -629.40176310
   -629.36170861
   -629.35109800
   -629.33772523
   -629.38243346
   -629.38214805
   -629.35053238
   -629.39597947
   -629.33504559
   -629.35394045
   -629.40926452
   -629.33652243
   -629.39927023
   -629.35352030
   -629.38219910
   -629.39748264
   -629.38228714
   -629.37299029
   -629.38803781
   -629.36994590
   -629.38354196
   -629.40683360
   -629.38242551
   -629.34054434
   -629.39132579
   -629.38848860
   -629.38213200
   -629.37789865
   -629.36826161
   -629.34241612
   -629.37659903
   -629.37591800
   -629.32082776
   -629.39203689
   -629.37028195
   -629.39098448
   -629.37861194
   -629.36695817
   -629.37899324
   -629.37991557
   -629.36319977
   -629.36722821
   -629.37855657
   -629.38144874
   -629.39960436
   -629.36738088
   -629.33794504
   -629.33432523
   -629.37615291
   -629.38563626
   -629.37053639
   -629.37351964
   -629.35010927
   -629.38485249
   -629.40206825
   -629.41803926
   -629.37358173
   -629.34874537
   -629.32529040
   -629.36137720
   -629.31737528
   -629.33963563
   -629.38419431
   -629.31890463
   -629.34418977
   -629.39631976
   -629.41202825
   -629.40976102
   -629.39682307
   -629.34632515
   -629.38161749
   -629.39913912
   -629.35584321
   -629.40411934
   -629.40479690
   -629.31565640
   -629.37092190
   -629.39352304
   -629.36307423
   -629.36026497
   -629.35854897
   -629.36582050
   -629.37805253
   -629.38780981
   -629.40886378
   -629.33771285
   -629.38540236
   -629.39063482
   -629.37940383
   -629.41150751
   -629.39526835
   -629.33650961
   -629.41333329
   -629.39428536
   -629.38965075
   -629.35286539
   -629.38258355
   -629.37016208
   -629.35189978
   -629.39489621
   -629.38309423
   -629.39324908
   -629.34535180
   -629.36446826
   -629.39313378
   -629.39682544
   -629.40562948
   -629.36607059
   -629.38951640
   -629.35400455
   -629.30044993
   -629.35837372
   -629.40530385
   -629.37237234
   -629.40448037
   -629.37691636
   -629.39291916
   -629.35570134
   -629.39061024
   -629.37726834
   -629.36829314
   -629.33397899
   -629.39666184
   -629.37929518
   -629.34682995
   -629.39296281
   -629.38421352
   -629.36894597
   -629.34042651
   -629.39740457
   -629.38795000
   -629.36335561
   -629.33411692
   -629.38247832
   -629.37446231
   -629.32760038
   -629.36852227
   -629.40865953
   -629.40321198
   -629.40426486
   -629.38129138
   -629.40629145
   -629.39357351
   -629.35160684
   -629.39424164
   -629.37734789
   -629.38977900
   -629.40025780
   -629.36828210
   -629.37961910
   -629.33752881
   -629.38493249
   -629.35257334
   -629.34632834
   -629.38519595
   -629.36843544
   -629.36510035
   -629.37203531
   -629.38428072
   -629.37990289
   -629.38708204
   -629.37883381
   -629.36631101
   -629.40436317
   -629.39732254
   -629.39228036
   -629.37221310
   -629.38533162
   -629.38173382
   -629.36069224
   -629.39313766
   -629.37957194
   -629.37917279
   -629.39962771
   -629.31911392
   -629.40376876
   -629.39022603
   -629.38631731
   -629.38340494
   -629.35514352
   -629.35570205
   -629.35609958
   -629.37899666
   -629.33397951
   -629.37319337
   -629.35129828
   -629.34150484
   -629.35881168
   -629.39668580
   -629.36129311
   -629.38301121
   -629.34245359
   -629.38296615
   -629.36812848
   -629.33440179
   -629.36851778
   -629.35309909
   -629.38726436
   -629.39668042
   -629.31471091
   -629.38834398
   -629.28879299
   -629.36038097
   -629.36453306
   -629.40048260
   -629.38664607
   -629.37535424
   -629.37823939
   -629.38460274
   -629.41091564
   -629.38874980
   -629.35417665
   -629.37633827
   -629.34975617
   -629.38054084
   -629.38716776
   -629.39857691
   -629.38036681
   -629.39329762
   -629.39616847
   -629.38428503
   -629.34541718
   -629.38373074
   -629.35556300
   -629.37773058
   -629.36832076
   -629.33517582
   -629.37585296
   -629.38641820
   -629.35666970
   -629.40044471
   -629.38996285
   -629.38140229
   -629.33731190
   -629.36416762
   -629.37963399
   -629.36719571
   -629.37816913
   -629.36045395
   -629.37308715
   -629.37497285
   -629.38008536
   -629.39986103
   -629.34590884
   -629.40663460
   -629.38831528
   -629.36472837
   -629.38177936
   -629.36885241
   -629.35479110
   -629.37120197
   -629.39442166
   -629.35533612
   -629.37620024
   -629.40153549
   -629.37122991
   -629.37084798
   -629.40581651
   -629.36624920
   -629.36517877
   -629.38800040
   -629.37695624
   -629.37837471
   -629.39164931
   -629.40616318
   -629.38825220
   -629.37643273
   -629.36453066
   -629.39294720
   -629.36433236
   -629.38276553
   -629.37463039
   -629.37302343
   -629.36902079
   -629.39840342
   -629.38143798
   -629.35455380
   -629.36790846
   -629.37078791
   -629.32475100
   -629.41344407
   -629.37227962
   -629.36861613
   -629.40643942
   -629.33206848
   -629.37198180
   -629.39602877
   -629.38440044
   -629.39485443
   -629.38163735
   -629.38490146
   -629.32474139
   -629.36966437
   -629.39998351
   -629.37723405
   -629.36255377
   -629.37423241
   -629.37345980
   -629.39127086
   -629.36071710
   -629.39203061
   -629.39323999
   -629.36628036
   -629.37347195
   -629.34981515
   -629.33636688
   -629.36132080
   -629.39402127
   -629.38682438
   -629.37539616
   -629.38485578
   -629.37662075
   -629.40665277
   -629.36160721
   -629.33498354
   -629.39694051
   -629.36258102
   -629.39944253
   -629.38928596
   -629.36072806
   -629.38760031
   -629.37151358
   -629.38397266
   -629.41355166
   -629.38547219
   -629.35768225
   -629.37155267
   -629.38419316
   -629.37163988
   -629.38506395
   -629.38391909
   -629.34343063
   -629.37167511
   -629.36448620
   -629.39743295
   -629.40621380
   -629.38236013
   -629.34535722
   -629.35483384
   -629.34954771
   -629.38407993
   -629.36546723
   -629.38461535
   -629.38599305
   -629.38023093
   -629.38558584
   -629.36348629
   -629.34174809
   -629.38893822
   -629.40984384
   -629.35121453
   -629.40466103
   -629.39116063
   -629.26732583
   -629.39394834
   -629.35944001
   -629.38431058
   -629.38332515
   -629.39284670
   -629.34447019
   -629.38670810
   -629.37480123
   -629.35850682
   -629.38451179
   -629.36332858
   -629.38989891
   -629.38004875
   -629.38870440
   -629.38339369
   -629.40769106
   -629.40478393
   -629.36906826
   -629.38061705
   -629.35127928
   -629.39483623
   -629.40357430
   -629.36118836
   -629.36336064
   -629.36534922
   -629.36747388
   -629.37268824
   -629.36961455
   -629.37693085
   -629.38277880
   -629.38805736
   -629.34518605
   -629.39318091
   -629.38804236
   -629.39072264
   -629.37388609
   -629.40379082
   -629.37237851
   -629.37751793
   -629.39709657
   -629.39085472
   -629.34292832
   -629.33587696
   -629.37158683
   -629.38078423
   -629.36081462
   -629.41007140
   -629.39871359
   -629.40061874
   -629.40076137
   -629.31012434
   -629.39414823
   -629.39413192
   -629.39023757
   -629.24202979
   -629.38148298
   -629.40288265
   -629.38675218
   -629.39477646
   -629.39441938
   -629.38899466
   -629.37951859
   -629.38891061
   -629.35907946
   -629.38415804
   -629.36725475
   -629.37539412
   -629.38332470
   -629.37742104
   -629.39349441
   -629.34888868
   -629.38626721
   -629.39135245
   -629.38481274
   -629.37771545
   -629.38601863
   -629.36727774
   -629.35453418
   -629.35573741
   -629.39327368
   -629.37914777
   -629.36096899
   -629.35490915
   -629.32620121
   -629.39808871
   -629.35611719
   -629.38910621
   -629.37690850
   -629.37590343
   -629.35198846
   -629.40056501
   -629.38454539
   -629.39034587
   -629.37115977
   -629.38080134
   -629.38720407
   -629.38002557
   -629.39944243
   -629.36095729
   -629.39610939
   -629.34883621
   -629.36294273
   -629.41126357
   -629.40076229
   -629.41407919
   -629.42235647
   -629.35314286
   -629.36054716
   -629.40036615
   -629.37432061
   -629.37631200
   -629.33721707
   -629.36827944
   -629.34399232
   -629.39285915
   -629.38262651
   -629.37810565
   -629.39384275
   -629.39895358
   -629.36589169
   -629.39767031
   -629.36426577
   -629.38193751
   -629.36314613
   -629.37988938
   -629.37170993
   -629.36298025
   -629.38516752
   -629.37991212
   -629.41145725
   -629.37551253
   -629.38934452
   -629.36647176
   -629.37466723
   -629.39521417
   -629.36000118
   -629.37301203
   -629.37563947
   -629.38513683
   -629.38289207
   -629.38165980
   -629.32134542
   -629.38540243
   -629.38117819
   -629.37943933
   -629.40105179
   -629.38202144
   -629.40008738
   -629.35639755
   -629.34434616
   -629.37077630
   -629.33368709
   -629.40184355
   -629.34766984
   -629.35049064
   -629.35333094
   -629.34259192
   -629.35519464
   -629.36738281
   -629.29659738
   -629.37858570
   -629.38098522
   -629.40444933
   -629.39302424
   -629.36880242
   -629.40439627
   -629.39984100
   -629.39164155
   -629.39823086
   -629.38374351
   -629.34144422
   -629.34036518
   -629.41089397
   -629.34281218
   -629.39739893
   -629.38083444
   -629.36612870
   -629.33964759
   -629.38181928
   -629.38913060
   -629.33379798
   -629.39028150
   -629.37739427
   -629.35249628
   -629.37877210
   -629.33637698
   -629.36769597
   -629.38239693
   -629.37571660
   -629.33339653
   -629.37299361
   -629.33888855
   -629.40630152
   -629.33103539
   -629.37479085
   -629.28497430
   -629.35780708
   -629.38513315
   -629.36172273
   -629.33099572
   -629.38179280
   -629.37670102
   -629.37984671
   -629.34281110
   -629.36622407
   -629.35164530
   -629.35733345
   -629.35848977
   -629.36224636
   -629.37161634
   -629.36512456
   -629.35682790
   -629.36417558
   -629.40559536
   -629.37827436
   -629.36316989
   -629.34269873
   -629.39858578
   -629.34371354
   -629.34021208
   -629.37898912
   -629.36002515
   -629.36632855
   -629.34960457
   -629.39706608
   -629.39520989
   -629.39067430
   -629.41201446
   -629.41005603
   -629.31486528
   -629.38340685
   -629.38657825
   -629.34812519
   -629.32691194
   -629.39620518
   -629.34710999
   -629.34333349
   -629.36331401
   -629.39896199
   -629.38301292
   -629.37856321
   -629.41034133
   -629.36457288
   -629.39433105
   -629.35828011
   -629.37013641
   -629.36329095
   -629.39021308
   -629.36864565
   -629.32351145
   -629.36080800
   -629.37073663
   -629.40186991
   -629.38680044
   -629.39155543
   -629.37480086
   -629.36722526
   -629.37850799
   -629.38604977
   -629.37667206
   -629.35394811
   -629.35945863
   -629.37676533
   -629.39855451
   -629.38642364
   -629.37864882
   -629.37104340
   -629.35849453
   -629.37086882
   -629.34155243
   -629.36948829
   -629.37693642
   -629.34360752
   -629.37990901
   -629.38782216
   -629.41256833
   -629.36571782
   -629.34454452
   -629.35039105
   -629.37617227
   -629.39417944
   -629.37894117
   -629.36299137
   -629.37874843
   -629.34044692
   -629.39316760
   -629.40532104
   -629.39787477
   -629.41883614
   -629.41026789
   -629.39586037
   -629.36466440
   -629.36709020
   -629.36845065
   -629.39009905
   -629.39966318
   -629.38667430
   -629.36908576
   -629.38414507
   -629.32449989
   -629.37036653
   -629.32666778
   -629.40122286
   -629.36738511
   -629.37282351
   -629.37507819
   -629.37666509
   -629.37250244
   -629.38480754
   -629.39703469
   -629.36524814
   -629.39304220
   -629.38566035
   -629.38504790
   -629.38840410
   -629.39076269
   -629.37538915
   -629.40038372
   -629.37844477
   -629.38905787
   -629.38392167
   -629.38336108
   -629.39488297
   -629.34901416
   -629.36618656
   -629.37103721
   -629.38604472
   -629.32905046
   -629.39628889
   -629.34862432
   -629.38153424
   -629.39182728
   -629.36237253
   -629.35688142
   -629.41043373
   -629.35029078
   -629.38455889
   -629.37518121
   -629.33815931
   -629.36959478
   -629.33010250
   -629.38502978
   -629.41121935
   -629.36592151
   -629.37294230
   -629.37952623
   -629.35415723
   -629.37136276
   -629.38900361
   -629.38942039
   -629.38081594
   -629.37738875
   -629.40530858
   -629.39948010
   -629.39563165
   -629.39415397
   -629.34487117
   -629.36669778
   -629.36635116
   -629.40607197
   -629.36746442
   -629.38531394
   -629.35322946
   -629.37398774
   -629.38344658
   -629.37406719
   -629.39281375
   -629.36914080
   -629.36873645
   -629.38297135
   -629.36377600
   -629.32226301
   -629.36961451
   -629.36192239
   -629.36169705
   -629.38480585
   -629.39514618
   -629.40774462
   -629.37701926
   -629.40241256
   -629.40779989
   -629.40451400
   -629.38785921
   -629.37447544
   -629.38474752
   -629.39027768
   -629.36993239
   -629.37305754
   -629.37497119
   -629.35045492
   -629.29258134
   -629.34344366
   -629.37905917
   -629.38383916
   -629.37681961
   -629.38429167
   -629.36404371
   -629.27467900
   -629.38401164
   -629.37363025
   -629.35140980
   -629.39666638
   -629.36585568
   -629.39537437
   -629.35948804
   -629.38922637
   -629.38432340
   -629.37841475
   -629.35276206
   -629.36968292
   -629.31912511
   -629.38527131
   -629.37133293
   -629.35600309
   -629.38211861
   -629.38766955
   -629.39174241
   -629.39061466
   -629.35363214
   -629.33334038
   -629.38633015
   -629.38609023
   -629.39072022
   -629.35198533
   -629.37716626
   -629.33054588
   -629.37596032
   -629.37450222
   -629.35771827
   -629.37238526
   -629.34420717
   -629.35882618
   -629.24130333
   -629.37484110
   -629.37656376
   -629.39195876
   -629.37214638
   -629.35278687
   -629.36051626
   -629.36787691
   -629.34964121
   -629.39071962
   -629.37875496
   -629.37677462
   -629.40273002
   -629.37650161
   -629.37409002
   -629.39344553
   -629.33790539
   -629.37213747
   -629.34025880
   -629.34559800
   -629.31678469
   -629.34682319
   -629.37167194
   -629.33664354
   -629.36594561
   -629.40221038
   -629.36729119
   -629.36542734
   -629.36435135
   -629.37497208
   -629.36853210
   -629.37275775
   -629.36254401
   -629.37902464
   -629.38511070
   -629.38712215
   -629.38936258
   -629.37191016
   -629.40220201
   -629.34599569
   -629.37060648
   -629.36961313
   -629.37356284
   -629.39380885
   -629.34060315
   -629.39255185
   -629.39681241
   -629.36900856
   -629.38326536
   -629.38000006
   -629.31572801
   -629.36838746
   -629.38789280
   -629.38433720
   -629.33679155
   -629.33500553
   -629.37006035
   -629.37522498
   -629.39136955
   -629.37483661
   -629.37315783
   -629.37920310
   -629.31353117
   -629.35443762
   -629.37892318
   -629.36814321
   -629.39038056
   -629.36788109
   -629.36748420
   -629.34152627
   -629.37012665
   -629.37620714
   -629.34508490
   -629.35535517
   -629.39051449
   -629.35572223
   -629.35915099
   -629.35153050
   -629.37917780
   -629.36086838
   -629.37709336
   -629.36563781
   -629.36372505
   -629.37681097
   -629.39749889
   -629.37320575
   -629.36913569
   -629.38196838
   -629.37726604
   -629.40081348
   -629.37976996
   -629.35450661
   -629.35012181
   -629.37210231
   -629.37367072
   -629.34107224
   -629.36967042
   -629.37432190
   -629.38135381
   -629.36695978
   -629.38284639
   -629.38036940
   -629.37571064
   -629.39800789
   -629.38391580
   -629.39013724
   -629.35608623
   -629.38267526
   -629.30232696
   -629.38763516
   -629.35301396
   -629.28850877
   -629.36333364
   -629.37397787
   -629.38611357
   -629.34674296
   -629.36639708
   -629.36921045
   -629.35670714
   -629.38913426
   -629.39035454
   -629.38458778
   -629.33054965
   -629.37127555
   -629.37234759
   -629.37389400
   -629.39097015
   -629.37309107
   -629.36170199
   -629.38355105
   -629.38973406
   -629.37265557
   -629.40077544
   -629.31991248
   -629.37237525
   -629.34077137
   -629.33871794
   -629.36613058
   -629.39409081
   -629.38387641
   -629.37874737
   -629.38778043
   -629.40457417
   -629.39518437
   -629.37478142
   -629.37475314
   -629.39022458
   -629.40235884
   -629.31667909
   -629.34690138
   -629.37537951
   -629.36170621
   -629.36763872
   -629.39455063
   -629.34411336
   -629.34080331
   -629.37652366
   -629.38550112
   -629.38062456
   -629.37884908
   -629.38417701
   -629.41121841
   -629.40137993
   -629.37196253
   -629.35517817
   -629.36100721
   -629.37451811
   -629.36919308
   -629.38762799
   -629.37201469
   -629.37206196
   -629.39093935
   -629.38727490
   -629.37482471
   -629.33293856
   -629.37569994
   -629.33647763
   -629.36051122
   -629.35050768
   -629.37096889
   -629.38795843
   -629.38838592
   -629.35473229
   -629.35957682
   -629.38957838
   -629.37750753
   -629.39435359
   -629.36538324
   -629.40779143
   -629.37191943
   -629.37143662
   -629.30856999
   -629.38330726
   -629.34636330
   -629.37899633
   -629.37737939
   -629.38127264
   -629.38126951
   -629.37766336
   -629.36718353
   -629.37235786
   -629.37841631
   -629.35449516
   -629.37349070
   -629.37565637
   -629.35970877
   -629.36355558
   -629.34899621
   -629.35392198
   -629.35980128
   -629.35534946
   -629.34198643
   -629.37389391
   -629.40426900
   -629.35480806
   -629.37741422
   -629.37687066
   -629.38413893
   -629.36124145
   -629.38705905
   -629.37156740
   -629.38207444
   -629.38497643
   -629.39060858
   -629.36874902
   -629.34511174
   -629.39514084
   -629.33226175
   -629.32744593
   -629.38108237
   -629.40033981
   -629.33605223
   -629.36216674
   -629.35574083
   -629.38824594
   -629.38160218
   -629.39407928
   -629.33240994
   -629.37671722
   -629.34917199
   -629.35008778
   -629.38594035
   -629.39940024
   -629.38218053
   -629.37806108
   -629.30236685
   -629.35700305
   -629.37484686
   -629.41969760
   -629.37187676
   -629.34970825
   -629.39150626
   -629.38629350
   -629.39417280
   -629.39593371
   -629.38881559
   -629.38609394
   -629.36375611
   -629.35378679
   -629.35944506
   -629.37117796
   -629.37152434
   -629.39711077
   -629.35520045
   -629.33973363
   -629.40363529
   -629.40210291
   -629.39367723
   -629.42095105
   -629.36525453
   -629.37822207
   -629.39200779
   -629.35954740
   -629.34452136
   -629.37766608
   -629.36663403
   -629.34568595
   -629.37417052
   -629.37218585
   -629.37407258
   -629.37003107
   -629.35174502
   -629.37699438
   -629.34902205
   -629.34781176
   -629.38919314
   -629.37360096
   -629.37754065
   -629.37558425
   -629.35668069
   -629.38465941
   -629.40555141
   -629.39383536
   -629.39315634
   -629.34519536
   -629.36605855
   -629.35262537
   -629.39617747
   -629.35577220
   -629.32956575
   -629.36857407
   -629.38162050
   -629.37545696
   -629.35287369
   -629.40433113
   -629.37915425
   -629.38522865
   -629.36960981
   -629.36958177
   -629.36535072
   -629.36924453
   -629.40038009
   -629.38017446
   -629.38923633
   -629.34284390
   -629.39695320
   -629.37999317
   -629.25344579
   -629.36741191
   -629.37449642
   -629.39265554
   -629.39814974
   -629.40601367
   -629.37969824
   -629.36705048
   -629.37918468
   -629.39700299
   -629.40051086
   -629.33004865
   -629.35779591
   -629.38111556
   -629.34431457
   -629.36254844
   -629.39190960
   -629.38333243
   -629.40242377
   -629.34173790
   -629.37419766
   -629.35323111
   -629.36209572
   -629.34418555
   -629.36752939
   -629.39198719
   -629.38856802
   -629.36278528
   -629.33963432
   -629.38184100
   -629.39059287
   -629.38808085
   -629.34672661
   -629.39396350
   -629.34946326
   -629.36231417
   -629.35476037
   -629.37606299
   -629.35456493
   -629.32230456
   -629.39118683
   -629.34363334
   -629.35990725
   -629.36994645
   -629.37695495
   -629.38138121
   -629.40390630
   -629.38054579
   -629.41110927
   -629.39170549
   -629.39666734
   -629.36691811
   -629.37297048
   -629.36668246
   -629.36618518
   -629.39696838
   -629.38079033
   -629.33672475
   -629.40482718
   -629.35845660
   -629.36240520
   -629.37419862
   -629.41687973
   -629.37908171
   -629.37976002
   -629.38472125
   -629.38076877
   -629.36684183
   -629.39107061
   -629.35519670
   -629.36189384
   -629.32004442
   -629.38813787
   -629.33285202
   -629.36494955
   -629.36654213
   -629.35459446
   -629.35421684
   -629.38274312
   -629.38340524
   -629.38248434
   -629.39180172
   -629.36664018
   -629.35410693
   -629.38666180
   -629.39480463
   -629.39145726
   -629.41457552
   -629.36206169
   -629.37871744
   -629.37143691
   -629.39297489
   -629.38097999
   -629.38443723
   -629.36390979
   -629.38095808
   -629.36621068
   -629.35323269
   -629.35703377
   -629.38083247
   -629.40966144
   -629.40039152
   -629.32776378
   -629.35738271
   -629.30591149
   -629.40943326
   -629.39804400
   -629.34714857
   -629.33157189
   -629.33573455
   -629.37962671
   -629.39554440
   -629.36473880
   -629.35796614
   -629.36285957
   -629.38101352
   -629.36897038
   -629.38267576
   -629.39684861
   -629.38139117
   -629.37004564
   -629.35300442
   -629.37590215
   -629.38135630
   -629.37257468
   -629.38774365
   -629.40036818
   -629.39476691
   -629.37228228
   -629.38827270
   -629.36539785
   -629.36682092
   -629.32920270
   -629.35394412
   -629.38443895
   -629.31569414
   -629.30993949
   -629.35895957
   -629.36615114
   -629.37855732
   -629.38702139
   -629.38357198
   -629.38863877
   -629.38106821
   -629.37246515
   -629.36811773
   -629.36612168
   -629.37948412
   -629.34644500
   -629.37113869
   -629.38642144
   -629.35492204
   -629.34724544
   -629.39013183
   -629.37699702
   -629.37336687
   -629.40254105
   -629.39550482
   -629.33972285
   -629.39259801
   -629.40348627
   -629.35657647
   -629.36323174
   -629.38172446
   -629.38551043
   -629.34416899
   -629.40834593
   -629.36570813
   -629.35898408
   -629.34056667
   -629.39037123
   -629.36519029
   -629.37656315
   -629.36637106
   -629.39932053
   -629.39782978
   -629.39365815
   -629.40406797
   -629.36676670
   -629.38867950
   -629.35609468
   -629.38226973
   -629.39563657
   -629.41348762
   -629.38258810
   -629.39534076
   -629.39322591
   -629.36286812
   -629.40449068
   -629.38047916
   -629.38801587
   -629.38803921
   -629.35187805
   -629.37271030
   -629.38807395
   -629.38190243
   -629.38832095
   -629.38542240
   -629.35830381
   -629.38825439
   -629.36074943
   -629.39095592
   -629.37812641
   -629.37502846
   -629.36110678
   -629.37236673
   -629.36893823
   -629.39792318
   -629.36973215
   -629.37955347
   -629.35004153
   -629.39211262
   -629.37052862
   -629.39424251
   -629.40307559
   -629.37527102
   -629.38104360
   -629.37284929
   -629.35965634
   -629.35781055
   -629.40624628
   -629.36319284
   -629.34024407
   -629.39599968
   -629.41455172
   -629.33140660
   -629.39349982
   -629.36297719
   -629.35865836
   -629.39265481
   -629.36028502
   -629.39827255
   -629.38187380
   -629.37616284
   -629.30931782
   -629.37869321
   -629.30954725
   -629.38635552
   -629.31191636
   -629.34127161
   -629.38507372
   -629.34393615
   -629.36608536
   -629.37487737
   -629.34797902
   -629.38638535
   -629.40075928
   -629.36735457
   -629.36624343
   -629.38284045
   -629.37426380
   -629.36364187
   -629.36596702
   -629.36588397
   -629.36835449
   -629.38923495
   -629.38913249
   -629.40268678
   -629.40095028
   -629.39448425
   -629.35728214
   -629.38600438
   -629.35932760
   -629.38948133
   -629.31554336
   -629.36874917
   -629.37719812
   -629.37984482
   -629.38370525
   -629.40074779
   -629.35756482
   -629.35144773
   -629.38530879
   -629.38819523
   -629.35745712
   -629.38412188
   -629.35913250
   -629.36963333
   -629.36835574
   -629.36829203
   -629.37251706
   -629.38267498
   -629.35057905
   -629.39476762
   -629.36385541
   -629.35332916
   -629.37377417
   -629.36622664
   -629.37053603
   -629.38657342
   -629.32435463
   -629.38199034
   -629.38211411
   -629.39100788
   -629.37295156
   -629.36546895
   -629.38823733
   -629.39464478
   -629.37172733
   -629.37225944
   -629.38067717
   -629.39106631
   -629.36911449
   -629.39541168
   -629.41367223
   -629.37587667
   -629.36001950
   -629.36515492
   -629.37422992
   -629.38355433
   -629.37360581
   -629.34911074
   -629.36218816
   -629.34941343
   -629.35353517
   -629.39845309
   -629.36788450
   -629.32557238
   -629.39410937
   -629.39897273
   -629.39319987
   -629.39271144
   -629.38428603
   -629.37487940
   -629.36597657
   -629.36142154
   -629.35677353
   -629.37961198
   -629.40153592
   -629.39730786
   -629.38660492
   -629.39532158
   -629.30837483
   -629.38215129
   -629.36479571
   -629.37183158
   -629.32411193
   -629.35329064
   -629.34964548
   -629.34897654
   -629.36034136
   -629.37422885
   -629.40089585
   -629.36517959
   -629.35320309
   -629.40056442
   -629.39727553
   -629.37647642
   -629.38278401
   -629.38477003
   -629.40496273
   -629.38134140
   -629.37405205
   -629.34498369
   -629.36883413
   -629.38427292
   -629.35448217
   -629.41194334
   -629.33989034
   -629.38643419
   -629.35805120
   -629.34233149
   -629.40452553
   -629.36490020
   -629.37847354
   -629.39257174
   -629.39042380
   -629.34600122
   -629.35758344
   -629.36922321
   -629.37382906
   -629.37850180
   -629.37757728
   -629.36092032
   -629.34329069
   -629.36457164
   -629.38729598
   -629.37271026
   -629.39014727
   -629.34986185
   -629.35366408
   -629.37883351
   -629.36798113
   -629.37073749
   -629.38232365
   -629.41247170
   -629.38583931
   -629.36686872
   -629.36174657
   -629.36903329
   -629.37921973
   -629.35693485
   -629.38855024
   -629.36237116
   -629.35066735
   -629.29883614
   -629.38602809
   -629.38856118
   -629.37729941
   -629.38922394
   -629.38583032
   -629.38094111
   -629.36051983
   -629.37114635
   -629.34619547
   -629.39272805
   -629.37512018
   -629.40271590
   -629.36234762
   -629.36557349
   -629.37080349
   -629.38061413
   -629.34229375
   -629.38766674
   -629.36128421
   -629.40338763
   -629.39506033
   -629.37073225
   -629.37475058
   -629.36786727
   -629.37042330
   -629.38006003
   -629.35296893
   -629.38907465
   -629.37471490
   -629.39710671
   -629.35573177
   -629.40106463
   -629.39467216
   -629.39334524
   -629.37564368
   -629.39821127
   -629.36910231
   -629.33170007
   -629.38505268
   -629.38651134
   -629.38559706
   -629.39182111
   -629.37056798
   -629.29427973
   -629.39750711
   -629.40461207
   -629.38488951
   -629.38407968
   -629.39289919
   -629.34854104
   -629.38540405
   -629.36723378
   -629.38695649
   -629.38224284
   -629.33341797
   -629.38254276
   -629.38846432
   -629.36837677
   -629.33135969
   -629.37745950
   -629.34826169
   -629.37736390
   -629.33668328
   -629.37239126
   -629.35692393
   -629.40783379
   -629.35527027
   -629.40025751
   -629.40376685
   -629.39765190
   -629.38705177
   -629.35288773
   -629.38943887
   -629.38742803
   -629.37624832
   -629.39788406
   -629.39116413
   -629.38193444
   -629.36587770
   -629.36192636
   -629.37867274
   -629.37427203
   -629.36360617
   -629.36156454
   -629.39531406
   -629.34669313
   -629.37303595
   -629.40809623
   -629.32058233
   -629.33252353
   -629.39267059
   -629.37664617
   -629.35312279
   -629.36889238
   -629.34665460
   -629.42065971
   -629.36145692
   -629.36836561
   -629.33975474
   -629.38179268
   -629.31588024
   -629.38720363
   -629.37404101
   -629.39438490
   -629.39418687
   -629.33193753
   -629.40855142
   -629.36596431
   -629.38613493
   -629.40253966
   -629.40809631
   -629.35616893
   -629.37531326
   -629.35863804
   -629.33061857
   -629.38377640
   -629.37935496
   -629.37346329
   -629.37134241
   -629.41693534
   -629.36960301
   -629.37124385
   -629.36347576
   -629.39795981
   -629.36253737
   -629.36520486
   -629.36402432
   -629.37630880
   -629.37750995
   -629.37770679
   -629.41394225
   -629.36687546
   -629.35062852
   -629.37059896
   -629.35671921
   -629.37350931
   -629.38981369
   -629.37590460
   -629.37112800
   -629.37643126
   -629.36316384
   -629.38190237
   -629.39045079
   -629.35884485
   -629.33111575
   -629.35445199
   -629.39402253
   -629.40317580
   -629.36210871
   -629.38479351
   -629.36291249
   -629.38012094
   -629.39166528
   -629.39570022
   -629.37995638
   -629.36905167
   -629.38478834
   -629.33685354
   -629.38308282
   -629.39222653
   -629.33976186
   -629.36406643
   -629.37523332
   -629.37414335
   -629.35600867
   -629.36869011
   -629.36342365
   -629.39944107
   -629.35800058
   -629.35852707
   -629.35301819
   -629.36399562
   -629.38283445
   -629.39487848
   -629.37678132
   -629.40758042
   -629.35465482
   -629.41473577
   -629.36097670
   -629.37691604
   -629.34065499
   -629.39296732
   -629.38416835
   -629.37510378
   -629.37265501
   -629.34784823
   -629.38592928
   -629.38314696
   -629.35571630
   -629.38938204
   -629.39449184
   -629.36994905
   -629.37200792
   -629.36120722
   -629.37237375
   -629.38434942
   -629.36074590
   -629.37881429
   -629.34037933
   -629.38718251
   -629.38482749
   -629.35171476
   -629.36817917
   -629.37736885
   -629.36689445
   -629.30379185
   -629.35349480
   -629.39823744
   -629.32227308
   -629.36879933
   -629.34588437
   -629.34279658
   -629.37468177
   -629.39414139
   -629.37322630
   -629.35412601
   -629.40546478
   -629.39664972
   -629.40142150
   -629.29393686
   -629.38629815
   -629.35225675
   -629.37665103
   -629.35673249
   -629.37588925
   -629.36075912
   -629.39001452
   -629.39014274
   -629.35805405
   -629.33202831
   -629.40310753
   -629.39277319
   -629.37462737
   -629.37306575
   -629.38252651
   -629.35583644
   -629.37452300
   -629.35952619
   -629.36359363
   -629.36741203
   -629.39928926
   -629.34956062
   -629.39769522
   -629.36714188
   -629.37660541
   -629.39422843
   -629.37436014
   -629.39543079
   -629.37313641
   -629.34901199
   -629.35614846
   -629.38875062
   -629.37092627
   -629.36270829
   -629.38259508
   -629.40925483
   -629.31461699
   -629.37681857
   -629.34938490
   -629.40140140
   -629.39973086
   -629.36579949
   -629.37902891
   -629.30300943
   -629.37811296
   -629.39101354
   -629.38789599
   -629.36179272
   -629.40343370
   -629.37914878
   -629.37184402
   -629.36098486
   -629.35893372
   -629.38029895
   -629.39927606
   -629.40880678
   -629.37839874
   -629.40571637
   -629.39405927
   -629.41340178
   -629.38908920
   -629.37222058
   -629.37803708
   -629.39431148
   -629.39899281
   -629.36151937
   -629.34965146
   -629.38801378
   -629.38271193
   -629.38051216
   -629.40115431
   -629.36151582
   -629.36468452
   -629.36688096
   -629.37885253
   -629.35819157
   -629.38958752
   -629.35745313
   -629.28675195
   -629.38886435
   -629.38048460
   -629.38397891
   -629.35998853
   -629.37614447
   -629.38349971
   -629.36579009
   -629.39388313
   -629.39168599
   -629.36485788
   -629.36733847
   -629.30474598
   -629.38734356
   -629.39949261
   -629.37602358
   -629.39817240
   -629.38142214
   -629.38759607
   -629.41050002
   -629.38315050
   -629.40028687
   -629.36970343
   -629.36307583
   -629.36616419
   -629.41373762
   -629.35910456
   -629.31523986
   -629.37084109
   -629.39401427
   -629.40002782
   -629.36231860
   -629.34959551
   -629.39145096
   -629.36156488
   -629.37452994
   -629.38563918
   -629.35849611
   -629.36333265
   -629.36882304
   -629.39928715
   -629.39595671
   -629.32571824
   -629.36265634
   -629.37888635
   -629.34608758
   -629.38470596
   -629.39749946
   -629.39906491
   -629.38025450
   -629.39861332
   -629.38266848
   -629.34068387
   -629.32983192
   -629.36107680
   -629.35425373
   -629.37555028
   -629.36322872
   -629.39664379
   -629.37881302
   -629.34212429
   -629.36186206
   -629.39305885
   -629.40187185
   -629.40030106
   -629.38063205
   -629.40686778
   -629.38643827
   -629.38479318
   -629.36484194
   -629.36006761
   -629.35566924
   -629.36432548
   -629.36581765
   -629.34982255
   -629.38658887
   -629.35557545
   -629.35691435
   -629.38099678
   -629.36289095
   -629.37847467
   -629.37974227
   -629.38777186
   -629.38750662
   -629.40392517
   -629.36432866
   -629.39963437
   -629.39668095
   -629.36809397
   -629.36677127
   -629.39138042
   -629.36494512
   -629.36855335
   -629.36289902
   -629.36995305
   -629.40035179
   -629.40464920
   -629.37321535
   -629.37637409
   -629.34846556
   -629.37272248
   -629.35424382
   -629.35140637
   -629.32791470
   -629.38828545
   -629.37003159
   -629.38258681
   -629.40183685
   -629.37430707
   -629.38099191
   -629.40057620
   -629.34868076
   -629.36249058
   -629.35355681
   -629.39249813
   -629.38433205
   -629.37014110
   -629.39307047
   -629.36370804
   -629.39881123
   -629.38581774
   -629.39463108
   -629.40371393
   -629.37743754
   -629.36100945
   -629.37427551
   -629.32300231
   -629.38289887
   -629.35717451
   -629.41353937
   -629.38650292
   -629.38626140
   -629.37749259
   -629.34568058
   -629.38376677
   -629.38552981
   -629.36859726
   -629.40133239
   -629.41446191
   -629.36435183
   -629.35447136
   -629.32549699
   -629.39327007
   -629.37143286
   -629.42575086
   -629.39257154
   -629.35852400
   -629.38294259
   -629.40641409
   -629.33468370
   -629.38469340
   -629.37057862
   -629.36148655
   -629.37366733
   -629.37664888
   -629.41361972
   -629.36541798
   -629.35513187
   -629.35562967
   -629.37990237
   -629.36833266
   -629.38695639
   -629.35990827
   -629.36946674
   -629.36725964
   -629.39951736
   -629.38253355
   -629.39833025
   -629.35878724
   -629.37939266
   -629.40563515
   -629.36877079
   -629.39495783
   -629.38744755
   -629.38525700
   -629.38059325
   -629.38386842
   -629.37758732
   -629.37056913
   -629.36099406
   -629.33867631
   -629.37696341
   -629.35933272
   -629.39184183
   -629.39937766
   -629.35818989
   -629.39783305
   -629.37850819
   -629.33267038
   -629.37180628
   -629.38872279
   -629.39969598
   -629.39192740
   -629.26719236
   -629.35990118
   -629.36926653
   -629.38825867
   -629.37894017
   -629.38459966
   -629.31301323
   -629.37175841
   -629.36675724
   -629.37583898
   -629.37015807
   -629.32789757
   -629.34282204
   -629.39093991
   -629.35778864
   -629.38768999
   -629.38869411
   -629.38445023
   -629.25138907
   -629.38971890
   -629.41182274
   -629.37989821
   -629.40005150
   -629.39544182
   -629.39210569
   -629.32273722
   -629.37175648
   -629.37121241
   -629.31631630
   -629.36154747
   -629.38342488
   -629.38644206
   -629.34204479
   -629.38131885
   -629.33202844
   -629.38726470
   -629.35195601
   -629.35623755
   -629.35887991
   -629.39655200
   -629.39352707
   -629.35089521
   -629.39379594
   -629.36998738
   -629.35269191
   -629.35858159
   -629.37738755
   -629.37234247
   -629.37134865
   -629.36173943
   -629.38280976
   -629.30981215
   -629.38626343
   -629.38929060
   -629.38358116
   -629.41560103
   -629.33553090
   -629.35829080
   -629.39237063
   -629.33805212
   -629.37385659
   -629.38237921
   -629.36632884
   -629.37500969
   -629.35953626
   -629.36751661
   -629.35998300
   -629.35267013
   -629.40426457
   -629.35595972
   -629.35211972
   -629.37725967
   -629.36189746
   -629.40749977
   -629.35894525
   -629.37500006
   -629.39863587
   -629.37137439
   -629.34609452
   -629.36929660
   -629.35707703
   -629.33397762
   -629.36303153
   -629.37818785
   -629.38073635
   -629.37045174
   -629.38911988
   -629.37507090
   -629.31851545
   -629.35023706
   -629.39849916
   -629.39300559
   -629.37102665
   -629.39251331
   -629.36170002
   -629.34544344
   -629.35231352
   -629.38240433
   -629.39664385
   -629.34517828
   -629.37901313
   -629.39512340
   -629.39955954
   -629.33722433
   -629.35288163
   -629.38414828
   -629.39496971
   -629.36228196
   -629.37894903
   -629.37159211
   -629.36306992
   -629.37419644
   -629.40424997
   -629.35711592
   -629.40437218
   -629.38654210
   -629.39038606
   -629.39007105
   -629.35480532
   -629.38273945
   -629.37242579
   -629.35904245
   -629.35751018
   -629.35306550
   -629.36966216
   -629.38886014
   -629.38139700
   -629.36944520
   -629.40133879
   -629.38290670
   -629.38278172
   -629.38423202
   -629.37139678
   -629.39213464
   -629.40332217
   -629.35069336
   -629.38266144
   -629.39703858
   -629.35222248
   -629.35585241
   -629.35467460
   -629.40447362
   -629.38534385
   -629.40139672
   -629.37651521
   -629.35574269
   -629.35544716
   -629.37004114
   -629.37370128
   -629.34797324
   -629.41988884
   -629.38970039
   -629.34018231
   -629.37218477
   -629.35693708
   -629.37191767
   -629.36631329
   -629.37371364
   -629.37374808
   -629.37014877
   -629.36568582
   -629.34029225
   -629.34510570
   -629.35833331
   -629.36752225
   -629.39372622
   -629.39101144
   -629.39454609
   -629.39595918
   -629.33900286
   -629.35913848
   -629.37876237
   -629.35806804
   -629.34888038
   -629.38758919
   -629.39934925
   -629.34929025
   -629.30464612
   -629.39422121
   -629.38731846
   -629.37953817
   -629.40105912
   -629.37371443
   -629.36405054
   -629.36897125
   -629.36326779
   -629.38376638
   -629.37225059
   -629.39977626
   -629.40334211
   -629.39241833
   -629.38313534
   -629.38174544
   -629.40251298
   -629.37069363
   -629.37556842
