% The following energies apply to conformations described by the topology 
% R03_iter1.top.  Structures are given in trajectory coords.cdf, count: 155.

% Item 0:
%   Energy -> orca_structures/coor*/NConf*.out
   -629.42475091
   -629.41882242
   -629.41896734
   -629.42865720
   -629.41844276
   -629.43401690
   -629.42446156
   -629.42500301
   -629.42724787
   -629.42468519
   -629.43135011
   -629.42833459
   -629.42518132
   -629.42577316
   -629.42876547
   -629.42620461
   -629.42856234
   -629.43108646
   -629.42851353
   -629.42812880
   -629.42764110
   -629.42224005
   -629.42893513
   -629.42423388
   -629.42957884
   -629.42688955
   -629.42184104
   -629.41847220
   -629.42446957
   -629.42902634
   -629.43115351
   -629.42766122
   -629.42316127
   -629.42249037
   -629.41850010
   -629.42770588
   -629.42525420
   -629.42640911
   -629.42867196
   -629.43094378
   -629.42138594
   -629.42889999
   -629.42710251
   -629.42718689
   -629.42700325
   -629.42631029
   -629.41486723
   -629.42167082
   -629.42545196
   -629.42541149
   -629.42787644
   -629.42759356
   -629.42625905
   -629.42759204
   -629.42236255
   -629.42668647
   -629.42847630
   -629.42810157
   -629.42180205
   -629.42823230
   -629.42216902
   -629.42074794
   -629.42888177
   -629.42440392
   -629.42882849
   -629.42216104
   -629.42832642
   -629.42151734
   -629.42803855
   -629.42898611
   -629.43105111
   -629.42882416
   -629.42850906
   -629.42837987
   -629.41887379
   -629.42717162
   -629.42821722
   -629.41752816
   -629.42093348
   -629.42237550
   -629.42647821
   -629.42837197
   -629.42465267
   -629.41591805
   -629.42056818
   -629.41850276
   -629.42523145
   -629.42611761
   -629.42794585
   -629.43659560
   -629.43058083
   -629.42145844
   -629.42787582
   -629.42903823
   -629.42775970
   -629.42718525
   -629.42744385
   -629.41423161
   -629.42177405
   -629.42715558
   -629.42757935
   -629.42183521
   -629.42757624
   -629.43729227
   -629.43055593
   -629.43732679
   -629.42838351
   -629.42467303
   -629.42756272
   -629.42253506
   -629.43086209
   -629.42193354
   -629.42490704
   -629.42933888
   -629.42794607
   -629.42678331
   -629.41749462
   -629.42444079
   -629.42779564
   -629.43152586
   -629.42492875
   -629.42961145
   -629.42595701
   -629.43174589
   -629.41590368
   -629.42192683
   -629.42551685
   -629.42598354
   -629.41940774
   -629.42811727
   -629.42072974
   -629.42435624
   -629.42182704
   -629.42760802
   -629.42170366
   -629.42905615
   -629.41781010
   -629.41247284
   -629.42210216
   -629.42030356
   -629.42201282
   -629.41738542
   -629.42811347
   -629.42137686
   -629.42485191
   -629.42536382
   -629.42726365
   -629.41803142
   -629.42684416
   -629.42767851
   -629.43121209
   -629.42815954
   -629.42795004
   -629.42825572
   -629.43310862
