% The following energies apply to conformations described by the topology 
% R52.top.  Structures are given in trajectory coords.cdf, count: 2344.

% Item 0:
%   Energy -> orca_structures/coor*/Conf*.out
   -882.31786741
   -882.35654669
   -882.34583866
   -882.33613553
   -882.34440389
   -882.31198635
   -882.37652751
   -882.31865354
   -882.32622643
   -882.31632015
   -882.33373291
   -882.33051953
   -882.28958606
   -882.32621673
   -882.32950765
   -882.31165439
   -882.34610602
   -882.34444010
   -882.36477441
   -882.32053504
   -882.35193317
   -882.35827253
   -882.32452266
   -882.35385913
   -882.35132435
   -882.34993622
   -882.27148369
   -882.33655967
   -882.32512234
   -882.35161827
   -882.32851127
   -882.35534857
   -882.35499936
   -882.32646357
   -882.34023255
   -882.35685271
   -882.32632601
   -882.32160683
   -882.33644127
   -882.30527238
   -882.36281411
   -882.32123891
   -882.33422477
   -882.30455237
   -882.34375570
   -882.35957065
   -882.31608402
   -882.32097886
   -882.32884815
   -882.33693442
   -882.30640028
   -882.34565708
   -882.25747415
   -882.31420386
   -882.35278333
   -882.33256937
   -882.31730655
   -882.35785131
   -882.33461049
   -882.31030394
   -882.35118004
   -882.31205757
   -882.34499735
   -882.33164332
   -882.31328929
   -882.32743621
   -882.31479165
   -882.33081396
   -882.30260491
   -882.35786179
   -882.34899052
   -882.32635865
   -882.33432869
   -882.33576293
   -882.30692152
   -882.35005433
   -882.30907290
   -882.32283848
   -882.33543453
   -882.33174298
   -882.32487102
   -882.30964841
   -882.33473804
   -882.33873069
   -882.32771691
   -882.36771496
   -882.31800569
   -882.33245940
   -882.35683087
   -882.29053031
   -882.34532197
   -882.35504056
   -882.30824141
   -882.32795926
   -882.34631657
   -882.33707726
   -882.32750493
   -882.35337659
   -882.33344445
   -882.34492073
   -882.34859109
   -882.27975095
   -882.32212330
   -882.30383282
   -882.30740248
   -882.33078600
   -882.32416000
   -882.35855210
   -882.32782843
   -882.32742789
   -882.35967330
   -882.33673797
   -882.33580776
   -882.35309847
   -882.33052239
   -882.31698588
   -882.35164207
   -882.32905869
   -882.34190439
   -882.32596767
   -882.34475000
   -882.34234128
   -882.31947100
   -882.31462731
   -882.32653220
   -882.33777158
   -882.35997175
   -882.32522683
   -882.33921862
   -882.31939188
   -882.35086454
   -882.31267063
   -882.36378100
   -882.33048095
   -882.31052753
   -882.34490162
   -882.34412240
   -882.35173410
   -882.29517549
   -882.34488175
   -882.35021781
   -882.31832785
   -882.34380927
   -882.31539530
   -882.32781951
   -882.32126740
   -882.33384374
   -882.37079742
   -882.33921954
   -882.29106666
   -882.36356387
   -882.34915448
   -882.30646942
   -882.35287547
   -882.31872414
   -882.32345719
   -882.33404729
   -882.33793785
   -882.32801815
   -882.32775224
   -882.35975220
   -882.30671874
   -882.32452824
   -882.29807762
   -882.32892726
   -882.35218991
   -882.31649148
   -882.30764581
   -882.34619312
   -882.32867198
   -882.35782080
   -882.34109800
   -882.35800297
   -882.32702440
   -882.33515624
   -882.30108613
   -882.33028924
   -882.36304487
   -882.28339086
   -882.35066151
   -882.33377157
   -882.33536359
   -882.31956615
   -882.34866787
   -882.27271246
   -882.34973255
   -882.28193809
   -882.36146914
   -882.33770267
   -882.34483575
   -882.33173663
   -882.34224195
   -882.29969080
   -882.34560997
   -882.33813317
   -882.34255319
   -882.34151591
   -882.35784975
   -882.31883868
   -882.37232779
   -882.32312145
   -882.35645910
   -882.35681315
   -882.31427750
   -882.33210289
   -882.34004087
   -882.34216688
   -882.30817215
   -882.32442986
   -882.33690431
   -882.34423648
   -882.33124275
   -882.34512311
   -882.34773500
   -882.31123336
   -882.32396059
   -882.32660941
   -882.34552678
   -882.33824691
   -882.34522355
   -882.34763017
   -882.35602709
   -882.34209447
   -882.34686365
   -882.32741478
   -882.33541468
   -882.37062250
   -882.31758081
   -882.32032177
   -882.33530856
   -882.28025939
   -882.30774816
   -882.32549102
   -882.31415287
   -882.32872982
   -882.31762305
   -882.35083827
   -882.36119462
   -882.34522586
   -882.30874935
   -882.35843500
   -882.34658844
   -882.35509750
   -882.37026706
   -882.35786564
   -882.33666137
   -882.30962686
   -882.34519945
   -882.32019746
   -882.34309467
   -882.34929153
   -882.36609746
   -882.32594827
   -882.35262916
   -882.33579025
   -882.35561873
   -882.33599603
   -882.34072267
   -882.31906952
   -882.32407647
   -882.31448055
   -882.32504143
   -882.33688840
   -882.33631314
   -882.32531235
   -882.34415998
   -882.35222105
   -882.34987065
   -882.35648303
   -882.30955290
   -882.34660615
   -882.35934020
   -882.34467189
   -882.30098788
   -882.35165172
   -882.33976779
   -882.32396060
   -882.33885619
   -882.34409333
   -882.32155187
   -882.33348189
   -882.30811653
   -882.34760673
   -882.32636264
   -882.34168910
   -882.32267329
   -882.33389618
   -882.29419067
   -882.32405995
   -882.35184605
   -882.33108472
   -882.34948092
   -882.34255256
   -882.33855118
   -882.34956468
   -882.37632035
   -882.31784363
   -882.35792315
   -882.32828967
   -882.36080768
   -882.33687825
   -882.35080815
   -882.31613356
   -882.34423003
   -882.30764268
   -882.32349130
   -882.36501455
   -882.29859885
   -882.31469743
   -882.31717608
   -882.36210906
   -882.33838582
   -882.33401982
   -882.34674216
   -882.32195328
   -882.34727158
   -882.35359899
   -882.33276805
   -882.35573912
   -882.34158076
   -882.33804495
   -882.33832326
   -882.30384355
   -882.34933308
   -882.34366625
   -882.34399190
   -882.31271491
   -882.32067150
   -882.33241146
   -882.33835357
   -882.30624204
   -882.33821513
   -882.33667850
   -882.36512374
   -882.34731956
   -882.34251795
   -882.31517521
   -882.34249728
   -882.37995744
   -882.35338862
   -882.29931206
   -882.30869147
   -882.36828178
   -882.36546817
   -882.34803787
   -882.34912676
   -882.33419875
   -882.34603899
   -882.33901773
   -882.28911617
   -882.36118789
   -882.33291830
   -882.34431410
   -882.32615385
   -882.34145625
   -882.33997484
   -882.31973727
   -882.36638931
   -882.34040084
   -882.35183589
   -882.31560066
   -882.30572888
   -882.33023222
   -882.33541949
   -882.32553376
   -882.31171825
   -882.31806146
   -882.35950401
   -882.34901499
   -882.32518461
   -882.34754436
   -882.34842414
   -882.35595060
   -882.36465420
   -882.35014402
   -882.27613743
   -882.33566481
   -882.31984641
   -882.33957166
   -882.35521883
   -882.32883421
   -882.35943594
   -882.33223948
   -882.34772300
   -882.35346805
   -882.32788105
   -882.33113502
   -882.34143827
   -882.34880592
   -882.32685424
   -882.32636948
   -882.30907239
   -882.35491349
   -882.33755025
   -882.32147157
   -882.34607324
   -882.31665436
   -882.32563547
   -882.31842969
   -882.34235453
   -882.32126614
   -882.30473748
   -882.34295623
   -882.35063150
   -882.29820286
   -882.33065099
   -882.32387956
   -882.35514608
   -882.31272987
   -882.34099722
   -882.35319890
   -882.33703962
   -882.33660766
   -882.35144388
   -882.29917824
   -882.31553095
   -882.35019620
   -882.33550709
   -882.33937931
   -882.33375727
   -882.30896402
   -882.28674369
   -882.32709511
   -882.34939900
   -882.33560897
   -882.34315816
   -882.30983369
   -882.34600100
   -882.35591022
   -882.33115368
   -882.29532843
   -882.34179594
   -882.30863580
   -882.30608205
   -882.34379381
   -882.35592907
   -882.34829454
   -882.35639079
   -882.33196945
   -882.31971565
   -882.35122284
   -882.32809974
   -882.35194901
   -882.35032289
   -882.33021806
   -882.34505399
   -882.35751282
   -882.33775025
   -882.33121604
   -882.30910286
   -882.32448082
   -882.34402639
   -882.31933756
   -882.35036504
   -882.33753347
   -882.31788606
   -882.29539453
   -882.32893593
   -882.31516139
   -882.33762732
   -882.32795210
   -882.31373854
   -882.32733762
   -882.34074692
   -882.36514179
   -882.33280334
   -882.31083876
   -882.34701570
   -882.32005239
   -882.36468352
   -882.31238000
   -882.30002136
   -882.32630350
   -882.31170089
   -882.35389380
   -882.32006729
   -882.30301747
   -882.31915633
   -882.37135187
   -882.28889458
   -882.32170540
   -882.33728225
   -882.34424463
   -882.35161679
   -882.33027447
   -882.35135499
   -882.34298856
   -882.36592285
   -882.33560542
   -882.29442334
   -882.33850271
   -882.31989050
   -882.30708912
   -882.32243519
   -882.33676306
   -882.28683998
   -882.34967717
   -882.31769983
   -882.35113286
   -882.32406144
   -882.30552820
   -882.34353121
   -882.34322860
   -882.32798390
   -882.30911591
   -882.34115882
   -882.34227415
   -882.35659368
   -882.33154945
   -882.28528471
   -882.33007824
   -882.34597334
   -882.33044273
   -882.30430689
   -882.34128622
   -882.35273594
   -882.31032531
   -882.28077440
   -882.32300346
   -882.27460910
   -882.29437119
   -882.27522730
   -882.29891956
   -882.35039114
   -882.36972094
   -882.34609801
   -882.35631432
   -882.35524813
   -882.29861592
   -882.31848682
   -882.35892615
   -882.29461139
   -882.35626520
   -882.33822855
   -882.33408592
   -882.32362350
   -882.31530102
   -882.29058768
   -882.33869342
   -882.34559494
   -882.37058013
   -882.33968625
   -882.33607132
   -882.33952301
   -882.34060377
   -882.37240043
   -882.35241826
   -882.32840967
   -882.37253563
   -882.35247128
   -882.34954130
   -882.31176703
   -882.29428840
   -882.32571278
   -882.34676172
   -882.34512285
   -882.33005466
   -882.32460513
   -882.32797246
   -882.36848493
   -882.36092533
   -882.35912706
   -882.33493739
   -882.26136459
   -882.32531853
   -882.36419419
   -882.32564285
   -882.36325277
   -882.33646593
   -882.35386349
   -882.31070465
   -882.33266904
   -882.33933691
   -882.31688960
   -882.32788323
   -882.30114610
   -882.34084108
   -882.31087124
   -882.35238573
   -882.34438862
   -882.34465970
   -882.32596908
   -882.31951543
   -882.36397287
   -882.34432402
   -882.31469732
   -882.29198488
   -882.34973037
   -882.33623364
   -882.28949339
   -882.33627498
   -882.35587412
   -882.36206367
   -882.36264124
   -882.30749302
   -882.35429252
   -882.33824492
   -882.34894097
   -882.35996992
   -882.36524888
   -882.34213646
   -882.29228750
   -882.31039810
   -882.30560354
   -882.34580332
   -882.31439209
   -882.33005944
   -882.32303195
   -882.34482287
   -882.34280136
   -882.35726648
   -882.33067889
   -882.37487666
   -882.33431618
   -882.36187413
   -882.35075688
   -882.35058545
   -882.33664922
   -882.31560014
   -882.35131504
   -882.33754867
   -882.34841158
   -882.32431240
   -882.35850221
   -882.35336770
   -882.33562891
   -882.32792044
   -882.31458335
   -882.32227139
   -882.33590019
   -882.34728291
   -882.32595179
   -882.36158278
   -882.28484273
   -882.35387317
   -882.29893213
   -882.34629797
   -882.32171606
   -882.33131702
   -882.34438797
   -882.31505305
   -882.34603340
   -882.25540110
   -882.27905880
   -882.35892344
   -882.35151045
   -882.33951450
   -882.33810408
   -882.34275153
   -882.33347496
   -882.34875685
   -882.30925237
   -882.30685362
   -882.31284501
   -882.33491212
   -882.34476412
   -882.33625158
   -882.35206970
   -882.34065972
   -882.30076149
   -882.34253041
   -882.30966770
   -882.33002774
   -882.32432659
   -882.33550259
   -882.34300592
   -882.32151417
   -882.36549005
   -882.34271418
   -882.33535018
   -882.35480695
   -882.34368713
   -882.33344970
   -882.32748144
   -882.34752880
   -882.32867484
   -882.34420512
   -882.35951347
   -882.31338215
   -882.36317459
   -882.32146193
   -882.31983000
   -882.34611225
   -882.31365779
   -882.32478284
   -882.35075312
   -882.31217679
   -882.33762832
   -882.34994552
   -882.35004840
   -882.33472542
   -882.35151120
   -882.33255122
   -882.36155824
   -882.32386790
   -882.32495122
   -882.34876837
   -882.33158860
   -882.35051618
   -882.35973513
   -882.31671612
   -882.35442895
   -882.32678777
   -882.34104261
   -882.33617343
   -882.34420673
   -882.33006480
   -882.33321555
   -882.36113115
   -882.33029477
   -882.30020333
   -882.28887392
   -882.33564150
   -882.29884961
   -882.34584038
   -882.33530802
   -882.33023121
   -882.33086521
   -882.29633364
   -882.34778588
   -882.32759150
   -882.33800588
   -882.35375063
   -882.33709709
   -882.32799927
   -882.35869180
   -882.33557945
   -882.33288831
   -882.33839242
   -882.33511445
   -882.26744992
   -882.35151493
   -882.35578248
   -882.34781121
   -882.32952768
   -882.34225069
   -882.30436455
   -882.34610806
   -882.34401668
   -882.33639298
   -882.35469913
   -882.33680096
   -882.32149061
   -882.35215297
   -882.34755803
   -882.34958270
   -882.34562113
   -882.34991575
   -882.34468079
   -882.37304338
   -882.31115865
   -882.31552149
   -882.33326251
   -882.34389491
   -882.33220036
   -882.30825933
   -882.35639388
   -882.36198854
   -882.33580260
   -882.30285503
   -882.30847387
   -882.31312119
   -882.33708343
   -882.31857433
   -882.34237781
   -882.29657153
   -882.34790089
   -882.32571686
   -882.30780022
   -882.34731930
   -882.37358007
   -882.31078431
   -882.35334331
   -882.27983481
   -882.34962445
   -882.33554342
   -882.36137677
   -882.34838036
   -882.35047618
   -882.33645058
   -882.32265170
   -882.34136409
   -882.34952966
   -882.33563695
   -882.34386217
   -882.35365630
   -882.36455804
   -882.33172191
   -882.34563414
   -882.32972711
   -882.35852163
   -882.36100099
   -882.31927853
   -882.32745295
   -882.31471250
   -882.33000910
   -882.33260206
   -882.33342167
   -882.33937362
   -882.34057096
   -882.34224174
   -882.30982955
   -882.35128871
   -882.34547662
   -882.35030407
   -882.33577192
   -882.33470991
   -882.33875186
   -882.34563194
   -882.34223841
   -882.32373164
   -882.34080101
   -882.32038373
   -882.36424877
   -882.32960307
   -882.35767736
   -882.34394762
   -882.35415160
   -882.35065866
   -882.32602470
   -882.34319188
   -882.32064886
   -882.33577387
   -882.33604577
   -882.35476069
   -882.35390078
   -882.33969978
   -882.34065569
   -882.29084620
   -882.31766261
   -882.34267146
   -882.33479307
   -882.35055388
   -882.34327995
   -882.31275523
   -882.34611381
   -882.35236271
   -882.34721516
   -882.34738428
   -882.32678685
   -882.31620882
   -882.35115921
   -882.32362125
   -882.31691051
   -882.31765449
   -882.35696765
   -882.30700861
   -882.34047966
   -882.34932394
   -882.32278516
   -882.36064545
   -882.34340942
   -882.34921017
   -882.37773566
   -882.32937914
   -882.35748015
   -882.31928942
   -882.31885737
   -882.32268140
   -882.35397099
   -882.36101297
   -882.37046785
   -882.30670169
   -882.32151177
   -882.31956800
   -882.35957348
   -882.32035069
   -882.33626634
   -882.27815860
   -882.29209479
   -882.33225383
   -882.29693863
   -882.37996769
   -882.34113577
   -882.34712926
   -882.32667706
   -882.34234473
   -882.36707059
   -882.32421041
   -882.31378443
   -882.30912451
   -882.32142182
   -882.33583761
   -882.35492228
   -882.36054161
   -882.31835666
   -882.34316110
   -882.33531159
   -882.32179563
   -882.37219243
   -882.34413687
   -882.32830439
   -882.36076439
   -882.33885412
   -882.34329372
   -882.34027781
   -882.34721420
   -882.33939769
   -882.27419521
   -882.34263712
   -882.30479210
   -882.33581413
   -882.36723853
   -882.34298685
   -882.33830801
   -882.33011062
   -882.35364067
   -882.35507655
   -882.31698206
   -882.32788509
   -882.30416609
   -882.36050752
   -882.27883983
   -882.30518650
   -882.31342645
   -882.30832002
   -882.30728682
   -882.34487029
   -882.30661476
   -882.33885250
   -882.34785814
   -882.35461470
   -882.31267950
   -882.35829438
   -882.36087498
   -882.35045297
   -882.30827946
   -882.37020297
   -882.28468859
   -882.35694163
   -882.33136001
   -882.32230055
   -882.29604798
   -882.34114316
   -882.30885085
   -882.35269107
   -882.32929412
   -882.32564367
   -882.30197475
   -882.33056707
   -882.33877348
   -882.33551674
   -882.33435153
   -882.29566558
   -882.35385951
   -882.29521875
   -882.29745732
   -882.34519127
   -882.32925283
   -882.28395559
   -882.33458534
   -882.34434572
   -882.33343669
   -882.32619755
   -882.33277898
   -882.31755101
   -882.31656741
   -882.34668349
   -882.31249951
   -882.32784937
   -882.36354709
   -882.33973648
   -882.31812714
   -882.29878493
   -882.36195147
   -882.29400044
   -882.30154585
   -882.33385028
   -882.32067674
   -882.31494689
   -882.34816675
   -882.35023291
   -882.35192500
   -882.37151966
   -882.31158291
   -882.34640334
   -882.31333587
   -882.30569453
   -882.34865027
   -882.29872713
   -882.33746080
   -882.32680200
   -882.31850893
   -882.36196061
   -882.34914793
   -882.33362403
   -882.36998622
   -882.32823610
   -882.35312009
   -882.32024420
   -882.33309301
   -882.30253440
   -882.34070918
   -882.32825944
   -882.27905712
   -882.31660209
   -882.33051038
   -882.35636192
   -882.33757899
   -882.34560546
   -882.34253830
   -882.33596758
   -882.32392762
   -882.33353307
   -882.34115918
   -882.33739640
   -882.33798701
   -882.34911840
   -882.34248082
   -882.33993274
   -882.32638963
   -882.31962830
   -882.32761702
   -882.30815677
   -882.31976166
   -882.33905774
   -882.31176307
   -882.33773495
   -882.34995153
   -882.35953549
   -882.37118599
   -882.30571262
   -882.31063533
   -882.30723722
   -882.33652634
   -882.34952400
   -882.33284399
   -882.33313654
   -882.33532399
   -882.28633774
   -882.35055999
   -882.35572553
   -882.31749739
   -882.35617427
   -882.30339965
   -882.32719189
   -882.32843118
   -882.34316667
   -882.34813319
   -882.34826495
   -882.31242398
   -882.29002420
   -882.33582013
   -882.28272079
   -882.35997541
   -882.33053606
   -882.32637709
   -882.32083020
   -882.33108947
   -882.32687013
   -882.35353788
   -882.34004540
   -882.34394982
   -882.34169015
   -882.31995633
   -882.33243074
   -882.35754552
   -882.33758671
   -882.35526416
   -882.33992026
   -882.34373747
   -882.31206487
   -882.34853706
   -882.29042732
   -882.33430531
   -882.34172364
   -882.34884034
   -882.31904401
   -882.33830554
   -882.36079918
   -882.30898326
   -882.33950371
   -882.30691737
   -882.30153871
   -882.32638891
   -882.27920405
   -882.35315279
   -882.36806161
   -882.36186752
   -882.33446327
   -882.33061731
   -882.35201599
   -882.33770104
   -882.35291632
   -882.34128738
   -882.35273934
   -882.35576289
   -882.33513415
   -882.33654344
   -882.28086197
   -882.34629448
   -882.31155569
   -882.33523876
   -882.32573153
   -882.34212293
   -882.33599585
   -882.32815561
   -882.34190514
   -882.35685528
   -882.28095209
   -882.32136178
   -882.32785876
   -882.31848445
   -882.34476945
   -882.32478504
   -882.36688206
   -882.36993319
   -882.36467794
   -882.29257882
   -882.33086675
   -882.34764844
   -882.33432746
   -882.31271219
   -882.35505735
   -882.30121181
   -882.33666400
   -882.33889153
   -882.34623243
   -882.32538812
   -882.34168157
   -882.32336666
   -882.37258278
   -882.24473149
   -882.33412365
   -882.35482768
   -882.33011418
   -882.35797322
   -882.32721368
   -882.34593227
   -882.34191347
   -882.30607810
   -882.31273697
   -882.34326243
   -882.34795447
   -882.32274026
   -882.33078316
   -882.31114121
   -882.34541538
   -882.34180706
   -882.34363911
   -882.30902944
   -882.33477454
   -882.34638637
   -882.33658353
   -882.31978665
   -882.31577399
   -882.32989974
   -882.30254248
   -882.31560235
   -882.36042764
   -882.33669212
   -882.32010898
   -882.35627827
   -882.31082682
   -882.30413460
   -882.31449717
   -882.33533450
   -882.33958318
   -882.33271760
   -882.33606353
   -882.28313831
   -882.33168371
   -882.29819712
   -882.33060652
   -882.31056132
   -882.32717202
   -882.33115901
   -882.36442881
   -882.31330470
   -882.32169212
   -882.33529386
   -882.31473329
   -882.34133145
   -882.33477592
   -882.32785371
   -882.34152262
   -882.34614054
   -882.36161405
   -882.32733165
   -882.33644731
   -882.29856706
   -882.32250888
   -882.34036436
   -882.32269990
   -882.35292324
   -882.33073052
   -882.35282783
   -882.35295310
   -882.35094547
   -882.33306100
   -882.27669853
   -882.34477057
   -882.30350629
   -882.34723783
   -882.30043311
   -882.34064269
   -882.33694098
   -882.33069007
   -882.33085485
   -882.31506256
   -882.31696667
   -882.33150406
   -882.34753052
   -882.33271332
   -882.33339157
   -882.34635545
   -882.33362986
   -882.32024915
   -882.30784812
   -882.33383450
   -882.34435756
   -882.31606144
   -882.34362925
   -882.28561899
   -882.32906145
   -882.32140792
   -882.33046476
   -882.35793591
   -882.33010711
   -882.33539970
   -882.36569288
   -882.34299060
   -882.31562780
   -882.33143364
   -882.32321217
   -882.31028551
   -882.35770612
   -882.33322821
   -882.33639310
   -882.32992996
   -882.34051842
   -882.34080898
   -882.32408768
   -882.36354230
   -882.33146215
   -882.34965345
   -882.32658754
   -882.30473669
   -882.35596935
   -882.31793585
   -882.33549175
   -882.31517700
   -882.33316198
   -882.30293754
   -882.32350273
   -882.33938574
   -882.31977873
   -882.34872450
   -882.34937391
   -882.32016611
   -882.29160645
   -882.33345092
   -882.34890571
   -882.33645898
   -882.34429934
   -882.33327428
   -882.35912479
   -882.34233312
   -882.29075146
   -882.31837745
   -882.33944983
   -882.35375194
   -882.35365713
   -882.33847693
   -882.33376629
   -882.35090309
   -882.36972520
   -882.35506152
   -882.31058223
   -882.32805891
   -882.16275694
   -882.30473665
   -882.29569058
   -882.34029143
   -882.34659291
   -882.34289006
   -882.35961562
   -882.31770987
   -882.31948456
   -882.33594837
   -882.31536289
   -882.35793209
   -882.35797338
   -882.34448286
   -882.32579404
   -882.33651092
   -882.29962013
   -882.32778847
   -882.29840452
   -882.35405479
   -882.30957715
   -882.34829303
   -882.33910563
   -882.30680850
   -882.33035240
   -882.35411686
   -882.31326471
   -882.35534821
   -882.31201961
   -882.33829928
   -882.32090941
   -882.36717651
   -882.30022908
   -882.33873710
   -882.33470728
   -882.33131747
   -882.35110531
   -882.34606969
   -882.29746148
   -882.32774803
   -882.33004171
   -882.34149725
   -882.30599712
   -882.33686797
   -882.33183827
   -882.32603063
   -882.30660255
   -882.31806224
   -882.34314882
   -882.31663984
   -882.29771417
   -882.33375588
   -882.36757652
   -882.30413440
   -882.33649188
   -882.33303788
   -882.31028186
   -882.35493166
   -882.34135863
   -882.35107155
   -882.35113181
   -882.32201174
   -882.30846011
   -882.33340731
   -882.32611166
   -882.32927670
   -882.29567017
   -882.31560817
   -882.34992878
   -882.34413784
   -882.35258754
   -882.33354737
   -882.30851988
   -882.33707423
   -882.35180445
   -882.33569964
   -882.26625450
   -882.31185358
   -882.36486033
   -882.33488448
   -882.34304082
   -882.34232619
   -882.35704964
   -882.36119541
   -882.33994939
   -882.33143563
   -882.31807198
   -882.30874691
   -882.32509117
   -882.32724803
   -882.33792059
   -882.30844945
   -882.29457487
   -882.35594435
   -882.35931216
   -882.32549800
   -882.34085779
   -882.31605443
   -882.33835323
   -882.36001632
   -882.31679231
   -882.31021584
   -882.33813030
   -882.34435640
   -882.28166196
   -882.33682073
   -882.33315394
   -882.33604541
   -882.32097468
   -882.30901837
   -882.35507352
   -882.34301260
   -882.31190341
   -882.35537380
   -882.35219016
   -882.34978279
   -882.25236819
   -882.30852030
   -882.32897894
   -882.32108215
   -882.34651060
   -882.29268106
   -882.33214210
   -882.32644382
   -882.31856207
   -882.33495645
   -882.34968696
   -882.32795686
   -882.32440321
   -882.36821345
   -882.30640129
   -882.34083479
   -882.30413282
   -882.32637115
   -882.33990000
   -882.33988121
   -882.34878769
   -882.36052036
   -882.35221425
   -882.35735877
   -882.36341967
   -882.34233485
   -882.31195517
   -882.33933372
   -882.36314736
   -882.28486430
   -882.34769285
   -882.32036937
   -882.32553271
   -882.35154673
   -882.36222354
   -882.35591225
   -882.31656237
   -882.29649423
   -882.32854846
   -882.34847738
   -882.32296338
   -882.31313250
   -882.33982403
   -882.35670715
   -882.31540972
   -882.36224778
   -882.30874161
   -882.29660009
   -882.30892707
   -882.35396980
   -882.34683371
   -882.32968699
   -882.33731283
   -882.34318541
   -882.33970573
   -882.32541176
   -882.37072871
   -882.33613450
   -882.26279271
   -882.32994695
   -882.32619684
   -882.34397177
   -882.35651984
   -882.32680597
   -882.29419793
   -882.34151157
   -882.33044659
   -882.37023838
   -882.34648853
   -882.34485303
   -882.35530984
   -882.31452539
   -882.32874965
   -882.34973710
   -882.35890780
   -882.33540777
   -882.32281160
   -882.31745290
   -882.35383352
   -882.33644427
   -882.34243541
   -882.35107788
   -882.33004765
   -882.32520987
   -882.34618928
   -882.35422568
   -882.34787927
   -882.37136946
   -882.31491754
   -882.33988435
   -882.35318844
   -882.34335668
   -882.34280247
   -882.32198093
   -882.34005276
   -882.32664744
   -882.32025563
   -882.34044674
   -882.36094251
   -882.33664235
   -882.32073350
   -882.33889560
   -882.30896168
   -882.36691826
   -882.35817579
   -882.32069007
   -882.30893013
   -882.34120374
   -882.34000135
   -882.33016367
   -882.32519585
   -882.34875980
   -882.32336016
   -882.33597866
   -882.35626895
   -882.32859378
   -882.34966788
   -882.33876053
   -882.32971438
   -882.28886391
   -882.34408740
   -882.34974737
   -882.32203392
   -882.34789835
   -882.32286902
   -882.32512154
   -882.29125421
   -882.31335408
   -882.33259747
   -882.33716620
   -882.33623216
   -882.34735730
   -882.34334044
   -882.34177066
   -882.31857562
   -882.32449139
   -882.34067398
   -882.35304645
   -882.29199536
   -882.33407590
   -882.31470679
   -882.31792476
   -882.35145467
   -882.33888742
   -882.29254374
   -882.34360325
   -882.31761779
   -882.31727253
   -882.33221357
   -882.34929942
   -882.31238406
   -882.36347316
   -882.30692464
   -882.31771914
   -882.30945567
   -882.33978665
   -882.34175089
   -882.33016507
   -882.32529632
   -882.34394505
   -882.35612378
   -882.30691579
   -882.34937795
   -882.31546155
   -882.34858984
   -882.33144485
   -882.33230076
   -882.31242363
   -882.34142677
   -882.35399840
   -882.34766195
   -882.35100155
   -882.32312680
   -882.34063296
   -882.36041118
   -882.31760601
   -882.33608445
   -882.34608170
   -882.33302473
   -882.33725183
   -882.32228313
   -882.34784956
   -882.31633264
   -882.34424843
   -882.34656901
   -882.35217937
   -882.31869661
   -882.32860267
   -882.33950762
   -882.32444280
   -882.35035250
   -882.31429200
   -882.35438504
   -882.35143336
   -882.35215861
   -882.33152720
   -882.33597752
   -882.34669057
   -882.31940276
   -882.36576047
   -882.32597079
   -882.29622175
   -882.35186957
   -882.34090916
   -882.36109923
   -882.32357285
   -882.34308916
   -882.34796677
   -882.34465623
   -882.36074924
   -882.33787143
   -882.33025400
   -882.35272765
   -882.32726334
   -882.26380059
   -882.31923548
   -882.33546649
   -882.30327099
   -882.32687879
   -882.32939789
   -882.33952456
   -882.31541813
   -882.35555045
   -882.32773354
   -882.30955342
   -882.33995528
   -882.34100178
   -882.32460852
   -882.34801971
   -882.32550551
   -882.33155709
   -882.33521641
   -882.34142465
   -882.35911561
   -882.34950545
   -882.34595335
   -882.34325807
   -882.33101175
   -882.33741189
   -882.33700363
   -882.23906296
   -882.31233171
   -882.30685085
   -882.34245075
   -882.33467628
   -882.33936690
   -882.32712370
   -882.33853528
   -882.33472491
   -882.33137843
   -882.30496586
   -882.35447634
   -882.32645671
   -882.33582445
   -882.32420161
   -882.34067424
   -882.33510639
   -882.33473420
   -882.33882489
   -882.34424308
   -882.33636842
   -882.32649010
   -882.34706728
   -882.36109624
   -882.32409866
   -882.33400990
   -882.34045350
   -882.34472590
   -882.32132942
   -882.35645276
   -882.32097891
   -882.31901824
   -882.30271906
   -882.32981205
   -882.31188950
   -882.30841117
   -882.36412143
   -882.33364160
   -882.35197662
   -882.35711559
   -882.35411844
   -882.34808052
   -882.34144030
   -882.33662857
   -882.32946422
   -882.32251118
   -882.35359499
   -882.33323036
   -882.35542449
   -882.35100252
   -882.34592376
   -882.32718551
   -882.32942263
   -882.30405619
   -882.30900145
   -882.31254439
   -882.28777231
   -882.29803441
   -882.33464039
   -882.31224683
   -882.31474246
   -882.32290586
   -882.35764291
   -882.34820176
   -882.34183985
   -882.31524687
   -882.33991174
   -882.32832714
   -882.36713532
   -882.34255404
   -882.33688809
   -882.30622489
   -882.31909523
   -882.32191842
   -882.33524674
   -882.34961327
   -882.32834403
   -882.31925128
   -882.34832049
   -882.32733733
   -882.32855047
   -882.33941341
   -882.35171715
   -882.30989201
   -882.30961832
   -882.36097274
   -882.31952124
   -882.35259329
   -882.34386572
   -882.36052665
   -882.31839487
   -882.30898352
   -882.34263190
   -882.30020117
   -882.34146461
   -882.30299396
   -882.33137303
   -882.37359166
   -882.33603602
   -882.32653377
   -882.34838686
   -882.34062232
   -882.32719119
   -882.34313835
   -882.34856101
   -882.32873049
   -882.33502767
   -882.32958994
   -882.32980484
   -882.34902899
   -882.34471401
   -882.33254799
   -882.31637330
   -882.32690659
   -882.32960239
   -882.33206206
   -882.32337386
   -882.34734954
   -882.33528647
   -882.33611154
   -882.30141018
   -882.31622126
   -882.32462307
   -882.35806878
   -882.35608156
   -882.29857555
   -882.33483135
   -882.33748881
   -882.31947500
   -882.35216686
   -882.31651515
   -882.33943904
   -882.30361130
   -882.35431209
   -882.31285622
   -882.35194647
   -882.35842037
   -882.35290502
   -882.33211623
   -882.35728069
   -882.33149951
   -882.34615795
   -882.31146310
   -882.34657808
   -882.34416060
   -882.34624318
   -882.34958934
   -882.36100697
   -882.33922668
   -882.34376071
   -882.35053616
   -882.34058942
   -882.34961739
   -882.32674737
   -882.29551567
   -882.34091912
   -882.35130339
   -882.30269098
   -882.33212957
   -882.30820893
   -882.29462168
   -882.31582531
   -882.32235441
   -882.36418983
   -882.31704182
   -882.36156621
   -882.35560446
   -882.33680949
   -882.31311786
   -882.35310754
   -882.37026937
   -882.34607081
   -882.34360022
   -882.34609252
   -882.33985629
   -882.31899320
   -882.34277771
   -882.34676927
   -882.34006392
   -882.28752284
   -882.35683882
   -882.33942253
   -882.36547723
   -882.34272200
   -882.32103891
   -882.34076551
   -882.35780196
   -882.31033945
   -882.32348603
   -882.34940954
   -882.30291597
   -882.37044691
   -882.32426737
   -882.32590935
   -882.29439772
   -882.34559042
   -882.27123994
   -882.35668286
   -882.33197458
   -882.35426458
   -882.34938862
   -882.33928680
   -882.33667536
   -882.36446981
   -882.33893272
   -882.36433081
   -882.36922436
   -882.31512310
   -882.33484705
   -882.33109937
   -882.29093003
   -882.34102448
   -882.34335531
   -882.33389914
   -882.37588824
   -882.31098141
   -882.32688137
   -882.35082112
   -882.31060969
   -882.32653926
   -882.28147795
   -882.31733757
   -882.33472389
   -882.37117886
   -882.32600261
   -882.32815995
   -882.33145191
   -882.31741302
   -882.33705679
   -882.36557316
   -882.33415369
   -882.33662944
   -882.32892646
   -882.32344819
   -882.33439188
   -882.31890589
   -882.31037987
   -882.35895240
   -882.36168697
   -882.32244120
   -882.34466303
   -882.31050215
   -882.35319779
   -882.35348306
   -882.34850909
   -882.35693782
   -882.34156850
   -882.33159491
   -882.32101165
   -882.33920515
   -882.29364807
   -882.34989152
   -882.35233836
   -882.31983479
   -882.34401762
   -882.37714917
   -882.33326302
   -882.31160760
   -882.32546765
   -882.32288672
   -882.35049685
   -882.30013635
   -882.33282426
   -882.31602501
   -882.34478007
   -882.32864920
   -882.35701836
   -882.36927252
   -882.31972018
   -882.37217609
   -882.31883055
   -882.33598425
   -882.33547947
   -882.29950962
   -882.35608520
   -882.34238253
   -882.33680414
   -882.32875817
   -882.28453947
   -882.34930432
   -882.31690438
   -882.31174446
   -882.35044349
   -882.35415659
   -882.33337977
   -882.32505534
   -882.33229177
   -882.34789866
   -882.33941659
   -882.29280018
   -882.33873281
   -882.32704216
   -882.30200184
   -882.33479125
   -882.31806129
   -882.32560252
   -882.31786620
   -882.31663526
   -882.35155182
   -882.28587032
   -882.30458261
   -882.31263069
   -882.33718044
   -882.35230314
   -882.33322250
   -882.31205151
   -882.31687347
   -882.34687078
   -882.30366161
   -882.34520451
   -882.33257816
   -882.34981065
   -882.32984590
   -882.30854101
   -882.33863937
   -882.32814774
   -882.32522270
   -882.28692146
   -882.36222083
   -882.36669978
   -882.34951386
   -882.33837939
   -882.31824240
   -882.33976612
   -882.31921277
   -882.31627054
   -882.35768742
   -882.35853178
   -882.32425773
   -882.33909629
   -882.35252363
   -882.34447029
   -882.36100544
   -882.32776530
   -882.31978167
   -882.32944258
   -882.33969376
   -882.29609542
   -882.32683744
   -882.34005373
   -882.36134056
   -882.27088923
   -882.32602790
   -882.31170485
   -882.34976572
   -882.28374846
   -882.31801868
   -882.32723871
   -882.32553475
   -882.35342013
   -882.31737942
   -882.34396807
   -882.33908163
   -882.31819659
   -882.33903870
   -882.33427743
   -882.31718189
   -882.35983851
   -882.36420673
   -882.33763456
   -882.33694576
   -882.36899549
   -882.35570847
   -882.36732428
   -882.33734292
   -882.33826491
   -882.34982722
   -882.35023255
   -882.32528114
   -882.30171079
   -882.34759255
   -882.34095480
   -882.34370582
   -882.35712296
   -882.31964909
   -882.34931890
   -882.31339961
   -882.34318791
   -882.31246901
   -882.33924159
   -882.34431878
   -882.34516545
   -882.32383509
   -882.35738027
   -882.32539157
   -882.32708097
   -882.31716584
   -882.26474797
   -882.35746215
   -882.36093892
   -882.33748831
   -882.35904846
   -882.34497159
   -882.34743861
   -882.34750231
   -882.34945961
   -882.33367058
   -882.31968876
   -882.37293500
   -882.32759937
   -882.35167212
   -882.34858365
   -882.32572905
   -882.30978391
   -882.35516722
   -882.31994836
   -882.33536319
   -882.34150431
   -882.30887703
   -882.32769533
   -882.34523882
   -882.35600326
   -882.28307185
   -882.33941710
   -882.31913847
   -882.33887318
   -882.35548422
   -882.35515351
   -882.33882622
   -882.36154201
   -882.34752898
   -882.35034506
   -882.29248326
   -882.31884360
   -882.29651531
   -882.33678528
   -882.31924918
   -882.35263345
   -882.33519342
   -882.34079711
   -882.35523663
   -882.36178451
   -882.33582462
   -882.35269231
   -882.31446691
   -882.32201016
   -882.32020340
   -882.37135620
   -882.32412066
   -882.33194642
   -882.34170459
   -882.29767391
   -882.31866048
   -882.31865644
   -882.34804288
   -882.33457759
   -882.35861776
   -882.30524511
   -882.35561027
   -882.32101882
   -882.30088815
   -882.32978581
   -882.35594058
   -882.34141346
   -882.32667226
   -882.36239713
   -882.34973478
   -882.32449254
   -882.31569828
   -882.33872709
   -882.30536647
   -882.29722126
   -882.35297754
   -882.32525067
   -882.32517090
   -882.33971564
   -882.36319187
   -882.31500942
   -882.29686108
   -882.34432806
   -882.33481626
   -882.32586042
   -882.35243508
   -882.34735727
   -882.35342990
   -882.33501916
   -882.31508241
   -882.27974094
   -882.36092803
   -882.32416574
   -882.31710435
   -882.31792607
   -882.31783880
   -882.36011271
   -882.33854310
   -882.34208840
   -882.33177203
   -882.29726939
   -882.33948141
   -882.34124705
   -882.33138281
   -882.35735535
   -882.37013694
   -882.32492413
   -882.31151800
   -882.36675559
   -882.27846279
   -882.34935359
   -882.34484205
   -882.32291526
   -882.36758216
   -882.35490567
   -882.32799260
   -882.32085317
   -882.32433584
   -882.36830021
   -882.32269815
   -882.31770604
   -882.24968383
   -882.34539537
   -882.32352854
   -882.32433910
   -882.27643677
   -882.34963361
   -882.33761075
   -882.35938952
   -882.34783281
   -882.34215669
   -882.33164662
   -882.33003709
   -882.35284455
   -882.34110704
   -882.34693789
   -882.33728587
   -882.34322917
   -882.35649358
   -882.31973964
   -882.29812199
   -882.35676286
   -882.33078099
   -882.31214924
   -882.34759062
   -882.35172078
   -882.32078243
   -882.35404695
   -882.34366824
   -882.29276076
   -882.33494435
   -882.34362706
   -882.34581738
   -882.35912083
   -882.34888111
   -882.34303727
   -882.31781217
   -882.34609636
   -882.32067336
   -882.34826779
   -882.32789671
   -882.33083417
   -882.28187247
   -882.31364705
   -882.28313735
   -882.31293979
   -882.33626862
   -882.30769222
   -882.34426859
   -882.35266344
   -882.34881967
   -882.34506558
   -882.34744874
   -882.31345716
   -882.35778202
   -882.33598003
   -882.34948044
   -882.32331520
   -882.34959994
   -882.32757952
   -882.31691715
   -882.32081358
   -882.32874521
   -882.28300957
   -882.32873782
   -882.35029040
   -882.35301749
   -882.30749819
   -882.34475157
   -882.35132283
   -882.30285200
   -882.36321563
   -882.27579658
   -882.35020585
   -882.31956145
   -882.33840093
   -882.34992995
   -882.35630786
   -882.31781800
   -882.33750740
   -882.31757416
   -882.31373479
   -882.32514422
   -882.34073483
   -882.33494751
   -882.34306555
   -882.29631770
   -882.34755705
   -882.35148846
   -882.36654386
   -882.30041157
   -882.32371576
   -882.34266395
   -882.29016019
   -882.32910535
   -882.33402690
   -882.33488346
   -882.32213526
   -882.31553013
   -882.33492811
   -882.31455316
   -882.36889430
   -882.31154573
   -882.31639211
   -882.32378313
   -882.32866142
   -882.32406440
   -882.33513444
   -882.34312271
   -882.34181269
   -882.30436762
   -882.29689721
   -882.30233325
   -882.29042138
   -882.32971642
   -882.32465131
   -882.33166809
   -882.34682360
   -882.32927985
   -882.34870974
   -882.33949979
   -882.27514277
   -882.33091865
   -882.35904427
   -882.31791153
   -882.32257685
   -882.33272658
   -882.35568663
   -882.35087385
   -882.35921832
   -882.34983619
   -882.29303193
   -882.34231837
   -882.33994490
   -882.33094027
   -882.32879832
   -882.33221724
   -882.35769323
   -882.31736819
   -882.33987145
   -882.35328115
   -882.35259613
   -882.31290557
   -882.33715530
   -882.33198250
   -882.31243685
   -882.32323958
   -882.32029058
   -882.33140524
   -882.36099907
   -882.34070018
   -882.33571918
   -882.34364555
   -882.32999059
   -882.32375536
   -882.35789842
   -882.35480883
   -882.33534562
   -882.35808068
   -882.30916852
   -882.31972817
   -882.31653594
   -882.34776464
   -882.31586568
   -882.36553039
   -882.34338731
   -882.36176829
   -882.34302102
   -882.33640717
   -882.31470523
   -882.32794438
   -882.31328021
   -882.34968528
   -882.29971020
   -882.32107784
   -882.31851943
   -882.33633451
   -882.32945801
   -882.31992194
   -882.30993368
   -882.29413873
   -882.32330234
   -882.31331953
   -882.33984653
   -882.35447457
   -882.35791599
   -882.30379553
   -882.31893022
   -882.31299319
   -882.31100411
   -882.35786659
   -882.35338274
   -882.32122457
   -882.31173977
   -882.35874759
   -882.34795938
   -882.34137940
   -882.35693430
   -882.29621174
   -882.35478586
   -882.32551141
   -882.34297009
   -882.33212512
   -882.34834527
   -882.36661834
   -882.34995812
   -882.33901315
   -882.35554353
   -882.35113267
   -882.34535273
   -882.34115059
