% The following energies apply to conformations described by the topology 
% R53_iter1.top.  Structures are given in trajectory coords.cdf, count: 177.

% Item 0:
%   Energy -> orca_structures/coor*/NConf*.out
   -904.22143739
   -904.21914438
   -904.21840115
   -904.21285136
   -904.22008183
   -904.21844405
   -904.21418528
   -904.21401987
   -904.21918832
   -904.21816376
   -904.21941032
   -904.21881151
   -904.21766301
   -904.21748477
   -904.21350567
   -904.21610118
   -904.21662599
   -904.21463952
   -904.21544240
   -904.21870466
   -904.20599043
   -904.21691691
   -904.21870342
   -904.21564761
   -904.21644143
   -904.21899726
   -904.21285416
   -904.21450121
   -904.21620838
   -904.21920755
   -904.21417983
   -904.21652269
   -904.21716003
   -904.21862985
   -904.21577104
   -904.21592604
   -904.21969808
   -904.21968156
   -904.21824855
   -904.21617870
   -904.21800112
   -904.20918911
   -904.21962590
   -904.21235887
   -904.20963403
   -904.20854835
   -904.21030540
   -904.21780368
   -904.21873593
   -904.21772163
   -904.21915028
   -904.21333134
   -904.21924410
   -904.21245947
   -904.21244946
   -904.21640778
   -904.21854473
   -904.21068564
   -904.21616386
   -904.21637049
   -904.21039950
   -904.21562731
   -904.21900922
   -904.21189465
   -904.21756453
   -904.21985216
   -904.21932174
   -904.22047974
   -904.20534804
   -904.21499595
   -904.21894453
   -904.21698986
   -904.21945306
   -904.21596438
   -904.21963631
   -904.21760240
   -904.21943921
   -904.22003433
   -904.21958277
   -904.21400074
   -904.21716642
   -904.21969758
   -904.21778532
   -904.21884230
   -904.21613423
   -904.21870777
   -904.22041272
   -904.21536571
   -904.21868813
   -904.21641873
   -904.22020794
   -904.20626226
   -904.21880893
   -904.21655569
   -904.21139857
   -904.21592646
   -904.22207364
   -904.21422514
   -904.21431952
   -904.21924801
   -904.21590094
   -904.21252707
   -904.21599742
   -904.21513841
   -904.20504093
   -904.21741451
   -904.21610743
   -904.20992698
   -904.21974393
   -904.21868368
   -904.21978938
   -904.21327173
   -904.21411133
   -904.21880421
   -904.21386596
   -904.21498449
   -904.21781515
   -904.21618974
   -904.20635762
   -904.21634488
   -904.21344608
   -904.21745951
   -904.21823396
   -904.21625107
   -904.21952255
   -904.21558136
   -904.21480139
   -904.21916036
   -904.21902983
   -904.21444600
   -904.21718962
   -904.21997123
   -904.21948073
   -904.21546912
   -904.21332465
   -904.21516471
   -904.21871560
   -904.21706152
   -904.21848234
   -904.21596084
   -904.21576297
   -904.21248676
   -904.21896794
   -904.21602189
   -904.21575312
   -904.21683156
   -904.21761242
   -904.21432564
   -904.21285690
   -904.21758816
   -904.21739801
   -904.21189531
   -904.21893668
   -904.21372920
   -904.21586432
   -904.20984103
   -904.21614491
   -904.21384421
   -904.22015870
   -904.21299507
   -904.20873383
   -904.21350285
   -904.21521226
   -904.21613815
   -904.21946529
   -904.21609135
   -904.21901820
   -904.21616353
   -904.21983190
   -904.21424514
   -904.21908077
   -904.21845273
   -904.21389041
   -904.21634257
   -904.21825562
   -904.21933139
   -904.21395253
