% The following energies apply to conformations described by the topology 
% R53.top.  Structures are given in trajectory coords.cdf, count: 2622.

% Item 0:
%   Energy -> orca_structures/coor*/Conf*.out
   -904.15111189
   -904.17022502
   -904.18334756
   -904.17329739
   -904.16543954
   -904.14882709
   -904.14457725
   -904.19988394
   -904.12981770
   -904.15418990
   -904.15094733
   -904.14592257
   -904.19365748
   -904.15857576
   -904.12800534
   -904.14424876
   -904.13421877
   -904.18409717
   -904.17666094
   -904.19446497
   -904.16254208
   -904.18096432
   -904.19912346
   -904.15091308
   -904.18518353
   -904.18127013
   -904.17693487
   -904.12189398
   -904.17423538
   -904.15191197
   -904.15476687
   -904.15286257
   -904.18035007
   -904.17738429
   -904.14015574
   -904.18650795
   -904.16846040
   -904.18449463
   -904.14763750
   -904.16065209
   -904.15131073
   -904.16841767
   -904.16050836
   -904.13746513
   -904.18724792
   -904.05280249
   -904.13794198
   -904.15638355
   -904.13173723
   -904.17029191
   -904.18234632
   -904.16434657
   -904.19368048
   -904.15843442
   -904.11404462
   -904.16297275
   -904.14134738
   -904.18716611
   -904.14565256
   -904.13070698
   -904.11444524
   -904.17577763
   -904.16394857
   -904.14072670
   -904.18522348
   -904.17989410
   -904.14746120
   -904.17254431
   -904.14482752
   -904.17095711
   -904.16619937
   -904.13929750
   -904.15451162
   -904.14382521
   -904.16317488
   -904.12976560
   -904.18375838
   -904.15270175
   -904.18586644
   -904.16263274
   -904.16053923
   -904.15412278
   -904.17723779
   -904.19063844
   -904.16766693
   -904.10918380
   -904.17747943
   -904.15170935
   -904.15783054
   -904.14837372
   -904.16052401
   -904.16354355
   -904.15657049
   -904.16933035
   -904.16256450
   -904.17210138
   -904.15283618
   -904.19327198
   -904.15513188
   -904.15186961
   -904.16434637
   -904.20423943
   -904.16348733
   -904.18958670
   -904.18209858
   -904.17958502
   -904.14115808
   -904.17584988
   -904.11650652
   -904.16059293
   -904.17245551
   -904.16268053
   -904.17285299
   -904.17556608
   -904.11317360
   -904.14750874
   -904.13030596
   -904.13623632
   -904.15215511
   -904.18375002
   -904.14895300
   -904.18450503
   -904.11488640
   -904.14044125
   -904.18425136
   -904.15682219
   -904.16810497
   -904.15217974
   -904.15972167
   -904.15607898
   -904.15177246
   -904.18038359
   -904.15444805
   -904.17262612
   -904.17329167
   -904.15368762
   -904.17919870
   -904.17599355
   -904.19423337
   -904.16599052
   -904.14812498
   -904.15788803
   -904.15514399
   -904.16674226
   -904.19104464
   -904.15092496
   -904.16975658
   -904.09442644
   -904.14881383
   -904.18058826
   -904.17328293
   -904.19089158
   -904.16373589
   -904.14747323
   -904.17290000
   -904.17922363
   -904.11423814
   -904.16878299
   -904.17199131
   -904.17518520
   -904.15086117
   -904.17126239
   -904.14075096
   -904.13514045
   -904.16538097
   -904.16843359
   -904.20189420
   -904.17633531
   -904.14941433
   -904.18996919
   -904.18223470
   -904.15388841
   -904.15968646
   -904.14239466
   -904.14711399
   -904.15306051
   -904.19255949
   -904.16328653
   -904.15159803
   -904.16013435
   -904.17487211
   -904.13887060
   -904.15068812
   -904.11466470
   -904.15206717
   -904.17875425
   -904.14312210
   -904.15845625
   -904.17584575
   -904.16765727
   -904.19497656
   -904.16794409
   -904.18827297
   -904.12927113
   -904.14019973
   -904.18317110
   -904.16024637
   -904.14026754
   -904.10735348
   -904.11107241
   -904.16314029
   -904.18290907
   -904.11360615
   -904.18287801
   -904.15666236
   -904.17921799
   -904.10426528
   -904.17882703
   -904.11891973
   -904.19304850
   -904.16413093
   -904.17132603
   -904.16633092
   -904.17332483
   -904.15687338
   -904.17532365
   -904.16384572
   -904.16869815
   -904.17932513
   -904.17683289
   -904.12505186
   -904.19429063
   -904.15918445
   -904.18670010
   -904.17018167
   -904.14363033
   -904.16805201
   -904.16624344
   -904.16492418
   -904.17010899
   -904.14875846
   -904.15008527
   -904.15024742
   -904.17126397
   -904.16055603
   -904.17275634
   -904.16652966
   -904.17267621
   -904.17457136
   -904.14804002
   -904.16179580
   -904.17027541
   -904.16945765
   -904.17616340
   -904.15953733
   -904.17903796
   -904.19476939
   -904.17047924
   -904.15505465
   -904.15841362
   -904.18119135
   -904.17675219
   -904.20527633
   -904.17590000
   -904.15541097
   -904.15738684
   -904.12670009
   -904.11944529
   -904.17372457
   -904.15373199
   -904.14029517
   -904.17856268
   -904.13347833
   -904.13096997
   -904.15404332
   -904.17829124
   -904.18763695
   -904.16886869
   -904.13226896
   -904.18552866
   -904.16712231
   -904.17521580
   -904.19981898
   -904.16803350
   -904.15639518
   -904.13396114
   -904.17345324
   -904.13604412
   -904.17643070
   -904.18475985
   -904.19539766
   -904.16579215
   -904.18422988
   -904.17795752
   -904.18764158
   -904.16698432
   -904.16859545
   -904.15891459
   -904.15233092
   -904.14171496
   -904.16027261
   -904.17957506
   -904.15061337
   -904.18119274
   -904.15400166
   -904.15078156
   -904.10889047
   -904.18961359
   -904.17933987
   -904.17479100
   -904.18692614
   -904.17651275
   -904.13410588
   -904.17443883
   -904.18956492
   -904.17518940
   -904.16930366
   -904.17891162
   -904.15908948
   -904.17330244
   -904.16172980
   -904.16628169
   -904.17267973
   -904.16560056
   -904.15431929
   -904.17615556
   -904.13854030
   -904.16867336
   -904.15170772
   -904.17407790
   -904.15602888
   -904.19482362
   -904.16596697
   -904.15220414
   -904.15209717
   -904.18007330
   -904.16839136
   -904.17791661
   -904.16444351
   -904.16425875
   -904.16173661
   -904.18172151
   -904.19092857
   -904.17588604
   -904.15598478
   -904.18562595
   -904.15588422
   -904.17872184
   -904.19041173
   -904.15163169
   -904.17881985
   -904.15006351
   -904.17389004
   -904.13741391
   -904.15573978
   -904.15860908
   -904.17625582
   -904.18023792
   -904.15595014
   -904.15710857
   -904.18969722
   -904.19465143
   -904.17006616
   -904.16290209
   -904.18621872
   -904.19311459
   -904.17868932
   -904.15687936
   -904.18782823
   -904.15901436
   -904.18200750
   -904.16840909
   -904.16317087
   -904.16604705
   -904.12867431
   -904.19121572
   -904.16386725
   -904.16369654
   -904.17000605
   -904.16389799
   -904.15076073
   -904.18310780
   -904.18899273
   -904.14466441
   -904.16240309
   -904.16309862
   -904.18638345
   -904.19185224
   -904.15907411
   -904.15340186
   -904.16910326
   -904.15041293
   -904.07724292
   -904.20218642
   -904.18556311
   -904.13140827
   -904.18454921
   -904.16009033
   -904.14165835
   -904.19779502
   -904.17691491
   -904.17082214
   -904.16138387
   -904.17311942
   -904.14250172
   -904.17579885
   -904.17355551
   -904.20346944
   -904.10238193
   -904.20783107
   -904.17104496
   -904.15105352
   -904.10617721
   -904.16717920
   -904.15807933
   -904.09357319
   -904.14354155
   -904.19641059
   -904.17169100
   -904.13299604
   -904.14194755
   -904.15704949
   -904.15173840
   -904.18203083
   -904.16005002
   -904.15433863
   -904.10456669
   -904.13125041
   -904.13597089
   -904.18875197
   -904.17317246
   -904.15278783
   -904.17464535
   -904.17562519
   -904.17833457
   -904.18649714
   -904.19206386
   -904.20054777
   -904.10567764
   -904.16865787
   -904.17339161
   -904.15334840
   -904.16797826
   -904.18510238
   -904.15395578
   -904.19039755
   -904.08909414
   -904.16394706
   -904.17212167
   -904.18358891
   -904.16740827
   -904.16763488
   -904.18761304
   -904.15681119
   -904.15818948
   -904.13371669
   -904.18493606
   -904.17187194
   -904.17167457
   -904.14224058
   -904.16400567
   -904.15256905
   -904.16933684
   -904.16324551
   -904.17625714
   -904.18472207
   -904.18082705
   -904.18935826
   -904.08955697
   -904.14765518
   -904.15727326
   -904.16944249
   -904.19400792
   -904.15449686
   -904.14108399
   -904.17146487
   -904.18867756
   -904.15996676
   -904.16575691
   -904.19160714
   -904.17158063
   -904.18465994
   -904.16583894
   -904.16014825
   -904.16557659
   -904.16380331
   -904.13181742
   -904.18962649
   -904.15774971
   -904.15515886
   -904.17891019
   -904.14451009
   -904.15693703
   -904.16973897
   -904.14907947
   -904.17003339
   -904.18069183
   -904.16213314
   -904.12184971
   -904.18762809
   -904.13954679
   -904.11449472
   -904.18097377
   -904.18454793
   -904.18233237
   -904.18130277
   -904.18100849
   -904.16579519
   -904.15261381
   -904.17468426
   -904.17927089
   -904.14714596
   -904.18675845
   -904.18116609
   -904.14750795
   -904.17139707
   -904.14720266
   -904.20001003
   -904.16857613
   -904.16392407
   -904.15925285
   -904.15779621
   -904.16719012
   -904.14811958
   -904.17673449
   -904.16126754
   -904.14088777
   -904.11756699
   -904.15523210
   -904.16001485
   -904.16408198
   -904.15663644
   -904.14287596
   -904.15980871
   -904.16822998
   -904.18949490
   -904.16664179
   -904.14155464
   -904.17450855
   -904.16677169
   -904.19202213
   -904.13747627
   -904.14092628
   -904.17426359
   -904.17300900
   -904.12848394
   -904.16990269
   -904.12717906
   -904.19755660
   -904.11547220
   -904.18349799
   -904.16458833
   -904.17308456
   -904.18103395
   -904.16415354
   -904.16245260
   -904.16436241
   -904.16278221
   -904.17409377
   -904.19566393
   -904.16801661
   -904.12850109
   -904.17599125
   -904.17413999
   -904.16865522
   -904.16212335
   -904.13477865
   -904.14736529
   -904.16489498
   -904.10724655
   -904.18262430
   -904.15701438
   -904.18027326
   -904.14162733
   -904.14990045
   -904.17057104
   -904.16852149
   -904.15620826
   -904.15028723
   -904.16836399
   -904.17257278
   -904.18921471
   -904.15487131
   -904.08634651
   -904.16130379
   -904.18001336
   -904.15880165
   -904.13748642
   -904.18693993
   -904.20818982
   -904.15611966
   -904.13295247
   -904.10953647
   -904.15450399
   -904.10890172
   -904.14374102
   -904.10365475
   -904.11579399
   -904.16250445
   -904.20038115
   -904.19660374
   -904.18107063
   -904.13086533
   -904.18283118
   -904.18684057
   -904.14364937
   -904.19371765
   -904.19530305
   -904.11919334
   -904.16542719
   -904.18470511
   -904.16624989
   -904.16203698
   -904.14952984
   -904.14143788
   -904.14554351
   -904.15894276
   -904.17417773
   -904.20028358
   -904.11439153
   -904.17816724
   -904.17629302
   -904.17511059
   -904.20459585
   -904.18573833
   -904.12768026
   -904.20599578
   -904.18699668
   -904.17721696
   -904.16177967
   -904.12101595
   -904.15920540
   -904.12149217
   -904.18188515
   -904.16050719
   -904.13646250
   -904.16658479
   -904.17654425
   -904.18171719
   -904.08578341
   -904.18583858
   -904.13122345
   -904.18560222
   -904.16293117
   -904.08726675
   -904.15509137
   -904.19470429
   -904.16354373
   -904.19792739
   -904.16802977
   -904.18447765
   -904.15189681
   -904.08983475
   -904.16032061
   -904.14708941
   -904.16225039
   -904.12329609
   -904.16109097
   -904.16923462
   -904.12762134
   -904.18404779
   -904.17679701
   -904.15308054
   -904.13349203
   -904.19109984
   -904.16800516
   -904.16018009
   -904.10657965
   -904.17678689
   -904.15958738
   -904.11060520
   -904.16677178
   -904.18582200
   -904.18847296
   -904.18941494
   -904.19478296
   -904.18646289
   -904.13830085
   -904.18322468
   -904.16717247
   -904.18456509
   -904.18733589
   -904.19810966
   -904.17109060
   -904.13694082
   -904.16978354
   -904.14308352
   -904.11133857
   -904.16553251
   -904.14373884
   -904.15351836
   -904.14566697
   -904.17156897
   -904.17059533
   -904.17248455
   -904.16719630
   -904.20734293
   -904.15699451
   -904.19662899
   -904.16368444
   -904.18262375
   -904.12761624
   -904.18026545
   -904.16942567
   -904.12713217
   -904.18628411
   -904.14366283
   -904.17074661
   -904.19063506
   -904.15399954
   -904.14654877
   -904.19185062
   -904.17734816
   -904.17660779
   -904.14521161
   -904.15328425
   -904.13613275
   -904.14712053
   -904.17971746
   -904.12532851
   -904.15383659
   -904.18833789
   -904.12623174
   -904.18558440
   -904.13483993
   -904.17270342
   -904.10387468
   -904.16039385
   -904.12407688
   -904.16823403
   -904.11903008
   -904.18374276
   -904.13323222
   -904.10120918
   -904.15575231
   -904.18839298
   -904.17536192
   -904.16630333
   -904.17285158
   -904.16579209
   -904.19643203
   -904.17820139
   -904.12464510
   -904.15886147
   -904.16203162
   -904.18078122
   -904.19151570
   -904.16731276
   -904.17652374
   -904.18602797
   -904.17542816
   -904.13042941
   -904.17036667
   -904.19757783
   -904.13553250
   -904.16165316
   -904.15607464
   -904.17495333
   -904.15942254
   -904.17310874
   -904.15120076
   -904.19040612
   -904.16885584
   -904.18746414
   -904.17236104
   -904.17352557
   -904.16979626
   -904.16116501
   -904.15177410
   -904.16331894
   -904.14971950
   -904.16849601
   -904.18915862
   -904.13598820
   -904.19711991
   -904.17430596
   -904.15441288
   -904.16774199
   -904.09237529
   -904.14654041
   -904.17300731
   -904.17934548
   -904.12753871
   -904.16342048
   -904.17033769
   -904.19393610
   -904.16438765
   -904.17858397
   -904.15546704
   -904.19883404
   -904.15956994
   -904.15172553
   -904.16720851
   -904.16518381
   -904.15855011
   -904.17875456
   -904.19165144
   -904.18206613
   -904.16330530
   -904.18300960
   -904.15601257
   -904.17390864
   -904.16628787
   -904.16958385
   -904.16065828
   -904.16109157
   -904.18627999
   -904.13775723
   -904.16689103
   -904.16422962
   -904.12029507
   -904.19988233
   -904.16322222
   -904.15569585
   -904.19726408
   -904.16266609
   -904.17815644
   -904.15724661
   -904.18667983
   -904.14900153
   -904.15275883
   -904.11444605
   -904.16026051
   -904.18992968
   -904.16669491
   -904.16070665
   -904.16244952
   -904.16319771
   -904.14782455
   -904.17973759
   -904.16325306
   -904.15516312
   -904.15294613
   -904.16066909
   -904.11112813
   -904.17968293
   -904.17061890
   -904.16591510
   -904.17406308
   -904.11676634
   -904.19454518
   -904.15274166
   -904.15474721
   -904.18898281
   -904.17677736
   -904.19018364
   -904.16479413
   -904.17484008
   -904.17023073
   -904.19653909
   -904.16787288
   -904.15078568
   -904.16406016
   -904.15925778
   -904.16592382
   -904.17054422
   -904.17161067
   -904.16482509
   -904.15228658
   -904.17522378
   -904.19759529
   -904.17310851
   -904.13546731
   -904.13435430
   -904.13899323
   -904.14774781
   -904.14635844
   -904.16958975
   -904.17266996
   -904.17042806
   -904.16283529
   -904.13340617
   -904.17361922
   -904.19975864
   -904.10893067
   -904.18945817
   -904.18343887
   -904.09815765
   -904.17958118
   -904.14609315
   -904.16306644
   -904.19299963
   -904.14952421
   -904.17825287
   -904.16232622
   -904.16067314
   -904.14160780
   -904.16051204
   -904.15295596
   -904.17734797
   -904.16758681
   -904.16472707
   -904.17313590
   -904.19648596
   -904.16135956
   -904.19299735
   -904.16167624
   -904.17621167
   -904.13839309
   -904.18527949
   -904.19202976
   -904.14579143
   -904.15088052
   -904.14088182
   -904.16040116
   -904.15264369
   -904.16165958
   -904.15995690
   -904.17440905
   -904.17393165
   -904.18704778
   -904.17392012
   -904.17921166
   -904.16032206
   -904.19014842
   -904.16422318
   -904.15965743
   -904.17959677
   -904.18399567
   -904.14067589
   -904.11455759
   -904.15325913
   -904.17170300
   -904.14587787
   -904.19509302
   -904.19107484
   -904.18728958
   -904.18983256
   -904.17997669
   -904.18289212
   -904.16212246
   -904.18396503
   -904.16622654
   -904.16003058
   -904.17123343
   -904.16467097
   -904.18971780
   -904.16895622
   -904.18629411
   -904.18068335
   -904.17497686
   -904.16360712
   -904.17380888
   -904.17615706
   -904.17631117
   -904.15225350
   -904.16576437
   -904.18038685
   -904.18486731
   -904.13540692
   -904.17776526
   -904.18170552
   -904.17127324
   -904.17553565
   -904.16027756
   -904.13848665
   -904.17878374
   -904.18365541
   -904.15877433
   -904.14750164
   -904.14366115
   -904.15758970
   -904.18820912
   -904.14395053
   -904.18035142
   -904.17017022
   -904.17684709
   -904.13584653
   -904.18949304
   -904.16808425
   -904.17871070
   -904.20887058
   -904.16903483
   -904.18869755
   -904.15660721
   -904.18778598
   -904.14539673
   -904.16728850
   -904.19962816
   -904.18777556
   -904.20013693
   -904.21148137
   -904.10602156
   -904.14306298
   -904.12344193
   -904.18747655
   -904.16902719
   -904.17169128
   -904.17877531
   -904.13545637
   -904.10916882
   -904.15725560
   -904.11641201
   -904.21316295
   -904.17446551
   -904.17355265
   -904.16883022
   -904.15804267
   -904.16825760
   -904.18675989
   -904.15816906
   -904.15915401
   -904.16134255
   -904.17021583
   -904.16661986
   -904.14102509
   -904.15600598
   -904.16669726
   -904.06642705
   -904.16005841
   -904.20025325
   -904.09999335
   -904.17761759
   -904.15284502
   -904.18948818
   -904.18788149
   -904.16531249
   -904.16518729
   -904.17343095
   -904.16178503
   -904.16414802
   -904.17406742
   -904.16824526
   -904.09925192
   -904.17239776
   -904.15293464
   -904.17019455
   -904.19062498
   -904.14545229
   -904.16371030
   -904.17352122
   -904.18588953
   -904.18075740
   -904.14557185
   -904.15950669
   -904.12401488
   -904.18972199
   -904.14018171
   -904.13916845
   -904.12539064
   -904.14411900
   -904.11359312
   -904.15437368
   -904.13399663
   -904.16600128
   -904.17028445
   -904.19091175
   -904.18394305
   -904.15601776
   -904.18452748
   -904.19239059
   -904.18313793
   -904.18995537
   -904.17691780
   -904.16218940
   -904.13230629
   -904.20256106
   -904.13360511
   -904.18681909
   -904.16949101
   -904.13660572
   -904.13000863
   -904.16867032
   -904.17374800
   -904.12571780
   -904.18095114
   -904.16804825
   -904.14257528
   -904.15817375
   -904.12344737
   -904.16305111
   -904.16561047
   -904.12208268
   -904.16251236
   -904.11686299
   -904.19443085
   -904.11900915
   -904.16888467
   -904.12816091
   -904.17165319
   -904.15261671
   -904.10010335
   -904.16620218
   -904.16962495
   -904.17041035
   -904.13317925
   -904.16065835
   -904.16754659
   -904.14591589
   -904.14239478
   -904.16044271
   -904.14339005
   -904.14492016
   -904.15278054
   -904.19022995
   -904.17227318
   -904.15418652
   -904.12609760
   -904.19227019
   -904.13497207
   -904.16907570
   -904.14370043
   -904.14931347
   -904.12278922
   -904.18637261
   -904.16474094
   -904.17973368
   -904.20176782
   -904.20067348
   -904.10272012
   -904.17502135
   -904.12183881
   -904.11587946
   -904.16535008
   -904.15936413
   -904.13599960
   -904.18994176
   -904.17439922
   -904.17137176
   -904.20176567
   -904.15508679
   -904.18078822
   -904.14762297
   -904.15936882
   -904.14277607
   -904.17664824
   -904.14257695
   -904.15479954
   -904.15292475
   -904.15463378
   -904.18812368
   -904.16550032
   -904.17412633
   -904.17633121
   -904.15709069
   -904.15461494
   -904.16660349
   -904.16385057
   -904.17020620
   -904.17449460
   -904.16856252
   -904.17742361
   -904.16886987
   -904.15835132
   -904.13192532
   -904.15534889
   -904.15103462
   -904.16792900
   -904.13105634
   -904.16674044
   -904.17188626
   -904.20216331
   -904.14479345
   -904.13108893
   -904.13604869
   -904.16423294
   -904.17734538
   -904.17885928
   -904.14633711
   -904.16719001
   -904.12275320
   -904.18315857
   -904.19214521
   -904.18512018
   -904.20760875
   -904.20145640
   -904.18432668
   -904.12056024
   -904.16230632
   -904.15967174
   -904.17601829
   -904.18617178
   -904.17390845
   -904.16989861
   -904.10171821
   -904.15948409
   -904.12819108
   -904.19007895
   -904.14699621
   -904.16816832
   -904.16019466
   -904.15699401
   -904.17280676
   -904.18298633
   -904.16363305
   -904.17665969
   -904.17320136
   -904.17490696
   -904.15341170
   -904.17535329
   -904.16521762
   -904.18807050
   -904.17950995
   -904.16873353
   -904.17539180
   -904.19189253
   -904.14924773
   -904.17864972
   -904.12179183
   -904.17951713
   -904.13677250
   -904.16564513
   -904.18876334
   -904.13350938
   -904.13763615
   -904.18859804
   -904.08780946
   -904.17001232
   -904.13419698
   -904.12523650
   -904.16371269
   -904.11643834
   -904.17596500
   -904.20499451
   -904.15376165
   -904.16260270
   -904.16400183
   -904.13783952
   -904.15127776
   -904.18530316
   -904.17254896
   -904.16785429
   -904.18796877
   -904.18525144
   -904.18020957
   -904.18034375
   -904.14594003
   -904.15651582
   -904.18805757
   -904.15487680
   -904.17391947
   -904.16477344
   -904.16645344
   -904.16509048
   -904.17085870
   -904.15354561
   -904.15813318
   -904.18071183
   -904.11225273
   -904.15448698
   -904.15353003
   -904.14619642
   -904.17263252
   -904.18291638
   -904.19684060
   -904.19348029
   -904.18888575
   -904.19253930
   -904.17197878
   -904.16005504
   -904.17125818
   -904.17407388
   -904.16279011
   -904.14444808
   -904.14298645
   -904.09316862
   -904.16217909
   -904.16711969
   -904.17481170
   -904.15875174
   -904.17373893
   -904.19985584
   -904.06955374
   -904.17638902
   -904.16503722
   -904.13852540
   -904.18386121
   -904.15565547
   -904.18976435
   -904.15542441
   -904.18246669
   -904.17640043
   -904.17195494
   -904.13418662
   -904.14715734
   -904.16966146
   -904.14803913
   -904.16872835
   -904.15222814
   -904.17767708
   -904.17549641
   -904.16068415
   -904.14416856
   -904.15211012
   -904.17262008
   -904.18203955
   -904.11930504
   -904.16800579
   -904.12002230
   -904.17022082
   -904.16386719
   -904.11971181
   -904.14254826
   -904.15662421
   -904.13758537
   -904.14037433
   -904.20090918
   -904.16764901
   -904.16452768
   -904.17535211
   -904.16901982
   -904.12720684
   -904.15192309
   -904.14857228
   -904.17754975
   -904.16632500
   -904.16532730
   -904.18674087
   -904.16224626
   -904.16015154
   -904.17834066
   -904.10870674
   -904.15986623
   -904.15882616
   -904.13530601
   -904.16452053
   -904.07271061
   -904.19386519
   -904.14330373
   -904.14657741
   -904.15536226
   -904.16453779
   -904.15480894
   -904.13337902
   -904.15984178
   -904.15575622
   -904.16877581
   -904.17066538
   -904.16850362
   -904.17624919
   -904.16146995
   -904.18356601
   -904.14005910
   -904.15760137
   -904.15447381
   -904.15391615
   -904.15151151
   -904.18153913
   -904.12660770
   -904.18100296
   -904.18417746
   -904.15620228
   -904.17908038
   -904.16095867
   -904.15629246
   -904.17992976
   -904.17753345
   -904.13024157
   -904.11878256
   -904.15760667
   -904.16609876
   -904.16429745
   -904.15551487
   -904.15884513
   -904.17040296
   -904.12752015
   -904.16943210
   -904.15741207
   -904.18032753
   -904.16217471
   -904.15964450
   -904.15982979
   -904.16549783
   -904.15151506
   -904.13168624
   -904.16951524
   -904.18221779
   -904.15089789
   -904.15686013
   -904.14013142
   -904.16999170
   -904.15269714
   -904.12987845
   -904.16914330
   -904.18640856
   -904.16584612
   -904.14646351
   -904.16841471
   -904.16814483
   -904.13912321
   -904.15316623
   -904.14855149
   -904.12981557
   -904.18259901
   -904.15383477
   -904.15771049
   -904.15855631
   -904.16735163
   -904.16353636
   -904.15920050
   -904.18894082
   -904.16627275
   -904.17736540
   -904.14562532
   -904.08919628
   -904.17801238
   -904.14751852
   -904.15604283
   -904.13127761
   -904.14924619
   -904.11265049
   -904.14974164
   -904.16386589
   -904.14570419
   -904.17140582
   -904.17695509
   -904.17630643
   -904.11661836
   -904.14811647
   -904.14659844
   -904.16488369
   -904.18450345
   -904.16177684
   -904.12766765
   -904.17358646
   -904.17488838
   -904.15968115
   -904.18752342
   -904.14062650
   -904.16025133
   -904.12334368
   -904.12843878
   -904.18919675
   -904.16383960
   -904.16689732
   -904.18324501
   -904.18336592
   -904.18574662
   -904.16595761
   -904.16732951
   -904.18198741
   -904.19379801
   -904.17269984
   -904.13074616
   -904.14033551
   -904.12200054
   -904.15148163
   -904.18346661
   -904.13641994
   -904.13069470
   -904.17797719
   -904.16652312
   -904.16625727
   -904.17530648
   -904.19808203
   -904.16770409
   -904.15559610
   -904.14403453
   -904.16563516
   -904.14349553
   -904.18838341
   -904.18691254
   -904.17495330
   -904.16673489
   -904.12391883
   -904.17966309
   -904.12691224
   -904.15858632
   -904.09362799
   -904.17876699
   -904.17802253
   -904.14391746
   -904.14731471
   -904.17072832
   -904.16146002
   -904.18561278
   -904.15456789
   -904.19700978
   -904.15579038
   -904.15489068
   -904.14847591
   -904.19783802
   -904.13410946
   -904.16578723
   -904.17190931
   -904.16712900
   -904.18334849
   -904.17187731
   -904.12666135
   -904.15020260
   -904.16124159
   -904.16546663
   -904.14457313
   -904.16246994
   -904.16159635
   -904.15702845
   -904.13790057
   -904.14682917
   -904.17509651
   -904.12705925
   -904.10089847
   -904.16372040
   -904.19287587
   -904.13085984
   -904.16664922
   -904.15897814
   -904.13810594
   -904.16013029
   -904.17360810
   -904.18375494
   -904.15772960
   -904.16132009
   -904.15207613
   -904.16384507
   -904.12978981
   -904.11508402
   -904.18775707
   -904.12634254
   -904.14848564
   -904.17285560
   -904.13485745
   -904.18170172
   -904.16604121
   -904.16592541
   -904.13336989
   -904.17067455
   -904.16777512
   -904.19413980
   -904.16404376
   -904.13820982
   -904.20801747
   -904.16335096
   -904.13811579
   -904.17058471
   -904.18522961
   -904.18911908
   -904.17958829
   -904.15843902
   -904.14678184
   -904.12983914
   -904.14218605
   -904.15120891
   -904.16201663
   -904.18412428
   -904.14111161
   -904.09429471
   -904.19542881
   -904.18988791
   -904.18114487
   -904.21123882
   -904.15014544
   -904.17290598
   -904.19008653
   -904.14575527
   -904.13479416
   -904.16930977
   -904.16952083
   -904.14329046
   -904.16303587
   -904.15941801
   -904.16096298
   -904.18143717
   -904.12274811
   -904.13803744
   -904.14797449
   -904.16514904
   -904.17016154
   -904.12375684
   -904.15221504
   -904.19299295
   -904.18550853
   -904.17471676
   -904.20409321
   -904.14016635
   -904.15696407
   -904.15052742
   -904.18722301
   -904.14357641
   -904.15496349
   -904.16378113
   -904.16546105
   -904.14252741
   -904.18337754
   -904.16463538
   -904.17331308
   -904.15166357
   -904.15228545
   -904.16209749
   -904.19097326
   -904.16705095
   -904.17077420
   -904.18862500
   -904.15441695
   -904.17017813
   -904.15447421
   -904.15580100
   -904.16685120
   -904.17974375
   -904.18164686
   -904.19485773
   -904.16691733
   -904.15707013
   -904.16947934
   -904.18506792
   -904.18376341
   -904.10306847
   -904.17973018
   -904.12747194
   -904.13768928
   -904.15725436
   -904.17895323
   -904.17103337
   -904.19242289
   -904.10447307
   -904.13802217
   -904.18130868
   -904.12747613
   -904.15929261
   -904.18396987
   -904.17152801
   -904.15636881
   -904.17465975
   -904.18037283
   -904.17952599
   -904.14292618
   -904.17651011
   -904.10553643
   -904.13721704
   -904.17073700
   -904.14875515
   -904.17937612
   -904.18138913
   -904.15504147
   -904.16145113
   -904.17283916
   -904.16901850
   -904.19353263
   -904.16919320
   -904.19636926
   -904.17161850
   -904.18375896
   -904.15393895
   -904.11769615
   -904.12518603
   -904.18536473
   -904.16607443
   -904.08070461
   -904.19110260
   -904.14949338
   -904.16932216
   -904.20655891
   -904.17129090
   -904.16733985
   -904.17544826
   -904.17517433
   -904.14581211
   -904.15143968
   -904.18393871
   -904.13526583
   -904.14414018
   -904.15780181
   -904.15271103
   -904.14367147
   -904.17151442
   -904.17558461
   -904.17334197
   -904.16223246
   -904.15426888
   -904.13948279
   -904.17791170
   -904.18479478
   -904.18182121
   -904.19704638
   -904.14322365
   -904.16547947
   -904.18606653
   -904.16515140
   -904.16743478
   -904.14248982
   -904.17015756
   -904.15224172
   -904.14424622
   -904.09819070
   -904.17519345
   -904.18532355
   -904.18537732
   -904.10473360
   -904.14833801
   -904.16728983
   -904.07939625
   -904.19912272
   -904.18714165
   -904.14163193
   -904.12683207
   -904.16406301
   -904.18128356
   -904.15933483
   -904.13315172
   -904.16778649
   -904.15392875
   -904.17645809
   -904.18869319
   -904.16732062
   -904.14485614
   -904.17092246
   -904.16633782
   -904.15229796
   -904.17250257
   -904.17319683
   -904.18432546
   -904.16061882
   -904.17862172
   -904.12971419
   -904.13879059
   -904.17401252
   -904.15331994
   -904.14868165
   -904.14984627
   -904.14931330
   -904.17860493
   -904.16736664
   -904.16959839
   -904.16326157
   -904.16127654
   -904.14533966
   -904.16909164
   -904.17815212
   -904.11741287
   -904.15638237
   -904.17452939
   -904.14032676
   -904.18044339
   -904.16799234
   -904.16061507
   -904.18638395
   -904.18658494
   -904.12350434
   -904.17347174
   -904.20044966
   -904.15146385
   -904.15234659
   -904.16424390
   -904.17585269
   -904.10493729
   -904.19182713
   -904.15041484
   -904.14126159
   -904.13606670
   -904.17801289
   -904.16414636
   -904.16106886
   -904.15251608
   -904.18279053
   -904.18454569
   -904.08338696
   -904.17645589
   -904.11185169
   -904.19573313
   -904.15088691
   -904.18395878
   -904.15051343
   -904.16401601
   -904.16331720
   -904.11499967
   -904.16954115
   -904.16036894
   -904.20122531
   -904.17236701
   -904.17715866
   -904.18108723
   -904.14330706
   -904.19096895
   -904.17334048
   -904.17746351
   -904.17787372
   -904.15321987
   -904.16090564
   -904.17871322
   -904.17010773
   -904.11797311
   -904.18052942
   -904.14332791
   -904.17630388
   -904.14368944
   -904.17678723
   -904.18040457
   -904.15598330
   -904.15299786
   -904.15156831
   -904.17563778
   -904.16343630
   -904.17292373
   -904.13594579
   -904.18470493
   -904.18315200
   -904.18093306
   -904.18636329
   -904.16178342
   -904.15928070
   -904.18076120
   -904.15434579
   -904.19598042
   -904.15757386
   -904.07841920
   -904.17707085
   -904.20294460
   -904.13364217
   -904.18162434
   -904.19800452
   -904.14861492
   -904.15911647
   -904.19039659
   -904.18089936
   -904.17103424
   -904.16598801
   -904.17620828
   -904.16830208
   -904.15567183
   -904.17061678
   -904.10856956
   -904.13104604
   -904.17652929
   -904.13573871
   -904.15760414
   -904.16161244
   -904.16779409
   -904.15259073
   -904.18187385
   -904.19006435
   -904.16931493
   -904.15328857
   -904.15377394
   -904.17617674
   -904.15576036
   -904.18240993
   -904.15053590
   -904.15535995
   -904.15026160
   -904.17902395
   -904.18952354
   -904.19210935
   -904.17953520
   -904.16849916
   -904.17989036
   -904.18863572
   -904.15850520
   -904.17202746
   -904.16618699
   -904.16513381
   -904.19579548
   -904.13580054
   -904.13367479
   -904.17517291
   -904.18035175
   -904.16522698
   -904.16534180
   -904.15318428
   -904.16283729
   -904.16894482
   -904.12435831
   -904.17110119
   -904.10266821
   -904.17370166
   -904.15220565
   -904.12303309
   -904.15058216
   -904.15672890
   -904.15963310
   -904.11659374
   -904.16600940
   -904.16763328
   -904.17849795
   -904.15928484
   -904.13510307
   -904.18888695
   -904.15185889
   -904.16168941
   -904.17439152
   -904.17730543
   -904.11504319
   -904.18785207
   -904.19971747
   -904.16821484
   -904.15374121
   -904.15123971
   -904.16504673
   -904.17705066
   -904.14188832
   -904.15136735
   -904.14083576
   -904.13763762
   -904.18885498
   -904.12240473
   -904.18350316
   -904.16040431
   -904.16395723
   -904.16927314
   -904.17309298
   -904.16100823
   -904.15657945
   -904.15336791
   -904.17891672
   -904.18986402
   -904.18482109
   -904.17689700
   -904.18141885
   -904.18099224
   -904.15998998
   -904.15990399
   -904.16216378
   -904.11287697
   -904.14032196
   -904.13898325
   -904.13044916
   -904.13898298
   -904.16105818
   -904.18688516
   -904.15480934
   -904.14472073
   -904.15400125
   -904.19054118
   -904.18568954
   -904.17178968
   -904.16423787
   -904.16000071
   -904.17171825
   -904.16007775
   -904.13922642
   -904.14938513
   -904.14849786
   -904.16976612
   -904.16045468
   -904.20137298
   -904.13750167
   -904.14731560
   -904.18767141
   -904.15395377
   -904.15817488
   -904.16607261
   -904.16807054
   -904.17527693
   -904.17528142
   -904.13790242
   -904.14956391
   -904.15530561
   -904.16258009
   -904.16412073
   -904.16955933
   -904.13394583
   -904.15763837
   -904.18042373
   -904.16105353
   -904.18858866
   -904.13484175
   -904.14638308
   -904.17000826
   -904.14202203
   -904.18108842
   -904.11483195
   -904.15745928
   -904.20387732
   -904.16780725
   -904.15052799
   -904.15936017
   -904.16694972
   -904.14145667
   -904.15617172
   -904.17904352
   -904.16092235
   -904.13139982
   -904.16933338
   -904.17676817
   -904.15924740
   -904.17964616
   -904.17465810
   -904.14395459
   -904.15004325
   -904.14498897
   -904.12374219
   -904.18354036
   -904.16463758
   -904.18947611
   -904.15014572
   -904.15222688
   -904.15918352
   -904.12129164
   -904.11806494
   -904.15119122
   -904.18963712
   -904.18969848
   -904.13823712
   -904.16631121
   -904.16473045
   -904.15283089
   -904.18005495
   -904.14306779
   -904.17467747
   -904.16366079
   -904.17907088
   -904.14217720
   -904.18936397
   -904.18605675
   -904.18014139
   -904.16663799
   -904.18968870
   -904.15618652
   -904.16287871
   -904.10990848
   -904.18143719
   -904.16984968
   -904.17408604
   -904.18108175
   -904.16010121
   -904.17836458
   -904.18164644
   -904.19440423
   -904.17037993
   -904.17239962
   -904.18109014
   -904.12138425
   -904.18396909
   -904.17710635
   -904.17169021
   -904.12457672
   -904.17464454
   -904.18180788
   -904.15267765
   -904.12694601
   -904.12349999
   -904.16247652
   -904.13621216
   -904.14546290
   -904.14213571
   -904.19527549
   -904.19430692
   -904.19741770
   -904.18485280
   -904.15966411
   -904.17219121
   -904.13794717
   -904.17968748
   -904.20232914
   -904.17533411
   -904.18058553
   -904.17045568
   -904.16718728
   -904.15024696
   -904.16839919
   -904.17176511
   -904.17120657
   -904.13491379
   -904.13608139
   -904.18370075
   -904.14401581
   -904.16371611
   -904.19708921
   -904.17333270
   -904.12468286
   -904.18108133
   -904.17376665
   -904.14660690
   -904.15305254
   -904.12683250
   -904.21147088
   -904.16059397
   -904.15693355
   -904.12709170
   -904.16590253
   -904.09860909
   -904.18178671
   -904.14965526
   -904.18193893
   -904.17951560
   -904.15107824
   -904.16255294
   -904.19951238
   -904.17592226
   -904.19111211
   -904.19730883
   -904.13917792
   -904.15661246
   -904.15151078
   -904.11290045
   -904.16844292
   -904.17011503
   -904.15503225
   -904.19917245
   -904.15173944
   -904.04780867
   -904.17394253
   -904.15332984
   -904.18891912
   -904.14976344
   -904.15800725
   -904.16680495
   -904.17573076
   -904.16427479
   -904.20303075
   -904.15193659
   -904.13578178
   -904.15589748
   -904.14247666
   -904.16338149
   -904.18436304
   -904.16927669
   -904.15036271
   -904.16560326
   -904.15868059
   -904.14690343
   -904.17750424
   -904.15081003
   -904.12454955
   -904.14207787
   -904.13500297
   -904.19300425
   -904.14700331
   -904.17269968
   -904.14848870
   -904.17051559
   -904.18336844
   -904.17781090
   -904.18382524
   -904.16435995
   -904.15502619
   -904.12339975
   -904.16475171
   -904.12251779
   -904.16655723
   -904.19190406
   -904.12977111
   -904.15297873
   -904.17185639
   -904.09151086
   -904.20981417
   -904.16260250
   -904.14554458
   -904.16020910
   -904.16976393
   -904.18653633
   -904.16938021
   -904.14250716
   -904.15714698
   -904.12906988
   -904.17518862
   -904.16512913
   -904.18781095
   -904.17049217
   -904.19847305
   -904.14261249
   -904.19990521
   -904.14471605
   -904.16632763
   -904.13299335
   -904.18467866
   -904.17392897
   -904.16161724
   -904.16342339
   -904.13727799
   -904.17709162
   -904.17100084
   -904.13986081
   -904.17765388
   -904.18396337
   -904.15968072
   -904.15636274
   -904.17009026
   -904.16006440
   -904.17919844
   -904.14755957
   -904.16123511
   -904.12633481
   -904.17058954
   -904.17021532
   -904.14602717
   -904.15891540
   -904.16187470
   -904.15178485
   -904.15490814
   -904.14582080
   -904.16610983
   -904.11079081
   -904.13248879
   -904.16690469
   -904.17890812
   -904.17914658
   -904.09801494
   -904.19180062
   -904.15662551
   -904.18819026
   -904.15261478
   -904.17039898
   -904.10839040
   -904.16414275
   -904.14798531
   -904.15691329
   -904.14406088
   -904.17370458
   -904.17634114
   -904.14559570
   -904.11607670
   -904.19042993
   -904.18854536
   -904.18008343
   -904.16411223
   -904.15868343
   -904.17059568
   -904.16736803
   -904.14687360
   -904.18837445
   -904.15853524
   -904.18965079
   -904.15779865
   -904.16878912
   -904.18355169
   -904.17149017
   -904.18985750
   -904.15800196
   -904.12010796
   -904.14700626
   -904.17299102
   -904.15781845
   -904.14996806
   -904.17054525
   -904.19799091
   -904.11218849
   -904.16506697
   -904.10830929
   -904.18392068
   -904.18790926
   -904.15078429
   -904.16396543
   -904.18549383
   -904.16199168
   -904.17867248
   -904.17252245
   -904.13172339
   -904.18725663
   -904.17098831
   -904.15705346
   -904.18711414
   -904.14847814
   -904.14274164
   -904.16310988
   -904.19909292
   -904.19543119
   -904.15544481
   -904.16532429
   -904.19718327
   -904.18192319
   -904.19970886
   -904.17127209
   -904.16525940
   -904.16651333
   -904.17579139
   -904.18247659
   -904.15201104
   -904.13015734
   -904.17621231
   -904.16047159
   -904.17400255
   -904.19119278
   -904.14688993
   -904.15874633
   -904.16655344
   -904.09795154
   -904.17623993
   -904.14228563
   -904.14573068
   -904.17467205
   -904.17047722
   -904.13547909
   -904.16905417
   -904.17355032
   -904.14236623
   -904.17099068
   -904.15187777
   -904.18710990
   -904.18248553
   -904.15136113
   -904.15200332
   -904.17499549
   -904.13458584
   -904.18522017
   -904.19141401
   -904.16881922
   -904.18753956
   -904.17083803
   -904.17710797
   -904.19631816
   -904.16827019
   -904.17221247
   -904.16012493
   -904.15539910
   -904.20424306
   -904.15744033
   -904.17864180
   -904.17299590
   -904.17997094
   -904.19303519
   -904.14993222
   -904.14031157
   -904.18263227
   -904.14594860
   -904.16357356
   -904.15754496
   -904.15014880
   -904.14904876
   -904.18469135
   -904.18538826
   -904.10543240
   -904.13190617
   -904.12338853
   -904.16557139
   -904.18568370
   -904.18543983
   -904.16902693
   -904.18670761
   -904.17236239
   -904.13986335
   -904.11272175
   -904.15137281
   -904.14164478
   -904.16090441
   -904.14775727
   -904.17849730
   -904.16494454
   -904.16642983
   -904.17947644
   -904.19207382
   -904.18840975
   -904.16613382
   -904.19834729
   -904.17661747
   -904.16871718
   -904.18974356
   -904.15666437
   -904.13495454
   -904.14787448
   -904.20978693
   -904.14687496
   -904.15300101
   -904.17680440
   -904.13422410
   -904.14840216
   -904.16209589
   -904.17183061
   -904.17277298
   -904.18559016
   -904.15688216
   -904.19106772
   -904.16964508
   -904.18732188
   -904.14376318
   -904.17763109
   -904.13367767
   -904.16096915
   -904.17981131
   -904.17984771
   -904.15056658
   -904.16026058
   -904.19186486
   -904.18720586
   -904.15776923
   -904.10596099
   -904.14419914
   -904.16507999
   -904.13329370
   -904.09891808
   -904.17713634
   -904.11988655
   -904.17235298
   -904.19181363
   -904.17276402
   -904.16637634
   -904.19208858
   -904.14550551
   -904.15872133
   -904.16523122
   -904.16275716
   -904.17970352
   -904.14836958
   -904.19284440
   -904.17387842
   -904.17624058
   -904.19015587
   -904.15089320
   -904.15911375
   -904.15809743
   -904.19446018
   -904.05372800
   -904.07520700
   -904.15096578
   -904.20478035
   -904.14781484
   -904.17692164
   -904.16442628
   -904.12620272
   -904.16213019
   -904.17079541
   -904.15787343
   -904.18631363
   -904.20155698
   -904.15935226
   -904.13839900
   -904.19707460
   -904.11808376
   -904.17317420
   -904.16166877
   -904.21558757
   -904.17239376
   -904.20012630
   -904.05677485
   -904.17538630
   -904.15623083
   -904.14970167
   -904.15736940
   -904.15439047
   -904.20831143
   -904.15126892
   -904.14329612
   -904.18848394
   -904.17353635
   -904.17151833
   -904.17236481
   -904.14315849
   -904.15875370
   -904.18085009
   -904.17369972
   -904.18621695
   -904.13982376
   -904.16666924
   -904.18907974
   -904.15896386
   -904.17811760
   -904.17654509
   -904.17404369
   -904.16887228
   -904.17157756
   -904.16701855
   -904.18103516
   -904.16307702
   -904.12571369
   -904.12804218
   -904.18174595
   -904.16797011
   -904.14603270
   -904.18063621
   -904.14838490
   -904.18503224
   -904.18796234
   -904.17194603
   -904.11336754
   -904.16206391
   -904.10333323
   -904.12755536
   -904.18986346
   -904.17737247
   -904.17048818
   -904.14475122
   -904.17426433
   -904.16722815
   -904.17544490
   -904.09431190
   -904.15653315
   -904.15549794
   -904.16693381
   -904.11002634
   -904.14013290
   -904.18218787
   -904.14901050
   -904.17014158
   -904.17701938
   -904.17811550
   -904.17652125
   -904.16844825
   -904.17471941
   -904.18561183
   -904.16387994
   -904.18406585
   -904.15673953
   -904.18960339
   -904.17653549
   -904.17425543
   -904.11478917
   -904.15238344
   -904.15537689
   -904.09822732
   -904.15470387
   -904.17480997
   -904.17946851
   -904.17821090
   -904.17745753
   -904.10632186
   -904.18296752
   -904.13246942
   -904.17885786
   -904.15402720
   -904.17951167
   -904.18331522
   -904.14872274
   -904.18300970
   -904.16271378
   -904.15116854
   -904.14724359
   -904.16707307
   -904.15775754
   -904.15174688
   -904.17191778
   -904.09266031
   -904.17284865
   -904.17794509
   -904.16346591
   -904.20396489
   -904.10943669
   -904.15689409
   -904.18297368
   -904.13654481
   -904.16773644
   -904.17488217
   -904.13921153
   -904.16220132
   -904.15610488
   -904.16101740
   -904.19373827
   -904.16385439
   -904.12821291
   -904.16256513
   -904.19615912
   -904.15029129
   -904.16179589
   -904.15956083
   -904.16943811
   -904.10941291
   -904.15159609
   -904.15708769
   -904.14325680
   -904.10457883
   -904.15722227
   -904.15588943
   -904.16358809
   -904.17340892
   -904.16161769
   -904.17723732
   -904.17361230
   -904.06897467
   -904.16316018
   -904.19121446
   -904.17922137
   -904.15828835
   -904.16615361
   -904.14147635
   -904.13680163
   -904.16892688
   -904.18241639
   -904.18232925
   -904.17822727
   -904.08704693
   -904.14104812
   -904.17262302
   -904.15140360
   -904.17237473
   -904.16547332
   -904.15406258
   -904.13775792
   -904.18943709
   -904.15213087
   -904.19356501
   -904.17899295
   -904.18003398
   -904.17717071
   -904.12566842
   -904.17454518
   -904.16271397
   -904.14693925
   -904.14867822
   -904.16198574
   -904.17805721
   -904.15844506
   -904.19562512
   -904.17038498
   -904.16397447
   -904.15441399
   -904.15091285
   -904.18231906
   -904.19287038
   -904.16969412
   -904.18468614
   -904.14212613
   -904.14348484
   -904.17844935
   -904.14499924
   -904.19404632
   -904.14891889
   -904.18961722
   -904.16784611
   -904.13795436
   -904.14018274
   -904.15751338
   -904.15542104
   -904.14842660
   -904.20585702
   -904.13335692
   -904.12867890
   -904.15822704
   -904.15905557
   -904.15694883
   -904.16049558
   -904.16340175
   -904.15100982
   -904.12981339
   -904.13745563
   -904.14673327
   -904.15000449
   -904.17548721
   -904.18843173
   -904.18547529
   -904.12957095
   -904.14828682
   -904.19940867
   -904.14289349
   -904.13539610
   -904.18460951
   -904.18833405
   -904.13791740
   -904.13562794
   -904.18750895
   -904.16052206
   -904.17168660
   -904.17717686
   -904.16038758
   -904.18063739
   -904.15079825
   -904.17441101
   -904.18518961
   -904.15051346
   -904.18415752
   -904.18237501
   -904.17397993
   -904.18317456
   -904.14877283
   -904.16400299
   -904.12486492
