% The following energies apply to conformations described by the topology 
% R54.top.  Structures are given in trajectory coords.cdf, count: 2550.

% Item 0:
%   Energy -> orca_structures/coor*/Conf*.out
   -804.95284042
   -804.96297747
   -804.96715033
   -804.96192976
   -804.96773769
   -804.95337070
   -804.98085035
   -804.97422595
   -804.94691748
   -804.87845707
   -804.95170705
   -804.97838057
   -804.92759659
   -804.95380390
   -804.93937236
   -804.94900287
   -804.96448572
   -804.99333902
   -804.95103774
   -804.97242286
   -804.96891116
   -804.96477543
   -804.97542213
   -804.98041508
   -804.96829118
   -804.89623238
   -804.96680695
   -804.94004913
   -804.96362203
   -804.94420099
   -804.98311338
   -804.96686828
   -804.96821214
   -804.98743618
   -804.97440061
   -804.98283387
   -804.95089808
   -804.93333065
   -804.96782318
   -804.95922647
   -804.95671481
   -804.93142134
   -804.99767798
   -804.95096468
   -804.95060874
   -804.95397136
   -804.98064247
   -804.96910266
   -804.94085149
   -804.95151060
   -804.96122948
   -804.94975548
   -804.94616267
   -804.98504679
   -804.93348524
   -804.93083436
   -804.89995135
   -804.96542008
   -804.96050212
   -804.95507699
   -804.98356008
   -804.96966839
   -804.94843103
   -804.96590932
   -804.95923977
   -804.97123882
   -804.93647008
   -804.96218274
   -804.95163341
   -804.96174227
   -804.96511817
   -804.95119075
   -804.94587076
   -804.97711899
   -804.98727762
   -804.97288348
   -804.95365442
   -804.95800743
   -804.95461680
   -804.95149607
   -804.96653072
   -804.95994572
   -804.95265853
   -804.95255450
   -804.96391667
   -804.95552608
   -804.95249090
   -804.96675187
   -804.95161956
   -804.96502604
   -804.96581834
   -804.96701420
   -804.95855621
   -804.98133572
   -804.95913766
   -804.95517458
   -804.96188311
   -804.95044618
   -804.99152025
   -804.94794621
   -804.97774755
   -804.97664919
   -804.95093481
   -804.98193622
   -804.93466499
   -804.95656496
   -804.96950970
   -804.93395795
   -804.97183031
   -804.97359955
   -804.94471062
   -804.94180467
   -804.91723628
   -804.93710549
   -804.95441632
   -804.97148016
   -804.94666365
   -804.97018954
   -804.94062210
   -804.94039372
   -804.98257086
   -804.95823349
   -804.97428565
   -804.95545294
   -804.97592242
   -804.94563217
   -804.94869681
   -804.94979416
   -804.97051121
   -804.96930697
   -804.95364601
   -804.94098216
   -804.97673053
   -804.91700652
   -804.95928159
   -804.95835913
   -804.94042736
   -804.97320627
   -804.94544354
   -804.97181127
   -804.97314917
   -804.96993181
   -804.98413966
   -804.97005458
   -804.90326815
   -804.95440882
   -804.95827406
   -804.97862214
   -804.93862329
   -804.97123815
   -804.96937144
   -804.97997759
   -804.94904377
   -804.96457652
   -804.91142660
   -804.95115398
   -804.95437612
   -804.94168986
   -804.99857885
   -804.96559933
   -804.92158300
   -804.96413677
   -804.98647395
   -804.95118557
   -804.97943799
   -804.98060627
   -804.96548978
   -804.94914502
   -804.94310116
   -804.95022495
   -804.94420121
   -804.96715323
   -804.97740477
   -804.95749058
   -804.95745521
   -804.89661332
   -804.94757636
   -804.95955305
   -804.94589711
   -804.95843725
   -804.97991028
   -804.94289839
   -804.99394856
   -804.95573013
   -804.98058171
   -804.92010873
   -804.94104961
   -804.94108465
   -804.93781490
   -804.96380685
   -804.94265050
   -804.95764563
   -804.95967664
   -804.98696715
   -804.91246624
   -804.96581256
   -804.95994973
   -804.94696261
   -804.90643109
   -804.96439681
   -804.91648679
   -804.97494654
   -804.99074459
   -804.97729727
   -804.95940567
   -804.95644085
   -804.95629124
   -804.96693970
   -804.96450821
   -804.95039430
   -804.96906729
   -804.91624066
   -804.99666216
   -804.95650158
   -804.97386222
   -804.98875699
   -804.94008250
   -804.96333155
   -804.96117442
   -804.95222625
   -804.91698699
   -804.94690088
   -804.94847801
   -804.96899234
   -804.95616684
   -804.97803421
   -804.97706678
   -804.97464243
   -804.96959072
   -804.94819933
   -804.96379287
   -804.94526265
   -804.96882107
   -804.95123793
   -804.94166683
   -804.95931288
   -804.96401075
   -804.98800427
   -804.95608695
   -804.97563156
   -804.95427316
   -804.95250950
   -804.96608359
   -805.00080140
   -804.95827291
   -804.90524560
   -804.94384236
   -804.92503671
   -804.94000070
   -804.96904257
   -804.95081225
   -804.93824855
   -804.96227148
   -804.92624196
   -804.94535963
   -804.97454596
   -804.95664568
   -804.97115095
   -804.92770123
   -804.98225031
   -804.96055664
   -804.97754501
   -804.99149400
   -804.97763104
   -804.90322577
   -804.92932998
   -804.95555353
   -804.95169344
   -804.94958458
   -804.98247006
   -804.98483161
   -804.96579102
   -804.97099098
   -804.97011514
   -804.98254958
   -804.95545221
   -804.96774710
   -804.93192140
   -804.95483179
   -804.93859514
   -804.94029411
   -804.96451724
   -804.92514650
   -804.95427614
   -804.94507191
   -804.96124546
   -804.97770502
   -804.96082136
   -804.97216078
   -804.96252727
   -804.96828756
   -804.91551989
   -804.97206380
   -804.97863518
   -804.97389349
   -804.94261854
   -804.95437180
   -804.96666530
   -804.95840737
   -804.95810276
   -804.97705258
   -804.95592383
   -804.95003206
   -804.96482840
   -804.93763296
   -804.98626834
   -804.95263328
   -804.96335129
   -804.96575790
   -804.97689741
   -804.96083214
   -804.94263485
   -804.95510105
   -804.98025776
   -804.96689506
   -804.96694554
   -804.96413410
   -804.96111705
   -804.96927916
   -804.97053398
   -805.00596244
   -804.96967492
   -804.98474355
   -804.96457255
   -804.97930551
   -804.97460730
   -804.97287106
   -804.96097956
   -804.95932594
   -804.96165600
   -804.97631493
   -804.96805652
   -804.96215280
   -804.95531949
   -804.95512502
   -804.98352735
   -804.98207012
   -804.95991251
   -804.95675901
   -804.98211328
   -804.97434552
   -804.94957130
   -804.97148600
   -804.97050771
   -804.96009484
   -804.98084093
   -804.96863694
   -804.95144618
   -804.96393548
   -804.91944179
   -804.98254449
   -804.97420442
   -804.96507425
   -804.96117348
   -804.92406976
   -804.97231532
   -804.90872960
   -804.96489046
   -804.98190966
   -804.98840166
   -804.95777277
   -804.95868959
   -804.95572234
   -804.98253620
   -804.98967652
   -804.88389587
   -804.95284381
   -804.93287848
   -804.98306651
   -805.00988809
   -804.98493970
   -804.95597667
   -804.97095205
   -804.96544440
   -804.92624150
   -805.00101427
   -804.96755033
   -804.96141154
   -804.97417304
   -804.97057235
   -804.85462954
   -804.97093788
   -804.94456934
   -804.99132836
   -804.96484269
   -804.99472267
   -804.96974339
   -804.94793238
   -804.87864100
   -804.96188706
   -804.96782967
   -804.87459773
   -804.94261572
   -804.96870570
   -804.94597273
   -804.91661058
   -804.97456858
   -804.95292779
   -804.96297834
   -804.97706026
   -804.96693438
   -804.89984612
   -804.95895829
   -804.96223267
   -804.98385896
   -804.95750569
   -804.93992867
   -804.97782118
   -804.97343859
   -804.94189347
   -804.98176838
   -804.98789550
   -804.99814491
   -804.90291338
   -804.96912329
   -804.97941263
   -804.94622142
   -804.94563417
   -804.98212768
   -804.94519814
   -804.99138680
   -804.96274459
   -804.95963920
   -804.97813151
   -804.94490985
   -804.92677267
   -804.95493483
   -804.97881506
   -804.94520972
   -804.95921753
   -804.94190841
   -804.98402551
   -804.96119660
   -804.97860376
   -804.92182158
   -804.96550601
   -804.94969882
   -804.97323154
   -804.96573183
   -804.95006811
   -804.96905093
   -804.98134505
   -804.97595718
   -804.93547900
   -804.96337547
   -804.95262374
   -804.95401207
   -804.98715353
   -804.95827678
   -804.96422210
   -804.96323873
   -804.94984629
   -804.95964683
   -804.98893717
   -804.91353767
   -804.95728784
   -804.95750167
   -804.95764208
   -804.95934684
   -804.97884101
   -804.94546889
   -804.93628150
   -804.94352741
   -804.95393679
   -804.98353793
   -804.96701959
   -804.94853457
   -804.97326252
   -804.94009280
   -804.98370558
   -804.98009437
   -804.96417867
   -804.93813785
   -804.96834269
   -804.93760105
   -804.95970841
   -804.96919531
   -804.95266309
   -804.98851862
   -804.96692004
   -804.96784701
   -804.94944540
   -804.95250555
   -804.95371430
   -804.97629833
   -804.94076679
   -804.96830807
   -804.96529449
   -804.90443044
   -804.97271603
   -804.96413541
   -804.94761011
   -804.95487342
   -804.89873808
   -804.96980860
   -804.95915715
   -804.97236508
   -804.93656070
   -804.96732724
   -804.96330823
   -804.93554424
   -804.94877510
   -804.95190596
   -804.96693450
   -804.95732492
   -804.93974460
   -804.96463233
   -804.96319435
   -804.97729362
   -804.94720441
   -804.96356782
   -804.97311990
   -804.94457317
   -804.98189007
   -804.93910130
   -804.94135145
   -804.95133501
   -804.94363556
   -804.90363554
   -804.96465113
   -804.97736213
   -804.92509161
   -804.97797535
   -804.97542047
   -804.94207730
   -804.97782789
   -804.96879768
   -804.96767121
   -804.97213051
   -804.95920470
   -804.97066029
   -804.98050965
   -804.98917976
   -804.95241254
   -804.95266707
   -804.97333582
   -804.94543371
   -804.93373383
   -804.94340469
   -804.92247925
   -804.94887141
   -804.97725185
   -804.92447720
   -804.98359320
   -804.94892496
   -804.97051975
   -804.96527469
   -804.96487754
   -804.96683082
   -804.94303588
   -804.94219883
   -804.96527009
   -804.96251763
   -804.97602824
   -804.94669248
   -804.92463210
   -804.95314108
   -804.96059396
   -804.93597939
   -804.96411836
   -804.96394258
   -804.95791675
   -804.94178513
   -804.92497277
   -804.94170424
   -804.91785552
   -804.92634244
   -804.92873353
   -804.88430744
   -804.92084780
   -804.98013580
   -804.99366556
   -804.94867157
   -804.97872746
   -804.90838645
   -804.97527383
   -804.97041196
   -804.94010042
   -804.97804942
   -804.98569299
   -804.92774007
   -804.98047592
   -804.95544940
   -804.94551628
   -804.96741562
   -804.91454722
   -804.94584524
   -804.96242122
   -804.97635022
   -804.99732398
   -804.95961333
   -804.98429089
   -804.96061541
   -804.95686651
   -804.95464160
   -805.00527522
   -804.98584695
   -804.95196878
   -804.99580116
   -804.98435626
   -804.98036573
   -804.95339380
   -804.92268051
   -804.97818815
   -804.92396097
   -804.96695292
   -804.97599769
   -804.94428498
   -804.94158332
   -804.96605362
   -804.96712718
   -804.98367968
   -804.98078467
   -804.94317235
   -804.97624265
   -804.96158092
   -804.92461225
   -804.93851814
   -804.99098835
   -804.95199235
   -804.95542024
   -804.95829425
   -804.96945935
   -804.95661242
   -804.97845502
   -804.97520696
   -804.94778364
   -804.94442468
   -804.92861640
   -804.94882484
   -804.97036965
   -804.92409395
   -804.97836764
   -804.96608671
   -804.97863952
   -804.87636090
   -804.98370953
   -804.91208465
   -804.95398664
   -804.92928121
   -804.97237408
   -804.86439012
   -804.94832394
   -804.96460661
   -804.98159172
   -804.98446997
   -804.98922790
   -804.98547288
   -804.96170166
   -804.98307936
   -804.95972911
   -804.97775980
   -804.98662288
   -804.99767176
   -804.96120533
   -804.93656784
   -804.93410220
   -804.87478119
   -804.96610317
   -804.96446360
   -804.95590715
   -804.95898872
   -804.97157588
   -804.97157384
   -804.97226857
   -804.95559666
   -804.99826813
   -804.96075917
   -804.98739821
   -804.98452333
   -804.95649443
   -804.96696452
   -804.96530610
   -804.96596729
   -804.97808678
   -804.95661625
   -804.96917421
   -804.97672313
   -804.94159165
   -804.93327550
   -804.98976804
   -804.93987242
   -804.97314212
   -804.95763735
   -804.93447743
   -804.92832371
   -804.96136724
   -804.95159743
   -804.95298703
   -804.98779870
   -804.92376528
   -804.98470744
   -804.96466831
   -804.96759180
   -804.88364141
   -804.93856147
   -804.96028816
   -804.97100525
   -804.94304630
   -804.97082109
   -804.97884349
   -804.91332558
   -804.87469062
   -804.98122203
   -804.96221753
   -804.96683679
   -804.94514099
   -804.94883714
   -804.97592091
   -804.93970635
   -804.96955114
   -804.88330834
   -804.96092036
   -804.95613864
   -804.95922040
   -804.96045590
   -804.97818770
   -804.97275251
   -804.95201301
   -804.94041181
   -804.95257899
   -804.99367458
   -804.93234596
   -804.96682306
   -804.94335665
   -804.94551860
   -804.96160748
   -804.95368091
   -804.93653707
   -804.96790000
   -804.96046821
   -804.95371387
   -804.96525747
   -804.95252279
   -804.95552171
   -804.95869446
   -804.95433380
   -804.94361150
   -804.97649568
   -804.94147578
   -804.97593902
   -804.98673396
   -804.91778542
   -804.98388176
   -804.96830247
   -804.94726728
   -804.96403055
   -804.86018256
   -804.95516679
   -804.96130505
   -804.97287538
   -804.96495709
   -804.97549347
   -804.95676731
   -804.98158621
   -804.97528654
   -804.97328740
   -804.94357588
   -804.98421702
   -804.95414647
   -804.95464733
   -804.97552999
   -804.95965010
   -804.95525579
   -804.97064310
   -804.98448951
   -804.98563952
   -804.96377138
   -804.97545767
   -804.96166762
   -804.96424195
   -804.95847216
   -804.96483444
   -804.96045249
   -804.95899778
   -804.99101424
   -804.94065321
   -804.95173909
   -804.97040136
   -804.93523451
   -804.97449410
   -804.96133938
   -804.95092203
   -804.94833713
   -804.94689814
   -804.97706422
   -804.97885741
   -804.95920591
   -804.97880529
   -804.95216940
   -804.96343618
   -804.94272154
   -804.89131816
   -804.98238397
   -804.95147839
   -804.93337770
   -804.95510022
   -804.95784584
   -804.96641561
   -804.92258476
   -804.98799913
   -804.96794680
   -804.97453450
   -804.94200897
   -804.97006233
   -804.90213397
   -804.94434753
   -804.97456001
   -804.95651263
   -804.98625444
   -804.97346710
   -804.95669685
   -804.93063825
   -804.98289295
   -804.95866860
   -804.98465396
   -804.98023309
   -804.98883281
   -804.95825511
   -804.98588854
   -804.96440987
   -804.95317125
   -804.97413769
   -804.96006559
   -804.95952088
   -804.95845030
   -804.94727971
   -804.97183988
   -804.98222415
   -804.90318437
   -804.95779487
   -804.90154261
   -804.92073695
   -804.96295137
   -804.96484707
   -804.96943547
   -804.95790751
   -804.97737781
   -804.95020355
   -804.92300602
   -804.94831330
   -804.99937698
   -804.91474051
   -804.98335413
   -804.96935924
   -804.92130808
   -804.97044886
   -804.92917301
   -804.95278199
   -804.98229335
   -804.95562963
   -804.98090935
   -804.95029712
   -804.94383947
   -804.96252824
   -804.94874254
   -804.96322948
   -804.97333152
   -804.95300489
   -804.94621761
   -804.95922069
   -804.96732771
   -804.95990751
   -804.97092290
   -804.93611274
   -804.99130562
   -804.98576385
   -804.96026660
   -804.95114580
   -804.94818737
   -804.95642069
   -804.96440657
   -804.95753007
   -804.93693245
   -804.96718737
   -804.95411222
   -804.95017641
   -804.97857820
   -804.96892573
   -804.97625676
   -804.96465948
   -804.95594406
   -804.96594196
   -804.97264568
   -804.96501296
   -804.92959770
   -804.92596161
   -804.96019237
   -804.98604398
   -804.94555687
   -804.98924944
   -804.94750082
   -804.96920745
   -804.96154100
   -804.98709341
   -804.97335414
   -804.95345171
   -804.96627910
   -804.94318172
   -804.96993982
   -804.97454111
   -804.95597427
   -804.98036438
   -804.96583687
   -804.96268173
   -804.97425608
   -804.97058583
   -804.97732820
   -804.95410230
   -804.94314477
   -804.97475118
   -804.94170388
   -804.96196001
   -804.97840732
   -804.88825523
   -804.96623150
   -804.96334783
   -804.97215020
   -804.96139071
   -804.93313321
   -804.98984659
   -804.95564598
   -804.94513687
   -804.91629210
   -804.97429534
   -804.95045532
   -804.97111672
   -804.95511835
   -804.98047958
   -804.94315252
   -804.98136001
   -804.97306367
   -804.98959726
   -804.96235082
   -805.00720046
   -804.97117581
   -804.98234680
   -804.94678862
   -804.93948861
   -804.94485673
   -804.97059685
   -804.99081332
   -805.00133492
   -804.93254621
   -804.94808689
   -804.90589102
   -804.98353267
   -804.95723202
   -804.96744302
   -804.97848521
   -804.91600592
   -804.95254152
   -804.94014099
   -804.93551521
   -805.00641609
   -804.97018024
   -804.97472639
   -804.98609531
   -804.99374705
   -804.97038703
   -804.96006254
   -804.95991470
   -804.94133615
   -804.97707012
   -804.95750677
   -804.98848630
   -804.98831656
   -804.95807911
   -804.91562654
   -804.96526945
   -804.96421006
   -805.00002969
   -804.85957935
   -804.93640435
   -804.95790991
   -804.97169660
   -804.98785502
   -804.95867733
   -804.94262935
   -804.95479299
   -804.98043101
   -804.97175236
   -804.96925750
   -804.92234493
   -804.97265164
   -804.95385610
   -804.99057765
   -804.96749287
   -804.95222625
   -804.96947629
   -804.95468818
   -804.95416401
   -804.89569334
   -804.96150255
   -804.94765892
   -804.98634496
   -804.90531019
   -804.93499766
   -804.93933194
   -804.91895258
   -804.96476752
   -804.93951674
   -804.94893725
   -804.96027092
   -804.96080454
   -804.95169425
   -804.97587863
   -804.97377695
   -804.96684494
   -804.97057910
   -804.95851165
   -804.99604608
   -804.93792102
   -804.97859551
   -804.97802569
   -804.95302596
   -804.94391727
   -804.96175898
   -804.95825229
   -804.94037661
   -804.96552432
   -804.95363003
   -804.95579304
   -804.94327044
   -804.96316694
   -804.97577802
   -804.92461836
   -804.97609127
   -804.95853779
   -804.98863136
   -804.91687848
   -804.92840901
   -804.97274722
   -804.94912023
   -804.92813277
   -804.96102149
   -804.95776081
   -804.96339806
   -804.94797074
   -804.95229070
   -804.94165485
   -804.95405897
   -804.93543590
   -804.93315781
   -804.96109360
   -804.93077658
   -804.95576522
   -804.95274805
   -804.96721577
   -804.96654203
   -804.95127217
   -804.95057878
   -804.98865346
   -804.94522124
   -804.91497480
   -804.96624373
   -804.96666577
   -804.93528271
   -804.98100542
   -804.98256821
   -804.97823277
   -804.99429630
   -804.94441541
   -804.95218426
   -804.95269614
   -804.91781717
   -804.98624422
   -804.93661046
   -804.94235355
   -804.93970698
   -804.99490650
   -804.94387387
   -804.97056615
   -804.99485636
   -804.95179983
   -804.95068269
   -804.94539472
   -804.97550376
   -804.95848684
   -804.97364034
   -804.90547763
   -804.93197554
   -804.96290432
   -804.94998019
   -804.98332003
   -804.95988797
   -804.97336344
   -804.95670919
   -804.96106052
   -804.94906398
   -804.96352677
   -804.96552145
   -804.96424666
   -804.96789013
   -804.98178531
   -804.97373112
   -804.97323211
   -804.91589413
   -804.96188211
   -804.95892240
   -804.95339189
   -804.97123869
   -804.96589417
   -804.93640095
   -804.96153231
   -804.96639802
   -804.98549499
   -804.99327219
   -804.94821040
   -804.94664555
   -804.93749284
   -804.94885093
   -804.96872263
   -804.97347225
   -804.94979644
   -804.97166678
   -804.92878075
   -804.95835082
   -804.96271813
   -804.99412778
   -804.91147589
   -804.99086124
   -804.94765864
   -804.95430775
   -804.95145083
   -804.96215560
   -804.95661915
   -804.97341378
   -804.97131749
   -804.93422253
   -804.94689950
   -804.94855019
   -804.97649474
   -804.92763453
   -804.96180839
   -804.96000944
   -804.95895628
   -804.96494781
   -804.95507525
   -804.97553178
   -804.95107748
   -804.98203860
   -804.97813479
   -804.98018185
   -804.95919003
   -804.98928961
   -804.96655432
   -804.97950802
   -804.87332150
   -804.97692509
   -804.95331876
   -804.97060276
   -804.92909030
   -804.96025584
   -804.96174800
   -804.97416677
   -804.92164892
   -804.96141059
   -804.99373648
   -804.95593359
   -804.95446139
   -804.93135410
   -804.92779505
   -804.96027825
   -804.94307763
   -804.97156970
   -804.99736676
   -804.98191338
   -804.95735182
   -804.95783456
   -804.89300392
   -804.96547735
   -804.97836062
   -804.96303679
   -804.95771267
   -804.98128816
   -804.97488848
   -804.96184547
   -804.96579254
   -804.99039259
   -804.91790342
   -804.97060034
   -804.91988174
   -804.96674308
   -804.96068686
   -804.95001282
   -804.94361191
   -804.94579623
   -804.94992502
   -804.97463694
   -804.93114306
   -804.96276825
   -804.94632812
   -804.97118822
   -804.95542977
   -804.97518970
   -804.98855379
   -804.99319023
   -804.96849568
   -804.97195873
   -804.94483606
   -804.96846445
   -804.97558926
   -804.97195507
   -804.93370558
   -804.98361351
   -804.94417154
   -804.97575901
   -804.95660699
   -804.96623238
   -804.97840290
   -804.97200928
   -804.95014179
   -804.97861758
   -804.91823524
   -804.92634671
   -804.97916329
   -804.95852750
   -804.94834687
   -804.92706456
   -804.97577908
   -804.95638736
   -804.97040854
   -804.97115073
   -804.94451152
   -804.95486562
   -804.88423886
   -804.97095905
   -804.96783501
   -804.96526389
   -804.94269887
   -804.97352371
   -804.97137712
   -804.97433099
   -804.92730093
   -804.96177425
   -804.96512776
   -804.95703625
   -804.95572757
   -804.93658298
   -804.96120308
   -804.94964123
   -804.96596625
   -804.96763515
   -804.95759605
   -804.95613721
   -804.95754865
   -804.96176662
   -804.89462424
   -804.96086758
   -804.95013265
   -804.93393419
   -804.96196993
   -804.96381975
   -804.96566373
   -804.94841119
   -804.92621917
   -804.96546685
   -804.94009641
   -804.95468447
   -804.92981420
   -804.92230282
   -804.97145307
   -804.94821003
   -804.85525858
   -804.98080190
   -804.95302858
   -804.92047326
   -804.88368105
   -804.95958661
   -804.95997361
   -804.97062392
   -804.95068862
   -804.92969592
   -804.96319388
   -804.97282156
   -804.97578027
   -804.96069052
   -804.95241791
   -804.97352621
   -804.94822292
   -804.96059064
   -804.96590126
   -804.94538345
   -804.94862969
   -804.97505921
   -804.92818572
   -804.97971463
   -804.97987048
   -804.95675009
   -804.97248707
   -804.94822843
   -804.93495025
   -804.96358287
   -804.95651194
   -804.93698610
   -804.94627075
   -804.95478333
   -804.96945868
   -804.96709114
   -804.96398773
   -804.96133582
   -804.93150481
   -804.95885504
   -804.97682310
   -804.94414984
   -804.95456691
   -804.95273319
   -804.96673914
   -804.92466574
   -804.94456625
   -804.95535265
   -804.97632368
   -804.94472690
   -804.93951752
   -804.87369779
   -804.95822194
   -804.94485992
   -804.88609854
   -804.96630509
   -804.98098803
   -804.96044985
   -804.96893107
   -804.96970916
   -804.99470173
   -804.96725344
   -804.93691519
   -804.94266524
   -804.96103355
   -804.92865954
   -804.97949698
   -804.95918951
   -804.95920867
   -804.94743720
   -804.96749583
   -804.95637479
   -804.96193439
   -804.98591657
   -804.96900307
   -804.96476336
   -804.87551728
   -804.95604319
   -804.96718253
   -804.96342677
   -804.93078505
   -804.95248568
   -804.89677980
   -804.96135905
   -804.95815161
   -804.93403203
   -804.96471508
   -804.96481554
   -804.97913199
   -804.94068693
   -804.97090780
   -804.92244545
   -804.96021762
   -804.98229611
   -804.95667181
   -804.99918744
   -804.96439072
   -804.95534503
   -804.97677970
   -804.92002402
   -804.96549811
   -804.92974812
   -804.94627767
   -804.97089787
   -804.96033678
   -804.93239167
   -804.97615302
   -804.98702232
   -804.98023709
   -804.96737153
   -804.97162080
   -804.97198174
   -804.97773668
   -804.99178005
   -804.92888896
   -804.94035803
   -804.88093775
   -804.95589211
   -804.97799026
   -804.95823716
   -804.88660564
   -804.94643883
   -804.96953395
   -804.96977934
   -804.95955752
   -804.99555983
   -804.97539304
   -804.96045677
   -804.93296894
   -804.95764142
   -804.94481868
   -804.97596530
   -804.96386498
   -804.96574512
   -804.97056466
   -804.94543742
   -804.96422996
   -804.91795385
   -804.94077039
   -804.94879216
   -804.94007973
   -804.91011860
   -804.95520318
   -804.97720458
   -804.94292370
   -804.97414807
   -804.97491908
   -804.95695442
   -804.97753931
   -804.93508227
   -804.95847848
   -804.96433376
   -804.98921793
   -804.94422825
   -804.95462250
   -804.97459500
   -804.95819502
   -804.97671609
   -804.93203529
   -804.94977795
   -804.95458214
   -804.95031726
   -804.93949243
   -804.96615030
   -804.96542035
   -804.94539250
   -804.92853772
   -804.96478310
   -804.94569168
   -804.92181531
   -804.94819824
   -804.99071945
   -804.94011287
   -804.97418176
   -804.95541564
   -804.96268051
   -804.98054114
   -804.96855473
   -804.97313237
   -804.97235250
   -804.94937320
   -804.94724598
   -804.95337148
   -804.91408644
   -804.92399505
   -804.97773567
   -804.93425864
   -804.95318278
   -804.96920460
   -804.93209566
   -804.95450321
   -804.96200810
   -804.98771384
   -804.95944613
   -804.96952534
   -804.92616332
   -804.94427532
   -804.99759161
   -804.96552196
   -804.93205060
   -804.96418546
   -804.99325388
   -804.95957476
   -804.97413904
   -804.97494908
   -804.94418882
   -804.96164276
   -804.90224994
   -804.92343829
   -804.95791948
   -804.95148953
   -804.91547935
   -804.99010312
   -804.98676077
   -804.99187551
   -804.98426588
   -804.95633885
   -804.97356167
   -804.98851589
   -804.96101666
   -804.92616957
   -804.96274937
   -804.95881129
   -804.89849605
   -804.95962534
   -804.96837450
   -804.93970759
   -804.95866815
   -804.91735093
   -804.95576577
   -804.98185814
   -804.96426107
   -804.95001616
   -804.96765027
   -804.98227643
   -804.98183856
   -804.98798631
   -805.00032377
   -804.92790131
   -804.95870367
   -804.93450145
   -804.97023937
   -804.94243886
   -804.95574829
   -804.96207064
   -804.95456740
   -804.96779555
   -804.94789796
   -804.98028764
   -804.95887487
   -804.97643858
   -804.93767300
   -804.95237520
   -804.98247005
   -804.96774671
   -804.96598017
   -804.93849058
   -804.97768681
   -804.98388086
   -804.97034431
   -804.93702100
   -804.97958251
   -804.97973860
   -804.95891199
   -804.97465303
   -804.98431977
   -804.99305675
   -804.95792644
   -804.95532523
   -804.95840405
   -804.96808127
   -804.87255744
   -804.90119511
   -804.95719316
   -804.92327535
   -804.95604123
   -804.95129004
   -804.97704305
   -804.98684532
   -804.98475224
   -804.95364576
   -804.96001670
   -804.97681709
   -804.89935642
   -804.95682875
   -804.97592983
   -804.94787586
   -804.94939597
   -804.90629030
   -804.96947700
   -804.96874417
   -804.96859460
   -804.94993460
   -804.97457822
   -804.99092522
   -804.94619473
   -804.95477552
   -804.97679911
   -804.96702186
   -804.96597302
   -804.97051737
   -804.96417773
   -804.95140087
   -804.94711168
   -804.99244702
   -804.96938748
   -804.97871668
   -804.97018881
   -804.98146045
   -804.97407192
   -804.97343444
   -804.96977760
   -804.95405495
   -804.96746268
   -804.92770823
   -804.96421715
   -804.98558988
   -804.97555260
   -804.97765117
   -804.94221852
   -804.95247066
   -804.93005441
   -804.95652677
   -804.96849254
   -804.94595402
   -804.89671625
   -804.94943615
   -804.93054692
   -804.97577023
   -804.97699484
   -804.96845540
   -804.96006142
   -804.96831377
   -804.95007576
   -804.95624996
   -804.97503912
   -804.98108224
   -804.97754931
   -804.99944674
   -804.93451083
   -804.96365359
   -804.97133963
   -804.97995462
   -804.95156318
   -804.89496904
   -804.95219877
   -804.96863493
   -804.93757654
   -804.96858327
   -804.99159164
   -804.98150541
   -804.93909122
   -804.94413648
   -804.94737152
   -804.98241553
   -804.97266654
   -804.93725182
   -804.91960310
   -804.93959295
   -804.97108816
   -804.98923595
   -804.95364479
   -804.94437259
   -804.96770223
   -804.95375563
   -804.96156848
   -804.98067592
   -804.97714814
   -804.93608943
   -804.95957007
   -804.97061346
   -804.94551677
   -804.95921364
   -804.98029454
   -804.94987986
   -804.97309148
   -804.95544497
   -804.94857046
   -804.91365375
   -804.92429060
   -804.92288643
   -804.95156908
   -804.95070697
   -804.90038289
   -804.96249234
   -804.95338808
   -804.95881605
   -804.95205834
   -804.95981149
   -804.96663770
   -804.93858297
   -804.96628060
   -804.97194744
   -804.94000797
   -804.95851476
   -804.93715187
   -804.96620920
   -804.93971405
   -804.97066032
   -804.95480760
   -804.96654437
   -804.93904839
   -804.95624054
   -804.99072298
   -804.94556425
   -804.94606362
   -804.97397171
   -804.97000641
   -804.94595707
   -804.97214530
   -804.95546543
   -804.96877881
   -804.94337781
   -804.96974483
   -804.95643489
   -804.95924668
   -804.95407441
   -804.99477071
   -804.98201290
   -804.93497261
   -804.96661801
   -804.96428291
   -804.98193929
   -804.94616025
   -804.97626950
   -804.95729540
   -804.95945355
   -804.96137196
   -804.98921997
   -805.00175278
   -804.95691805
   -804.97255306
   -804.97827726
   -804.91309489
   -804.98747845
   -804.96835526
   -804.97984200
   -804.97238445
   -804.94612184
   -804.96218495
   -804.96844732
   -804.96423654
   -804.97629414
   -804.96036152
   -804.97886191
   -804.95158540
   -804.97275983
   -804.97895417
   -804.95773915
   -804.94831710
   -804.94269874
   -804.94609086
   -804.96599286
   -804.92941328
   -804.97048620
   -804.95705707
   -804.98555645
   -804.96429717
   -804.96797971
   -804.97618436
   -804.95105985
   -804.99268486
   -804.94592186
   -804.98007247
   -804.99798772
   -804.95957946
   -804.97958614
   -804.99017864
   -804.95727034
   -804.98355062
   -804.97369071
   -804.95440646
   -804.97910274
   -804.96866626
   -804.97628734
   -804.97198306
   -804.93199331
   -804.95393186
   -804.97374316
   -804.93806019
   -804.96041987
   -804.91089691
   -804.96192706
   -804.94609044
   -804.96114520
   -804.98594795
   -804.96159464
   -804.94999737
   -804.92257530
   -804.91084557
   -804.95720083
   -804.94914977
   -804.98336607
   -804.94828820
   -804.97414548
   -804.96484231
   -804.98893590
   -804.99258651
   -804.97757462
   -804.96725728
   -804.97860797
   -804.97811888
   -804.95268325
   -804.97016292
   -804.98167578
   -804.96327270
   -804.98522683
   -804.93575424
   -804.91354671
   -804.97344890
   -804.96519469
   -804.96726576
   -804.95503462
   -804.92476293
   -804.96137783
   -804.95317531
   -804.95783011
   -804.92539101
   -804.95681753
   -804.94871609
   -804.97011849
   -804.96354764
   -804.90052904
   -804.97254676
   -804.94181309
   -804.95641711
   -804.96820368
   -804.93012391
   -804.94852632
   -804.95126190
   -804.97127455
   -804.97689812
   -804.96700619
   -804.96008211
   -804.95652596
   -804.97518257
   -804.93751144
   -804.97581244
   -805.00073019
   -804.95294977
   -804.96556304
   -804.95586880
   -804.94643022
   -804.94289335
   -804.94825610
   -804.93783274
   -804.97770949
   -804.92683572
   -804.97172610
   -804.97697687
   -804.98886498
   -804.97896833
   -804.97536655
   -804.94731186
   -804.94284881
   -804.94374766
   -804.95081311
   -804.97731173
   -804.96892624
   -804.98018311
   -804.97022475
   -804.95629392
   -804.96664946
   -804.97416345
   -804.95806483
   -804.94310944
   -804.94118347
   -804.94047371
   -804.93644738
   -804.94046437
   -804.95579590
   -804.93205005
   -804.95717058
   -804.98465616
   -804.98422633
   -804.96849635
   -804.96342943
   -804.96191039
   -804.98976092
   -804.98744435
   -804.97333860
   -804.95680272
   -804.89419084
   -804.94620100
   -804.97242233
   -804.97211029
   -804.98075025
   -804.90429711
   -804.96050339
   -804.94758254
   -804.99040951
   -804.95570281
   -804.94545652
   -804.96733911
   -804.97231667
   -804.96886247
   -804.94512372
   -804.94529132
   -804.98289736
   -804.96390394
   -804.95602293
   -804.95258973
   -804.95781952
   -804.96980421
   -804.97837576
   -804.91903741
   -804.95217049
   -804.96795952
   -804.92447768
   -804.97234948
   -804.90619823
   -804.97761708
   -804.99048113
   -804.97666835
   -804.94445091
   -804.96707165
   -804.96849230
   -804.94868578
   -804.97786318
   -804.97428844
   -804.95048466
   -804.94194409
   -804.96542915
   -804.96815124
   -804.96986010
   -804.97849479
   -804.94296357
   -804.96754631
   -804.91976880
   -804.91937390
   -804.97088517
   -804.96020313
   -804.93738696
   -804.94833503
   -804.95881232
   -804.96387234
   -804.91765913
   -804.95371487
   -804.95479374
   -804.95833827
   -804.97858565
   -804.93835825
   -804.95373351
   -804.96229687
   -804.96694111
   -804.97111886
   -804.95534331
   -804.96959842
   -804.95926507
   -804.98181786
   -804.92350199
   -804.97550590
   -804.97006491
   -804.94820763
   -804.97709727
   -804.94988689
   -804.96916277
   -804.96804879
   -804.96917029
   -804.97351725
   -804.96878242
   -804.97934382
   -804.95285753
   -804.97348504
   -804.99342648
   -804.96544829
   -804.96043109
   -804.95955863
   -804.94954586
   -804.97789079
   -804.97079640
   -804.96931755
   -804.93522367
   -804.97133207
   -804.94298635
   -804.96109891
   -804.86709900
   -804.97144498
   -804.89537320
   -804.96754521
   -804.95084534
   -804.95781727
   -804.94414214
   -804.99480184
   -804.97278948
   -804.98763010
   -804.97868517
   -804.91773759
   -804.97155509
   -804.93540139
   -804.98233784
   -804.97491422
   -804.96377111
   -804.94966036
   -804.96668957
   -804.95599338
   -804.95888728
   -804.96723548
   -804.97680613
   -804.97071659
   -804.90118898
   -804.94079361
   -804.96466156
   -804.95740150
   -804.96429234
   -804.98522287
   -804.92932440
   -804.92281182
   -804.97807656
   -804.97053728
   -804.93125504
   -804.96604850
   -804.97834749
   -805.00334651
   -804.93728199
   -804.97640860
   -804.91673015
   -804.95684190
   -804.91339487
   -804.97568319
   -804.95359488
   -804.96034189
   -804.97465169
   -804.95773088
   -804.95983669
   -804.98682559
   -804.97445573
   -804.97496766
   -804.99473515
   -804.92988253
   -804.95739128
   -804.90634378
   -804.94820187
   -804.97462168
   -804.96639063
   -805.00737915
   -804.95436338
   -804.96011320
   -804.97891952
   -804.93947712
   -804.95217905
   -804.95646584
   -804.93032080
   -804.96636137
   -804.96573492
   -804.96291046
   -804.99560033
   -804.93851011
   -804.92256366
   -804.95283023
   -804.96843378
   -804.99154113
   -804.97421375
   -804.95642959
   -804.95256334
   -804.88278726
   -804.95041250
   -804.96101863
   -804.94450888
   -804.91116593
   -804.93983907
   -804.98663944
   -804.98074995
   -804.94248652
   -804.95933333
   -804.94141941
   -804.96417927
   -804.97953360
   -804.96854038
   -804.97624569
   -804.96107498
   -804.95557566
   -804.95077782
   -804.97312070
   -804.92206079
   -804.95227187
   -804.97211644
   -804.97333826
   -804.94741112
   -804.97003299
   -805.00410167
   -804.97048328
   -804.95608993
   -804.96501355
   -804.95370846
   -804.96835695
   -804.96556249
   -804.93917282
   -804.89568304
   -804.93375585
   -804.97630551
   -804.96159974
   -804.98521403
   -804.95821441
   -804.98690788
   -804.94960231
   -804.99339166
   -804.94390006
   -804.96784473
   -804.96490623
   -804.94615010
   -804.97403070
   -804.96823209
   -804.95278723
   -804.89771560
   -804.94030610
   -804.95546847
   -804.92832423
   -804.94033518
   -804.95268361
   -804.98520264
   -804.96226431
   -804.95790626
   -804.95549858
   -804.96556922
   -804.94321604
   -804.96832321
   -804.91457306
   -804.96098450
   -804.97279323
   -804.94770390
   -804.94208696
   -804.96434755
   -804.93796478
   -804.94797883
   -804.86585249
   -804.98649863
   -804.93404401
   -804.96185789
   -804.92216629
   -804.94830362
   -804.98784218
   -804.98688240
   -804.91617499
   -804.97123464
   -804.97508665
   -804.98776628
   -804.93583673
   -804.96557473
   -804.89147726
   -804.94652000
   -804.94465869
   -804.97038136
   -804.92144247
   -804.98064799
   -804.97419009
   -804.93658468
   -804.91226366
   -804.97159632
   -804.92995880
   -804.97122856
   -804.96340053
   -804.95749153
   -804.95362184
   -804.85926494
   -804.96450754
   -804.96199399
   -804.91871892
   -804.98519002
   -804.97537135
   -804.94808623
   -804.96244906
   -804.98245202
   -804.97091624
   -804.98528641
   -804.96878340
   -804.93946547
   -804.96455360
   -804.93955303
   -804.94997303
   -804.96473030
   -804.97571936
   -804.93486663
   -804.95624015
   -804.86786958
   -804.97112417
   -804.95013358
   -804.95382102
   -804.87341786
   -804.97473701
   -804.95114944
   -804.98288480
   -804.96352936
   -804.97486664
   -804.97901944
   -804.95130123
   -804.95751232
   -804.97824067
   -804.95927735
   -804.96096854
   -804.98975851
   -804.99292511
   -804.94800857
   -804.94201339
   -804.99811041
   -804.98141020
   -804.97186768
   -804.96963645
   -804.96738200
   -804.97420470
   -804.96870091
   -804.96993512
   -804.94520022
   -804.90111031
   -804.97724092
   -804.97364385
   -804.96059041
   -804.97992278
   -804.93122436
   -804.91679281
   -804.94345955
   -804.97724894
   -804.93138371
   -804.93552148
   -804.95418116
   -804.94989514
   -804.94882219
   -804.97102332
   -804.98003729
   -804.93372492
   -804.97294249
   -804.95515798
   -804.94906014
   -804.92203653
   -804.93237703
   -804.98649695
   -804.97633858
   -804.95352487
   -804.97857543
   -804.96238525
   -804.97376085
   -804.98503629
   -804.95946411
   -804.95913721
   -804.96201485
   -804.96958500
   -804.99807828
   -804.97060642
   -804.97128594
   -804.95900704
   -804.96374129
   -804.93624973
   -804.94453221
   -804.98264321
   -804.94391072
   -804.94966292
   -804.92060892
   -804.95153513
   -804.95736401
   -804.98446281
   -804.96821886
   -804.94434374
   -804.95665408
   -804.93770471
   -804.97293138
   -804.96544327
   -804.97552982
   -804.96714548
   -804.99543700
   -804.97017136
   -804.93493172
   -804.94923145
   -804.95377309
   -804.94373522
   -804.96589809
   -804.95926295
   -804.97603087
   -804.96499875
   -804.95007615
   -804.96875816
   -804.99127511
   -804.94360428
   -804.96507578
   -804.98428660
   -804.96648956
   -804.98986170
   -804.93113835
   -804.95623192
   -804.96340973
   -804.99979139
   -804.95022692
   -804.95112920
   -804.96433770
   -804.94443635
   -804.95793179
   -804.95018276
   -804.96018150
   -804.97281130
   -804.97632525
   -804.98381112
   -804.95015894
   -804.98960018
   -804.97008426
   -804.97248608
   -804.84930905
   -804.92438693
   -804.95174402
   -804.93513105
   -804.98107306
   -804.95610023
   -804.94918953
   -804.95199096
   -804.98741343
   -804.95884523
   -804.96664375
   -804.85479190
   -804.92286382
   -804.96949798
   -804.95749195
   -804.96340074
   -804.96574007
   -804.98084965
   -804.96879721
   -804.93893266
   -804.94738543
   -804.98971933
   -804.95732247
   -804.91110453
   -804.97374403
   -804.96640542
   -804.97084513
   -804.94111764
   -804.96941746
   -804.97431333
   -804.97409564
   -804.97782562
   -804.96564672
   -804.95235734
   -804.92627410
   -804.94293576
   -804.97685699
   -804.95296266
   -804.95305244
   -804.94485508
   -804.97703976
   -804.97383916
   -804.97713006
   -804.96164080
   -804.95281787
   -804.95768549
   -804.97315546
   -804.96467589
   -804.98982556
   -804.99900680
   -804.94251730
   -804.94604656
   -804.99610599
   -804.90868988
   -804.95992746
   -804.96658694
   -805.00576158
   -804.96239946
   -804.99039558
   -804.93706245
   -804.97434173
   -804.93966330
   -804.93922957
   -804.93724761
   -804.83707182
   -804.99808860
   -804.95325992
   -804.95293988
   -804.97543459
   -804.96346337
   -804.91720058
   -804.95439965
   -804.95213676
   -804.97126842
   -804.94822801
   -804.98320908
   -804.95606258
   -804.96052243
   -804.97670547
   -804.95987212
   -804.88098507
   -804.97330584
   -804.96825468
   -804.96651615
   -804.96976604
   -804.96644832
   -804.98205973
   -804.96629575
   -804.94836279
   -804.91743112
   -804.97485570
   -804.95500841
   -804.95094380
   -804.98134782
   -804.97347456
   -804.97149392
   -804.90643183
   -804.97988775
   -804.96847310
   -804.94278238
   -804.95919917
   -804.97321196
   -804.96975171
   -804.96068499
   -804.97970555
   -804.94842788
   -804.94471560
   -804.96658459
   -804.94687487
   -804.97515498
   -804.92910464
   -804.96967407
   -804.94131787
   -804.94909545
   -804.90380592
   -804.93141267
   -804.92837379
   -804.98290682
   -804.94495385
   -804.97311529
   -804.97662088
   -804.97433372
   -804.97168047
   -804.95382343
   -804.97104815
   -804.98044644
   -804.95962282
   -804.97125704
   -804.95289050
   -804.84172355
   -804.97665962
   -804.95666028
   -804.93168503
   -804.96868830
   -804.93196018
   -804.94799099
   -804.96533123
   -804.95899890
   -804.95579014
   -804.95393696
   -804.97874575
   -804.96619207
   -804.97154014
   -804.92191702
   -804.97168030
   -804.94344006
   -804.97440254
   -804.96666274
   -804.98035662
   -804.91949860
   -804.97540861
   -804.96277562
   -804.92999159
   -804.94437443
   -804.96638521
   -804.96074397
   -804.95735545
   -804.97049968
   -804.94223766
   -804.95938503
   -804.97620148
   -804.97044105
   -804.98661944
   -804.94156095
   -804.95102993
   -804.97045269
   -804.95920071
   -804.97468711
   -804.96551714
   -804.95913057
   -804.96111712
   -804.95554329
   -804.94752213
   -804.96108718
   -805.00101123
   -804.96488500
   -804.96363234
   -804.96967507
   -804.97731699
   -804.94587368
   -804.95290810
   -804.97321655
   -804.96684927
   -804.95532379
   -804.92380926
   -804.95901248
   -804.94589877
   -804.90001148
   -804.96181139
   -804.93954635
   -804.97403212
   -804.96586292
   -804.96643703
   -804.98601611
   -804.92729120
   -804.89845746
   -804.93923500
   -804.97261125
   -804.95429969
   -804.95271402
   -804.96906038
   -804.95255565
   -804.97710031
   -804.95165032
   -804.97943816
   -804.97490050
   -804.97188772
   -804.95410997
   -804.92828046
   -804.97919395
   -804.95078848
   -804.95111296
   -804.93592268
   -804.96141973
   -804.96165869
   -804.95157943
   -804.95776770
   -804.96527421
   -804.96898076
   -804.89768843
   -804.94340294
   -804.96907184
   -804.94460751
   -804.94039146
   -804.94756394
   -804.94381981
   -804.98353373
   -804.97396240
   -804.96967923
   -804.97811024
   -804.96839023
   -804.97969448
   -804.97453423
   -804.94742024
   -804.98250071
   -804.95316651
   -804.94312386
   -804.97464844
   -804.93269103
   -804.97040748
   -804.91852186
   -804.97094263
   -804.96341983
   -804.94891443
   -804.94953027
   -804.94513843
   -804.96371092
   -804.93617853
   -804.97293550
   -804.92626372
   -804.93997444
   -804.96358311
   -804.96747037
   -804.94954455
   -804.96315402
   -804.96585398
   -804.95130975
   -804.95401157
   -804.94603318
   -804.95379344
   -804.94861425
   -804.86368591
   -804.97999402
   -804.97900988
   -804.92325293
   -804.94731086
   -804.99340144
   -804.97077409
   -804.90054549
   -804.98302011
   -804.96805655
   -804.92695291
   -804.88355699
   -804.98992982
   -804.96944117
   -804.96846671
   -804.98068636
   -804.93796141
   -804.97072912
   -804.96585177
   -804.94408452
   -804.96736430
   -804.93765711
   -804.95156673
   -804.94499409
   -804.97057481
   -804.97451195
   -804.96437268
   -804.97772629
   -804.98205445
   -804.95473319
   -804.94535957
