% The following energies apply to conformations described by the topology 
% R54_iter1.top.  Structures are given in trajectory coords.cdf, count: 113.

% Item 0:
%   Energy -> orca_structures/coor*/NConf*.out
   -805.01600313
   -805.01076146
   -805.01205555
   -805.00410798
   -805.00960435
   -805.01117706
   -805.01353298
   -804.99658901
   -805.01156435
   -805.01697055
   -805.01733319
   -805.00312767
   -805.00784383
   -805.00599821
   -805.01455042
   -805.01444390
   -805.01060748
   -805.01403524
   -805.01132539
   -805.00916645
   -805.01573230
   -805.01383017
   -805.01293230
   -805.01715752
   -805.01037779
   -805.00875043
   -805.00978170
   -805.01335685
   -805.00903250
   -805.00878944
   -805.00932954
   -805.01340808
   -805.01278392
   -805.01274140
   -805.00612697
   -805.01390158
   -805.01505750
   -805.01083215
   -805.01497613
   -805.00907632
   -805.01108557
   -805.01664425
   -805.00934750
   -805.01120831
   -805.00864578
   -805.00961607
   -805.00888624
   -805.01209270
   -805.01123152
   -805.00575149
   -805.01175920
   -805.01574684
   -805.01314029
   -805.01550417
   -805.00874005
   -805.01535086
   -804.99914260
   -805.01467616
   -805.00556533
   -805.01621771
   -805.01105665
   -805.00639386
   -805.00845040
   -805.01165613
   -805.01213696
   -804.99414628
   -805.00686986
   -805.00908356
   -805.01271735
   -805.01228847
   -805.01487910
   -805.01373795
   -805.01363039
   -805.01481874
   -805.01034385
   -805.00988200
   -805.01493609
   -805.00892666
   -805.01206021
   -805.01328795
   -805.00429019
   -805.00282602
   -805.00976792
   -805.01220546
   -805.00957677
   -805.01509611
   -805.01091634
   -805.01115370
   -805.01003066
   -804.99643362
   -805.00985883
   -805.01494774
   -805.00397755
   -805.00351094
   -805.00988443
   -805.01395962
   -805.01285316
   -805.01280847
   -805.01501718
   -805.00918025
   -805.01317005
   -804.99642862
   -805.01669364
   -805.01265185
   -805.00559283
   -805.00920961
   -805.01187419
   -805.01310072
   -805.00765544
   -805.01334412
   -805.01219793
   -805.01016556
   -805.00362515
