% The following energies apply to conformations described by the topology 
% R48_iter1.top.  Structures are given in trajectory coords.cdf, count: 142.

% Item 0:
%   Energy -> orca_structures/coor*/NConf*.out
   -652.66500733
   -652.68329680
   -652.68309247
   -652.67916773
   -652.67833926
   -652.67078008
   -652.68332244
   -652.68449530
   -652.67424971
   -652.66770525
   -652.68763417
   -652.68618377
   -652.68307192
   -652.68518913
   -652.68372376
   -652.68393854
   -652.68150634
   -652.67968627
   -652.68268041
   -652.68378294
   -652.68623226
   -652.68466401
   -652.68681296
   -652.68471849
   -652.68561631
   -652.68518282
   -652.68383734
   -652.68418551
   -652.68550150
   -652.68353042
   -652.68443056
   -652.68387784
   -652.68584507
   -652.67564673
   -652.67748221
   -652.67533693
   -652.67163933
   -652.68832612
   -652.67610664
   -652.68174712
   -652.68492820
   -652.68363476
   -652.68364019
   -652.68314475
   -652.68485899
   -652.68078185
   -652.67929082
   -652.68141863
   -652.67929295
   -652.68347790
   -652.68706409
   -652.67924201
   -652.68315092
   -652.68789324
   -652.67966377
   -652.67978123
   -652.68337798
   -652.68385925
   -652.68348752
   -652.68553040
   -652.68276469
   -652.68052036
   -652.68202157
   -652.66866962
   -652.68168676
   -652.67075582
   -652.67799455
   -652.68301902
   -652.68574583
   -652.67960001
   -652.67755356
   -652.68379795
   -652.68600027
   -652.68184065
   -652.67917471
   -652.68448881
   -652.67492253
   -652.67618526
   -652.68460725
   -652.68741768
   -652.67751388
   -652.68371536
   -652.68645118
   -652.68576844
   -652.68725929
   -652.67735431
   -652.68285398
   -652.68382139
   -652.68484635
   -652.67643108
   -652.67255305
   -652.67980224
   -652.67908425
   -652.68305509
   -652.68394285
   -652.68007557
   -652.68716782
   -652.67970421
   -652.68505920
   -652.68513419
   -652.68445156
   -652.67990943
   -652.68227580
   -652.68476605
   -652.68127456
   -652.67102136
   -652.67492815
   -652.68540349
   -652.67451649
   -652.68390731
   -652.67045266
   -652.68428729
   -652.67654263
   -652.68525238
   -652.66897541
   -652.67925629
   -652.68053813
   -652.68378708
   -652.68032588
   -652.68336449
   -652.67453724
   -652.68202700
   -652.67606396
   -652.67968022
   -652.67947330
   -652.68255253
   -652.68437284
   -652.67613264
   -652.67428478
   -652.67042364
   -652.67896154
   -652.68017589
   -652.68509994
   -652.68312474
   -652.67814594
   -652.66281964
   -652.67953920
   -652.67995015
   -652.67986429
   -652.68860907
   -652.67958614
   -652.68610329
