           1           2   1.0174455541559206     
           2           3  0.99803101780802606     
           3           4   1.0041441782704477     
           4           5   1.0068678427981814     
           3           6  0.99808576586688291     
           6           7   1.0173208597101231     
           1           8  0.98544352650779443     
           1           9  0.98656801439156006     
           1          10  0.98611586395483930     
           2          11  0.97379958724623383     
           2          12  0.96567269254948696     
           4          13  0.97061445848838845     
           4          14  0.97054951432780634     
           5          15  0.98460129709831645     
           5          16  0.98628099206255204     
           5          17  0.98666682916405790     
           6          18  0.97380396130279956     
           6          19  0.96676669798223180     
           7          20  0.98704308398368423     
           7          21  0.98562370248278686     
           7          22  0.98536195016313821     
