-0.2901650000
0.6489100000
-0.5945870000
-0.3565160000
0.2994710000
0.0696410000
0.0408460000
-0.1745960000
-0.1393980000
0.1991410000
-0.1898400000
-0.1393980000
-0.1745960000
-0.0072190000
0.6206810000
-0.5483830000
-0.3177130000
0.1282580000
0.1282580000
0.0849340000
0.0787110000
0.0721980000
-0.0469260000
-0.0469260000
0.0020960000
0.0020960000
0.1194500000
0.1232120000
0.1232120000
0.1194500000
0.0522510000
0.0522510000
0.0101990000
0.0101990000
0.0101990000
0.0101990000
0.0101990000
0.0101990000
