% The following energies apply to conformations described by the topology 
% R50.top.  Structures are given in trajectory coords.cdf, count: 2619.

% Item 0:
%   Energy -> orca_structures/coor*/Conf*.out
  -1723.98908383
  -1724.02193572
  -1724.03425351
  -1724.01602062
  -1724.01810429
  -1724.02817604
  -1723.99860273
  -1724.05078389
  -1723.98174759
  -1724.00684998
  -1724.00568951
  -1723.99729461
  -1724.04578253
  -1723.99875596
  -1723.95438514
  -1724.00132883
  -1724.00713126
  -1724.03672450
  -1724.02022641
  -1724.04681292
  -1723.98787463
  -1724.03364054
  -1724.05053519
  -1723.99231843
  -1724.03920935
  -1724.03456098
  -1724.02944638
  -1723.94450554
  -1724.02358416
  -1724.00650845
  -1724.02677251
  -1724.00583269
  -1724.02452775
  -1724.02302173
  -1723.99787331
  -1724.03831702
  -1724.00068072
  -1724.03704688
  -1723.99473515
  -1724.00068058
  -1723.99505191
  -1724.00419030
  -1724.00312199
  -1723.97925841
  -1724.02876662
  -1723.98751924
  -1724.00782365
  -1723.99898398
  -1723.98864330
  -1724.01264821
  -1724.02699409
  -1723.99818437
  -1724.04305577
  -1724.00906064
  -1724.01352985
  -1723.97499025
  -1724.00776574
  -1723.99882071
  -1723.98497816
  -1723.96644864
  -1724.03604259
  -1724.00148466
  -1723.97377998
  -1724.04663441
  -1724.01960439
  -1723.99465128
  -1724.00440155
  -1723.99652363
  -1724.00800395
  -1723.97114182
  -1723.99494894
  -1724.02148359
  -1723.99947841
  -1724.00758661
  -1723.98254702
  -1724.03730721
  -1724.04132873
  -1724.04008638
  -1723.97690602
  -1724.01508699
  -1724.00133034
  -1724.01559032
  -1724.04828730
  -1724.01341603
  -1723.98784393
  -1724.03166418
  -1724.00625569
  -1724.01914066
  -1723.99251482
  -1724.00991082
  -1723.99044742
  -1724.00554271
  -1724.01866134
  -1724.01537151
  -1724.02142266
  -1724.00655965
  -1724.03482614
  -1724.00776467
  -1724.00081079
  -1724.01654361
  -1724.05554668
  -1724.01743593
  -1724.02871936
  -1724.00972523
  -1724.01584641
  -1724.02334236
  -1724.00428733
  -1724.00997398
  -1724.01759190
  -1723.99897053
  -1724.00213007
  -1724.00923806
  -1724.01530327
  -1724.00899263
  -1724.02789370
  -1723.96605675
  -1723.99126490
  -1723.97944249
  -1723.97918590
  -1723.99676891
  -1724.04155707
  -1723.99413038
  -1724.02517240
  -1723.98851871
  -1724.03692098
  -1724.01939433
  -1724.01981179
  -1724.02017037
  -1724.03387311
  -1724.00544618
  -1723.98771077
  -1723.95722445
  -1724.00312297
  -1724.01885591
  -1724.00579545
  -1724.00463612
  -1724.03148048
  -1724.02107168
  -1724.04783289
  -1724.01702027
  -1724.00185221
  -1724.01013022
  -1723.99854040
  -1724.01388828
  -1724.05730050
  -1723.97807070
  -1724.03210564
  -1724.01509977
  -1723.98883554
  -1724.03338144
  -1724.01667526
  -1724.03718505
  -1724.01933592
  -1723.98893562
  -1724.01970901
  -1724.02589866
  -1724.03025903
  -1723.96424650
  -1724.02100103
  -1723.99851116
  -1724.01589139
  -1723.98760303
  -1724.02635224
  -1723.96656929
  -1723.99125272
  -1724.01364901
  -1724.01935852
  -1724.05009420
  -1724.02039192
  -1724.00156706
  -1724.03554716
  -1724.02875062
  -1723.98882014
  -1724.02311002
  -1724.02189103
  -1723.99515359
  -1724.00613681
  -1724.04519730
  -1724.00287214
  -1724.00743892
  -1724.01541196
  -1724.04118585
  -1723.99370577
  -1723.98271403
  -1723.95511195
  -1724.00617538
  -1724.03206513
  -1723.99515002
  -1724.00902354
  -1724.03152916
  -1724.00263436
  -1724.04063608
  -1724.01830258
  -1724.03990101
  -1724.01349805
  -1723.95950694
  -1724.02195357
  -1724.01276860
  -1723.98196179
  -1723.99512869
  -1723.96980074
  -1724.01305714
  -1724.00005203
  -1724.03583222
  -1724.04881824
  -1724.00584721
  -1724.00979329
  -1724.03210960
  -1723.97660688
  -1724.03479449
  -1723.97480935
  -1724.04573185
  -1724.00465842
  -1724.01554710
  -1723.99035161
  -1723.99291623
  -1724.01983648
  -1724.00847733
  -1724.01518128
  -1724.01382547
  -1724.02020291
  -1724.03231143
  -1724.02772755
  -1724.00044373
  -1724.04358037
  -1724.01120088
  -1724.03768615
  -1724.04328483
  -1723.99610886
  -1724.02369628
  -1723.98777334
  -1724.01771849
  -1724.02092767
  -1723.98867697
  -1724.00434024
  -1723.99366567
  -1724.01401791
  -1724.02726551
  -1724.01394014
  -1724.02059041
  -1724.01843900
  -1723.99151342
  -1724.01490109
  -1724.00088409
  -1724.01381143
  -1724.02601159
  -1724.04034895
  -1724.01113018
  -1724.01595381
  -1724.03778403
  -1724.00689297
  -1724.03449460
  -1724.00888281
  -1724.01932959
  -1723.96471677
  -1724.05652232
  -1724.00711923
  -1723.99038119
  -1723.98012482
  -1723.96960417
  -1724.01224799
  -1724.00596288
  -1723.98702813
  -1724.02567836
  -1724.00885407
  -1724.00300507
  -1724.03070162
  -1724.03836768
  -1724.02750153
  -1723.99122985
  -1724.03741699
  -1724.00803920
  -1724.02943226
  -1724.04073374
  -1724.02475199
  -1723.98594596
  -1724.03550903
  -1723.98429175
  -1724.02222335
  -1724.04404178
  -1724.03599472
  -1724.01309235
  -1724.03847833
  -1724.02804346
  -1724.04243981
  -1724.02036900
  -1723.99874369
  -1723.99523557
  -1723.98781648
  -1724.03497040
  -1724.01892646
  -1724.02128468
  -1724.00763300
  -1724.01334949
  -1724.02906100
  -1724.03419256
  -1724.03348073
  -1724.03617467
  -1724.03924537
  -1724.02188026
  -1723.98776091
  -1724.02755184
  -1724.04349870
  -1724.01011356
  -1723.99411402
  -1724.03206906
  -1724.00277345
  -1724.01256315
  -1724.02367925
  -1724.01252584
  -1723.99949660
  -1724.01875540
  -1723.96623993
  -1724.02114460
  -1724.01098738
  -1724.00268216
  -1724.02610507
  -1724.00665487
  -1724.04124147
  -1724.02119205
  -1724.00203165
  -1723.99506938
  -1724.02170204
  -1724.00346066
  -1724.02865340
  -1724.01526668
  -1724.01346464
  -1724.01671800
  -1724.01800508
  -1724.04545311
  -1723.98454842
  -1723.99807781
  -1724.04020428
  -1724.00888190
  -1724.00015573
  -1724.04569647
  -1724.02351897
  -1724.03074509
  -1723.97873891
  -1724.02305660
  -1723.99374343
  -1724.00697172
  -1724.05212770
  -1724.03218643
  -1724.00932221
  -1724.00663939
  -1724.04597006
  -1724.02326682
  -1724.01484323
  -1724.03759727
  -1724.04620293
  -1724.00479360
  -1724.02994124
  -1724.04064166
  -1724.01795634
  -1724.03466289
  -1724.02082180
  -1724.01682271
  -1724.00634971
  -1723.95455611
  -1724.03800803
  -1724.02006503
  -1724.01116321
  -1724.03050890
  -1724.01012167
  -1724.00794241
  -1724.00541926
  -1723.95607352
  -1724.01165756
  -1724.03764180
  -1723.98328927
  -1723.99823033
  -1724.00189702
  -1724.03765106
  -1724.04316596
  -1724.00203617
  -1724.03360349
  -1724.02180074
  -1724.01030948
  -1724.05166207
  -1724.03750912
  -1723.98153180
  -1724.00430926
  -1723.98671071
  -1724.03986521
  -1724.04597445
  -1724.02681601
  -1724.03468172
  -1723.99598961
  -1724.02377837
  -1724.01869028
  -1724.02797612
  -1724.03128249
  -1724.05793829
  -1724.00353126
  -1724.05840906
  -1724.01374650
  -1724.00018187
  -1723.97981088
  -1724.01332104
  -1724.01176986
  -1723.93103789
  -1723.99824195
  -1724.02809100
  -1724.02402413
  -1723.99046950
  -1724.03227286
  -1724.00014871
  -1724.01593687
  -1724.02886861
  -1723.97902071
  -1723.99916696
  -1724.00576468
  -1723.98596158
  -1723.99570896
  -1724.00014768
  -1724.03811818
  -1724.01292180
  -1724.00809193
  -1724.02523737
  -1724.03192038
  -1724.03085930
  -1724.01148485
  -1723.97375907
  -1724.04902744
  -1723.95774777
  -1724.02089743
  -1724.00672697
  -1724.01937275
  -1724.04025254
  -1724.00683784
  -1724.02799151
  -1724.01326997
  -1724.00659883
  -1724.01666911
  -1724.04976761
  -1724.00111414
  -1723.99668897
  -1724.01128652
  -1724.03946308
  -1724.00052994
  -1724.01066581
  -1724.00998302
  -1724.03863582
  -1724.02453425
  -1724.01863228
  -1723.99403634
  -1724.01655596
  -1724.00585182
  -1723.99773065
  -1724.01361328
  -1724.02923181
  -1724.01988311
  -1724.04255640
  -1724.02882810
  -1723.96574638
  -1724.00080005
  -1723.99955980
  -1724.01312330
  -1724.04295803
  -1724.01701661
  -1723.99430524
  -1724.01857510
  -1724.04000783
  -1723.99809273
  -1724.01635722
  -1724.03883101
  -1723.98905904
  -1724.00101761
  -1724.03612314
  -1724.01494866
  -1724.02232025
  -1724.01504600
  -1724.01043711
  -1723.98358249
  -1724.04264394
  -1724.00578260
  -1724.02241416
  -1724.02295654
  -1724.01763924
  -1724.00108950
  -1723.98361736
  -1724.00866926
  -1724.02575321
  -1724.01252616
  -1723.97821715
  -1724.03039035
  -1723.97078368
  -1723.99766714
  -1724.02549510
  -1724.02815109
  -1724.03267523
  -1724.03308199
  -1724.02506196
  -1724.02810545
  -1724.00253240
  -1724.01412865
  -1724.02401980
  -1724.00828972
  -1724.02184512
  -1724.02084192
  -1724.00032102
  -1724.01480614
  -1724.01039477
  -1724.05291671
  -1724.02226300
  -1724.01352027
  -1723.99136085
  -1724.00638125
  -1724.01301874
  -1723.96363671
  -1724.01708656
  -1724.01239425
  -1723.99603752
  -1723.96942524
  -1723.99358747
  -1723.99361910
  -1724.01185325
  -1723.98872895
  -1723.99358402
  -1724.01464066
  -1724.01767053
  -1724.02481152
  -1724.02131179
  -1723.99523612
  -1724.02788485
  -1724.00306660
  -1724.04288034
  -1724.01029790
  -1723.99267638
  -1723.97412499
  -1724.01892919
  -1724.01903687
  -1723.98571961
  -1724.02962205
  -1724.00989508
  -1723.97957802
  -1724.01990135
  -1724.05126329
  -1723.96757707
  -1724.03064895
  -1723.98713210
  -1724.02489465
  -1724.01443381
  -1723.97631960
  -1724.01557845
  -1724.01784173
  -1724.00416910
  -1724.02527064
  -1724.05158193
  -1724.02203166
  -1723.98015676
  -1724.02846475
  -1724.01171830
  -1724.02290302
  -1724.00647220
  -1723.99443967
  -1724.00044123
  -1724.00548873
  -1723.96703311
  -1724.04136503
  -1724.00998111
  -1724.03654883
  -1724.02610314
  -1724.00376224
  -1724.01984667
  -1724.02132431
  -1723.99625846
  -1723.99486234
  -1724.02624841
  -1724.03030618
  -1724.00998625
  -1723.96734899
  -1724.02401936
  -1724.01116664
  -1723.98914668
  -1724.02376602
  -1724.06193148
  -1723.99502411
  -1723.97358618
  -1723.96249741
  -1724.00283213
  -1723.96304510
  -1723.95345318
  -1723.96464118
  -1724.03743193
  -1724.03853033
  -1724.04283625
  -1724.02800897
  -1723.94265197
  -1724.03498897
  -1724.03851457
  -1723.98370028
  -1724.03467417
  -1724.04021862
  -1723.95661513
  -1723.98256466
  -1724.02897743
  -1724.01701614
  -1724.01398718
  -1724.01072614
  -1723.99465418
  -1723.98926259
  -1723.96078214
  -1724.04955651
  -1724.02383685
  -1723.96356109
  -1724.02418905
  -1724.01933209
  -1724.01584213
  -1724.05580297
  -1724.03667839
  -1724.01234171
  -1724.05958380
  -1724.03894959
  -1724.01492174
  -1724.01369487
  -1724.01364499
  -1724.01038772
  -1723.99690583
  -1724.03177277
  -1724.03428126
  -1723.99583346
  -1724.01415989
  -1724.02648699
  -1724.03234476
  -1724.03453813
  -1724.02855502
  -1723.98349101
  -1724.04577972
  -1724.01559031
  -1723.94041761
  -1724.01160534
  -1723.97294465
  -1724.01443844
  -1724.05095119
  -1724.01981022
  -1724.02329371
  -1724.00498540
  -1724.01404414
  -1724.03698806
  -1724.01252294
  -1723.99669917
  -1723.99342263
  -1724.01398625
  -1723.97017200
  -1724.03635118
  -1723.98919065
  -1724.01986202
  -1724.00866215
  -1723.99097629
  -1724.05300822
  -1724.03102389
  -1723.98749819
  -1723.96226725
  -1724.01764207
  -1724.00920385
  -1723.96453256
  -1724.00326238
  -1724.03804516
  -1724.02174890
  -1724.04203981
  -1724.04886851
  -1723.99083353
  -1724.03516850
  -1724.00938135
  -1724.03020583
  -1724.03663834
  -1724.04899385
  -1724.02782433
  -1723.99057538
  -1724.02266049
  -1723.98736548
  -1723.96411038
  -1724.01035939
  -1723.98854569
  -1724.00851575
  -1724.00816688
  -1724.02074468
  -1723.98020995
  -1723.98373059
  -1724.00401334
  -1724.05950595
  -1724.00106072
  -1724.04906633
  -1724.02042216
  -1724.01181717
  -1724.01104835
  -1724.02805252
  -1723.97922011
  -1724.04005867
  -1724.02450211
  -1724.02384644
  -1724.04459685
  -1724.00869738
  -1724.04370351
  -1724.02108379
  -1724.00333607
  -1723.99742544
  -1723.99601964
  -1724.02483945
  -1724.02662243
  -1724.00467873
  -1724.01661698
  -1723.95405501
  -1724.03606137
  -1723.98394867
  -1724.02357819
  -1723.99078414
  -1723.99457625
  -1724.01155984
  -1724.02389627
  -1724.00995792
  -1723.98530640
  -1723.95894484
  -1724.03282472
  -1723.95207518
  -1724.01707646
  -1723.93048529
  -1724.00956125
  -1724.04171367
  -1724.01336862
  -1724.00988707
  -1724.00674141
  -1724.02083642
  -1724.05117794
  -1723.99299789
  -1724.02881649
  -1723.97721299
  -1724.00712820
  -1723.94921732
  -1724.01281415
  -1724.02363797
  -1724.02756507
  -1724.02274058
  -1724.02879819
  -1724.03421897
  -1724.01533533
  -1723.98318818
  -1723.96972071
  -1724.05153826
  -1723.98756051
  -1724.01393985
  -1723.97057319
  -1723.97468589
  -1724.00655942
  -1724.02388211
  -1723.99454136
  -1724.01578020
  -1724.02529406
  -1724.03896118
  -1724.02265538
  -1724.02432477
  -1724.00882923
  -1723.99961652
  -1724.00464511
  -1724.03102270
  -1723.99352339
  -1724.00632810
  -1724.04002495
  -1723.99336842
  -1724.04981206
  -1724.00511304
  -1724.00629875
  -1724.02356154
  -1724.00913663
  -1723.99945551
  -1724.00967222
  -1724.02385741
  -1723.99887527
  -1724.00584595
  -1724.03603885
  -1724.04396854
  -1724.00387190
  -1724.00688139
  -1723.99814868
  -1724.04982558
  -1723.99983846
  -1724.00584263
  -1724.02696376
  -1724.01377415
  -1723.98775730
  -1724.03279819
  -1724.04905032
  -1724.01447434
  -1724.01566052
  -1724.04473685
  -1724.00711690
  -1724.02589479
  -1724.00970170
  -1724.01728092
  -1724.01016190
  -1724.00387348
  -1724.03109928
  -1724.00410665
  -1724.02621246
  -1724.00423808
  -1723.97828604
  -1724.04567100
  -1724.01708525
  -1723.99827692
  -1724.04856609
  -1724.00320436
  -1723.97292085
  -1724.03363031
  -1724.02841233
  -1724.00888206
  -1724.01903168
  -1724.00124378
  -1723.99328444
  -1724.01568585
  -1724.04615275
  -1724.01884321
  -1724.01258395
  -1723.99514699
  -1724.01403888
  -1723.95698160
  -1724.03082777
  -1724.03899906
  -1723.99226349
  -1723.99159884
  -1723.98680432
  -1723.96277438
  -1724.03208996
  -1724.01542162
  -1724.01654596
  -1724.00970968
  -1723.98398404
  -1724.04681420
  -1723.99535577
  -1724.03799710
  -1724.01326154
  -1724.03291130
  -1723.96074934
  -1724.01980345
  -1724.00681552
  -1724.03888069
  -1724.03175694
  -1723.99114934
  -1724.01948381
  -1724.01452690
  -1724.01116771
  -1724.02174786
  -1724.01024815
  -1724.00018304
  -1724.02106044
  -1724.03243129
  -1724.02363338
  -1723.99113701
  -1723.98669059
  -1723.99328678
  -1724.02326366
  -1723.99605828
  -1724.01883224
  -1724.02547785
  -1724.01507201
  -1723.98775456
  -1724.02537632
  -1724.05352794
  -1723.96137281
  -1724.03754966
  -1724.03485158
  -1723.94770927
  -1724.03187714
  -1724.00263567
  -1724.01441103
  -1724.04807464
  -1724.01337464
  -1724.02150552
  -1724.01715318
  -1723.98023118
  -1723.99412649
  -1724.00723747
  -1723.98524422
  -1724.01040687
  -1724.01768401
  -1724.00581673
  -1724.02420520
  -1724.04384051
  -1723.99550757
  -1724.00916745
  -1724.02998460
  -1724.01003002
  -1724.02832817
  -1724.02676517
  -1724.00041110
  -1723.99708499
  -1723.99857782
  -1724.01372879
  -1723.99673910
  -1724.00695187
  -1724.00944092
  -1724.02618934
  -1724.02560038
  -1724.04306090
  -1724.02544758
  -1724.03196339
  -1724.02535811
  -1724.02333118
  -1724.01403602
  -1724.03283697
  -1724.02290752
  -1724.01478507
  -1724.00223708
  -1723.99638645
  -1724.02290138
  -1723.99760116
  -1724.04809029
  -1724.01786566
  -1724.03987398
  -1724.04053521
  -1723.99701552
  -1724.03420119
  -1724.03651086
  -1724.02637002
  -1724.00759450
  -1724.01180219
  -1724.02301278
  -1724.01186295
  -1724.04399381
  -1724.00332869
  -1724.01947655
  -1724.03876015
  -1724.03325438
  -1723.98307785
  -1724.02432877
  -1724.02654277
  -1724.01182690
  -1724.02880405
  -1723.98953379
  -1724.01857005
  -1724.01833343
  -1724.03425536
  -1723.99116921
  -1724.02876220
  -1724.00663674
  -1724.01542004
  -1724.02678835
  -1723.97929624
  -1724.01517964
  -1724.01765284
  -1724.00575412
  -1723.99387935
  -1723.99919521
  -1724.00136734
  -1724.04516231
  -1723.99693198
  -1724.03043545
  -1724.02723864
  -1724.02524098
  -1723.98511207
  -1724.00619334
  -1723.97778081
  -1724.02120633
  -1724.06325491
  -1724.02579106
  -1724.04651687
  -1724.00384600
  -1724.02730094
  -1723.99892934
  -1723.98424640
  -1724.05260246
  -1724.03815188
  -1724.05717938
  -1724.05983097
  -1723.95922025
  -1724.00332436
  -1724.04047259
  -1723.98770871
  -1724.02345088
  -1724.02290674
  -1723.95002536
  -1723.97801716
  -1724.00107968
  -1723.96915152
  -1724.06597566
  -1724.01154126
  -1724.01763464
  -1724.00778119
  -1724.00504688
  -1724.03306280
  -1724.04604166
  -1724.00995191
  -1724.01674740
  -1724.02497352
  -1724.00276763
  -1724.02162895
  -1724.02904552
  -1724.00979172
  -1724.03002445
  -1724.01025776
  -1724.01034903
  -1724.04546719
  -1724.01690360
  -1724.03014759
  -1724.00910793
  -1724.03304141
  -1724.04041341
  -1724.00425477
  -1724.02371364
  -1724.00539324
  -1724.01289866
  -1724.03424935
  -1724.02043283
  -1723.93781972
  -1723.96495452
  -1724.04038744
  -1724.02166529
  -1724.02165203
  -1723.99370035
  -1724.00500658
  -1724.02358345
  -1724.03863052
  -1724.02039575
  -1723.99767861
  -1724.00956559
  -1723.98014866
  -1724.04355953
  -1723.99339076
  -1723.97801922
  -1723.98857045
  -1723.99913213
  -1723.96584043
  -1724.02496132
  -1723.90175809
  -1724.00983716
  -1724.02159348
  -1724.02966910
  -1724.03585154
  -1723.99617535
  -1724.02935189
  -1724.03150681
  -1724.03053335
  -1724.03352970
  -1724.00537903
  -1724.00997121
  -1723.98892249
  -1724.05541806
  -1723.97443402
  -1724.02711570
  -1724.03609548
  -1723.97982398
  -1723.98290611
  -1724.00923017
  -1723.99512516
  -1724.03407416
  -1724.01161298
  -1723.99415848
  -1723.98487322
  -1724.00651076
  -1724.01907569
  -1724.03171889
  -1723.97046275
  -1724.03611576
  -1723.97077628
  -1723.98143357
  -1724.01634793
  -1724.01294801
  -1723.95169976
  -1724.01333182
  -1724.02807760
  -1724.01143388
  -1723.98071587
  -1724.00362707
  -1724.00938634
  -1723.99858093
  -1723.98996537
  -1724.01385399
  -1724.01201367
  -1723.99661327
  -1723.96753845
  -1724.01465262
  -1724.03857994
  -1724.01445453
  -1724.00957433
  -1723.97859381
  -1724.03492462
  -1723.98366946
  -1724.00832244
  -1724.01157475
  -1723.98286665
  -1724.00212946
  -1723.99374598
  -1724.03759216
  -1724.03703152
  -1724.02090727
  -1724.05263826
  -1724.05311515
  -1723.97957676
  -1724.02628339
  -1723.97875375
  -1723.97028721
  -1724.02598999
  -1723.98073981
  -1724.00031514
  -1723.99690934
  -1724.03290743
  -1724.02729750
  -1724.02197138
  -1724.05436548
  -1724.00116054
  -1724.03343059
  -1723.98572451
  -1724.00707186
  -1723.98530934
  -1724.02705867
  -1724.00682860
  -1724.00698907
  -1724.00771673
  -1724.04318977
  -1724.00451786
  -1724.02765801
  -1724.02956720
  -1723.99886167
  -1724.00384434
  -1724.02422978
  -1724.02720889
  -1724.01675763
  -1723.99592805
  -1724.03685917
  -1724.02981753
  -1724.02122524
  -1723.99415013
  -1723.98488711
  -1723.99868172
  -1724.00248711
  -1724.02032732
  -1723.99002509
  -1724.01865357
  -1724.01805584
  -1724.01890376
  -1723.95593011
  -1723.99154499
  -1723.99021403
  -1723.98310085
  -1724.01525403
  -1724.01389386
  -1724.03162998
  -1724.02207503
  -1724.01111791
  -1723.96848150
  -1724.02708895
  -1724.04343734
  -1724.03819785
  -1724.01000480
  -1724.05204619
  -1724.02845670
  -1723.94562121
  -1724.01339929
  -1724.01351394
  -1724.02766920
  -1724.03407272
  -1724.02584209
  -1724.03426208
  -1723.95892127
  -1724.01570330
  -1723.97378374
  -1724.04378380
  -1723.99151201
  -1724.00738642
  -1724.00832218
  -1724.00365846
  -1724.01741469
  -1724.03604810
  -1724.00703954
  -1723.99528018
  -1724.01873124
  -1724.00916840
  -1724.00333642
  -1724.02011652
  -1724.01391814
  -1724.04074930
  -1724.01720008
  -1724.02022153
  -1724.02183298
  -1724.01446390
  -1724.02913448
  -1723.99328446
  -1724.02638860
  -1723.97434236
  -1724.02975080
  -1723.98893715
  -1724.02416748
  -1724.02732927
  -1723.98526344
  -1723.99923780
  -1723.99564454
  -1724.05096260
  -1723.94900013
  -1724.02064811
  -1723.97728532
  -1724.00914887
  -1724.00115363
  -1723.96692200
  -1724.03641586
  -1724.05828799
  -1724.04175863
  -1724.01529418
  -1723.98386452
  -1723.97581569
  -1724.02780253
  -1724.04911260
  -1724.02630575
  -1724.01963472
  -1724.03622589
  -1724.02632910
  -1724.01292606
  -1724.01271730
  -1723.98182992
  -1724.00520440
  -1724.03844336
  -1723.96319104
  -1724.02530375
  -1723.94437864
  -1724.01713732
  -1724.01417277
  -1724.02270524
  -1724.02334122
  -1724.00575968
  -1723.99969862
  -1724.02481287
  -1723.96636755
  -1723.97854112
  -1724.00814349
  -1724.00052883
  -1724.02361093
  -1724.02636249
  -1724.05011040
  -1724.05476769
  -1724.03868246
  -1724.03701330
  -1724.02748164
  -1723.99167711
  -1724.01067740
  -1724.02353376
  -1724.01034226
  -1723.99653639
  -1724.02841568
  -1723.94448359
  -1724.01910675
  -1724.01700408
  -1724.02885445
  -1724.02506356
  -1724.00717165
  -1724.05483688
  -1723.92241790
  -1724.00448838
  -1723.96046947
  -1724.03671134
  -1723.99904698
  -1724.04931240
  -1724.01162945
  -1724.04695697
  -1724.02662384
  -1724.01515374
  -1723.98502670
  -1724.01909377
  -1724.02432621
  -1723.99019734
  -1724.02791994
  -1724.02587571
  -1724.03022640
  -1724.02451761
  -1724.01115468
  -1723.99446696
  -1724.03282744
  -1724.02104256
  -1724.03892794
  -1723.97263251
  -1724.01998359
  -1724.02579896
  -1724.01262849
  -1723.98105044
  -1723.96815639
  -1724.00423772
  -1723.99196433
  -1723.99577083
  -1724.03205014
  -1724.01981198
  -1724.01637972
  -1724.03228079
  -1724.01150356
  -1723.98699437
  -1723.99549004
  -1723.98289772
  -1724.00114798
  -1724.02955910
  -1724.01711379
  -1724.03746765
  -1723.96361423
  -1724.01844107
  -1723.95970177
  -1724.01082413
  -1724.00967725
  -1723.98809731
  -1724.00080738
  -1724.01457460
  -1724.00698855
  -1724.04614043
  -1723.99702586
  -1723.98501604
  -1724.00196630
  -1724.01618660
  -1724.00889666
  -1724.01634177
  -1724.00939437
  -1724.00728308
  -1723.96303845
  -1724.02355897
  -1724.04454254
  -1724.02942581
  -1724.00676111
  -1723.99330128
  -1724.00078321
  -1724.00583431
  -1724.00610573
  -1723.99042173
  -1724.04539030
  -1724.00166112
  -1724.03357318
  -1724.01362052
  -1724.03504647
  -1724.04621158
  -1724.00437571
  -1724.00788058
  -1724.02351655
  -1724.01966994
  -1723.98642373
  -1724.01092946
  -1723.98988350
  -1723.99342166
  -1724.00864076
  -1724.02099818
  -1724.01089055
  -1724.02210542
  -1723.99436684
  -1724.02159022
  -1724.01135881
  -1724.03161041
  -1724.01357211
  -1724.00618390
  -1724.00485079
  -1724.01661706
  -1723.97897088
  -1723.99419807
  -1724.02410148
  -1724.03739098
  -1724.00074568
  -1724.01126729
  -1724.01563898
  -1723.99590024
  -1724.00489274
  -1724.00950226
  -1724.03915446
  -1724.01047862
  -1724.01327749
  -1724.01976887
  -1724.03388363
  -1724.01211839
  -1723.99144467
  -1723.99875316
  -1724.01699783
  -1723.95750646
  -1724.02845359
  -1724.01320566
  -1724.00698815
  -1724.01062117
  -1724.00728416
  -1724.00416018
  -1724.01495119
  -1724.05202849
  -1724.01262205
  -1724.03060434
  -1724.00099653
  -1723.98025197
  -1724.02902814
  -1724.00284146
  -1724.00203078
  -1723.98121277
  -1724.00372202
  -1724.00189003
  -1724.00332773
  -1724.01703692
  -1723.99847407
  -1723.99550287
  -1724.02964988
  -1724.03200340
  -1723.97954866
  -1724.00938059
  -1724.00964657
  -1724.01728981
  -1724.03645030
  -1724.00422913
  -1724.00898186
  -1724.02675104
  -1724.01272268
  -1724.03780050
  -1724.00480959
  -1723.97883292
  -1723.99932069
  -1724.03133073
  -1724.01727618
  -1724.01618333
  -1724.04639288
  -1724.03366289
  -1724.02223278
  -1724.01258525
  -1724.01944266
  -1724.03318323
  -1724.03680221
  -1724.04249286
  -1723.99808132
  -1723.99346406
  -1724.02567651
  -1724.00332864
  -1724.01948064
  -1724.00071906
  -1723.98673653
  -1724.04102570
  -1724.02934434
  -1724.00904806
  -1724.04105514
  -1723.99236223
  -1723.98364546
  -1724.01613030
  -1723.99183186
  -1723.97478696
  -1724.00837431
  -1724.03207687
  -1724.02803034
  -1724.02168741
  -1724.00648098
  -1723.98022412
  -1723.99913856
  -1723.98450818
  -1724.01273218
  -1723.94485339
  -1723.98674637
  -1724.01830031
  -1724.02100932
  -1723.99743142
  -1724.00803448
  -1724.01599560
  -1724.01161283
  -1724.03585060
  -1724.03626274
  -1723.99718422
  -1724.00569897
  -1724.01225086
  -1724.04929601
  -1723.98673194
  -1724.02230807
  -1724.01243139
  -1724.00576420
  -1723.99937000
  -1724.01475457
  -1724.01713501
  -1723.93783654
  -1724.00069520
  -1724.01965795
  -1723.98965968
  -1724.00606351
  -1724.01512109
  -1724.00551390
  -1724.00148069
  -1723.99808939
  -1724.01567504
  -1723.95394898
  -1724.01637923
  -1724.03701531
  -1723.98271558
  -1724.00405573
  -1724.00251807
  -1723.98996897
  -1724.03570646
  -1724.02475756
  -1724.02527596
  -1724.03837991
  -1724.01228398
  -1723.99649463
  -1724.03296767
  -1723.98741269
  -1723.98359117
  -1724.04853202
  -1724.00200460
  -1724.00006061
  -1724.00247980
  -1724.00179807
  -1724.03487722
  -1723.97767673
  -1724.00855146
  -1723.95148648
  -1724.00034951
  -1724.03898505
  -1724.02332915
  -1724.01510491
  -1723.98714587
  -1723.99066083
  -1724.05588427
  -1724.00367671
  -1724.01074004
  -1724.03226930
  -1724.02493815
  -1724.03272608
  -1724.02948798
  -1723.99711980
  -1723.99947077
  -1723.98177961
  -1724.00683257
  -1724.00392219
  -1723.99283995
  -1724.03203251
  -1723.97791248
  -1723.94692255
  -1724.05475893
  -1724.04144341
  -1723.99938790
  -1724.03287263
  -1724.06444574
  -1723.99987214
  -1724.01603184
  -1724.02876281
  -1724.00131416
  -1723.98706201
  -1724.02347984
  -1724.02339532
  -1723.93436502
  -1724.01555215
  -1724.01054845
  -1723.94075587
  -1724.03443942
  -1723.98240434
  -1723.99362375
  -1723.97354074
  -1724.01031171
  -1724.01308256
  -1724.00178342
  -1723.99439914
  -1724.02717923
  -1724.02085725
  -1724.03734557
  -1723.97647089
  -1724.05563143
  -1724.00717591
  -1723.98476161
  -1724.02666781
  -1724.00636943
  -1724.01259970
  -1724.01107694
  -1724.00068337
  -1724.01984607
  -1724.03458542
  -1724.00536294
  -1724.02963012
  -1724.00421830
  -1723.98035113
  -1724.01050217
  -1724.03176070
  -1724.02741651
  -1724.02050561
  -1723.92996926
  -1724.04038019
  -1723.99755754
  -1724.02228449
  -1724.00896510
  -1724.02397830
  -1724.01431582
  -1724.04061379
  -1724.03185741
  -1724.02587061
  -1724.04557488
  -1724.00806175
  -1724.01025437
  -1724.02242823
  -1724.04110772
  -1724.03419273
  -1723.95730872
  -1724.03003168
  -1723.97082962
  -1723.99121112
  -1724.03188990
  -1724.03659454
  -1724.03037072
  -1723.94881406
  -1723.99360212
  -1724.02750502
  -1723.98491305
  -1724.01030675
  -1724.03363222
  -1724.00848883
  -1724.01010800
  -1723.98705946
  -1724.02351937
  -1724.01513194
  -1724.02729204
  -1723.99886373
  -1724.03048140
  -1724.02200191
  -1723.98627300
  -1723.97541175
  -1724.02750717
  -1723.98648941
  -1724.02427917
  -1723.99022765
  -1724.01235259
  -1724.00928572
  -1724.01980189
  -1724.01453163
  -1724.00318977
  -1724.05217265
  -1724.01918223
  -1724.03431980
  -1724.01004924
  -1724.01686997
  -1724.00472984
  -1724.03516739
  -1724.01561271
  -1723.97282337
  -1724.05431211
  -1724.00971506
  -1723.99785750
  -1724.05956892
  -1724.01681507
  -1724.01945802
  -1724.01601197
  -1723.99889572
  -1724.02508016
  -1723.99007018
  -1724.01419124
  -1724.01992182
  -1724.02189898
  -1724.02630190
  -1724.01462219
  -1724.00093530
  -1724.03138134
  -1724.03764102
  -1724.02262195
  -1724.01959339
  -1724.02076379
  -1723.99869166
  -1724.00613811
  -1724.02858901
  -1724.03544545
  -1724.03174765
  -1724.05427104
  -1723.99393312
  -1724.00751951
  -1724.03744994
  -1724.01713918
  -1724.01710780
  -1724.00513324
  -1724.02203528
  -1724.00735775
  -1723.99853474
  -1723.97720022
  -1724.02157632
  -1724.03937272
  -1724.03872967
  -1723.99360392
  -1724.00098039
  -1723.98705186
  -1723.98040394
  -1724.05210879
  -1724.03848975
  -1723.99219663
  -1724.00182219
  -1724.00283678
  -1724.01424810
  -1724.03339272
  -1724.01088484
  -1723.99977910
  -1724.01777119
  -1723.99681937
  -1724.00319177
  -1724.04682527
  -1724.02052974
  -1724.00450929
  -1724.01530093
  -1724.02005262
  -1723.97786473
  -1724.02335171
  -1724.01506103
  -1724.04428994
  -1724.00571779
  -1724.01701194
  -1723.99860599
  -1723.98931828
  -1723.99024904
  -1724.01746843
  -1724.00549993
  -1723.99350871
  -1723.99720439
  -1724.01742232
  -1724.03267502
  -1724.02078038
  -1724.02089685
  -1724.01774891
  -1724.00879218
  -1723.99745208
  -1723.99673156
  -1724.01210274
  -1724.02487475
  -1723.96474394
  -1724.01301085
  -1724.02518896
  -1723.95023196
  -1724.02563326
  -1724.02695202
  -1724.01787676
  -1724.03647539
  -1724.02960909
  -1723.97538536
  -1724.03918768
  -1724.04148485
  -1723.99309493
  -1724.00499302
  -1724.01762860
  -1724.01526173
  -1723.98253755
  -1723.98464237
  -1723.99958128
  -1723.98839227
  -1724.02328647
  -1724.00247245
  -1724.00345022
  -1724.00420632
  -1724.03036301
  -1724.03770961
  -1723.98001562
  -1724.04419271
  -1724.01816971
  -1723.99943094
  -1724.03544822
  -1723.99544663
  -1724.00787348
  -1723.99432566
  -1724.00631897
  -1724.02038232
  -1724.00399335
  -1724.00858640
  -1724.00841317
  -1724.02550596
  -1724.03405518
  -1723.95694450
  -1724.01138659
  -1724.03557340
  -1724.02847008
  -1724.02848700
  -1724.00890912
  -1724.01438272
  -1724.02465046
  -1724.02157130
  -1723.99844372
  -1724.03983591
  -1723.99564011
  -1724.02524413
  -1723.99590934
  -1724.00901529
  -1724.01633845
  -1724.03274571
  -1723.98227109
  -1724.00554938
  -1724.00546572
  -1724.02475095
  -1723.97987856
  -1724.03062781
  -1723.99155413
  -1724.03715543
  -1724.03590754
  -1724.00969713
  -1724.02566183
  -1724.01213656
  -1724.01698425
  -1724.03804004
  -1723.99279104
  -1724.03447425
  -1724.00422967
  -1723.99346723
  -1724.02941780
  -1724.05644216
  -1724.00925861
  -1724.03550539
  -1724.05308805
  -1723.99213650
  -1724.00235946
  -1724.00192871
  -1724.02288523
  -1724.04327394
  -1724.02478094
  -1724.02302815
  -1724.02373916
  -1723.98858290
  -1723.96183562
  -1724.00148031
  -1724.03296330
  -1723.98733004
  -1724.01118802
  -1723.98794219
  -1724.00484540
  -1723.95739190
  -1724.02574457
  -1724.04401461
  -1724.00939924
  -1723.99537533
  -1723.99010044
  -1724.01085688
  -1724.03002004
  -1724.00938148
  -1724.02865722
  -1724.00350225
  -1724.00842870
  -1724.00605488
  -1724.02407030
  -1724.04033928
  -1724.04092389
  -1724.00389912
  -1724.01198937
  -1724.02237380
  -1724.04029751
  -1724.00658714
  -1724.02306812
  -1723.99643894
  -1724.01805711
  -1724.05346350
  -1723.98426360
  -1723.98584354
  -1724.02721381
  -1724.02233624
  -1724.01659675
  -1724.01812768
  -1724.01013899
  -1724.00861180
  -1724.01736794
  -1723.99440383
  -1724.02085043
  -1724.03935400
  -1723.99671207
  -1723.98717375
  -1724.00813106
  -1724.02762622
  -1724.02095395
  -1723.98660454
  -1724.01173879
  -1724.02082412
  -1724.02235742
  -1723.99987439
  -1724.00673551
  -1723.99944107
  -1724.03357323
  -1724.00388082
  -1724.01496258
  -1724.01859515
  -1724.03250293
  -1724.01090020
  -1724.03878968
  -1724.04650612
  -1724.01377679
  -1724.00261364
  -1723.99458019
  -1724.00506247
  -1724.01568467
  -1724.00215990
  -1724.00936972
  -1723.99619605
  -1723.98705108
  -1724.02568290
  -1723.97399139
  -1724.04148158
  -1724.03979596
  -1724.02338769
  -1724.02004154
  -1724.01223302
  -1724.01488947
  -1724.00007474
  -1724.00542707
  -1724.01940471
  -1724.02041422
  -1724.02644393
  -1724.03620834
  -1724.02167947
  -1724.03393709
  -1724.03015236
  -1724.02771785
  -1723.99489463
  -1724.00559591
  -1723.96665242
  -1723.98527004
  -1723.97993531
  -1723.97600477
  -1724.00747515
  -1724.04025263
  -1723.98472716
  -1724.00577204
  -1723.96653090
  -1724.04281893
  -1724.03663946
  -1724.01239869
  -1724.00320535
  -1724.01843459
  -1724.02109377
  -1724.01921495
  -1723.99548732
  -1723.97838725
  -1723.98174203
  -1724.02386171
  -1724.01730762
  -1724.05259159
  -1724.00382392
  -1723.99934124
  -1723.96688278
  -1724.03621928
  -1723.99989027
  -1724.00915494
  -1724.02132858
  -1724.01420527
  -1724.02763485
  -1724.02678909
  -1723.98970865
  -1724.02240740
  -1723.99412266
  -1724.01449228
  -1724.01132564
  -1723.99705184
  -1724.02636975
  -1724.00927378
  -1723.98187041
  -1723.99856477
  -1723.99870094
  -1724.02212583
  -1723.98523893
  -1724.03459726
  -1723.96865203
  -1723.99790664
  -1724.05044263
  -1724.01977655
  -1724.00292377
  -1724.03184677
  -1724.01815931
  -1723.98443083
  -1724.00563380
  -1724.03338819
  -1724.00427550
  -1724.00174861
  -1723.92703791
  -1724.01697848
  -1724.02886177
  -1723.96536324
  -1724.02088873
  -1724.00532513
  -1723.99109118
  -1724.02286348
  -1724.01785710
  -1723.97276858
  -1724.02748672
  -1724.01483908
  -1724.04186484
  -1723.99645181
  -1724.02537642
  -1724.02981495
  -1723.99225381
  -1723.97953311
  -1723.98745707
  -1723.99443097
  -1724.04027654
  -1724.05105756
  -1723.98178215
  -1724.02142014
  -1724.00636341
  -1724.00780977
  -1724.03172888
  -1723.99588933
  -1724.02689085
  -1724.01459774
  -1724.03206224
  -1723.96040706
  -1724.04137316
  -1724.04216300
  -1724.02176091
  -1724.00768263
  -1724.03855772
  -1724.00592716
  -1724.01532762
  -1724.00546897
  -1724.02692871
  -1724.02097376
  -1724.02594448
  -1724.03168396
  -1723.99685387
  -1724.02414509
  -1724.02560105
  -1724.04841120
  -1724.02811331
  -1724.02330655
  -1724.03309313
  -1723.97137561
  -1724.03020986
  -1723.96081315
  -1724.01986199
  -1723.97771447
  -1724.02361576
  -1724.03227500
  -1724.00433231
  -1723.99814555
  -1724.02471410
  -1723.99509105
  -1724.01390519
  -1723.99133624
  -1723.98846064
  -1723.99222152
  -1723.96743113
  -1723.98836171
  -1724.03509714
  -1724.05164927
  -1724.03774651
  -1724.01448167
  -1724.01682036
  -1723.99018370
  -1724.02340694
  -1724.05321228
  -1724.02112381
  -1724.03449204
  -1724.01914377
  -1724.00392889
  -1724.00605930
  -1724.01470399
  -1724.01658031
  -1724.02212884
  -1723.98652882
  -1723.97106705
  -1724.03758100
  -1723.99875488
  -1724.00739027
  -1724.04305921
  -1724.02948514
  -1723.99394985
  -1724.02594926
  -1724.01662714
  -1724.00665613
  -1724.01223055
  -1723.99607201
  -1724.05588802
  -1724.01160239
  -1724.01097128
  -1723.97982304
  -1724.02502942
  -1724.02467704
  -1723.99672864
  -1724.03575712
  -1724.03014650
  -1724.00999104
  -1723.97710500
  -1724.05575870
  -1724.02581211
  -1724.02863826
  -1724.03999236
  -1723.99089246
  -1723.94956685
  -1724.01584564
  -1723.98704529
  -1724.01918193
  -1724.01378493
  -1723.99644435
  -1724.05052682
  -1724.00174576
  -1724.00134931
  -1724.01331471
  -1723.96013520
  -1724.02736139
  -1724.00668145
  -1724.01135686
  -1724.01185527
  -1723.98833061
  -1724.01462505
  -1724.05950811
  -1724.00434818
  -1723.99678004
  -1724.01033351
  -1724.00697863
  -1724.03820722
  -1724.02044858
  -1723.99178980
  -1724.01792292
  -1724.01279003
  -1724.01720520
  -1724.02840660
  -1724.00132883
  -1723.98037606
  -1723.97372046
  -1724.02717619
  -1724.05388557
  -1724.00025765
  -1724.02519148
  -1724.00611079
  -1724.01808390
  -1724.00324709
  -1724.03169808
  -1724.02353351
  -1724.01896161
  -1723.99664080
  -1723.99455674
  -1724.01348969
  -1723.97113924
  -1724.01775045
  -1724.03442941
  -1724.03409927
  -1724.00253396
  -1724.00567322
  -1724.01227348
  -1724.06023464
  -1724.02306060
  -1723.99721816
  -1724.01518423
  -1724.01527553
  -1724.03814190
  -1724.01841279
  -1723.98439479
  -1724.00123956
  -1723.98229054
  -1724.02149123
  -1723.99944415
  -1724.04197758
  -1724.01167652
  -1724.04852808
  -1724.01453068
  -1724.04866617
  -1723.99507256
  -1724.00474653
  -1724.01556778
  -1723.98600715
  -1724.03494271
  -1724.02447413
  -1724.01488891
  -1724.00082056
  -1723.97726194
  -1724.00842668
  -1724.02172401
  -1723.98995783
  -1724.01350968
  -1724.03454344
  -1723.97124482
  -1724.00766390
  -1723.99951550
  -1724.02912331
  -1723.98811266
  -1724.01164657
  -1723.96911019
  -1723.98958995
  -1724.01056250
  -1723.99034110
  -1724.01161166
  -1724.01438684
  -1723.99886390
  -1723.98532298
  -1724.00084825
  -1724.03969409
  -1723.96305354
  -1723.99034538
  -1724.01168720
  -1724.03145656
  -1724.02928068
  -1723.99910501
  -1724.04874181
  -1724.03564292
  -1724.04286519
  -1723.99354943
  -1723.97534982
  -1724.00320571
  -1723.98627324
  -1724.00583409
  -1724.01280907
  -1723.96889629
  -1724.02285614
  -1724.03040566
  -1723.99697351
  -1724.04014186
  -1724.01365079
  -1724.03724676
  -1724.00520051
  -1724.00755773
  -1724.02263038
  -1724.00256220
  -1724.00538951
  -1724.00365922
  -1724.02028878
  -1724.00794772
  -1724.03532256
  -1723.99810039
  -1724.01577936
  -1724.03374124
  -1724.02987747
  -1724.03089082
  -1724.00907441
  -1724.00308762
  -1724.00895398
  -1724.02328717
  -1723.97247543
  -1723.99142543
  -1724.01242703
  -1724.05045020
  -1723.96532846
  -1723.99734675
  -1723.99755565
  -1723.98984397
  -1724.03969761
  -1724.00242470
  -1724.01827162
  -1724.03047773
  -1723.99033607
  -1724.02091220
  -1724.01149015
  -1724.01102777
  -1724.03796026
  -1724.01745097
  -1724.01922907
  -1724.01558396
  -1723.98544279
  -1724.01300138
  -1724.04054634
  -1724.04710096
  -1724.04464782
  -1724.00404715
  -1724.00113970
  -1724.04110393
  -1724.03400877
  -1724.05070001
  -1724.02409883
  -1724.00524828
  -1724.01862372
  -1724.03013172
  -1724.00001634
  -1724.00466799
  -1724.02729745
  -1724.01960495
  -1724.02579359
  -1724.04445773
  -1723.98781066
  -1724.01052654
  -1724.00126442
  -1724.01999978
  -1724.01919907
  -1724.02788984
  -1723.99737412
  -1724.00038553
  -1724.02789416
  -1724.01456940
  -1723.97966454
  -1724.01393659
  -1724.02419806
  -1723.98291694
  -1724.01740104
  -1724.00396046
  -1724.02774393
  -1723.99494152
  -1724.00476718
  -1723.98265130
  -1724.01371049
  -1724.04025488
  -1724.02878103
  -1724.02812527
  -1724.02382673
  -1724.01960173
  -1724.04412117
  -1724.01450992
  -1724.03245231
  -1724.00286465
  -1724.00966538
  -1724.05954631
  -1724.00855438
  -1724.02762672
  -1724.01717803
  -1724.02911335
  -1724.02963119
  -1724.00486820
  -1723.99273054
  -1724.02656542
  -1723.98293309
  -1723.99862458
  -1724.02922382
  -1724.00305219
  -1724.00199787
  -1724.03975065
  -1724.03596849
  -1723.95744189
  -1724.00052273
  -1723.98370488
  -1724.01336651
  -1724.04241326
  -1723.95371187
  -1724.02058548
  -1724.02909165
  -1724.01595412
  -1724.01838296
  -1724.00157043
  -1724.00380054
  -1723.97804234
  -1724.00497984
  -1724.00005028
  -1724.01805914
  -1724.03903417
  -1724.00877149
  -1724.01058002
  -1724.03824300
  -1724.03434013
  -1724.01720132
  -1724.04883342
  -1724.03312538
  -1724.02016006
  -1724.04022558
  -1723.99217083
  -1723.98373926
  -1724.00291894
  -1724.05863250
  -1724.00347805
  -1724.00899764
  -1724.02425551
  -1723.98205102
  -1724.00108508
  -1724.01396586
  -1724.02428780
  -1724.02693986
  -1724.00871256
  -1724.00957486
  -1724.04128092
  -1724.01610898
  -1724.03842652
  -1724.00331996
  -1724.02953765
  -1723.99937669
  -1724.02607043
  -1724.01965418
  -1724.01787116
  -1724.02798702
  -1724.00532727
  -1724.03691113
  -1724.03768961
  -1724.00735316
  -1724.02355056
  -1724.00094552
  -1724.00745091
  -1723.96949386
  -1723.95033122
  -1724.02147837
  -1724.01393242
  -1724.02141839
  -1724.04308867
  -1724.02143862
  -1724.01417362
  -1724.04676821
  -1723.95642396
  -1724.03245583
  -1724.01844575
  -1724.00663703
  -1724.02884044
  -1723.99076021
  -1724.04624807
  -1723.97193546
  -1724.03101462
  -1724.04368642
  -1724.01429969
  -1723.99878201
  -1724.01205650
  -1724.00996203
  -1724.01618651
  -1723.99466303
  -1723.99695479
  -1723.99852701
  -1723.99146742
  -1724.05661480
  -1724.01570389
  -1724.02935787
  -1724.01640048
  -1723.97866316
  -1724.01052095
  -1724.02138413
  -1724.00091205
  -1724.03216574
  -1724.05249291
  -1724.00446778
  -1723.98869787
  -1724.04694961
  -1723.97197669
  -1724.02460826
  -1724.00594925
  -1724.06629047
  -1724.01715366
  -1724.03416660
  -1723.98363600
  -1724.03790831
  -1724.01124184
  -1724.00751121
  -1723.99154963
  -1724.06236793
  -1724.00159756
  -1723.99488191
  -1724.04189882
  -1724.01910397
  -1724.01517819
  -1724.02473286
  -1724.01055869
  -1724.01147071
  -1724.00343105
  -1724.02128399
  -1724.03137621
  -1723.97466990
  -1724.00738146
  -1724.03788413
  -1724.00203078
  -1724.02669535
  -1724.01972445
  -1724.01138715
  -1724.02105057
  -1724.01612956
  -1724.00623201
  -1724.03254119
  -1724.01741895
  -1723.97625205
  -1724.03044806
  -1724.00887827
  -1723.99812868
  -1724.02972433
  -1723.98558263
  -1724.03405289
  -1723.99063635
  -1724.04069976
  -1724.02536352
  -1723.96876520
  -1724.01564106
  -1723.99585557
  -1724.02083382
  -1724.04366777
  -1724.02698195
  -1724.01888997
  -1723.99190748
  -1724.01429276
  -1724.00856417
  -1724.02114511
  -1723.97671524
  -1724.00891839
  -1724.01016258
  -1724.01982355
  -1724.00382918
  -1723.99763493
  -1724.02110185
  -1723.99835531
  -1724.02245857
  -1724.01388639
  -1724.03094599
  -1724.02817691
  -1724.02104745
  -1724.02467084
  -1724.03560205
  -1724.01452243
  -1724.03230809
  -1723.99882858
  -1724.02634229
  -1724.00889737
  -1723.97881249
  -1724.01495987
  -1723.99575675
  -1723.95600864
  -1723.99284561
  -1724.03301272
  -1724.02532913
  -1724.02777620
  -1724.01757784
  -1723.95857889
  -1724.03722048
  -1723.98489734
  -1724.03952913
  -1724.00776100
  -1724.03079643
  -1723.99865738
  -1724.03533660
  -1723.97498164
  -1724.01823446
  -1723.99091128
  -1724.01725116
  -1724.01266784
  -1724.00700213
  -1724.00271568
  -1723.97461862
  -1724.02769507
  -1724.01872697
  -1724.05913060
  -1723.96273085
  -1723.99031972
  -1724.02728700
  -1723.99130273
  -1724.00513272
  -1724.01094792
  -1724.02024808
  -1724.01442660
  -1723.98106175
  -1724.00618655
  -1724.01060311
  -1724.01356644
  -1724.03486074
  -1723.99305308
  -1723.98630670
  -1724.00872219
  -1724.04691499
  -1723.97550123
  -1724.00749116
  -1724.02327688
  -1724.01005012
  -1723.96118313
  -1723.99371057
  -1724.01617994
  -1723.99472770
  -1723.94003299
  -1723.99929835
  -1723.97506817
  -1724.01870508
  -1724.01382324
  -1724.01664740
  -1724.03145146
  -1724.02671716
  -1724.01433936
  -1724.03267431
  -1724.00479101
  -1723.99401470
  -1724.03179078
  -1724.01637270
  -1724.02110730
  -1724.00172472
  -1724.03281055
  -1724.02123941
  -1724.03821085
  -1723.97580827
  -1724.02071994
  -1724.02447420
  -1724.00547605
  -1724.01790606
  -1723.98123116
  -1724.00540557
  -1724.01583942
  -1724.04136079
  -1724.00257916
  -1724.03195310
  -1724.01037632
  -1724.02056336
  -1724.01865977
  -1723.97779566
  -1724.00619704
  -1724.01922297
  -1723.94346574
  -1724.00184131
  -1723.98961629
  -1724.00751069
  -1724.04331414
  -1724.02322501
  -1723.99797629
  -1724.01543085
  -1724.00556878
  -1723.99417792
  -1724.03465417
  -1724.05240638
  -1724.02008847
  -1724.02866079
  -1723.99477942
  -1723.98865418
  -1723.99780847
  -1723.98708109
  -1723.99683346
  -1724.04650354
  -1724.00258429
  -1724.04435697
  -1723.95114550
  -1724.01538454
  -1723.97902376
  -1724.00924180
  -1724.00407067
  -1723.99337031
  -1724.05691409
  -1724.02073822
  -1723.98097678
  -1724.00698633
  -1723.96805263
  -1723.99952021
  -1723.99577226
  -1724.00350557
  -1724.00152161
  -1724.00334186
  -1723.98550158
  -1723.97981062
  -1724.00258201
  -1723.99595215
  -1724.02757582
  -1724.03360453
  -1724.05050218
  -1724.03830651
  -1723.98205623
  -1723.99968536
  -1724.04607028
  -1723.99397924
  -1723.99110202
  -1724.03016945
  -1724.03815513
  -1724.00036148
  -1723.98861603
  -1724.02684595
  -1724.00924970
  -1724.02331340
  -1724.01914973
  -1723.98059390
  -1724.01094393
  -1724.02682422
  -1724.00257817
  -1724.02404254
  -1724.01345480
  -1724.03812369
  -1724.00404212
  -1724.02316461
  -1724.01129998
  -1724.02673379
  -1724.02280066
  -1724.04109025
  -1724.03157418
  -1724.00921668
