% The following energies apply to conformations described by the topology 
% R50_iter1.top.  Structures are given in trajectory coords.cdf, count: 162.

% Item 0:
%   Energy -> orca_structures/coor*/NConf*.out
  -1724.06353037
  -1724.06427469
  -1724.07361168
  -1724.07429541
  -1724.07378674
  -1724.07027843
  -1724.06729463
  -1724.06902915
  -1724.06006298
  -1724.06022440
  -1724.06713392
  -1724.07060109
  -1724.07103341
  -1724.07339253
  -1724.07302054
  -1724.06842293
  -1724.06692761
  -1724.06408649
  -1724.07000840
  -1724.06859103
  -1724.07380817
  -1724.07384029
  -1724.07350142
  -1724.07041330
  -1724.05871135
  -1724.07070855
  -1724.07347251
  -1724.07227202
  -1724.07400738
  -1724.07359999
  -1724.06938916
  -1724.06696426
  -1724.06772199
  -1724.07391654
  -1724.07205411
  -1724.06984001
  -1724.07230477
  -1724.07416585
  -1724.07262380
  -1724.06919664
  -1724.06377984
  -1724.06633195
  -1724.07392846
  -1724.07112516
  -1724.06633656
  -1724.06400899
  -1724.06847181
  -1724.07483972
  -1724.07323684
  -1724.06434015
  -1724.06837324
  -1724.07325124
  -1724.06970476
  -1724.07192888
  -1724.06779148
  -1724.06442752
  -1724.06923536
  -1724.07349234
  -1724.07049416
  -1724.06353774
  -1724.07112208
  -1724.07012944
  -1724.07376834
  -1724.05798193
  -1724.07173468
  -1724.06478336
  -1724.06496575
  -1724.07174142
  -1724.06935924
  -1724.06972816
  -1724.06558010
  -1724.07316242
  -1724.06825105
  -1724.07360144
  -1724.06483034
  -1724.06520434
  -1724.07485463
  -1724.06002418
  -1724.06939754
  -1724.07406764
  -1724.06412282
  -1724.06954301
  -1724.07297558
  -1724.07324699
  -1724.06909732
  -1724.06393887
  -1724.07232852
  -1724.06372790
  -1724.07205832
  -1724.07327663
  -1724.07099006
  -1724.07481060
  -1724.07315430
  -1724.07385271
  -1724.06384652
  -1724.06486787
  -1724.06376413
  -1724.07312136
  -1724.06972589
  -1724.05792237
  -1724.07103864
  -1724.06322859
  -1724.05900783
  -1724.06421279
  -1724.05822835
  -1724.06409632
  -1724.05254161
  -1724.07090085
  -1724.06767991
  -1724.06852425
  -1724.07243754
  -1724.07094920
  -1724.06325524
  -1724.07292246
  -1724.07393628
  -1724.07108629
  -1724.06937238
  -1724.06896837
  -1724.06529156
  -1724.07180772
  -1724.07342094
  -1724.06354219
  -1724.06685219
  -1724.06776215
  -1724.06443052
  -1724.06859451
  -1724.07361832
  -1724.07148048
  -1724.06709487
  -1724.05198143
  -1724.07331228
  -1724.07093915
  -1724.06638671
  -1724.07234472
  -1724.07017902
  -1724.05583291
  -1724.07274804
  -1724.06942090
  -1724.07287799
  -1724.06961247
  -1724.06357937
  -1724.07301421
  -1724.06335845
  -1724.06910349
  -1724.07403567
  -1724.05850433
  -1724.07060746
  -1724.07428455
  -1724.06582423
  -1724.06342261
  -1724.06881317
  -1724.05985336
  -1724.06324010
  -1724.06506182
  -1724.06884535
  -1724.06996652
  -1724.06871115
  -1724.07371750
  -1724.07139112
  -1724.06971487
  -1724.06356589
  -1724.06738330
