% The following energies apply to conformations described by the topology 
% R59_iter1.top.  Structures are given in trajectory coords.cdf, count: 144.

% Item 0:
%   Energy -> orca_structures/coor*/NConf*.out
  -1011.51235170
  -1011.51786835
  -1011.51322815
  -1011.52200448
  -1011.51989825
  -1011.51900077
  -1011.51789244
  -1011.52155958
  -1011.51567829
  -1011.51748902
  -1011.52079557
  -1011.51376063
  -1011.52197738
  -1011.51947555
  -1011.51744358
  -1011.52131805
  -1011.50667215
  -1011.51843243
  -1011.50606468
  -1011.51549792
  -1011.51835472
  -1011.50682219
  -1011.51738434
  -1011.51356367
  -1011.51708894
  -1011.51832527
  -1011.51311231
  -1011.51960840
  -1011.51822649
  -1011.52200862
  -1011.51762737
  -1011.51945251
  -1011.51831479
  -1011.51741226
  -1011.51578488
  -1011.51737887
  -1011.50949480
  -1011.52202128
  -1011.51756101
  -1011.50989445
  -1011.51920050
  -1011.51900999
  -1011.51940606
  -1011.52050833
  -1011.52023079
  -1011.51946450
  -1011.51676350
  -1011.51887697
  -1011.51666179
  -1011.51983470
  -1011.52168855
  -1011.51374622
  -1011.51976467
  -1011.51799973
  -1011.51903640
  -1011.52001240
  -1011.52006557
  -1011.51633558
  -1011.52136671
  -1011.51557337
  -1011.51920590
  -1011.51866630
  -1011.50730380
  -1011.51896608
  -1011.51665009
  -1011.51570372
  -1011.51688648
  -1011.50966867
  -1011.51796436
  -1011.50978496
  -1011.51318204
  -1011.51359500
  -1011.51672657
  -1011.52121366
  -1011.51790528
  -1011.51557557
  -1011.51714762
  -1011.51708029
  -1011.51459750
  -1011.50629102
  -1011.51433750
  -1011.51279766
  -1011.51813282
  -1011.51896627
  -1011.52051175
  -1011.51742087
  -1011.49790310
  -1011.51275833
  -1011.51475020
  -1011.51753884
  -1011.51458404
  -1011.51869808
  -1011.51622591
  -1011.51804674
  -1011.51713574
  -1011.52068198
  -1011.50888638
  -1011.49758389
  -1011.51758447
  -1011.51497898
  -1011.51808467
  -1011.50910624
  -1011.51742201
  -1011.51925181
  -1011.51853560
  -1011.51823838
  -1011.51644280
  -1011.51668602
  -1011.51720691
  -1011.51638735
  -1011.51290789
  -1011.51842406
  -1011.51396498
  -1011.51748927
  -1011.51923515
  -1011.51902254
  -1011.51787793
  -1011.51807032
  -1011.51769581
  -1011.51751229
  -1011.51986785
  -1011.49789387
  -1011.51736087
  -1011.51757912
  -1011.51688168
  -1011.51900299
  -1011.51678905
  -1011.51504638
  -1011.51071227
  -1011.51674670
  -1011.51964419
  -1011.51375195
  -1011.51519184
  -1011.51321804
  -1011.51816365
  -1011.51604650
  -1011.50046734
  -1011.51836788
  -1011.51649895
  -1011.51620310
  -1011.51990603
  -1011.50064347
  -1011.51833806
  -1011.51803602
