% The following energies apply to conformations described by the topology 
% R59.top.  Structures are given in trajectory coords.cdf, count: 2357.

% Item 0:
%   Energy -> orca_structures/coor*/Conf*.out
  -1011.44855070
  -1011.47297470
  -1011.48773750
  -1011.47557651
  -1011.46620032
  -1011.47054772
  -1011.43499964
  -1011.50514137
  -1011.42577665
  -1011.45444153
  -1011.46480932
  -1011.49463767
  -1011.43146528
  -1011.44308997
  -1011.46273271
  -1011.43629687
  -1011.48399893
  -1011.47595330
  -1011.44816287
  -1011.48154584
  -1011.50210564
  -1011.45158046
  -1011.48460541
  -1011.48106556
  -1011.47775221
  -1011.46574819
  -1011.45557194
  -1011.47294034
  -1011.45466911
  -1011.48387864
  -1011.47990589
  -1011.40334184
  -1011.48960764
  -1011.47180109
  -1011.48837130
  -1011.45083728
  -1011.45267082
  -1011.46486418
  -1011.44356195
  -1011.48989765
  -1011.46814680
  -1011.44714826
  -1011.38876392
  -1011.47409783
  -1011.48693378
  -1011.44428485
  -1011.45281072
  -1011.46388513
  -1011.47350733
  -1011.44664829
  -1011.40674855
  -1011.48247917
  -1011.46140499
  -1011.44809226
  -1011.49534843
  -1011.47422557
  -1011.44092410
  -1011.47783291
  -1011.44639813
  -1011.47573255
  -1011.46684188
  -1011.39633653
  -1011.45956005
  -1011.45960079
  -1011.43078777
  -1011.48006179
  -1011.49202379
  -1011.47987322
  -1011.45906218
  -1011.46598078
  -1011.47526241
  -1011.49353361
  -1011.47937356
  -1011.45064429
  -1011.46743608
  -1011.44990148
  -1011.46681998
  -1011.46391777
  -1011.45380140
  -1011.47305960
  -1011.46239692
  -1011.47529216
  -1011.43651837
  -1011.49531747
  -1011.45627483
  -1011.45716929
  -1011.45910440
  -1011.43281583
  -1011.46107577
  -1011.48591772
  -1011.45397415
  -1011.48175639
  -1011.48425682
  -1011.46070364
  -1011.45713733
  -1011.48546793
  -1011.46744125
  -1011.45867265
  -1011.48121696
  -1011.46284943
  -1011.47730482
  -1011.47757153
  -1011.43889932
  -1011.45072334
  -1011.41828100
  -1011.43460856
  -1011.45274715
  -1011.48740824
  -1011.46098904
  -1011.48790629
  -1011.46901556
  -1011.46872532
  -1011.47640493
  -1011.45995856
  -1011.45684256
  -1011.44760349
  -1011.48180507
  -1011.46134538
  -1011.47334073
  -1011.47847149
  -1011.45483454
  -1011.48107090
  -1011.47024774
  -1011.46763727
  -1011.43806352
  -1011.46199837
  -1011.45722053
  -1011.44554225
  -1011.49186326
  -1011.46468192
  -1011.47866532
  -1011.46543390
  -1011.48117357
  -1011.47640852
  -1011.48650389
  -1011.46750949
  -1011.42711851
  -1011.47806713
  -1011.47169250
  -1011.47998231
  -1011.41384091
  -1011.46149569
  -1011.47550330
  -1011.44978279
  -1011.47056630
  -1011.43952186
  -1011.45178089
  -1011.46680075
  -1011.46998937
  -1011.50031522
  -1011.47165331
  -1011.44151247
  -1011.48985214
  -1011.48064554
  -1011.42849103
  -1011.48362327
  -1011.44765425
  -1011.46528180
  -1011.47975446
  -1011.46589579
  -1011.45920456
  -1011.49099580
  -1011.37627946
  -1011.45425675
  -1011.42259166
  -1011.45427352
  -1011.43621090
  -1011.45696820
  -1011.47690412
  -1011.44969766
  -1011.49403484
  -1011.47193952
  -1011.48832696
  -1011.40779613
  -1011.46418586
  -1011.46315955
  -1011.46349094
  -1011.48754606
  -1011.48057595
  -1011.46682058
  -1011.46746756
  -1011.45845311
  -1011.48062031
  -1011.41795216
  -1011.48027515
  -1011.42347296
  -1011.48790355
  -1011.49121834
  -1011.47297730
  -1011.45857353
  -1011.35914603
  -1011.46192465
  -1011.47462571
  -1011.46736920
  -1011.47116227
  -1011.48352806
  -1011.47834189
  -1011.50480386
  -1011.46052484
  -1011.48732587
  -1011.48759301
  -1011.44461465
  -1011.47356844
  -1011.46375491
  -1011.47472255
  -1011.45792719
  -1011.46110760
  -1011.45246305
  -1011.47413462
  -1011.46612618
  -1011.48230793
  -1011.45295692
  -1011.47515085
  -1011.47623811
  -1011.43081859
  -1011.46360083
  -1011.45891033
  -1011.47306056
  -1011.46290516
  -1011.48870084
  -1011.46001677
  -1011.48126504
  -1011.49018344
  -1011.47412547
  -1011.46131782
  -1011.45788205
  -1011.47064858
  -1011.49298028
  -1011.45977314
  -1011.43990250
  -1011.44469112
  -1011.43767910
  -1011.45521522
  -1011.44658510
  -1011.36370175
  -1011.45633145
  -1011.45669463
  -1011.47961198
  -1011.48962607
  -1011.48813215
  -1011.49023268
  -1011.47613039
  -1011.47685229
  -1011.50044592
  -1011.48833578
  -1011.46437912
  -1011.43719715
  -1011.47870027
  -1011.45187666
  -1011.47251856
  -1011.48625458
  -1011.49661081
  -1011.48558875
  -1011.47931058
  -1011.48847927
  -1011.44099201
  -1011.46817279
  -1011.46419065
  -1011.45480171
  -1011.44414174
  -1011.45726529
  -1011.46880445
  -1011.45123408
  -1011.47583468
  -1011.40510522
  -1011.48133909
  -1011.48468800
  -1011.48722980
  -1011.47557525
  -1011.48109202
  -1011.49115618
  -1011.47538386
  -1011.44340770
  -1011.47986791
  -1011.45258256
  -1011.47367020
  -1011.47115540
  -1011.47870008
  -1011.45338052
  -1011.46920930
  -1011.47444508
  -1011.45652491
  -1011.47504919
  -1011.46007243
  -1011.49273520
  -1011.46589803
  -1011.45865086
  -1011.45208821
  -1011.48176983
  -1011.46842796
  -1011.47886118
  -1011.47178922
  -1011.46636913
  -1011.46511212
  -1011.48103407
  -1011.50151348
  -1011.44834984
  -1011.48933243
  -1011.45695476
  -1011.49233228
  -1011.47359647
  -1011.47938603
  -1011.47428231
  -1011.43539997
  -1011.45468764
  -1011.49838619
  -1011.47824177
  -1011.43248728
  -1011.45518319
  -1011.49190685
  -1011.49456612
  -1011.46780227
  -1011.46551067
  -1011.49418209
  -1011.49528520
  -1011.45317096
  -1011.48015113
  -1011.48986267
  -1011.46391372
  -1011.48123355
  -1011.47065020
  -1011.46705973
  -1011.46310246
  -1011.48346524
  -1011.46781008
  -1011.47462117
  -1011.46334823
  -1011.44510550
  -1011.45036441
  -1011.39159138
  -1011.46247686
  -1011.43021865
  -1011.46105811
  -1011.46526851
  -1011.49603452
  -1011.49232025
  -1011.47939139
  -1011.46885048
  -1011.47298847
  -1011.51042282
  -1011.48485205
  -1011.43040438
  -1011.48484751
  -1011.44363219
  -1011.50067291
  -1011.49406549
  -1011.46941967
  -1011.48110074
  -1011.46300944
  -1011.46479168
  -1011.47907589
  -1011.50409977
  -1011.41715755
  -1011.50978431
  -1011.47465810
  -1011.45456273
  -1011.47137172
  -1011.47009591
  -1011.38121962
  -1011.44623283
  -1011.49623117
  -1011.47077294
  -1011.42327783
  -1011.48342280
  -1011.45937464
  -1011.47458343
  -1011.48404041
  -1011.46083432
  -1011.44629117
  -1011.49136305
  -1011.47728267
  -1011.47682783
  -1011.48336048
  -1011.47886386
  -1011.48929178
  -1011.49274974
  -1011.48020117
  -1011.40298547
  -1011.46973852
  -1011.46503146
  -1011.45522899
  -1011.47166938
  -1011.48474212
  -1011.45605930
  -1011.49071061
  -1011.35795655
  -1011.46363509
  -1011.47745014
  -1011.48639550
  -1011.46120496
  -1011.46135416
  -1011.47156863
  -1011.48909291
  -1011.45478977
  -1011.45725805
  -1011.43919678
  -1011.49165520
  -1011.47693130
  -1011.46071455
  -1011.49619810
  -1011.46949952
  -1011.46741265
  -1011.45204719
  -1011.47181646
  -1011.46244647
  -1011.47127086
  -1011.48565387
  -1011.48903928
  -1011.47851425
  -1011.46085212
  -1011.45681985
  -1011.47068301
  -1011.49227555
  -1011.47520217
  -1011.43641931
  -1011.47087599
  -1011.49008213
  -1011.46501135
  -1011.46868976
  -1011.49138288
  -1011.42810553
  -1011.44764174
  -1011.47854263
  -1011.46557819
  -1011.47245737
  -1011.47098212
  -1011.45974614
  -1011.43021342
  -1011.45830906
  -1011.45870251
  -1011.48335207
  -1011.47227433
  -1011.46386920
  -1011.47233615
  -1011.45622124
  -1011.47121823
  -1011.48418809
  -1011.45802906
  -1011.42200459
  -1011.43540825
  -1011.48540470
  -1011.47988662
  -1011.48768349
  -1011.48274299
  -1011.46375534
  -1011.45528887
  -1011.48530972
  -1011.46643470
  -1011.48002015
  -1011.47517114
  -1011.43794792
  -1011.47539976
  -1011.44363322
  -1011.50192299
  -1011.46553858
  -1011.46124799
  -1011.43960935
  -1011.46445767
  -1011.47513017
  -1011.38967609
  -1011.47759353
  -1011.46743280
  -1011.44437657
  -1011.41935484
  -1011.45615955
  -1011.45676468
  -1011.45984845
  -1011.44562864
  -1011.46882829
  -1011.46820685
  -1011.49270217
  -1011.46276691
  -1011.43714134
  -1011.47798926
  -1011.45265397
  -1011.49086688
  -1011.45096538
  -1011.43976664
  -1011.48490190
  -1011.46757100
  -1011.44655558
  -1011.44613068
  -1011.50070447
  -1011.41515889
  -1011.48880254
  -1011.44848672
  -1011.46678440
  -1011.48330637
  -1011.45480243
  -1011.46202267
  -1011.48305097
  -1011.45362447
  -1011.49714735
  -1011.46697940
  -1011.42726104
  -1011.40967463
  -1011.46114600
  -1011.42247442
  -1011.44452862
  -1011.46733839
  -1011.41218343
  -1011.48414849
  -1011.43694917
  -1011.48229488
  -1011.45529829
  -1011.44769551
  -1011.47094555
  -1011.46522143
  -1011.45693554
  -1011.45422301
  -1011.47071898
  -1011.47053647
  -1011.49254237
  -1011.45739139
  -1011.43283538
  -1011.47475755
  -1011.45484245
  -1011.43663008
  -1011.47989504
  -1011.46183194
  -1011.43950820
  -1011.40653329
  -1011.45136275
  -1011.44693829
  -1011.44025036
  -1011.39639341
  -1011.39997658
  -1011.48790886
  -1011.50142112
  -1011.49353935
  -1011.48142563
  -1011.48381077
  -1011.48625380
  -1011.44741047
  -1011.49353041
  -1011.49616953
  -1011.48459582
  -1011.46933514
  -1011.45381263
  -1011.46121838
  -1011.44460939
  -1011.44263849
  -1011.46348472
  -1011.47511299
  -1011.49970355
  -1011.47255504
  -1011.40659846
  -1011.48127438
  -1011.47007165
  -1011.47174784
  -1011.50630100
  -1011.48540716
  -1011.47965595
  -1011.50654531
  -1011.48793677
  -1011.47549235
  -1011.46061839
  -1011.47184740
  -1011.46146007
  -1011.44164498
  -1011.48456236
  -1011.48224409
  -1011.46012541
  -1011.45840225
  -1011.47648627
  -1011.47931407
  -1011.49419532
  -1011.44624216
  -1011.48489767
  -1011.46454127
  -1011.38174593
  -1011.49669410
  -1011.46245950
  -1011.49929640
  -1011.46744096
  -1011.47447651
  -1011.45204567
  -1011.45806385
  -1011.48939789
  -1011.41046646
  -1011.46619096
  -1011.42341176
  -1011.43464481
  -1011.47152606
  -1011.43913133
  -1011.48182376
  -1011.46977552
  -1011.47337347
  -1011.45239650
  -1011.49301822
  -1011.47220412
  -1011.45440156
  -1011.47808042
  -1011.46268034
  -1011.40607198
  -1011.45602591
  -1011.47129716
  -1011.48572701
  -1011.49249118
  -1011.49681904
  -1011.43740517
  -1011.48328539
  -1011.46825051
  -1011.48078749
  -1011.49139430
  -1011.50014098
  -1011.47184449
  -1011.43757637
  -1011.39371005
  -1011.44259386
  -1011.41808162
  -1011.47795557
  -1011.44173765
  -1011.45787044
  -1011.45902218
  -1011.47372572
  -1011.42470057
  -1011.48182027
  -1011.45580282
  -1011.45875373
  -1011.49650910
  -1011.48112987
  -1011.48210785
  -1011.47638177
  -1011.46910824
  -1011.42787655
  -1011.48474121
  -1011.47248313
  -1011.47125807
  -1011.45829797
  -1011.49176968
  -1011.48130115
  -1011.44516809
  -1011.45805407
  -1011.44479934
  -1011.44656604
  -1011.47304089
  -1011.47683713
  -1011.45460336
  -1011.48945839
  -1011.48324280
  -1011.44193105
  -1011.47361521
  -1011.45334580
  -1011.46064210
  -1011.47463016
  -1011.46934086
  -1011.42384243
  -1011.47913827
  -1011.48206952
  -1011.37185052
  -1011.45596720
  -1011.49012800
  -1011.47866982
  -1011.46797231
  -1011.46847000
  -1011.48726991
  -1011.50280914
  -1011.46729625
  -1011.48031014
  -1011.42556360
  -1011.46559602
  -1011.46040063
  -1011.46999922
  -1011.47784654
  -1011.48526549
  -1011.47518113
  -1011.43088565
  -1011.47270448
  -1011.43315780
  -1011.46030673
  -1011.45869889
  -1011.47597313
  -1011.46718852
  -1011.47768008
  -1011.44969859
  -1011.49337409
  -1011.46682016
  -1011.48846196
  -1011.47623641
  -1011.47425852
  -1011.46766051
  -1011.47839773
  -1011.46717708
  -1011.47132443
  -1011.49083659
  -1011.49746275
  -1011.44408322
  -1011.44872886
  -1011.46951796
  -1011.37678576
  -1011.44694937
  -1011.45602977
  -1011.48480566
  -1011.41826540
  -1011.46706855
  -1011.48340497
  -1011.48558194
  -1011.46206331
  -1011.46113956
  -1011.48904767
  -1011.45697187
  -1011.44886542
  -1011.45961559
  -1011.47320308
  -1011.46448019
  -1011.47948914
  -1011.49731737
  -1011.47846085
  -1011.46192721
  -1011.48203886
  -1011.45683290
  -1011.47370573
  -1011.46359405
  -1011.47243499
  -1011.46413203
  -1011.45801147
  -1011.48966603
  -1011.46343936
  -1011.45323686
  -1011.46253506
  -1011.46173442
  -1011.50513797
  -1011.46401384
  -1011.45834233
  -1011.49939364
  -1011.46452028
  -1011.48123844
  -1011.48719171
  -1011.47005638
  -1011.48569992
  -1011.44989309
  -1011.46808714
  -1011.40238569
  -1011.49157933
  -1011.46226424
  -1011.46437640
  -1011.46564410
  -1011.46320378
  -1011.40024493
  -1011.48353838
  -1011.48662950
  -1011.47812627
  -1011.45728348
  -1011.46399706
  -1011.40455507
  -1011.48715421
  -1011.47451056
  -1011.46547119
  -1011.47993359
  -1011.45274501
  -1011.40965375
  -1011.45553283
  -1011.48957425
  -1011.47951443
  -1011.48184195
  -1011.47781265
  -1011.47940217
  -1011.47416494
  -1011.49734120
  -1011.47322139
  -1011.44931147
  -1011.44419628
  -1011.46413194
  -1011.47255231
  -1011.46147384
  -1011.45657194
  -1011.49089956
  -1011.48142007
  -1011.40427207
  -1011.42043019
  -1011.42784331
  -1011.47140548
  -1011.47241953
  -1011.47175914
  -1011.47593660
  -1011.47747643
  -1011.45175880
  -1011.43736909
  -1011.47323254
  -1011.50127128
  -1011.49190338
  -1011.48526713
  -1011.40195375
  -1011.48067166
  -1011.45167889
  -1011.47481860
  -1011.49105819
  -1011.43622188
  -1011.47874579
  -1011.46560095
  -1011.46919334
  -1011.45650145
  -1011.47009055
  -1011.47576846
  -1011.49364265
  -1011.49585298
  -1011.45889496
  -1011.47623889
  -1011.45199576
  -1011.48601415
  -1011.49268233
  -1011.44612216
  -1011.45572769
  -1011.45574596
  -1011.46804129
  -1011.46651762
  -1011.46299215
  -1011.45529581
  -1011.47414484
  -1011.47505950
  -1011.48324640
  -1011.47460787
  -1011.48047718
  -1011.46448623
  -1011.46268488
  -1011.46518700
  -1011.47912562
  -1011.48085054
  -1011.44347966
  -1011.46678483
  -1011.45386996
  -1011.47072063
  -1011.45185566
  -1011.49106604
  -1011.49101971
  -1011.48902944
  -1011.49057230
  -1011.45658595
  -1011.49243221
  -1011.48509624
  -1011.48473241
  -1011.48183990
  -1011.47130695
  -1011.47093633
  -1011.49447446
  -1011.46268846
  -1011.46998955
  -1011.48716468
  -1011.48295784
  -1011.47951719
  -1011.47080716
  -1011.47701811
  -1011.45425029
  -1011.47859395
  -1011.47381386
  -1011.48310573
  -1011.47747289
  -1011.48272348
  -1011.47607028
  -1011.47634649
  -1011.45559410
  -1011.44520991
  -1011.48025661
  -1011.46676516
  -1011.44682954
  -1011.48989053
  -1011.44635735
  -1011.48893767
  -1011.47917704
  -1011.46690511
  -1011.44608060
  -1011.49020643
  -1011.42023056
  -1011.48297002
  -1011.51219579
  -1011.47436545
  -1011.49125345
  -1011.45348312
  -1011.44344352
  -1011.45457264
  -1011.40965782
  -1011.48835534
  -1011.50155051
  -1011.51122848
  -1011.40513961
  -1011.39981140
  -1011.41777760
  -1011.48878134
  -1011.44892319
  -1011.47145152
  -1011.40116061
  -1011.46153601
  -1011.41848799
  -1011.47304815
  -1011.47903636
  -1011.44679493
  -1011.49062417
  -1011.48968228
  -1011.45924446
  -1011.46966359
  -1011.45015157
  -1011.46094205
  -1011.48192544
  -1011.48506777
  -1011.44425598
  -1011.47104348
  -1011.46601770
  -1011.50134957
  -1011.47631239
  -1011.45698990
  -1011.48505523
  -1011.46623441
  -1011.47438831
  -1011.46139631
  -1011.47488481
  -1011.46962960
  -1011.38385387
  -1011.44734717
  -1011.46864409
  -1011.46983800
  -1011.49373840
  -1011.40734458
  -1011.46536768
  -1011.47280672
  -1011.48557709
  -1011.48268402
  -1011.44565916
  -1011.46272960
  -1011.49241938
  -1011.42697131
  -1011.42690745
  -1011.44305609
  -1011.43876446
  -1011.47433006
  -1011.43768058
  -1011.47129790
  -1011.47210926
  -1011.48103534
  -1011.43665044
  -1011.49149498
  -1011.48797370
  -1011.47762552
  -1011.48615728
  -1011.49613409
  -1011.41848276
  -1011.48653480
  -1011.48485552
  -1011.45350096
  -1011.42932972
  -1011.47184821
  -1011.43420960
  -1011.48305423
  -1011.46066288
  -1011.45309691
  -1011.46030893
  -1011.46909745
  -1011.45745388
  -1011.48039048
  -1011.41707346
  -1011.49510249
  -1011.43563166
  -1011.42796511
  -1011.48301883
  -1011.45565824
  -1011.40480971
  -1011.46803136
  -1011.47250397
  -1011.46107733
  -1011.45952815
  -1011.46870688
  -1011.44721239
  -1011.45740052
  -1011.46758059
  -1011.42631317
  -1011.45664909
  -1011.45822324
  -1011.48920598
  -1011.46875520
  -1011.38046967
  -1011.42321597
  -1011.48998192
  -1011.43455514
  -1011.45247437
  -1011.46044334
  -1011.44437705
  -1011.43930600
  -1011.48823736
  -1011.48675195
  -1011.47750737
  -1011.50074934
  -1011.47597415
  -1011.43342018
  -1011.48220872
  -1011.41680381
  -1011.46717773
  -1011.46177181
  -1011.44731990
  -1011.49049159
  -1011.47478761
  -1011.47392765
  -1011.50347263
  -1011.45667605
  -1011.48373600
  -1011.45359318
  -1011.44148850
  -1011.48017566
  -1011.45278296
  -1011.45457273
  -1011.45245325
  -1011.45507926
  -1011.49208089
  -1011.46599507
  -1011.47675214
  -1011.47907169
  -1011.46706153
  -1011.45613717
  -1011.47270549
  -1011.47929057
  -1011.46855043
  -1011.47022687
  -1011.48734107
  -1011.47946978
  -1011.46903082
  -1011.43029670
  -1011.45889990
  -1011.44525114
  -1011.46964858
  -1011.43020164
  -1011.46927772
  -1011.48122175
  -1011.48652308
  -1011.50260281
  -1011.45233409
  -1011.44057754
  -1011.46820324
  -1011.47445722
  -1011.47982192
  -1011.45389740
  -1011.47150461
  -1011.48221117
  -1011.48770845
  -1011.46192604
  -1011.50304171
  -1011.48767158
  -1011.45358091
  -1011.45649489
  -1011.45719317
  -1011.47711482
  -1011.48452115
  -1011.47473926
  -1011.47449616
  -1011.46635733
  -1011.43420914
  -1011.49242043
  -1011.45795500
  -1011.46849184
  -1011.46559050
  -1011.46148726
  -1011.47647064
  -1011.42860434
  -1011.45571881
  -1011.47886445
  -1011.46751775
  -1011.47437377
  -1011.48090086
  -1011.47496072
  -1011.46443835
  -1011.48952393
  -1011.46996029
  -1011.48168633
  -1011.46264743
  -1011.47204118
  -1011.45692395
  -1011.47173045
  -1011.42112710
  -1011.35762140
  -1011.46098436
  -1011.47416763
  -1011.49025392
  -1011.41607699
  -1011.46690373
  -1011.49211499
  -1011.46546188
  -1011.41766434
  -1011.43139275
  -1011.45970226
  -1011.41183556
  -1011.48614432
  -1011.50708293
  -1011.49208503
  -1011.46405362
  -1011.47936297
  -1011.38970688
  -1011.46997386
  -1011.48775439
  -1011.47654464
  -1011.48487338
  -1011.45952767
  -1011.47422277
  -1011.40541583
  -1011.47467950
  -1011.46433658
  -1011.47264987
  -1011.47383511
  -1011.47310589
  -1011.44718503
  -1011.46848934
  -1011.48590560
  -1011.41302327
  -1011.45396253
  -1011.40068626
  -1011.47401412
  -1011.45372213
  -1011.49872168
  -1011.50370629
  -1011.49072384
  -1011.49464576
  -1011.47067191
  -1011.44966838
  -1011.45998762
  -1011.47987992
  -1011.46431095
  -1011.44319497
  -1011.47409673
  -1011.39826212
  -1011.47099124
  -1011.47316531
  -1011.47543212
  -1011.45367256
  -1011.47291501
  -1011.50281642
  -1011.41288710
  -1011.48612598
  -1011.45875763
  -1011.49096182
  -1011.49577555
  -1011.47035580
  -1011.43725808
  -1011.45108590
  -1011.44728996
  -1011.46543307
  -1011.47932773
  -1011.47725483
  -1011.47225384
  -1011.44518603
  -1011.47625169
  -1011.47121649
  -1011.48382211
  -1011.40552994
  -1011.46832163
  -1011.47737950
  -1011.46922915
  -1011.43063280
  -1011.44714910
  -1011.46023769
  -1011.43797339
  -1011.43167392
  -1011.49277385
  -1011.46344031
  -1011.46826317
  -1011.48410018
  -1011.46121750
  -1011.43460954
  -1011.43098435
  -1011.44384284
  -1011.47935849
  -1011.46848805
  -1011.46525876
  -1011.43380035
  -1011.46619223
  -1011.40341371
  -1011.47721172
  -1011.46202660
  -1011.45319877
  -1011.43918347
  -1011.47019284
  -1011.46351560
  -1011.49439028
  -1011.43755166
  -1011.44489747
  -1011.46788835
  -1011.45934447
  -1011.41726008
  -1011.45711736
  -1011.45294267
  -1011.47054811
  -1011.47413154
  -1011.49464308
  -1011.47907734
  -1011.46570406
  -1011.48231901
  -1011.44169497
  -1011.45199340
  -1011.46987640
  -1011.45199753
  -1011.45492514
  -1011.48532400
  -1011.43133703
  -1011.48100653
  -1011.48607251
  -1011.48431863
  -1011.47971283
  -1011.47140075
  -1011.45215823
  -1011.48131872
  -1011.47711869
  -1011.42844581
  -1011.46774603
  -1011.48407962
  -1011.46162337
  -1011.46978316
  -1011.44468273
  -1011.47175514
  -1011.45332540
  -1011.46704594
  -1011.47959801
  -1011.46208899
  -1011.46211866
  -1011.47105883
  -1011.46298077
  -1011.43585618
  -1011.46385820
  -1011.48117259
  -1011.44390290
  -1011.47505915
  -1011.46589993
  -1011.45664956
  -1011.44264541
  -1011.46986995
  -1011.48629697
  -1011.46259672
  -1011.45174721
  -1011.46919026
  -1011.49307845
  -1011.47305524
  -1011.44295154
  -1011.46384133
  -1011.46779208
  -1011.43543493
  -1011.48337415
  -1011.45394005
  -1011.46794702
  -1011.45502786
  -1011.45538962
  -1011.47241223
  -1011.46948818
  -1011.49204539
  -1011.47360593
  -1011.48053853
  -1011.44853266
  -1011.42813628
  -1011.47788021
  -1011.42816715
  -1011.45643638
  -1011.44662370
  -1011.44937395
  -1011.46121773
  -1011.44809565
  -1011.47302710
  -1011.47988204
  -1011.45079150
  -1011.42186437
  -1011.43804611
  -1011.44658430
  -1011.46501678
  -1011.48585590
  -1011.46475823
  -1011.47071379
  -1011.46187673
  -1011.49016199
  -1011.43655874
  -1011.46374685
  -1011.42946020
  -1011.44725099
  -1011.48504189
  -1011.48739539
  -1011.48175991
  -1011.48384595
  -1011.47739689
  -1011.46759910
  -1011.46905910
  -1011.48190051
  -1011.49552884
  -1011.49023043
  -1011.43871801
  -1011.42568722
  -1011.41938270
  -1011.39164462
  -1011.47836109
  -1011.47374035
  -1011.46879968
  -1011.49583730
  -1011.48867591
  -1011.44940404
  -1011.44728003
  -1011.46602750
  -1011.46159280
  -1011.47572768
  -1011.48614093
  -1011.47325760
  -1011.47194449
  -1011.46310080
  -1011.48174040
  -1011.42665452
  -1011.47752581
  -1011.47895984
  -1011.47872444
  -1011.44554688
  -1011.44929933
  -1011.48441718
  -1011.46848209
  -1011.48662797
  -1011.45564435
  -1011.44640212
  -1011.50015126
  -1011.43641294
  -1011.46866543
  -1011.46748138
  -1011.47376748
  -1011.47427379
  -1011.46498942
  -1011.45415443
  -1011.46464862
  -1011.46907712
  -1011.44386985
  -1011.46470747
  -1011.46463588
  -1011.46262012
  -1011.43866859
  -1011.47189756
  -1011.44669029
  -1011.41626846
  -1011.46262830
  -1011.49585498
  -1011.40952603
  -1011.46788324
  -1011.46477461
  -1011.43656141
  -1011.48377679
  -1011.47318503
  -1011.48234881
  -1011.48522834
  -1011.45188429
  -1011.43500320
  -1011.48200639
  -1011.45517705
  -1011.49071573
  -1011.46026422
  -1011.45205635
  -1011.48358783
  -1011.43813644
  -1011.48398285
  -1011.42993023
  -1011.44671894
  -1011.48779944
  -1011.47465613
  -1011.46651385
  -1011.43229086
  -1011.43525475
  -1011.50515959
  -1011.46488560
  -1011.44301542
  -1011.47316981
  -1011.48434090
  -1011.48839158
  -1011.47841206
  -1011.47604805
  -1011.44789802
  -1011.43056917
  -1011.44163555
  -1011.43949933
  -1011.46404186
  -1011.40041932
  -1011.50960344
  -1011.49194177
  -1011.46005148
  -1011.48272506
  -1011.44660577
  -1011.46863614
  -1011.48252481
  -1011.44588475
  -1011.43753112
  -1011.46761294
  -1011.47309799
  -1011.40689717
  -1011.46544404
  -1011.46313708
  -1011.46904170
  -1011.45055193
  -1011.42568814
  -1011.48162760
  -1011.47058524
  -1011.43235680
  -1011.47505016
  -1011.47096233
  -1011.48704848
  -1011.47642760
  -1011.45627254
  -1011.44816562
  -1011.48434022
  -1011.46855158
  -1011.44999244
  -1011.46656510
  -1011.46381393
  -1011.44507476
  -1011.49636884
  -1011.46617918
  -1011.48095334
  -1011.45149696
  -1011.46587906
  -1011.45887353
  -1011.49354161
  -1011.47105946
  -1011.47601877
  -1011.40847352
  -1011.48935156
  -1011.45697436
  -1011.47286169
  -1011.47155310
  -1011.47563754
  -1011.48949903
  -1011.48212835
  -1011.48607181
  -1011.49670105
  -1011.47059105
  -1011.45964292
  -1011.47086226
  -1011.48765286
  -1011.48560967
  -1011.40013936
  -1011.46515917
  -1011.42893135
  -1011.40411000
  -1011.47911261
  -1011.49262182
  -1011.49187201
  -1011.39034564
  -1011.45915954
  -1011.48512258
  -1011.47488240
  -1011.44986052
  -1011.42867841
  -1011.47525145
  -1011.48283696
  -1011.47842004
  -1011.43668350
  -1011.44881852
  -1011.45935547
  -1011.43124167
  -1011.48361464
  -1011.46165822
  -1011.46789512
  -1011.47126802
  -1011.47848155
  -1011.46923426
  -1011.50141943
  -1011.47867391
  -1011.48452733
  -1011.45105625
  -1011.40375591
  -1011.48701130
  -1011.47202510
  -1011.40272797
  -1011.46716833
  -1011.46855067
  -1011.50819383
  -1011.47377046
  -1011.46944623
  -1011.47937989
  -1011.44616563
  -1011.46543685
  -1011.47854010
  -1011.44084097
  -1011.46603964
  -1011.46067794
  -1011.44270748
  -1011.48665174
  -1011.48494835
  -1011.47650279
  -1011.47546767
  -1011.45844697
  -1011.45551094
  -1011.48079666
  -1011.48790014
  -1011.48184137
  -1011.50112824
  -1011.45367912
  -1011.46637199
  -1011.48628535
  -1011.47208794
  -1011.47444447
  -1011.45372009
  -1011.45718021
  -1011.45498011
  -1011.44480986
  -1011.47463294
  -1011.48793877
  -1011.48920737
  -1011.46825689
  -1011.44751194
  -1011.42823204
  -1011.50059756
  -1011.48900590
  -1011.44383478
  -1011.44925945
  -1011.44939151
  -1011.46397524
  -1011.48362585
  -1011.45494604
  -1011.43850142
  -1011.47774657
  -1011.45833502
  -1011.46534305
  -1011.48783809
  -1011.47089334
  -1011.47835444
  -1011.46605256
  -1011.46859468
  -1011.41188691
  -1011.47381944
  -1011.48657924
  -1011.45168508
  -1011.48319171
  -1011.45715882
  -1011.45923068
  -1011.40719213
  -1011.47219747
  -1011.45896505
  -1011.45801532
  -1011.46484903
  -1011.47994149
  -1011.47016360
  -1011.47249785
  -1011.45754480
  -1011.47042956
  -1011.44561126
  -1011.45769564
  -1011.46825681
  -1011.48170211
  -1011.42147192
  -1011.45614669
  -1011.47453260
  -1011.43931414
  -1011.46940751
  -1011.46419295
  -1011.37084667
  -1011.41258296
  -1011.48407417
  -1011.49407410
  -1011.44932445
  -1011.45144540
  -1011.47598276
  -1011.49476511
  -1011.45577003
  -1011.43781207
  -1011.47866417
  -1011.47051798
  -1011.45556417
  -1011.48365745
  -1011.48780322
  -1011.48164220
  -1011.41563208
  -1011.45247819
  -1011.48394036
  -1011.46917419
  -1011.46583120
  -1011.47282955
  -1011.44668983
  -1011.45802126
  -1011.47172318
  -1011.48016828
  -1011.48319173
  -1011.39376959
  -1011.46249750
  -1011.47377781
  -1011.48958095
  -1011.46740611
  -1011.46323136
  -1011.47203258
  -1011.45391999
  -1011.48173520
  -1011.43866779
  -1011.46827099
  -1011.44386223
  -1011.47381900
  -1011.47623381
  -1011.48060994
  -1011.42204621
  -1011.44747790
  -1011.46326685
  -1011.45987483
  -1011.48128307
  -1011.43814650
  -1011.48606406
  -1011.48469428
  -1011.47520961
  -1011.46050210
  -1011.45213864
  -1011.48149037
  -1011.45114768
  -1011.49456193
  -1011.45535980
  -1011.48369277
  -1011.46396814
  -1011.48018665
  -1011.45468492
  -1011.47180273
  -1011.49078884
  -1011.47283843
  -1011.48349332
  -1011.45424826
  -1011.40975408
  -1011.46662471
  -1011.48059393
  -1011.43380758
  -1011.45855775
  -1011.46240940
  -1011.47089926
  -1011.47586017
  -1011.49252259
  -1011.45978864
  -1011.44017796
  -1011.45081655
  -1011.47337435
  -1011.45493403
  -1011.47893197
  -1011.45346555
  -1011.45295702
  -1011.46625425
  -1011.47721483
  -1011.49194389
  -1011.48461739
  -1011.47427217
  -1011.47021548
  -1011.48201476
  -1011.45987896
  -1011.47344444
  -1011.46895880
  -1011.46756446
  -1011.49476492
  -1011.43255983
  -1011.43265821
  -1011.47430779
  -1011.47791581
  -1011.46958385
  -1011.46653183
  -1011.46747414
  -1011.46042360
  -1011.47019573
  -1011.43804241
  -1011.48620946
  -1011.45517613
  -1011.44515988
  -1011.44817641
  -1011.46638773
  -1011.45764182
  -1011.46399630
  -1011.47054419
  -1011.46842673
  -1011.47136065
  -1011.46455901
  -1011.45644131
  -1011.47508580
  -1011.48574555
  -1011.45224186
  -1011.46118370
  -1011.47299977
  -1011.48142060
  -1011.46201529
  -1011.48744719
  -1011.50487129
  -1011.45060615
  -1011.47321063
  -1011.44267244
  -1011.43496982
  -1011.46027849
  -1011.42991101
  -1011.44356279
  -1011.49055856
  -1011.41711243
  -1011.48468869
  -1011.48923943
  -1011.48278349
  -1011.48053891
  -1011.47163190
  -1011.46160735
  -1011.45806128
  -1011.44749989
  -1011.48078271
  -1011.46984008
  -1011.49075612
  -1011.48674510
  -1011.48000268
  -1011.48290980
  -1011.48305948
  -1011.45850924
  -1011.46623345
  -1011.43423633
  -1011.44417143
  -1011.44121871
  -1011.43787295
  -1011.41447927
  -1011.46464526
  -1011.48878022
  -1011.43380271
  -1011.47238565
  -1011.48659074
  -1011.46704806
  -1011.45020126
  -1011.46576012
  -1011.47268694
  -1011.49684997
  -1011.41450565
  -1011.46493064
  -1011.43745620
  -1011.44865766
  -1011.45152980
  -1011.47042842
  -1011.47794030
  -1011.50286706
  -1011.45009553
  -1011.41235505
  -1011.48871303
  -1011.45667753
  -1011.46543948
  -1011.48768357
  -1011.37930814
  -1011.43533150
  -1011.45210490
  -1011.49122831
  -1011.46282807
  -1011.45363505
  -1011.45578380
  -1011.47959856
  -1011.46398689
  -1011.47860998
  -1011.44801850
  -1011.44413405
  -1011.47058244
  -1011.44330699
  -1011.48044414
  -1011.43203798
  -1011.46021149
  -1011.50271673
  -1011.46333798
  -1011.45163465
  -1011.48063414
  -1011.46523734
  -1011.44793379
  -1011.47865661
  -1011.45938427
  -1011.46824910
  -1011.47636502
  -1011.47952272
  -1011.47622582
  -1011.43530734
  -1011.47366509
  -1011.45732574
  -1011.45902719
  -1011.46731268
  -1011.46427275
  -1011.42330896
  -1011.45435581
  -1011.47865123
  -1011.47623216
  -1011.46744485
  -1011.42949481
  -1011.45287922
  -1011.49139841
  -1011.49730099
  -1011.43461208
  -1011.46413419
  -1011.45786891
  -1011.45847745
  -1011.48141011
  -1011.44275490
  -1011.47250825
  -1011.44783701
  -1011.48462527
  -1011.48876758
  -1011.48590924
  -1011.48088197
  -1011.46645113
  -1011.48848175
  -1011.46034751
  -1011.47771293
  -1011.47672467
  -1011.47331098
  -1011.47524304
  -1011.48304046
  -1011.46028808
  -1011.49205805
  -1011.49695261
  -1011.47545825
  -1011.47445163
  -1011.48265799
  -1011.41510239
  -1011.48302685
  -1011.47903294
  -1011.46728028
  -1011.42272132
  -1011.47368720
  -1011.45920931
  -1011.45208094
  -1011.43828998
  -1011.47129302
  -1011.43729256
  -1011.44241888
  -1011.45605367
  -1011.40909924
  -1011.45888336
  -1011.49742654
  -1011.44949375
  -1011.48910205
  -1011.49896629
  -1011.48772446
  -1011.46437057
  -1011.47328936
  -1011.44100323
  -1011.48292261
  -1011.49827003
  -1011.47975693
  -1011.47854543
  -1011.47774355
  -1011.47187207
  -1011.45360391
  -1011.47146764
  -1011.47395210
  -1011.46826525
  -1011.40731969
  -1011.41090356
  -1011.48539619
  -1011.43724504
  -1011.46821302
  -1011.49542683
  -1011.46785728
  -1011.44828782
  -1011.47796579
  -1011.47545380
  -1011.45054310
  -1011.47628874
  -1011.51099567
  -1011.45280347
  -1011.45853422
  -1011.44315646
  -1011.48054197
  -1011.41596660
  -1011.48444066
  -1011.46470097
  -1011.48339041
  -1011.47594190
  -1011.40182133
  -1011.45881521
  -1011.50146610
  -1011.47037657
  -1011.49243763
  -1011.49945262
  -1011.43835141
  -1011.46161835
  -1011.45516872
  -1011.43005245
  -1011.47218594
  -1011.47310289
  -1011.46635718
  -1011.50451206
  -1011.45913641
  -1011.41162845
  -1011.46207236
  -1011.45560107
  -1011.44684003
  -1011.45705723
  -1011.47061199
  -1011.46711396
  -1011.46164867
  -1011.50496027
  -1011.44387653
  -1011.45921801
  -1011.45909932
  -1011.46510070
  -1011.49719443
  -1011.46746517
  -1011.46661890
  -1011.45752678
  -1011.45525161
  -1011.48090064
  -1011.44989751
  -1011.44157676
  -1011.48550190
  -1011.49413973
  -1011.44544477
  -1011.47483151
  -1011.45265710
  -1011.48178500
  -1011.48789346
  -1011.47993580
  -1011.48521056
  -1011.46726443
  -1011.46021301
  -1011.41114292
  -1011.46485685
  -1011.42811323
  -1011.45683609
  -1011.48290891
  -1011.48158880
  -1011.45645487
  -1011.45911080
  -1011.51208251
  -1011.46234321
  -1011.44654424
  -1011.45791499
  -1011.45590835
  -1011.45438707
  -1011.44875930
  -1011.44482118
  -1011.43091796
  -1011.47387571
  -1011.46606159
  -1011.49030732
  -1011.46641270
  -1011.49788144
  -1011.44579643
  -1011.50533010
  -1011.45037927
  -1011.44181572
  -1011.46845850
  -1011.43263207
  -1011.48543371
  -1011.47397813
  -1011.46763322
  -1011.44092574
  -1011.41891335
  -1011.47824935
  -1011.44633506
  -1011.44580633
  -1011.47841039
  -1011.48385483
  -1011.46140527
  -1011.45772844
  -1011.46201804
  -1011.48127063
  -1011.47612066
  -1011.47365263
  -1011.47157014
  -1011.44932528
  -1011.44530393
  -1011.45740506
  -1011.46904073
  -1011.44708987
  -1011.38189347
  -1011.48773693
  -1011.38571767
  -1011.41723839
  -1011.46621349
  -1011.48342291
  -1011.46341000
  -1011.44357427
  -1011.49365795
  -1011.48405953
  -1011.49299246
  -1011.45387954
  -1011.47388572
  -1011.38047482
  -1011.46433397
  -1011.47635423
  -1011.46392637
  -1011.47419714
  -1011.48100615
  -1011.44878690
  -1011.41274908
  -1011.49239640
  -1011.49628997
  -1011.47587405
  -1011.46684494
  -1011.45621919
  -1011.47334990
  -1011.44177507
  -1011.46845422
  -1011.45012313
  -1011.43545372
  -1011.47966183
  -1011.49116669
  -1011.45803671
  -1011.46628682
  -1011.48528692
  -1011.47840894
  -1011.49094495
  -1011.46124103
  -1011.43710040
  -1011.45975511
  -1011.47063310
  -1011.41578061
  -1011.45460023
  -1011.47233464
  -1011.49978733
  -1011.41188635
  -1011.44493279
  -1011.44104368
  -1011.48656738
  -1011.48587644
  -1011.45145491
  -1011.46917834
  -1011.49036899
  -1011.45213596
  -1011.48231149
  -1011.42507866
  -1011.48799223
  -1011.47221682
  -1011.46114959
  -1011.47451406
  -1011.45969233
  -1011.47140427
  -1011.49586887
  -1011.49798098
  -1011.46639855
  -1011.46378636
  -1011.49650910
  -1011.48137343
  -1011.50183202
  -1011.47194555
  -1011.46623412
  -1011.46463306
  -1011.47490829
  -1011.45364723
  -1011.47819457
  -1011.45582927
  -1011.47248553
  -1011.49296975
  -1011.43116702
  -1011.44780580
  -1011.46758875
  -1011.46589055
  -1011.47854747
  -1011.47255738
  -1011.47228442
  -1011.43930268
  -1011.40269047
  -1011.47379228
  -1011.47462315
  -1011.45468140
  -1011.48404752
  -1011.45381284
  -1011.44805026
  -1011.47273181
  -1011.42930263
  -1011.47676382
  -1011.49055205
  -1011.46685944
  -1011.48971770
  -1011.47273370
  -1011.47982458
  -1011.47608932
  -1011.48827750
  -1011.46150939
  -1011.50581646
  -1011.44852774
  -1011.48104532
  -1011.47782050
  -1011.48664014
  -1011.44972793
  -1011.44012865
  -1011.48430229
  -1011.45266960
  -1011.46354521
  -1011.46984474
  -1011.45363401
  -1011.47875508
  -1011.48724410
  -1011.40471071
  -1011.47235314
  -1011.42502164
  -1011.46695376
  -1011.49110134
  -1011.48717910
  -1011.46922719
  -1011.49035040
  -1011.47463756
  -1011.44321174
  -1011.44108695
  -1011.45086241
  -1011.42445243
  -1011.46421973
  -1011.44708448
  -1011.49035960
  -1011.46744292
  -1011.47303988
  -1011.49229272
  -1011.49114692
  -1011.48641718
  -1011.46884400
  -1011.50065783
  -1011.48416783
  -1011.45585868
  -1011.45555449
  -1011.39701246
  -1011.51143299
  -1011.45498068
  -1011.47518425
  -1011.43872365
  -1011.44775864
  -1011.46475983
  -1011.47629623
  -1011.47429980
  -1011.49313727
  -1011.46115082
  -1011.47615376
  -1011.48698137
  -1011.44641099
  -1011.47816937
  -1011.45242295
  -1011.44526665
  -1011.47133990
  -1011.45242622
  -1011.48811782
  -1011.48727727
  -1011.45754357
  -1011.46668559
  -1011.43072845
  -1011.39374236
  -1011.48301843
  -1011.41028664
  -1011.42539791
  -1011.45486009
  -1011.47138630
  -1011.49828634
  -1011.42484066
  -1011.48293276
  -1011.46744285
  -1011.46252097
  -1011.48102238
  -1011.45368084
  -1011.48485375
  -1011.47576315
  -1011.47803724
  -1011.40582062
  -1011.48012074
  -1011.46816124
  -1011.45909228
  -1011.45295909
  -1011.49051593
  -1011.44773179
  -1011.44624758
  -1011.50729640
  -1011.46146640
  -1011.46977718
  -1011.45938819
  -1011.42548242
  -1011.47148039
  -1011.47220312
  -1011.46071762
  -1011.49947719
  -1011.50364954
  -1011.44703569
  -1011.44363922
  -1011.44024111
  -1011.48447049
  -1011.46361413
  -1011.51742194
  -1011.47575026
  -1011.49764015
  -1011.42963462
  -1011.48715729
  -1011.45175543
  -1011.46337564
  -1011.44611500
  -1011.50983253
  -1011.45622354
  -1011.44719277
  -1011.47899632
  -1011.45351639
  -1011.38072467
  -1011.44804032
  -1011.45892988
  -1011.47411347
  -1011.47289080
  -1011.49017658
  -1011.47597780
  -1011.46925684
  -1011.49203011
  -1011.46098516
  -1011.48460290
  -1011.47553638
  -1011.47153023
  -1011.47371431
  -1011.47299840
  -1011.44998568
  -1011.42433765
  -1011.47879146
  -1011.47089703
  -1011.44927833
  -1011.48090442
  -1011.43573797
  -1011.49191183
  -1011.49166391
  -1011.47308204
  -1011.41583958
  -1011.45763558
  -1011.47742156
  -1011.49174775
  -1011.48132016
  -1011.47781195
  -1011.44927665
  -1011.47485952
  -1011.45663441
  -1011.47700517
  -1011.44880116
  -1011.45899177
  -1011.46682068
  -1011.44462882
  -1011.48038248
  -1011.44800973
  -1011.47628808
  -1011.47891310
  -1011.48304405
  -1011.47381026
  -1011.47062569
  -1011.47753355
  -1011.49761745
  -1011.46672231
  -1011.48485504
  -1011.47720606
  -1011.44246486
  -1011.44360316
  -1011.45626915
  -1011.45840772
  -1011.46012876
  -1011.47753678
  -1011.47835844
  -1011.46893217
  -1011.47890942
  -1011.41426025
  -1011.48945023
  -1011.43338933
  -1011.48501842
  -1011.44137013
  -1011.48028273
  -1011.47452575
  -1011.48426091
  -1011.48139018
  -1011.45845858
  -1011.44218270
  -1011.46729278
  -1011.46478204
  -1011.45459855
  -1011.47212878
  -1011.41765236
  -1011.47619537
  -1011.48615635
  -1011.46380929
  -1011.50351528
  -1011.48381488
  -1011.45249189
  -1011.47137260
  -1011.45972421
  -1011.46528406
  -1011.45576816
  -1011.46999923
  -1011.44380232
  -1011.49620534
  -1011.44155423
  -1011.44521686
  -1011.46239475
  -1011.49787954
  -1011.44719288
  -1011.46031833
  -1011.48217373
  -1011.47128961
  -1011.41593272
  -1011.46138470
  -1011.44752869
  -1011.40611733
  -1011.45891691
  -1011.45735904
  -1011.39228351
  -1011.47504629
  -1011.46116405
  -1011.47806205
  -1011.46840494
  -1011.45969705
  -1011.48892319
  -1011.45198265
  -1011.44716548
  -1011.48422147
  -1011.46524114
  -1011.44003954
  -1011.46962593
  -1011.48451506
  -1011.48590423
  -1011.48883125
  -1011.47566060
  -1011.47391735
  -1011.46494801
  -1011.45617573
  -1011.46332090
  -1011.49067595
  -1011.44729040
  -1011.47828921
  -1011.48211295
  -1011.48097815
  -1011.42800957
  -1011.47394964
  -1011.46312176
  -1011.45084075
  -1011.44746551
  -1011.44550647
  -1011.46125937
  -1011.49132366
  -1011.46928058
  -1011.46733715
  -1011.47635805
  -1011.44276685
  -1011.43039327
  -1011.47963065
  -1011.49935778
  -1011.46939403
  -1011.48583169
  -1011.44274834
  -1011.44945261
  -1011.43831024
  -1011.40283779
  -1011.44460883
  -1011.49691278
  -1011.44135827
  -1011.49306356
  -1011.47277907
  -1011.46749058
  -1011.45022329
  -1011.45934145
  -1011.46025690
  -1011.43135973
  -1011.50922941
  -1011.43986130
  -1011.42724945
  -1011.46450058
  -1011.46549231
  -1011.44841432
  -1011.43256334
  -1011.44808150
  -1011.46196622
  -1011.47675085
  -1011.49784413
  -1011.48535216
  -1011.43200604
  -1011.44644712
  -1011.44377562
  -1011.43302553
  -1011.47960782
  -1011.48905429
  -1011.45189462
  -1011.42813070
  -1011.48841301
  -1011.48173363
  -1011.47342457
  -1011.49505322
  -1011.42003410
  -1011.48131772
  -1011.45496603
  -1011.47433278
  -1011.46036581
  -1011.48209531
  -1011.47808306
  -1011.48013703
  -1011.47335433
  -1011.48444748
  -1011.48830235
  -1011.47967594
  -1011.40649452
