% The following energies apply to conformations described by the topology 
% R11.top.  Structures are given in trajectory coords.cdf, count: 2841.

% Item 0:
%   Energy -> orca_structures/coor*/Conf*.out
   -726.38795220
   -726.38382845
   -726.42213952
   -726.39755612
   -726.39468044
   -726.41103910
   -726.37782005
   -726.43045634
   -726.41564997
   -726.39214937
   -726.39884314
   -726.40973013
   -726.42903684
   -726.39556909
   -726.36241441
   -726.39280174
   -726.38013409
   -726.41417013
   -726.42249643
   -726.43553929
   -726.38783571
   -726.40096577
   -726.43536085
   -726.39120372
   -726.41460666
   -726.40657325
   -726.30538493
   -726.41960517
   -726.30688777
   -726.34787711
   -726.40114476
   -726.39917442
   -726.32054724
   -726.40757239
   -726.39771774
   -726.31069873
   -726.39769135
   -726.40533095
   -726.40287790
   -726.41992343
   -726.40304729
   -726.41432952
   -726.37738752
   -726.39244608
   -726.40559926
   -726.39391588
   -726.38521644
   -726.39242974
   -726.39258479
   -726.40057347
   -726.38019157
   -726.40289982
   -726.37063467
   -726.39533269
   -726.30326951
   -726.32481148
   -726.39880573
   -726.42219230
   -726.39701486
   -726.43953465
   -726.39862929
   -726.40063820
   -726.38973295
   -726.38069699
   -726.42320606
   -726.36507824
   -726.38581570
   -726.38656982
   -726.40678120
   -726.38177926
   -726.37352049
   -726.41096143
   -726.38998885
   -726.38133315
   -726.41151800
   -726.38965504
   -726.39650247
   -726.39710892
   -726.39993370
   -726.39639102
   -726.39500311
   -726.39253464
   -726.41626334
   -726.38978191
   -726.42485634
   -726.41432217
   -726.40580587
   -726.38762582
   -726.39628516
   -726.41162585
   -726.40780332
   -726.31516210
   -726.42151942
   -726.38880358
   -726.38730645
   -726.40379814
   -726.39083371
   -726.39719666
   -726.38460470
   -726.40304590
   -726.39553565
   -726.37181319
   -726.40849631
   -726.40973784
   -726.41499602
   -726.39499693
   -726.42941140
   -726.38062865
   -726.39370380
   -726.39337181
   -726.44093469
   -726.41403104
   -726.42377189
   -726.39358556
   -726.40728840
   -726.39778251
   -726.38776375
   -726.41361812
   -726.39666927
   -726.39369859
   -726.41262873
   -726.38780938
   -726.41465969
   -726.40983064
   -726.38179930
   -726.38943111
   -726.35433658
   -726.37140607
   -726.39869592
   -726.40361228
   -726.39079385
   -726.41786730
   -726.40784732
   -726.42493290
   -726.39713238
   -726.40156324
   -726.40261183
   -726.40368729
   -726.40559198
   -726.37920801
   -726.41817697
   -726.39452725
   -726.40228133
   -726.39019688
   -726.38985614
   -726.41657072
   -726.42078987
   -726.43295965
   -726.40865307
   -726.39839023
   -726.39371720
   -726.39841350
   -726.37639906
   -726.41625003
   -726.39117124
   -726.39647728
   -726.40365783
   -726.38920116
   -726.41953071
   -726.41509578
   -726.42187349
   -726.41423128
   -726.38413596
   -726.41106235
   -726.42269108
   -726.41731978
   -726.39806646
   -726.40494881
   -726.40440107
   -726.39401174
   -726.38933807
   -726.40359644
   -726.37089205
   -726.36764819
   -726.40190545
   -726.39898901
   -726.42743295
   -726.41205870
   -726.38427609
   -726.42825471
   -726.42882661
   -726.37967042
   -726.40385457
   -726.36764469
   -726.39394839
   -726.39487648
   -726.43045488
   -726.38711667
   -726.40557860
   -726.39484224
   -726.31904406
   -726.41010814
   -726.30945161
   -726.39013067
   -726.38566568
   -726.37283914
   -726.39976493
   -726.40819744
   -726.29849205
   -726.37911607
   -726.38267991
   -726.31394183
   -726.40600990
   -726.39427864
   -726.42865613
   -726.41696379
   -726.30622253
   -726.40968707
   -726.39809229
   -726.36422199
   -726.42026304
   -726.40554731
   -726.38861300
   -726.40180804
   -726.39022974
   -726.39707310
   -726.39406086
   -726.43728173
   -726.36712526
   -726.40046870
   -726.40821114
   -726.40483263
   -726.40177056
   -726.37518006
   -726.40108774
   -726.38046097
   -726.40210386
   -726.41996366
   -726.40703202
   -726.39051310
   -726.39770078
   -726.40062503
   -726.40176003
   -726.41110257
   -726.39861903
   -726.35396824
   -726.41463164
   -726.41378889
   -726.40197930
   -726.43258659
   -726.39446871
   -726.40987567
   -726.42924334
   -726.38090197
   -726.41775614
   -726.39697487
   -726.40849718
   -726.40864869
   -726.38259913
   -726.36040417
   -726.38806861
   -726.39435806
   -726.29072994
   -726.38936167
   -726.40646518
   -726.40516529
   -726.41219032
   -726.40928464
   -726.37483924
   -726.38681190
   -726.39583093
   -726.40440588
   -726.38669596
   -726.42257400
   -726.38631445
   -726.31992997
   -726.41764179
   -726.42608490
   -726.39322866
   -726.40292850
   -726.38110540
   -726.39526842
   -726.41843938
   -726.41914373
   -726.41674598
   -726.36834143
   -726.39563326
   -726.36821101
   -726.38525448
   -726.37286823
   -726.39980504
   -726.38754223
   -726.39372230
   -726.42672005
   -726.39431078
   -726.36666971
   -726.38738244
   -726.41609794
   -726.42054375
   -726.40754860
   -726.37184854
   -726.41725333
   -726.41020966
   -726.41936469
   -726.41072064
   -726.31898585
   -726.41116665
   -726.40981597
   -726.37681704
   -726.41229343
   -726.38042024
   -726.39939508
   -726.41960275
   -726.42471436
   -726.40108375
   -726.39874234
   -726.40479388
   -726.42074409
   -726.38384362
   -726.40941615
   -726.38876392
   -726.38559218
   -726.36858383
   -726.38848129
   -726.30137796
   -726.39326282
   -726.37655766
   -726.41104771
   -726.39341224
   -726.38768249
   -726.41726742
   -726.42502925
   -726.41735168
   -726.40231143
   -726.40633496
   -726.30478184
   -726.40543274
   -726.39716908
   -726.41386268
   -726.39745107
   -726.40568720
   -726.30732363
   -726.36716094
   -726.40768364
   -726.40153474
   -726.39817882
   -726.40926877
   -726.39790927
   -726.40744311
   -726.41486514
   -726.38474620
   -726.40470119
   -726.37199195
   -726.40717645
   -726.38330868
   -726.39184557
   -726.39239098
   -726.41906727
   -726.38867951
   -726.40796942
   -726.39184400
   -726.40156736
   -726.40446689
   -726.41492299
   -726.40916503
   -726.38789543
   -726.39618440
   -726.40025946
   -726.43616334
   -726.40610353
   -726.39548141
   -726.41496463
   -726.31014974
   -726.40334600
   -726.42054371
   -726.41987190
   -726.40921186
   -726.41304022
   -726.39784924
   -726.40692406
   -726.38803649
   -726.39280674
   -726.39170992
   -726.41806826
   -726.42369536
   -726.39190782
   -726.36733485
   -726.38951403
   -726.42492876
   -726.42175090
   -726.40729993
   -726.39477370
   -726.42490707
   -726.42137020
   -726.37833636
   -726.41272644
   -726.42364011
   -726.39211464
   -726.42161895
   -726.40970880
   -726.39127538
   -726.39873850
   -726.36902439
   -726.41813461
   -726.40360614
   -726.41229682
   -726.39357802
   -726.39581320
   -726.40243371
   -726.40992908
   -726.34567763
   -726.42298600
   -726.39012866
   -726.42142675
   -726.36343592
   -726.39751743
   -726.31464896
   -726.41003626
   -726.42998233
   -726.42993650
   -726.40621552
   -726.41619107
   -726.41238063
   -726.39747674
   -726.43999161
   -726.41138265
   -726.39371418
   -726.41777095
   -726.39914477
   -726.37395706
   -726.42051190
   -726.41207675
   -726.40584884
   -726.41522654
   -726.41702548
   -726.41408833
   -726.31140643
   -726.42050464
   -726.41000426
   -726.42969653
   -726.40247843
   -726.43754907
   -726.38861968
   -726.40239137
   -726.37272709
   -726.40554375
   -726.39180724
   -726.34285528
   -726.39130388
   -726.40736064
   -726.41598314
   -726.39208959
   -726.41135543
   -726.39448839
   -726.40166112
   -726.42729447
   -726.41526608
   -726.38035696
   -726.37892552
   -726.39723191
   -726.39786410
   -726.39364055
   -726.42061805
   -726.41497495
   -726.29063365
   -726.29714135
   -726.39356955
   -726.40150336
   -726.40458879
   -726.41109348
   -726.42575766
   -726.43024866
   -726.42993060
   -726.37077777
   -726.39116607
   -726.39707291
   -726.37897837
   -726.40520852
   -726.40636596
   -726.39728155
   -726.42356798
   -726.40175203
   -726.39192142
   -726.42012048
   -726.42412874
   -726.39386772
   -726.39004486
   -726.39221020
   -726.40763887
   -726.30494048
   -726.38415891
   -726.39552790
   -726.38657505
   -726.30494226
   -726.42823977
   -726.40942248
   -726.41646770
   -726.37828984
   -726.38876241
   -726.39862226
   -726.40265772
   -726.38684091
   -726.40518254
   -726.41664408
   -726.42122288
   -726.40761178
   -726.37358366
   -726.39781742
   -726.40704480
   -726.39845901
   -726.41564995
   -726.41912075
   -726.37319768
   -726.40052872
   -726.40902162
   -726.40678849
   -726.41079601
   -726.30931861
   -726.41315876
   -726.38744394
   -726.38661861
   -726.42490398
   -726.40820851
   -726.40760108
   -726.40577639
   -726.39321236
   -726.39812792
   -726.42243408
   -726.39532680
   -726.39397024
   -726.38608511
   -726.40267575
   -726.37330178
   -726.39635280
   -726.39284890
   -726.40263744
   -726.39222064
   -726.39260661
   -726.36861708
   -726.42327851
   -726.38993448
   -726.39538304
   -726.42426553
   -726.42055990
   -726.42623617
   -726.39812928
   -726.40482246
   -726.38702598
   -726.40875255
   -726.41618666
   -726.38586374
   -726.41543220
   -726.41410044
   -726.38736735
   -726.38370133
   -726.30493517
   -726.39985172
   -726.42659111
   -726.40184073
   -726.39293437
   -726.40753664
   -726.29962438
   -726.39563402
   -726.41685238
   -726.31923749
   -726.41244239
   -726.40159453
   -726.38037861
   -726.37869796
   -726.38878971
   -726.39705338
   -726.39379153
   -726.41389249
   -726.40724129
   -726.37939358
   -726.39454963
   -726.40339087
   -726.42644939
   -726.40729874
   -726.39849638
   -726.40341158
   -726.38222048
   -726.43262302
   -726.39361197
   -726.38741175
   -726.39697383
   -726.40066632
   -726.41164470
   -726.39365934
   -726.40240196
   -726.38594554
   -726.37283346
   -726.39783565
   -726.43154641
   -726.38634832
   -726.42254257
   -726.39729566
   -726.41276254
   -726.40718734
   -726.40247608
   -726.38601497
   -726.41595098
   -726.39455823
   -726.39255273
   -726.43051510
   -726.39800900
   -726.38903086
   -726.41694651
   -726.41083266
   -726.35844812
   -726.29670859
   -726.39521066
   -726.38530048
   -726.39813862
   -726.37518870
   -726.36333855
   -726.41713730
   -726.40570483
   -726.41421617
   -726.39765201
   -726.39747972
   -726.40789892
   -726.40467609
   -726.37936321
   -726.39103567
   -726.39406697
   -726.40272541
   -726.42231757
   -726.40311182
   -726.31355861
   -726.39409706
   -726.29839337
   -726.39509898
   -726.41321570
   -726.39310791
   -726.31283317
   -726.39889771
   -726.40979114
   -726.42647315
   -726.43597851
   -726.38749001
   -726.38504554
   -726.37084086
   -726.38592625
   -726.36575586
   -726.39965797
   -726.39285051
   -726.36560104
   -726.35743624
   -726.41387428
   -726.43049259
   -726.43470373
   -726.41951900
   -726.34835929
   -726.41763384
   -726.42057467
   -726.38623378
   -726.42280084
   -726.39796722
   -726.38308978
   -726.39235078
   -726.41838634
   -726.39920759
   -726.39450969
   -726.39301200
   -726.37025545
   -726.37458981
   -726.41015595
   -726.41381443
   -726.43468071
   -726.39155431
   -726.35006504
   -726.38978134
   -726.39676425
   -726.39749038
   -726.42953344
   -726.41488920
   -726.40075299
   -726.42906653
   -726.41567461
   -726.41358782
   -726.36755939
   -726.40621785
   -726.39529476
   -726.40066038
   -726.41491321
   -726.31233974
   -726.40683481
   -726.37857970
   -726.38891559
   -726.40801095
   -726.42278104
   -726.43890897
   -726.43321005
   -726.38111352
   -726.40835358
   -726.36923491
   -726.36037387
   -726.40864310
   -726.42500552
   -726.38285965
   -726.43106544
   -726.38596208
   -726.40967679
   -726.39254707
   -726.40694031
   -726.41348389
   -726.38350921
   -726.40289731
   -726.36993377
   -726.38527100
   -726.40081319
   -726.37687421
   -726.40663154
   -726.41540942
   -726.40587030
   -726.40260543
   -726.39830728
   -726.41903740
   -726.41441961
   -726.37887274
   -726.36839299
   -726.41211424
   -726.38958096
   -726.38025496
   -726.39862206
   -726.42934347
   -726.41303283
   -726.42908434
   -726.29016199
   -726.42336497
   -726.41483419
   -726.40173623
   -726.39005640
   -726.39661531
   -726.40319297
   -726.41857801
   -726.42212988
   -726.38705761
   -726.38084851
   -726.41104312
   -726.38476663
   -726.38519750
   -726.41228453
   -726.39535102
   -726.38368138
   -726.39369522
   -726.41061741
   -726.36456365
   -726.42548385
   -726.38262463
   -726.42988723
   -726.39602165
   -726.42105919
   -726.42331117
   -726.40754660
   -726.40061312
   -726.39992163
   -726.39724709
   -726.40515533
   -726.41400843
   -726.40909480
   -726.39576271
   -726.42607419
   -726.38411873
   -726.38269270
   -726.42742252
   -726.37361566
   -726.41294337
   -726.38717090
   -726.39098079
   -726.36714221
   -726.39393483
   -726.40246108
   -726.40219083
   -726.31060850
   -726.39531849
   -726.42368702
   -726.36109126
   -726.41633732
   -726.38396694
   -726.41097172
   -726.39210774
   -726.31411235
   -726.38876797
   -726.40524130
   -726.40180059
   -726.38127811
   -726.41816235
   -726.42857959
   -726.38739788
   -726.41172598
   -726.34249562
   -726.30347752
   -726.36556075
   -726.42420304
   -726.41934998
   -726.39896954
   -726.40106784
   -726.40832713
   -726.43012600
   -726.39707762
   -726.41237479
   -726.38749591
   -726.40572944
   -726.40660002
   -726.41278189
   -726.41300634
   -726.41890503
   -726.41546835
   -726.41894673
   -726.41667559
   -726.40601514
   -726.38666554
   -726.41310213
   -726.43101650
   -726.40385263
   -726.40163202
   -726.34676199
   -726.40603602
   -726.38477278
   -726.40999449
   -726.38312398
   -726.42483825
   -726.39876245
   -726.42739444
   -726.41281340
   -726.38504368
   -726.39945735
   -726.39520732
   -726.41178051
   -726.40648068
   -726.40488850
   -726.40634061
   -726.41221482
   -726.42092455
   -726.39928055
   -726.41495553
   -726.39403862
   -726.40470387
   -726.41702421
   -726.40176242
   -726.39363927
   -726.38358270
   -726.41984385
   -726.40506210
   -726.36916558
   -726.39043859
   -726.42467873
   -726.37618649
   -726.42077587
   -726.38122262
   -726.42525167
   -726.38269664
   -726.39094759
   -726.39091518
   -726.41584837
   -726.39303134
   -726.40174606
   -726.41478693
   -726.38877232
   -726.38968851
   -726.30269281
   -726.40078445
   -726.38345241
   -726.40429657
   -726.39826799
   -726.40604793
   -726.40661883
   -726.38310926
   -726.40660171
   -726.31600220
   -726.38447700
   -726.40165747
   -726.40189923
   -726.37844904
   -726.43046906
   -726.40337012
   -726.39611645
   -726.42797268
   -726.39130390
   -726.39262712
   -726.41019421
   -726.42224529
   -726.40977884
   -726.40720962
   -726.40313730
   -726.39390311
   -726.37892750
   -726.41218892
   -726.42388719
   -726.41183491
   -726.39869599
   -726.40809981
   -726.39982159
   -726.41789603
   -726.35049609
   -726.41172568
   -726.41038930
   -726.40710858
   -726.39858145
   -726.39970511
   -726.40246409
   -726.31278190
   -726.31122188
   -726.41460260
   -726.40890611
   -726.39422570
   -726.41597559
   -726.39414102
   -726.42691797
   -726.38751890
   -726.40888748
   -726.41330766
   -726.41981959
   -726.42015446
   -726.31406943
   -726.39065296
   -726.30974364
   -726.41201794
   -726.43948780
   -726.40917572
   -726.38019544
   -726.38125566
   -726.30449625
   -726.38372566
   -726.39996399
   -726.39311907
   -726.40913974
   -726.31050075
   -726.40236402
   -726.38383107
   -726.42255356
   -726.41751187
   -726.42394862
   -726.39134793
   -726.38835391
   -726.40061496
   -726.40440135
   -726.41344974
   -726.40832738
   -726.41331581
   -726.31080483
   -726.41845270
   -726.38526707
   -726.37994121
   -726.41871839
   -726.43448632
   -726.39680756
   -726.42717325
   -726.40990720
   -726.38212947
   -726.42454561
   -726.38918557
   -726.42353024
   -726.30219856
   -726.42395910
   -726.37110143
   -726.41666966
   -726.40624124
   -726.40747238
   -726.41013722
   -726.41906819
   -726.38466173
   -726.41420544
   -726.39042575
   -726.40291914
   -726.39492422
   -726.43603098
   -726.40185879
   -726.42872274
   -726.39303132
   -726.39977284
   -726.39189441
   -726.41454079
   -726.42303525
   -726.39712466
   -726.40125790
   -726.36907780
   -726.38241579
   -726.39675171
   -726.38160987
   -726.40067945
   -726.39689009
   -726.41044618
   -726.38344757
   -726.41213469
   -726.40836202
   -726.41448289
   -726.37339352
   -726.42103723
   -726.37298757
   -726.40502788
   -726.40503775
   -726.41232931
   -726.38622524
   -726.39793871
   -726.38332050
   -726.39988536
   -726.39233064
   -726.40350024
   -726.42910703
   -726.42531494
   -726.41916156
   -726.39332857
   -726.39708654
   -726.40049432
   -726.40447160
   -726.39742984
   -726.39402250
   -726.40600508
   -726.42013251
   -726.38663856
   -726.42231794
   -726.40747509
   -726.39183444
   -726.41234340
   -726.43043965
   -726.37538843
   -726.41449496
   -726.40714422
   -726.42378468
   -726.31294627
   -726.39699646
   -726.39542425
   -726.40925852
   -726.41581399
   -726.30262276
   -726.41170610
   -726.39521890
   -726.40132344
   -726.40628880
   -726.39309151
   -726.41392929
   -726.40749005
   -726.38259907
   -726.41888614
   -726.41951094
   -726.38885986
   -726.37461404
   -726.39484535
   -726.40066248
   -726.40724468
   -726.39757361
   -726.42183298
   -726.39621543
   -726.42137365
   -726.38829264
   -726.42158087
   -726.40961057
   -726.37083983
   -726.41003769
   -726.30301992
   -726.30734722
   -726.43620670
   -726.39864626
   -726.42149465
   -726.40523888
   -726.42616143
   -726.38988670
   -726.39179632
   -726.42914285
   -726.41771724
   -726.42946032
   -726.43337496
   -726.40068167
   -726.38774418
   -726.40803607
   -726.42401612
   -726.38732287
   -726.39759560
   -726.41597086
   -726.35336858
   -726.39034406
   -726.37863353
   -726.38723722
   -726.43675420
   -726.41062675
   -726.41727537
   -726.37315773
   -726.39871047
   -726.42219232
   -726.31324287
   -726.42254182
   -726.39014795
   -726.39914124
   -726.37154955
   -726.39308027
   -726.39892179
   -726.41691786
   -726.42010900
   -726.40371622
   -726.41444639
   -726.39338350
   -726.40014470
   -726.43115275
   -726.41150169
   -726.41709167
   -726.36622647
   -726.30614253
   -726.41368322
   -726.42541687
   -726.39347836
   -726.39710337
   -726.39794294
   -726.41652739
   -726.40827426
   -726.40092864
   -726.39090406
   -726.35713811
   -726.38737542
   -726.41088749
   -726.38454107
   -726.41662673
   -726.39420091
   -726.39477078
   -726.40029638
   -726.42288281
   -726.41388659
   -726.36464527
   -726.38649972
   -726.38279432
   -726.42831389
   -726.37065746
   -726.38249098
   -726.37037190
   -726.39038495
   -726.40646978
   -726.39930844
   -726.40404879
   -726.40744540
   -726.41882918
   -726.42574837
   -726.41540586
   -726.37996296
   -726.42120927
   -726.42250848
   -726.40009518
   -726.42353050
   -726.40596230
   -726.38601012
   -726.38428540
   -726.41401532
   -726.37075225
   -726.42423199
   -726.40505134
   -726.37585616
   -726.37802797
   -726.40541922
   -726.39241948
   -726.38315179
   -726.41777274
   -726.40463710
   -726.37758148
   -726.37641902
   -726.37713946
   -726.37924384
   -726.39861330
   -726.31500973
   -726.39245927
   -726.39696005
   -726.38774964
   -726.41741070
   -726.36308661
   -726.38939057
   -726.37831730
   -726.31179382
   -726.39962854
   -726.38729556
   -726.38172828
   -726.40647906
   -726.39143700
   -726.40698349
   -726.39039967
   -726.39037415
   -726.39880734
   -726.38260874
   -726.37591709
   -726.40653412
   -726.39036698
   -726.39709818
   -726.36580945
   -726.40489393
   -726.43148088
   -726.39842881
   -726.38650099
   -726.39378740
   -726.42830527
   -726.38847339
   -726.40334053
   -726.39908644
   -726.39329199
   -726.39190717
   -726.38432907
   -726.40501885
   -726.41788975
   -726.41914437
   -726.43394516
   -726.43034896
   -726.38589722
   -726.32315866
   -726.40246700
   -726.40404255
   -726.38063285
   -726.42305185
   -726.37284972
   -726.40292974
   -726.39114558
   -726.38530112
   -726.42683979
   -726.39654835
   -726.40028383
   -726.42776032
   -726.39425434
   -726.41958447
   -726.38928467
   -726.40824055
   -726.38984120
   -726.41141353
   -726.37637889
   -726.38733054
   -726.39520894
   -726.40036318
   -726.40883715
   -726.39522547
   -726.41627273
   -726.41856128
   -726.40447754
   -726.38784317
   -726.34390938
   -726.40564378
   -726.38911472
   -726.39062946
   -726.41542037
   -726.40184756
   -726.39884528
   -726.39552272
   -726.40817620
   -726.39664367
   -726.39087026
   -726.39166170
   -726.36398795
   -726.40192309
   -726.41678615
   -726.42448102
   -726.43655438
   -726.37647055
   -726.40082758
   -726.37305472
   -726.40550694
   -726.41272991
   -726.41018282
   -726.39091663
   -726.40934682
   -726.36186249
   -726.42434160
   -726.42247888
   -726.42157527
   -726.39035142
   -726.41520436
   -726.40094982
   -726.37878280
   -726.40861625
   -726.38400666
   -726.40804084
   -726.42634580
   -726.41392636
   -726.30434752
   -726.41025111
   -726.37829423
   -726.39692463
   -726.38335126
   -726.41304056
   -726.38504899
   -726.31808661
   -726.38909338
   -726.40103205
   -726.39872775
   -726.39872627
   -726.41907556
   -726.38574827
   -726.41925611
   -726.40355020
   -726.40459119
   -726.38607606
   -726.39992790
   -726.38989769
   -726.42917807
   -726.40011933
   -726.42084490
   -726.40264472
   -726.40331399
   -726.43705663
   -726.39408043
   -726.40577236
   -726.30912052
   -726.38623662
   -726.42177514
   -726.40218946
   -726.39087919
   -726.40667680
   -726.39309027
   -726.39339597
   -726.40825620
   -726.41145732
   -726.39645627
   -726.41618605
   -726.36148261
   -726.35686176
   -726.38687579
   -726.38332764
   -726.41055353
   -726.42777521
   -726.42282432
   -726.39656124
   -726.39358984
   -726.38318842
   -726.42162488
   -726.40336929
   -726.41571850
   -726.40357600
   -726.43005827
   -726.40740091
   -726.42258869
   -726.39270405
   -726.30646815
   -726.39798740
   -726.39733316
   -726.41727358
   -726.34603087
   -726.41279879
   -726.39916491
   -726.39946190
   -726.39254311
   -726.39126407
   -726.41137430
   -726.39211243
   -726.40578140
   -726.41909320
   -726.30148114
   -726.38246611
   -726.39337611
   -726.40219096
   -726.40647905
   -726.41808404
   -726.41480554
   -726.43800124
   -726.30466281
   -726.42695670
   -726.42951574
   -726.43278009
   -726.41383981
   -726.40709384
   -726.39187290
   -726.41030538
   -726.31231665
   -726.39919140
   -726.31123232
   -726.37042909
   -726.41258066
   -726.39926813
   -726.39876140
   -726.40822780
   -726.40440280
   -726.40568391
   -726.39300492
   -726.41387263
   -726.42139237
   -726.35471831
   -726.40707754
   -726.39664532
   -726.38222929
   -726.42029609
   -726.39134329
   -726.42096010
   -726.40936425
   -726.42279911
   -726.40321479
   -726.39177300
   -726.39074392
   -726.31415065
   -726.42050757
   -726.41812557
   -726.30930402
   -726.37221882
   -726.41545763
   -726.42547759
   -726.40496361
   -726.40141012
   -726.39507488
   -726.36740156
   -726.31081376
   -726.40855409
   -726.39905882
   -726.40060187
   -726.40060814
   -726.39297107
   -726.40735558
   -726.39909236
   -726.35381356
   -726.37908991
   -726.38416550
   -726.39929828
   -726.38628926
   -726.39826247
   -726.42925130
   -726.41690094
   -726.40943207
   -726.42187618
   -726.39566858
   -726.39408876
   -726.39591347
   -726.38514800
   -726.37219282
   -726.41527229
   -726.39603519
   -726.39410350
   -726.41579637
   -726.39074503
   -726.35771457
   -726.39305604
   -726.38066214
   -726.39716545
   -726.31764079
   -726.39604115
   -726.37016821
   -726.40571607
   -726.37928611
   -726.37404625
   -726.32017597
   -726.40893895
   -726.38114513
   -726.38071822
   -726.39379182
   -726.40012242
   -726.40226409
   -726.40524963
   -726.40833192
   -726.38935678
   -726.40838891
   -726.40768598
   -726.41267145
   -726.41380488
   -726.39743017
   -726.42838765
   -726.38157429
   -726.38557213
   -726.38802651
   -726.37128192
   -726.37962122
   -726.41041532
   -726.37056136
   -726.41514051
   -726.39508132
   -726.39589944
   -726.41463263
   -726.39764685
   -726.38080875
   -726.42328964
   -726.40840395
   -726.38574587
   -726.40650136
   -726.37223468
   -726.39734193
   -726.41666885
   -726.38914879
   -726.39448916
   -726.39231827
   -726.38660467
   -726.40859730
   -726.38636840
   -726.38607908
   -726.39383404
   -726.38614030
   -726.40319269
   -726.39308290
   -726.40029248
   -726.37982224
   -726.38197366
   -726.40670691
   -726.38483297
   -726.30861379
   -726.39448383
   -726.34278916
   -726.40285985
   -726.38690590
   -726.39896955
   -726.39529248
   -726.42425834
   -726.38864610
   -726.31104738
   -726.40049712
   -726.40278543
   -726.42916463
   -726.38288351
   -726.39655496
   -726.38995275
   -726.33892031
   -726.42398369
   -726.39918274
   -726.39986342
   -726.28025715
   -726.37507989
   -726.40013125
   -726.41101234
   -726.39557424
   -726.42232272
   -726.40023782
   -726.41594254
   -726.40846761
   -726.31568177
   -726.38951575
   -726.40983147
   -726.39782257
   -726.40180658
   -726.40005707
   -726.39490148
   -726.31431215
   -726.39237752
   -726.39561921
   -726.39347209
   -726.39038086
   -726.39859258
   -726.41382348
   -726.39358391
   -726.38671040
   -726.40199830
   -726.39950100
   -726.39109565
   -726.40873063
   -726.40856559
   -726.40699706
   -726.39617327
   -726.41766010
   -726.39286554
   -726.42617669
   -726.38114560
   -726.40270097
   -726.36637594
   -726.38010304
   -726.31430098
   -726.41632686
   -726.38317384
   -726.40107531
   -726.41552148
   -726.42704224
   -726.40821303
   -726.39986133
   -726.39267623
   -726.41912515
   -726.43342597
   -726.42945965
   -726.40574272
   -726.39300294
   -726.42135522
   -726.40589605
   -726.42664431
   -726.39766323
   -726.38840379
   -726.41282491
   -726.40899677
   -726.41236121
   -726.41429508
   -726.41268242
   -726.42512538
   -726.42246327
   -726.38006541
   -726.38503410
   -726.39010980
   -726.37705817
   -726.42890212
   -726.39988662
   -726.41800967
   -726.40708856
   -726.41381901
   -726.39929973
   -726.37973974
   -726.40968317
   -726.37904999
   -726.41110724
   -726.38904900
   -726.41037828
   -726.41810625
   -726.39466716
   -726.37817154
   -726.40487761
   -726.41860314
   -726.39984454
   -726.41738772
   -726.38340645
   -726.42745600
   -726.40386300
   -726.38512578
   -726.40930149
   -726.42556406
   -726.37788679
   -726.41067148
   -726.40368872
   -726.41204709
   -726.42199399
   -726.40800535
   -726.39921465
   -726.39660821
   -726.39439812
   -726.40592255
   -726.38422802
   -726.39935748
   -726.40914120
   -726.39806456
   -726.31808502
   -726.39017180
   -726.38278788
   -726.39700834
   -726.37743988
   -726.39538449
   -726.38341153
   -726.41918486
   -726.36869449
   -726.39145835
   -726.39173201
   -726.31193734
   -726.39821019
   -726.30577244
   -726.41498110
   -726.40496349
   -726.41897093
   -726.41674426
   -726.39845718
   -726.37862099
   -726.41144089
   -726.40125132
   -726.39137131
   -726.31844300
   -726.43350423
   -726.37835387
   -726.38887739
   -726.31087860
   -726.41792467
   -726.30785288
   -726.40949254
   -726.41584582
   -726.31282158
   -726.39591728
   -726.40845982
   -726.31248382
   -726.34399574
   -726.38628437
   -726.42522165
   -726.40331475
   -726.40582002
   -726.36292828
   -726.39326560
   -726.30036507
   -726.43841749
   -726.39858133
   -726.37278678
   -726.40496588
   -726.41563197
   -726.42725883
   -726.40512436
   -726.40041917
   -726.38689832
   -726.39266320
   -726.40398857
   -726.39708984
   -726.40373405
   -726.41412385
   -726.37813643
   -726.38917613
   -726.43546008
   -726.42247261
   -726.42264592
   -726.43982368
   -726.38189044
   -726.40556666
   -726.42162204
   -726.39543789
   -726.37736889
   -726.39391341
   -726.38395497
   -726.33823839
   -726.40935734
   -726.39640620
   -726.40454118
   -726.32442823
   -726.31219250
   -726.41320750
   -726.37938631
   -726.40156345
   -726.41100620
   -726.42150603
   -726.39813380
   -726.40212695
   -726.31165891
   -726.38683323
   -726.40676034
   -726.39884144
   -726.40087585
   -726.41513950
   -726.43214014
   -726.39451106
   -726.40745594
   -726.39222923
   -726.42171959
   -726.40494865
   -726.39177653
   -726.39133898
   -726.40522912
   -726.40046713
   -726.38980871
   -726.42740460
   -726.39971428
   -726.41787299
   -726.39922706
   -726.38372468
   -726.39184835
   -726.42922513
   -726.39845349
   -726.40778612
   -726.40138658
   -726.29837056
   -726.43138346
   -726.37118453
   -726.39945476
   -726.40774108
   -726.41121059
   -726.39326131
   -726.39385779
   -726.42222180
   -726.40959077
   -726.43127186
   -726.38177391
   -726.37964821
   -726.39078272
   -726.42210441
   -726.42571635
   -726.37836133
   -726.40093908
   -726.38511747
   -726.38446539
   -726.37868223
   -726.41946143
   -726.42576315
   -726.42220017
   -726.38910211
   -726.39557819
   -726.40812779
   -726.40447057
   -726.38638871
   -726.37885081
   -726.40926056
   -726.41105305
   -726.38592410
   -726.39416705
   -726.39501011
   -726.42248864
   -726.39835961
   -726.39845727
   -726.42116197
   -726.30632277
   -726.41200235
   -726.38113384
   -726.39289858
   -726.39518083
   -726.38086662
   -726.42350992
   -726.42279677
   -726.38733883
   -726.39052781
   -726.40171054
   -726.39404498
   -726.42162940
   -726.40770128
   -726.40998598
   -726.41613945
   -726.42188607
   -726.40403332
   -726.41591346
   -726.40740271
   -726.42324025
   -726.39929655
   -726.39468103
   -726.42724872
   -726.41238585
   -726.39468329
   -726.43668086
   -726.40415757
   -726.39674977
   -726.40897795
   -726.30139588
   -726.38826686
   -726.41622688
   -726.38765237
   -726.39266480
   -726.41658425
   -726.37348688
   -726.39887807
   -726.37639877
   -726.38405853
   -726.40104997
   -726.40793053
   -726.39768543
   -726.41321822
   -726.39768331
   -726.39305243
   -726.38815182
   -726.41214099
   -726.41613357
   -726.40365375
   -726.43043703
   -726.38507827
   -726.31358202
   -726.40268091
   -726.40575058
   -726.39247144
   -726.41219289
   -726.37901906
   -726.39285667
   -726.38009085
   -726.39718863
   -726.40512026
   -726.39363973
   -726.43257792
   -726.42774946
   -726.39376877
   -726.39414520
   -726.41208451
   -726.38610317
   -726.41794099
   -726.41484982
   -726.35963660
   -726.37607852
   -726.37630323
   -726.39800490
   -726.42753726
   -726.37470542
   -726.38071069
   -726.41841057
   -726.38330255
   -726.39988976
   -726.41294944
   -726.41373378
   -726.30994317
   -726.40227547
   -726.41026389
   -726.41639351
   -726.33574048
   -726.40936385
   -726.42616899
   -726.40565399
   -726.39480292
   -726.41705921
   -726.39063288
   -726.36714219
   -726.37050333
   -726.37683813
   -726.41045967
   -726.37580513
   -726.39547358
   -726.39654559
   -726.40704064
   -726.39623222
   -726.42183838
   -726.40173172
   -726.40267818
   -726.40578230
   -726.40255982
   -726.39126885
   -726.40359647
   -726.41309816
   -726.36181695
   -726.40128622
   -726.41648429
   -726.40565634
   -726.38023955
   -726.41735136
   -726.39561924
   -726.39610721
   -726.42059515
   -726.41971696
   -726.37548358
   -726.41198339
   -726.42436453
   -726.36091689
   -726.39602037
   -726.41401463
   -726.40833460
   -726.38225970
   -726.42396645
   -726.30860898
   -726.39510076
   -726.41330127
   -726.38053221
   -726.40761365
   -726.40734299
   -726.39827216
   -726.38052193
   -726.41935393
   -726.42888763
   -726.37972848
   -726.41181746
   -726.40553610
   -726.42769659
   -726.36766058
   -726.40897284
   -726.38461747
   -726.39314186
   -726.40594629
   -726.41516722
   -726.40343253
   -726.39264276
   -726.39066863
   -726.40373210
   -726.40891563
   -726.42254614
   -726.34995490
   -726.39315785
   -726.39493936
   -726.41145007
   -726.42618787
   -726.39758849
   -726.40818455
   -726.42644941
   -726.40344006
   -726.31128940
   -726.39926584
   -726.39333962
   -726.31704773
   -726.39284036
   -726.39588754
   -726.39729093
   -726.41297405
   -726.41758896
   -726.31161601
   -726.37233416
   -726.35547073
   -726.40113274
   -726.43093217
   -726.41223861
   -726.40161558
   -726.38958592
   -726.40928619
   -726.40603124
   -726.41825365
   -726.43236715
   -726.39661454
   -726.40083444
   -726.40224791
   -726.38074165
   -726.32953393
   -726.42697595
   -726.38406794
   -726.38815082
   -726.40992972
   -726.43799446
   -726.40464276
   -726.42163719
   -726.42665043
   -726.39144504
   -726.41949780
   -726.42251346
   -726.40152295
   -726.40195580
   -726.41607996
   -726.41227906
   -726.41631089
   -726.39944092
   -726.39988179
   -726.36895912
   -726.39220191
   -726.42285378
   -726.35667692
   -726.38476772
   -726.38608941
   -726.38520648
   -726.35110157
   -726.41387778
   -726.41037316
   -726.41814732
   -726.38979987
   -726.37258884
   -726.40517370
   -726.39886132
   -726.38058064
   -726.31453019
   -726.40923775
   -726.39549341
   -726.40685139
   -726.39892314
   -726.42461291
   -726.43039079
   -726.41912012
   -726.40535019
   -726.40721167
   -726.31326708
   -726.41412868
   -726.43289915
   -726.39521041
   -726.40071197
   -726.40773384
   -726.40991759
   -726.42751876
   -726.39347612
   -726.39131112
   -726.40816002
   -726.40602364
   -726.32519466
   -726.39069101
   -726.40179320
   -726.40952453
   -726.40835826
   -726.40993373
   -726.40561148
   -726.30474481
   -726.39239663
   -726.40173260
   -726.41459331
   -726.39259624
   -726.40476242
   -726.38116784
   -726.40189958
   -726.39263789
   -726.38996818
   -726.39834956
   -726.40848825
   -726.40702427
   -726.40043186
   -726.39893485
   -726.42427695
   -726.42267022
   -726.40878194
   -726.39988145
   -726.40330206
   -726.40640517
   -726.39126991
   -726.40960518
   -726.43409060
   -726.39780109
   -726.37765381
   -726.40215653
   -726.40853573
   -726.39962763
   -726.39050342
   -726.38798194
   -726.38082449
   -726.38419292
   -726.42907920
   -726.35922591
   -726.40569660
   -726.41497889
   -726.39536970
   -726.41546084
   -726.40412790
   -726.41536334
   -726.39239797
   -726.40114214
   -726.41383449
   -726.39955964
   -726.42163811
   -726.42524099
   -726.40011413
   -726.42377132
   -726.42510071
   -726.39744522
   -726.39906613
   -726.38310329
   -726.37582684
   -726.38245912
   -726.37843403
   -726.37321077
   -726.30074801
   -726.38851981
   -726.42338593
   -726.35924470
   -726.40027740
   -726.38297408
   -726.41471524
   -726.42087908
   -726.40210889
   -726.39671203
   -726.39391382
   -726.43153990
   -726.42343942
   -726.42088581
   -726.39645072
   -726.37227848
   -726.39485531
   -726.41765164
   -726.37791312
   -726.43565959
   -726.40092708
   -726.31073123
   -726.35508313
   -726.38341750
   -726.42105759
   -726.38814894
   -726.38707944
   -726.39148862
   -726.42119881
   -726.39815526
   -726.40940451
   -726.39270717
   -726.38487839
   -726.40287127
   -726.41973837
   -726.40024631
   -726.39619281
   -726.38485730
   -726.38177059
   -726.42057535
   -726.39747598
   -726.43024752
   -726.37298741
   -726.37836595
   -726.37835774
   -726.38672066
   -726.39834162
   -726.35628117
   -726.39313652
   -726.43450324
   -726.41205672
   -726.39599896
   -726.40617516
   -726.40830836
   -726.38945658
   -726.41386258
   -726.39436468
   -726.38652230
   -726.38707727
   -726.38223561
   -726.41668161
   -726.41591426
   -726.39604695
   -726.41530760
   -726.41742565
   -726.37783982
   -726.39998912
   -726.37990888
   -726.37730047
   -726.39224702
   -726.38856829
   -726.41822564
   -726.38623413
   -726.38882325
   -726.40034208
   -726.39041919
   -726.38246371
   -726.40320763
   -726.38664945
   -726.42477039
   -726.41891679
   -726.37905068
   -726.40254198
   -726.37484580
   -726.39239130
   -726.41821605
   -726.39738877
   -726.39891364
   -726.38719648
   -726.42177148
   -726.39060559
   -726.41701867
   -726.41114614
   -726.41760128
   -726.39663997
   -726.40822478
   -726.39331597
   -726.39539692
   -726.40321029
   -726.40141892
   -726.41251256
   -726.41314466
   -726.40793624
   -726.38752282
   -726.42813482
   -726.42015508
   -726.41807864
   -726.40928646
   -726.40582484
   -726.41369576
   -726.38457229
   -726.40816226
   -726.41442412
   -726.38940894
   -726.38222051
   -726.38929830
   -726.39836872
   -726.39017172
   -726.39786808
   -726.41739445
   -726.37951991
   -726.39397000
   -726.39330226
   -726.37599345
   -726.38663959
   -726.43283498
   -726.38749673
   -726.42264556
   -726.42181432
   -726.42445872
   -726.40276843
   -726.39856202
   -726.37832385
   -726.39404027
   -726.42356241
   -726.41204036
   -726.42464744
   -726.41850093
   -726.37879136
   -726.40549552
   -726.38860676
   -726.40622085
   -726.40740553
   -726.39211959
   -726.37231653
   -726.41809825
   -726.39144014
   -726.40455142
   -726.43223308
   -726.40138140
   -726.37770129
   -726.40272146
   -726.41145987
   -726.39686296
   -726.39752095
   -726.41449835
   -726.39534284
   -726.43893724
   -726.38323251
   -726.41577380
   -726.39680787
   -726.41998691
   -726.38015691
   -726.41620767
   -726.36703365
   -726.42147414
   -726.41309912
   -726.38531268
   -726.40308636
   -726.42833002
   -726.40245315
   -726.42895964
   -726.43108583
   -726.38917446
   -726.40431219
   -726.40114566
   -726.38266773
   -726.40448370
   -726.39529226
   -726.38983012
   -726.39515405
   -726.43654643
   -726.38356764
   -726.38128023
   -726.42313682
   -726.37132930
   -726.42616123
   -726.37986680
   -726.39918092
   -726.38191454
   -726.39125533
   -726.29977255
   -726.39547441
   -726.39332593
   -726.42841690
   -726.40525857
   -726.39320515
   -726.40327108
   -726.39523983
   -726.39958180
   -726.40896025
   -726.41093426
   -726.40332305
   -726.39318910
   -726.41693846
   -726.39059786
   -726.41568229
   -726.42091698
   -726.37037014
   -726.38793626
   -726.37836575
   -726.41504752
   -726.41876426
   -726.39080533
   -726.40687753
   -726.38773000
   -726.41494937
   -726.42672147
   -726.40288608
   -726.43214897
   -726.41141887
   -726.40082449
   -726.39456638
   -726.39826704
   -726.36535053
   -726.41328569
   -726.40639896
   -726.40956828
   -726.38793389
   -726.40727168
   -726.39848850
   -726.43822171
   -726.39444873
   -726.39533526
   -726.38715271
   -726.38559647
   -726.42609815
   -726.41710490
   -726.38774553
   -726.40265567
   -726.38184026
   -726.40659039
   -726.39548579
   -726.41586355
   -726.39606125
   -726.42894084
   -726.39134961
   -726.43151783
   -726.39223107
   -726.40353693
   -726.39045517
   -726.38301839
   -726.41628234
   -726.39749984
   -726.40547828
   -726.39131226
   -726.37169417
   -726.41012573
   -726.38282406
   -726.38654289
   -726.41956756
   -726.41160132
   -726.40471356
   -726.39854541
   -726.30678001
   -726.40770871
   -726.39760312
   -726.40165547
   -726.38787012
   -726.41640223
   -726.31776150
   -726.38423048
   -726.41320861
   -726.37679791
   -726.37799405
   -726.39133352
   -726.40695166
   -726.40289708
   -726.39260708
   -726.39072992
   -726.42485446
   -726.38168869
   -726.31859042
   -726.39572282
   -726.39884931
   -726.39856874
   -726.40287800
   -726.40396223
   -726.37118658
   -726.42545441
   -726.41039307
   -726.43066297
   -726.38030849
   -726.41637249
   -726.39828840
   -726.39285397
   -726.41220518
   -726.39737488
   -726.36448775
   -726.40021703
   -726.41213680
   -726.38699953
   -726.38694346
   -726.42734500
   -726.42735884
   -726.40336827
   -726.39809840
   -726.38383115
   -726.41314413
   -726.40033498
   -726.39836130
   -726.39076079
   -726.40112086
   -726.42256451
   -726.38814436
   -726.43052081
   -726.38834888
   -726.40400280
   -726.41105510
   -726.39848106
   -726.42220938
   -726.41093966
   -726.39997880
   -726.38570140
   -726.40160535
   -726.37378305
   -726.39859419
   -726.40273668
   -726.43015543
   -726.36705168
   -726.37275629
   -726.39414022
   -726.41946333
   -726.41368611
   -726.38339453
   -726.41167388
   -726.42737486
   -726.38419836
   -726.41122700
   -726.40636972
   -726.41434408
   -726.42698855
   -726.39936688
   -726.40086697
   -726.39828599
   -726.38705124
   -726.39790489
   -726.40741867
   -726.41834884
   -726.42815075
   -726.39241356
   -726.40114952
   -726.43034264
   -726.42791831
   -726.43562613
   -726.41181300
   -726.39987299
   -726.39702584
   -726.42210088
   -726.41006243
   -726.38829820
   -726.40680121
   -726.40444070
   -726.39683524
   -726.41237524
   -726.36930140
   -726.40331253
   -726.39242755
   -726.40615335
   -726.39038865
   -726.40959109
   -726.38818955
   -726.39599989
   -726.41479785
   -726.40619298
   -726.37856230
   -726.40126173
   -726.39925605
   -726.38797833
   -726.31704026
   -726.40553098
   -726.37690592
   -726.41200342
   -726.41651470
   -726.39823440
   -726.39301382
   -726.36713779
   -726.36275978
   -726.41974848
   -726.40544656
   -726.38176976
   -726.41504222
   -726.41691108
   -726.40725246
   -726.43249854
   -726.41082210
   -726.43063804
   -726.40697855
   -726.40359372
   -726.31646393
   -726.43380945
   -726.39620297
   -726.42064208
   -726.42535378
   -726.42164145
   -726.39415132
   -726.39547265
   -726.42146364
   -726.35997991
   -726.40078958
   -726.38122288
   -726.38188961
   -726.40101405
   -726.43280040
   -726.41081812
   -726.37733653
   -726.29528888
   -726.40776973
   -726.39374158
   -726.39098055
   -726.41643768
   -726.41525294
   -726.40700522
   -726.41617604
   -726.41128682
   -726.37509023
   -726.39345860
   -726.38841739
   -726.37871144
   -726.40634945
   -726.38592022
   -726.42025816
   -726.41128031
   -726.31781911
   -726.40670237
   -726.42233514
   -726.41862106
   -726.42381552
   -726.40532530
   -726.42590415
   -726.40627258
   -726.41897226
   -726.42785223
   -726.38677248
   -726.39035481
   -726.40010364
   -726.44013855
   -726.39358967
   -726.40872610
   -726.31001979
   -726.40465607
   -726.37340015
   -726.41064336
   -726.39758560
   -726.38638786
   -726.41504964
   -726.42277929
   -726.43059515
   -726.39745619
   -726.42706010
   -726.41803923
   -726.42361840
   -726.30197595
   -726.39921943
   -726.41897482
   -726.39039723
   -726.37042940
   -726.43107498
   -726.40304207
   -726.39525843
   -726.40024485
   -726.42672983
   -726.42345786
   -726.39588110
   -726.41747260
   -726.39857496
   -726.40471520
   -726.39860966
   -726.39127018
   -726.41354323
   -726.41327143
   -726.40215595
   -726.41779501
   -726.40286325
   -726.40601670
   -726.42409895
   -726.39432046
   -726.35307691
   -726.41299533
   -726.40221234
   -726.39720340
   -726.41365134
   -726.38675357
   -726.42380362
   -726.42076555
   -726.41543203
   -726.42734870
   -726.42079497
   -726.38981941
   -726.39352779
   -726.38735063
   -726.37242880
   -726.41137779
   -726.38938812
   -726.39312920
   -726.37522703
   -726.39174585
   -726.43478405
   -726.40272671
   -726.40377622
   -726.39043386
   -726.39378239
   -726.41044030
   -726.40209637
   -726.38611224
   -726.42493093
   -726.43491849
   -726.40525549
   -726.37825619
   -726.43417887
   -726.36950883
   -726.42574600
   -726.41108772
   -726.43867084
   -726.41726398
   -726.40522185
   -726.43268407
   -726.37668251
   -726.41474738
   -726.36722962
   -726.38339664
   -726.40568838
   -726.35474954
   -726.42970797
   -726.37668646
   -726.36730186
   -726.42494037
   -726.41744334
   -726.41143890
   -726.40676625
   -726.40887066
   -726.38891331
   -726.38456454
   -726.41132319
   -726.40110653
   -726.39953373
   -726.40780312
   -726.40138392
   -726.42407838
   -726.39276856
   -726.41638816
   -726.41253589
   -726.41474288
   -726.40352633
   -726.40474954
   -726.41191499
   -726.42364110
   -726.38778363
   -726.38320144
   -726.39106637
   -726.41227722
   -726.40585184
   -726.38677175
   -726.40440090
   -726.40249584
   -726.42956244
   -726.40196696
   -726.42038174
   -726.38711170
   -726.37455399
   -726.39350542
   -726.40690421
   -726.40088178
   -726.42730944
   -726.40544975
   -726.40890672
   -726.38360570
   -726.29966568
   -726.39870171
   -726.38460088
   -726.40894451
   -726.36371946
   -726.40226485
   -726.40276514
   -726.38555130
   -726.40323640
   -726.36463099
   -726.40062534
   -726.40610845
   -726.36956135
   -726.40470621
   -726.41570177
   -726.40515653
   -726.40938171
   -726.41300943
   -726.41297292
   -726.42767839
   -726.40947211
   -726.40723500
   -726.38742697
   -726.42006028
   -726.29585877
   -726.41283310
   -726.40032896
   -726.39564632
   -726.39002277
   -726.39142384
   -726.36851661
   -726.38979545
   -726.40523040
   -726.42039167
   -726.39294004
   -726.41183184
   -726.30720216
   -726.41470738
   -726.41093636
   -726.42786978
   -726.35106702
   -726.41010666
   -726.38561591
   -726.42029295
   -726.41837276
   -726.40671768
   -726.39926018
   -726.41501894
   -726.39955917
   -726.40109894
   -726.37337378
   -726.39587972
   -726.39484243
   -726.38787698
   -726.40720586
   -726.37961752
   -726.41822009
   -726.40959201
   -726.40020471
   -726.43126464
   -726.39351908
   -726.39218752
   -726.41976178
   -726.39131772
   -726.38981188
   -726.39174697
   -726.40230036
   -726.38854239
   -726.40075124
   -726.37775247
   -726.40067787
   -726.38668222
   -726.41598531
   -726.38304954
   -726.37896267
   -726.39018099
   -726.31057886
   -726.42952707
   -726.35815063
   -726.39635125
   -726.42500597
   -726.40136762
   -726.39392805
   -726.40325349
   -726.40301349
   -726.37490844
   -726.35771482
   -726.39316626
   -726.39393152
   -726.41193976
   -726.41135727
   -726.41066347
   -726.41176103
   -726.39475391
   -726.37202503
   -726.38798481
   -726.40247862
   -726.38464964
   -726.38459604
   -726.41770350
   -726.38296418
   -726.41786886
   -726.30082134
   -726.40289083
   -726.41511890
   -726.30202452
   -726.42146663
   -726.41167482
   -726.39194131
   -726.37774638
   -726.42448002
   -726.42477447
   -726.39949924
   -726.41393627
   -726.39306487
   -726.39587656
   -726.38713800
   -726.42200394
   -726.38759474
   -726.42645589
   -726.40897146
   -726.38784499
   -726.40772760
   -726.39361565
   -726.40634811
   -726.41319132
   -726.39679803
   -726.37964428
   -726.37975149
   -726.39726313
   -726.38838677
   -726.41406517
   -726.40503619
   -726.39871989
   -726.40369333
   -726.40651324
   -726.38438808
   -726.42195397
   -726.42231433
   -726.31082027
   -726.40453943
   -726.42250166
   -726.38780209
   -726.38135996
   -726.39547478
   -726.40131672
   -726.38545286
   -726.40317463
   -726.39414201
   -726.42527745
   -726.41586005
   -726.39489185
   -726.38849668
   -726.39630914
   -726.39744778
   -726.37802044
   -726.44083949
   -726.41297647
   -726.38394600
   -726.40551188
   -726.41393241
   -726.39889472
   -726.31413364
   -726.39893086
   -726.38786066
   -726.39581341
   -726.37385682
   -726.38737183
   -726.37008573
   -726.39197226
   -726.38881132
   -726.41378816
   -726.42315840
   -726.41887504
   -726.42153542
   -726.37100418
   -726.37530533
   -726.42527200
   -726.40533560
   -726.37387364
   -726.41281379
   -726.41903903
   -726.37591535
   -726.35636311
   -726.43059273
   -726.41616660
   -726.39648897
   -726.42576035
   -726.36897618
   -726.30657543
   -726.40032592
   -726.42437173
   -726.38870783
   -726.39814033
   -726.39149645
   -726.41971406
   -726.39998867
   -726.42631298
   -726.40810190
   -726.40715831
   -726.41987078
   -726.42008407
   -726.40405246
   -726.39728280
