% The following energies apply to conformations described by the topology 
% R36.top.  Structures are given in trajectory coords.cdf, count: 2578.

% Item 0:
%   Energy -> orca_structures/coor*/Conf*.out
   -613.32869884
   -613.35352418
   -613.36052578
   -613.34923097
   -613.35611880
   -613.31363156
   -613.38162345
   -613.33150431
   -613.33490060
   -613.33271411
   -613.32398826
   -613.37636197
   -613.34749184
   -613.28532939
   -613.33337549
   -613.34290911
   -613.32129004
   -613.36749559
   -613.35894038
   -613.37816379
   -613.33393868
   -613.36406938
   -613.38151760
   -613.33822137
   -613.36614427
   -613.36248565
   -613.36188800
   -613.27858926
   -613.34933460
   -613.33517942
   -613.35577708
   -613.33521057
   -613.36798160
   -613.36026133
   -613.33703680
   -613.37325614
   -613.35401921
   -613.36673817
   -613.33009663
   -613.35064746
   -613.36016439
   -613.33074607
   -613.34841745
   -613.34410279
   -613.32693431
   -613.37324955
   -613.30651173
   -613.34963807
   -613.32787851
   -613.31905476
   -613.35528964
   -613.37346584
   -613.32466821
   -613.38504040
   -613.33747516
   -613.33689647
   -613.34413782
   -613.31376179
   -613.35753329
   -613.33493645
   -613.30902981
   -613.32403736
   -613.36516948
   -613.34116033
   -613.32839007
   -613.37491060
   -613.34922925
   -613.32304979
   -613.36166220
   -613.35569881
   -613.35177765
   -613.32800461
   -613.33760398
   -613.34522836
   -613.31110316
   -613.37015065
   -613.37099984
   -613.36164408
   -613.32023534
   -613.34840432
   -613.34618209
   -613.35923931
   -613.37434653
   -613.35400791
   -613.31559022
   -613.36053325
   -613.33393018
   -613.35070828
   -613.33545227
   -613.34538482
   -613.34635369
   -613.33909445
   -613.34708095
   -613.36210566
   -613.33579284
   -613.38105836
   -613.33886051
   -613.33844173
   -613.33988900
   -613.39130994
   -613.35202083
   -613.36988384
   -613.29850576
   -613.34727686
   -613.36787783
   -613.34182213
   -613.34097060
   -613.36884892
   -613.34709892
   -613.34273070
   -613.36604240
   -613.34349146
   -613.35879496
   -613.35936142
   -613.29210266
   -613.33512553
   -613.30581418
   -613.31831603
   -613.36202076
   -613.33679247
   -613.36949560
   -613.33573421
   -613.36867347
   -613.34913942
   -613.34993184
   -613.35232120
   -613.34639842
   -613.34123994
   -613.33703032
   -613.36457831
   -613.33948261
   -613.34795123
   -613.33889723
   -613.36300736
   -613.35427366
   -613.37798276
   -613.35122393
   -613.33693886
   -613.34144014
   -613.34278310
   -613.34952783
   -613.37208374
   -613.33783870
   -613.35248801
   -613.34674381
   -613.34000863
   -613.36503260
   -613.36008287
   -613.37248908
   -613.34789984
   -613.31490728
   -613.35891334
   -613.35150842
   -613.36490460
   -613.30637020
   -613.35277510
   -613.36219659
   -613.33032808
   -613.35865289
   -613.32682219
   -613.33426171
   -613.35136438
   -613.35038449
   -613.38349403
   -613.35821659
   -613.29961186
   -613.37710790
   -613.36642458
   -613.31918202
   -613.36692356
   -613.33017327
   -613.33568606
   -613.33359664
   -613.35951253
   -613.35104604
   -613.33337095
   -613.34709888
   -613.37245265
   -613.32265980
   -613.33986098
   -613.36338575
   -613.32726865
   -613.34062551
   -613.35878512
   -613.35682726
   -613.27601974
   -613.35290198
   -613.35037564
   -613.28622351
   -613.37281427
   -613.34350187
   -613.33217316
   -613.34707487
   -613.30847653
   -613.34928485
   -613.37185097
   -613.29086443
   -613.36247971
   -613.34735648
   -613.34643743
   -613.34788993
   -613.35903865
   -613.28013323
   -613.36474057
   -613.29137491
   -613.37547654
   -613.35115231
   -613.35869526
   -613.34543566
   -613.33924718
   -613.36055500
   -613.34782531
   -613.35447220
   -613.36355501
   -613.26602049
   -613.38041323
   -613.34088394
   -613.37063179
   -613.28687272
   -613.32647794
   -613.36052896
   -613.34326727
   -613.35214879
   -613.35579119
   -613.34142866
   -613.33442777
   -613.33656948
   -613.34759438
   -613.34867523
   -613.36467523
   -613.34260992
   -613.35312299
   -613.35981153
   -613.32210254
   -613.34587694
   -613.35782440
   -613.34681436
   -613.36965578
   -613.34200476
   -613.36613817
   -613.35614558
   -613.36052059
   -613.33940052
   -613.36365813
   -613.36273722
   -613.37423307
   -613.33980231
   -613.33233463
   -613.34083696
   -613.32729111
   -613.31439972
   -613.35777051
   -613.33684436
   -613.33020899
   -613.36347072
   -613.34461692
   -613.27597873
   -613.33771073
   -613.35984346
   -613.37189724
   -613.37202905
   -613.31673971
   -613.36950586
   -613.35792651
   -613.36673221
   -613.38261409
   -613.37065068
   -613.32020218
   -613.35648657
   -613.33109775
   -613.35555228
   -613.36849980
   -613.37915347
   -613.34928149
   -613.36576646
   -613.35840705
   -613.36957429
   -613.33318082
   -613.35346130
   -613.34756326
   -613.33845921
   -613.32444747
   -613.34260384
   -613.35207790
   -613.29563022
   -613.36722372
   -613.33800002
   -613.35654869
   -613.35482418
   -613.37332402
   -613.36176949
   -613.36587105
   -613.34772645
   -613.35263659
   -613.31696287
   -613.35739683
   -613.35759915
   -613.35749806
   -613.32525867
   -613.36207790
   -613.35516047
   -613.35632950
   -613.35903023
   -613.35087054
   -613.35378249
   -613.35812539
   -613.33727294
   -613.35840343
   -613.35902819
   -613.33508214
   -613.35734544
   -613.34649880
   -613.37931334
   -613.34766988
   -613.33659814
   -613.33831787
   -613.36387216
   -613.35497735
   -613.36292643
   -613.35072290
   -613.35128345
   -613.35484505
   -613.38696280
   -613.34559710
   -613.34795973
   -613.36931523
   -613.34077921
   -613.36531072
   -613.37311924
   -613.35206073
   -613.36296523
   -613.35706958
   -613.32125346
   -613.33648911
   -613.34539449
   -613.37788449
   -613.36662862
   -613.33946391
   -613.33824058
   -613.32625638
   -613.37907956
   -613.37651573
   -613.35082320
   -613.34559048
   -613.37129720
   -613.37521708
   -613.33487556
   -613.36685281
   -613.37128752
   -613.34371321
   -613.36701992
   -613.35213363
   -613.35120431
   -613.35138789
   -613.29534380
   -613.37246395
   -613.35499316
   -613.35736230
   -613.35215805
   -613.33054040
   -613.28759931
   -613.37300293
   -613.36523620
   -613.37185171
   -613.31876194
   -613.34657269
   -613.35002968
   -613.38217394
   -613.37803944
   -613.34343643
   -613.36179225
   -613.35469065
   -613.38996731
   -613.36667961
   -613.31428288
   -613.37067499
   -613.34794469
   -613.32561354
   -613.38322431
   -613.37588489
   -613.36318535
   -613.34780668
   -613.35710330
   -613.35084809
   -613.36265373
   -613.35940422
   -613.38412778
   -613.32934143
   -613.38900762
   -613.33762267
   -613.29811452
   -613.35314543
   -613.35474633
   -613.26589712
   -613.32896084
   -613.38107582
   -613.35113366
   -613.31375517
   -613.36477493
   -613.34466652
   -613.37546081
   -613.34863283
   -613.23439676
   -613.33370133
   -613.31897044
   -613.33420140
   -613.33810823
   -613.36877717
   -613.36194079
   -613.33432515
   -613.35643316
   -613.35748899
   -613.36084728
   -613.37170512
   -613.37792757
   -613.38075928
   -613.28625093
   -613.35230500
   -613.35676495
   -613.33796409
   -613.35537582
   -613.36750581
   -613.34100727
   -613.37379093
   -613.34495101
   -613.35073999
   -613.35959392
   -613.36800894
   -613.34097955
   -613.32475383
   -613.37138444
   -613.34111271
   -613.33759950
   -613.32255334
   -613.36774479
   -613.35913461
   -613.33430037
   -613.37916251
   -613.32517755
   -613.34663395
   -613.34035271
   -613.35170374
   -613.32415838
   -613.35247735
   -613.37155619
   -613.37153961
   -613.30577316
   -613.34462953
   -613.33568018
   -613.35818592
   -613.35545751
   -613.33048314
   -613.35595641
   -613.37522202
   -613.34915368
   -613.35355900
   -613.37553674
   -613.31010798
   -613.33500358
   -613.36262761
   -613.35443466
   -613.35800619
   -613.34565359
   -613.31833323
   -613.33725196
   -613.33902190
   -613.27275841
   -613.35244873
   -613.34114896
   -613.35351910
   -613.34065510
   -613.35674890
   -613.36833231
   -613.34470924
   -613.30491414
   -613.37395317
   -613.31746235
   -613.37198081
   -613.36184316
   -613.36754101
   -613.36305390
   -613.36937352
   -613.34369149
   -613.33822397
   -613.35785410
   -613.34139238
   -613.36455319
   -613.36059380
   -613.34015608
   -613.33163897
   -613.35391699
   -613.35582818
   -613.34743518
   -613.31609793
   -613.35511913
   -613.27582249
   -613.36176482
   -613.34797253
   -613.33019196
   -613.30680730
   -613.34247253
   -613.35048591
   -613.35315825
   -613.34961412
   -613.32634366
   -613.34927863
   -613.35277684
   -613.37801100
   -613.34724271
   -613.32326885
   -613.35090660
   -613.33326843
   -613.37727906
   -613.33202841
   -613.32121486
   -613.31345347
   -613.35966237
   -613.35613949
   -613.32256084
   -613.36752327
   -613.33011321
   -613.31055289
   -613.32916846
   -613.38176660
   -613.30265397
   -613.33387514
   -613.34690586
   -613.36570991
   -613.25909181
   -613.35456024
   -613.34187576
   -613.37297914
   -613.34953596
   -613.35522739
   -613.37736681
   -613.35513122
   -613.30943451
   -613.36189664
   -613.36350393
   -613.29969014
   -613.34631023
   -613.31220205
   -613.31413203
   -613.35046586
   -613.29461224
   -613.36619131
   -613.32482716
   -613.36301863
   -613.35327069
   -613.34018537
   -613.35603107
   -613.35625853
   -613.34204692
   -613.33824494
   -613.35545385
   -613.35435869
   -613.37545355
   -613.34078145
   -613.30148268
   -613.31763032
   -613.35940918
   -613.34128129
   -613.32028722
   -613.37283672
   -613.39259734
   -613.34542248
   -613.32225830
   -613.28982758
   -613.33675989
   -613.28176420
   -613.30912644
   -613.29077529
   -613.29666565
   -613.37195650
   -613.36928951
   -613.37082443
   -613.36661274
   -613.36474854
   -613.33192534
   -613.37850206
   -613.37592475
   -613.30123398
   -613.34907844
   -613.36912612
   -613.35265972
   -613.34497633
   -613.33443558
   -613.32224903
   -613.35011660
   -613.35928378
   -613.38141127
   -613.33124569
   -613.29910435
   -613.35283619
   -613.35478571
   -613.34241565
   -613.38534920
   -613.36814536
   -613.34102912
   -613.38618882
   -613.36039767
   -613.34206161
   -613.35393844
   -613.34095290
   -613.32845370
   -613.36407351
   -613.34175894
   -613.34596332
   -613.37564160
   -613.36844963
   -613.37842851
   -613.38084446
   -613.31059649
   -613.36713932
   -613.34648985
   -613.26937719
   -613.33408001
   -613.37701565
   -613.34607233
   -613.38017793
   -613.34810950
   -613.35917607
   -613.33558201
   -613.34264750
   -613.33249713
   -613.34477138
   -613.32414722
   -613.33325632
   -613.34471322
   -613.32426156
   -613.36586071
   -613.35427806
   -613.35752649
   -613.33975285
   -613.37139739
   -613.27919060
   -613.33736045
   -613.29929586
   -613.36343187
   -613.29540706
   -613.35070540
   -613.37668212
   -613.35740067
   -613.37181612
   -613.37602823
   -613.32308295
   -613.36596191
   -613.35225035
   -613.36647341
   -613.36742974
   -613.37867557
   -613.35414994
   -613.22507864
   -613.32600886
   -613.32732972
   -613.31175535
   -613.36145251
   -613.32601955
   -613.34271149
   -613.33150333
   -613.35554771
   -613.31608630
   -613.35533852
   -613.33457374
   -613.38811490
   -613.34709336
   -613.38205270
   -613.36887996
   -613.36365543
   -613.31709482
   -613.36139887
   -613.35343065
   -613.32835921
   -613.36786256
   -613.35112190
   -613.35448563
   -613.37130433
   -613.33898727
   -613.28946600
   -613.37251239
   -613.36485549
   -613.36004425
   -613.33776712
   -613.33942393
   -613.32562585
   -613.33023455
   -613.36001327
   -613.35984415
   -613.37577409
   -613.36256326
   -613.33028178
   -613.35750300
   -613.31561480
   -613.31604468
   -613.34172549
   -613.35720048
   -613.30730805
   -613.36285723
   -613.36881968
   -613.28371291
   -613.36100923
   -613.25687352
   -613.28867063
   -613.37070558
   -613.36382868
   -613.35376856
   -613.35339009
   -613.37056104
   -613.34304010
   -613.36332715
   -613.31719868
   -613.34773680
   -613.32014133
   -613.34689407
   -613.36433022
   -613.37803529
   -613.35393143
   -613.36312909
   -613.36846888
   -613.35977327
   -613.30915765
   -613.35424980
   -613.37961001
   -613.32092464
   -613.34558804
   -613.30361217
   -613.36029004
   -613.35166302
   -613.35532280
   -613.33545787
   -613.37872960
   -613.36222843
   -613.37033853
   -613.36245689
   -613.35910153
   -613.35341401
   -613.35301050
   -613.33531307
   -613.35980569
   -613.34926059
   -613.35727629
   -613.37151713
   -613.32022880
   -613.37811721
   -613.33188631
   -613.33293096
   -613.35483135
   -613.34233494
   -613.32569978
   -613.34311663
   -613.32755524
   -613.35005680
   -613.36286869
   -613.37586700
   -613.34631301
   -613.34406301
   -613.36989666
   -613.34097541
   -613.33624967
   -613.35632211
   -613.36027385
   -613.34341424
   -613.36030571
   -613.37673788
   -613.36243663
   -613.34710951
   -613.36451980
   -613.33858187
   -613.36303999
   -613.35054117
   -613.35677411
   -613.34088660
   -613.34849617
   -613.37354899
   -613.34280154
   -613.33262867
   -613.33784787
   -613.35468580
   -613.31079510
   -613.38269086
   -613.34886739
   -613.34390452
   -613.37933092
   -613.34365965
   -613.30858071
   -613.36495300
   -613.37097332
   -613.34988224
   -613.34423091
   -613.35343395
   -613.34657323
   -613.31585402
   -613.34429421
   -613.37202869
   -613.34493250
   -613.34427023
   -613.34949712
   -613.34865619
   -613.28406936
   -613.36328004
   -613.36773262
   -613.36000228
   -613.34151452
   -613.35030103
   -613.31296002
   -613.36362135
   -613.35811286
   -613.36047261
   -613.36621068
   -613.35341350
   -613.37791397
   -613.33769802
   -613.30707575
   -613.37476324
   -613.35977712
   -613.36364805
   -613.36000645
   -613.36126814
   -613.35757457
   -613.38491148
   -613.35188815
   -613.33394162
   -613.32526100
   -613.34359952
   -613.34921799
   -613.35504225
   -613.34503941
   -613.33586859
   -613.36906352
   -613.38094781
   -613.35628562
   -613.31672621
   -613.32498582
   -613.31990315
   -613.35660232
   -613.35594424
   -613.35269932
   -613.35652575
   -613.33703574
   -613.31803214
   -613.35948590
   -613.38146631
   -613.31746180
   -613.37418702
   -613.36902094
   -613.29177133
   -613.36292762
   -613.33386070
   -613.35252885
   -613.37515210
   -613.33605365
   -613.36432914
   -613.34749065
   -613.33231678
   -613.35364861
   -613.34890058
   -613.31027852
   -613.36411899
   -613.34839801
   -613.35402629
   -613.35581260
   -613.37663214
   -613.37612380
   -613.34446127
   -613.35884243
   -613.33654461
   -613.37318165
   -613.37285987
   -613.33285110
   -613.33985374
   -613.32566780
   -613.34450352
   -613.34910804
   -613.34740902
   -613.34305502
   -613.35624815
   -613.35787455
   -613.31868849
   -613.35993217
   -613.36269378
   -613.36105166
   -613.35142486
   -613.37644437
   -613.34603632
   -613.34697753
   -613.36565662
   -613.32671520
   -613.35260051
   -613.33850890
   -613.35654355
   -613.33265331
   -613.37385017
   -613.37122302
   -613.37421419
   -613.34249740
   -613.37401238
   -613.36851935
   -613.34583434
   -613.36658955
   -613.35646057
   -613.36151048
   -613.34507836
   -613.37747093
   -613.35408829
   -613.36841755
   -613.36469641
   -613.35843811
   -613.35902976
   -613.35757987
   -613.36542638
   -613.35689071
   -613.34467466
   -613.34350600
   -613.36268225
   -613.36681447
   -613.32616096
   -613.35914359
   -613.36495662
   -613.36034557
   -613.35855925
   -613.33317017
   -613.32805785
   -613.36578921
   -613.36396878
   -613.32867987
   -613.32922816
   -613.34184859
   -613.34807473
   -613.36100470
   -613.36288155
   -613.32892245
   -613.37091407
   -613.35794787
   -613.31702146
   -613.36307552
   -613.39021728
   -613.35348222
   -613.37075268
   -613.32819759
   -613.37610713
   -613.31885503
   -613.33889313
   -613.38355906
   -613.36856834
   -613.37958088
   -613.38884164
   -613.32089923
   -613.31312097
   -613.33314549
   -613.36937508
   -613.33347627
   -613.35245791
   -613.30841687
   -613.34977871
   -613.30928399
   -613.39360697
   -613.35969177
   -613.36385708
   -613.35150315
   -613.34499797
   -613.37221587
   -613.33952478
   -613.34888496
   -613.32334139
   -613.35176805
   -613.35165784
   -613.36715811
   -613.37350352
   -613.33396344
   -613.35331188
   -613.33561582
   -613.34482462
   -613.38492635
   -613.34945189
   -613.35981186
   -613.33993789
   -613.36874719
   -613.36825013
   -613.34441447
   -613.35248635
   -613.35465083
   -613.35672681
   -613.35769137
   -613.34282757
   -613.28709286
   -613.33083792
   -613.34913131
   -613.35166130
   -613.37856454
   -613.35764589
   -613.35272060
   -613.35549357
   -613.36821676
   -613.36628645
   -613.32652561
   -613.34021675
   -613.31779558
   -613.37178173
   -613.28595761
   -613.30206146
   -613.32415570
   -613.31782598
   -613.32169152
   -613.35756583
   -613.35217386
   -613.38154450
   -613.36105646
   -613.33026670
   -613.37066054
   -613.37448208
   -613.36206154
   -613.37166378
   -613.36173072
   -613.34248450
   -613.30301332
   -613.38553472
   -613.29894760
   -613.37173479
   -613.36517639
   -613.33324162
   -613.30769452
   -613.35244132
   -613.32863552
   -613.31654725
   -613.35314085
   -613.34175669
   -613.34530373
   -613.31153196
   -613.34494910
   -613.35474521
   -613.34346320
   -613.34662055
   -613.30921613
   -613.37013426
   -613.30311701
   -613.35238252
   -613.30291390
   -613.36780235
   -613.33909991
   -613.29672868
   -613.35428607
   -613.35593694
   -613.35889625
   -613.34338430
   -613.34439422
   -613.35275891
   -613.32669165
   -613.32950738
   -613.35527575
   -613.34201956
   -613.33976411
   -613.29506760
   -613.34628681
   -613.37721478
   -613.35352542
   -613.32044450
   -613.30820329
   -613.37504450
   -613.31213945
   -613.30941463
   -613.34744860
   -613.33401411
   -613.32348485
   -613.37165879
   -613.35746518
   -613.36626478
   -613.38388790
   -613.31959086
   -613.35818101
   -613.32141606
   -613.31554052
   -613.36780267
   -613.31000656
   -613.34538442
   -613.32534567
   -613.37699875
   -613.35700344
   -613.35361657
   -613.36638714
   -613.34139050
   -613.36405611
   -613.33958675
   -613.34069065
   -613.33321131
   -613.35803001
   -613.33759075
   -613.29120043
   -613.32820530
   -613.34234709
   -613.37300495
   -613.35039897
   -613.35739983
   -613.36097178
   -613.34975000
   -613.35036637
   -613.35454619
   -613.36269370
   -613.35126600
   -613.35179593
   -613.37081431
   -613.35952799
   -613.35266302
   -613.33544107
   -613.33004758
   -613.34246474
   -613.33308977
   -613.35058411
   -613.31734935
   -613.35036271
   -613.35934670
   -613.37258346
   -613.38252288
   -613.33252223
   -613.31545034
   -613.31978275
   -613.34723454
   -613.36123472
   -613.36368742
   -613.33114950
   -613.35531656
   -613.29480574
   -613.36317454
   -613.37429974
   -613.36907400
   -613.38971848
   -613.33972561
   -613.33935042
   -613.34087139
   -613.34323308
   -613.36005855
   -613.37028435
   -613.36013641
   -613.34778668
   -613.29957058
   -613.34437877
   -613.29537447
   -613.35516802
   -613.34374699
   -613.35240964
   -613.34445101
   -613.33939433
   -613.36721275
   -613.34571523
   -613.36276646
   -613.35012972
   -613.35673901
   -613.33734132
   -613.35791150
   -613.34105099
   -613.37094005
   -613.36066141
   -613.36878367
   -613.35522719
   -613.35680049
   -613.36366096
   -613.33211015
   -613.35850553
   -613.29902185
   -613.36479996
   -613.34714994
   -613.34810680
   -613.35984873
   -613.33136231
   -613.33510960
   -613.34849087
   -613.36617105
   -613.31589125
   -613.34604192
   -613.32433986
   -613.31416140
   -613.34561290
   -613.29375019
   -613.36503398
   -613.37441866
   -613.34634476
   -613.33068424
   -613.36211729
   -613.35559579
   -613.35671574
   -613.36351465
   -613.37275745
   -613.36494795
   -613.34058133
   -613.34959242
   -613.37083993
   -613.29786169
   -613.35678313
   -613.32175135
   -613.34814546
   -613.35200455
   -613.35506243
   -613.36192235
   -613.31724097
   -613.35479759
   -613.36961511
   -613.28967694
   -613.33801367
   -613.33434717
   -613.33367907
   -613.35707820
   -613.33760370
   -613.37827948
   -613.38514642
   -613.37563497
   -613.37314759
   -613.35840432
   -613.32712640
   -613.33297002
   -613.35794188
   -613.34721999
   -613.32137285
   -613.37314569
   -613.30734080
   -613.34759660
   -613.34872567
   -613.35936124
   -613.35619712
   -613.35491279
   -613.38254433
   -613.25874580
   -613.36495203
   -613.34373580
   -613.33034123
   -613.36594207
   -613.34435726
   -613.37289594
   -613.33454116
   -613.21093269
   -613.35974394
   -613.35593379
   -613.32256649
   -613.36957692
   -613.35434736
   -613.33281170
   -613.35530985
   -613.36125987
   -613.36166695
   -613.34314886
   -613.32470976
   -613.35932260
   -613.35375646
   -613.36462431
   -613.31995816
   -613.34873828
   -613.36071890
   -613.35422283
   -613.31278193
   -613.32779149
   -613.28652405
   -613.34403579
   -613.31933921
   -613.37496681
   -613.34405779
   -613.35021377
   -613.36857558
   -613.34670201
   -613.32136439
   -613.31736615
   -613.31717456
   -613.32321957
   -613.36123915
   -613.35163733
   -613.34708836
   -613.37042806
   -613.32418306
   -613.29342226
   -613.35110974
   -613.31404864
   -613.34212276
   -613.34337747
   -613.31991004
   -613.34040292
   -613.34490456
   -613.33112300
   -613.37645104
   -613.32623952
   -613.33951584
   -613.33077210
   -613.34723049
   -613.34013128
   -613.36093370
   -613.34441795
   -613.33682309
   -613.35337592
   -613.35473082
   -613.37347244
   -613.35998501
   -613.35004441
   -613.37257275
   -613.32380659
   -613.34232870
   -613.33948201
   -613.33801107
   -613.34338183
   -613.36450986
   -613.31549205
   -613.36211855
   -613.36822640
   -613.36522782
   -613.36067187
   -613.35450819
   -613.28650907
   -613.36795430
   -613.36176811
   -613.31346237
   -613.35906953
   -613.31287529
   -613.35352840
   -613.36609585
   -613.36076812
   -613.34416939
   -613.35271173
   -613.32711758
   -613.35210644
   -613.32469884
   -613.34164571
   -613.35967839
   -613.34264703
   -613.34445224
   -613.35986034
   -613.34851056
   -613.33125917
   -613.31749801
   -613.34674746
   -613.36354540
   -613.32186938
   -613.30339037
   -613.34982008
   -613.33962845
   -613.33058046
   -613.35322073
   -613.37073493
   -613.34779257
   -613.34243983
   -613.35575426
   -613.37902168
   -613.35543290
   -613.32611594
   -613.34712279
   -613.34841316
   -613.28214551
   -613.36989299
   -613.34794606
   -613.34819277
   -613.34214758
   -613.35477599
   -613.35525957
   -613.34845046
   -613.37517924
   -613.35511111
   -613.35910191
   -613.32960677
   -613.31556063
   -613.36625630
   -613.33125487
   -613.32954415
   -613.33664999
   -613.31181507
   -613.33593334
   -613.34564732
   -613.33176992
   -613.35683842
   -613.36021718
   -613.36132254
   -613.29949803
   -613.32850339
   -613.33177483
   -613.34572263
   -613.35039540
   -613.35676146
   -613.36663221
   -613.34636031
   -613.37314011
   -613.29167585
   -613.34743062
   -613.30891420
   -613.33134727
   -613.36917791
   -613.35731312
   -613.34915122
   -613.36589964
   -613.37438624
   -613.35107690
   -613.34529810
   -613.36309428
   -613.37959579
   -613.37440043
   -613.35806797
   -613.32032274
   -613.35064122
   -613.33645102
   -613.36746602
   -613.31851220
   -613.30886224
   -613.36235500
   -613.35599801
   -613.35340360
   -613.35619127
   -613.33984915
   -613.37168556
   -613.34132345
   -613.33313190
   -613.34790036
   -613.34717358
   -613.35565319
   -613.34917338
   -613.37129840
   -613.35898558
   -613.35746567
   -613.30628214
   -613.36283336
   -613.31230079
   -613.36667401
   -613.34503644
   -613.36098823
   -613.36050327
   -613.31919503
   -613.34248871
   -613.37032453
   -613.35116701
   -613.36674282
   -613.32067051
   -613.38455962
   -613.34607416
   -613.33722896
   -613.36113850
   -613.37839417
   -613.31545807
   -613.35115335
   -613.35210042
   -613.35905538
   -613.37050631
   -613.35890067
   -613.34954559
   -613.32711586
   -613.34782520
   -613.34917017
   -613.32855150
   -613.34923852
   -613.34144584
   -613.34300997
   -613.27664097
   -613.31899071
   -613.35478308
   -613.32889084
   -613.31134814
   -613.34569856
   -613.37383405
   -613.32135045
   -613.34818117
   -613.34532309
   -613.32675429
   -613.36479303
   -613.35567759
   -613.22133635
   -613.36269703
   -613.32992495
   -613.33531219
   -613.36699674
   -613.33332627
   -613.34153913
   -613.37232274
   -613.29791106
   -613.33453331
   -613.36360804
   -613.31748119
   -613.36423119
   -613.34133221
   -613.35438754
   -613.31866644
   -613.35756796
   -613.27756934
   -613.37528777
   -613.34488001
   -613.27331402
   -613.32138898
   -613.38839327
   -613.35028534
   -613.32551243
   -613.35370681
   -613.37111543
   -613.37306476
   -613.36160645
   -613.34444574
   -613.32274893
   -613.32229058
   -613.33372439
   -613.34392621
   -613.35131561
   -613.36334007
   -613.30908177
   -613.37244820
   -613.33713281
   -613.24489450
   -613.33527863
   -613.35433756
   -613.36994893
   -613.33037331
   -613.31807433
   -613.35336918
   -613.35411879
   -613.28973440
   -613.34844610
   -613.35113054
   -613.34474291
   -613.36401859
   -613.33190765
   -613.31678693
   -613.36113764
   -613.34617749
   -613.34916589
   -613.35352156
   -613.32290199
   -613.35616986
   -613.34988739
   -613.37231286
   -613.36130086
   -613.38538366
   -613.31845918
   -613.33859084
   -613.33026580
   -613.36937459
   -613.35458005
   -613.30055990
   -613.34334641
   -613.35632501
   -613.34907688
   -613.32940672
   -613.38043900
   -613.34842788
   -613.33821083
   -613.33707715
   -613.34263667
   -613.38044499
   -613.35152056
   -613.35623589
   -613.34007998
   -613.35124872
   -613.33869526
   -613.25144606
   -613.36106607
   -613.37328516
   -613.36281571
   -613.36991850
   -613.37652228
   -613.35476364
   -613.32366131
   -613.35280150
   -613.37005680
   -613.30055608
   -613.36221920
   -613.31756750
   -613.32217237
   -613.31666086
   -613.36497675
   -613.37358440
   -613.31117215
   -613.32390963
   -613.35953552
   -613.31094184
   -613.33911559
   -613.36260453
   -613.35862093
   -613.32797386
   -613.32302246
   -613.36144066
   -613.36833669
   -613.36485143
   -613.32312553
   -613.36327069
   -613.37763068
   -613.32826183
   -613.34425838
   -613.31812538
   -613.36211610
   -613.36532581
   -613.34215412
   -613.34440722
   -613.35067931
   -613.35531258
   -613.37684218
   -613.35258068
   -613.36792688
   -613.35636449
   -613.36870035
   -613.34024401
   -613.34659828
   -613.36009063
   -613.36870099
   -613.35093548
   -613.31048724
   -613.37280083
   -613.35044267
   -613.35189149
   -613.39047133
   -613.35763202
   -613.35446398
   -613.36339453
   -613.34414449
   -613.36891335
   -613.32846516
   -613.34611923
   -613.36331069
   -613.32266053
   -613.34722720
   -613.34503890
   -613.32257195
   -613.36044570
   -613.36640447
   -613.35189222
   -613.36517208
   -613.35315324
   -613.34246944
   -613.33818240
   -613.36734283
   -613.36477447
   -613.38332532
   -613.33614100
   -613.35370493
   -613.36776224
   -613.35714160
   -613.35464852
   -613.33161010
   -613.35399403
   -613.34029996
   -613.32880614
   -613.33192698
   -613.35547813
   -613.37903126
   -613.36994500
   -613.34644744
   -613.33067299
   -613.35423864
   -613.31721271
   -613.37913087
   -613.37168733
   -613.32472303
   -613.33114057
   -613.33064791
   -613.34496625
   -613.34233193
   -613.32918090
   -613.36151963
   -613.24366450
   -613.35128192
   -613.36929618
   -613.35307447
   -613.36224267
   -613.35179530
   -613.35337627
   -613.29674621
   -613.35358628
   -613.37448862
   -613.37297777
   -613.33491689
   -613.36580920
   -613.29894261
   -613.32171533
   -613.35728185
   -613.33206690
   -613.34448985
   -613.33807969
   -613.34819326
   -613.33360383
   -613.35460242
   -613.36130445
   -613.34863049
   -613.33467892
   -613.33724634
   -613.35428170
   -613.36562458
   -613.31761976
   -613.34159213
   -613.35996697
   -613.32762969
   -613.32299038
   -613.36541408
   -613.35189633
   -613.34430606
   -613.36979121
   -613.37284186
   -613.30030497
   -613.35596170
   -613.37517868
   -613.33548568
   -613.33224071
   -613.35120536
   -613.36236470
   -613.31590755
   -613.38024875
   -613.33188930
   -613.33228945
   -613.31846955
   -613.35434449
   -613.35366330
   -613.35175861
   -613.33606358
   -613.36757614
   -613.36802783
   -613.30284663
   -613.35999901
   -613.33568799
   -613.38198486
   -613.33904323
   -613.36354871
   -613.33899211
   -613.34966969
   -613.35374409
   -613.34038879
   -613.34176162
   -613.35568912
   -613.36042281
   -613.36423837
   -613.34660384
   -613.36318760
   -613.36640176
   -613.37248558
   -613.31973454
   -613.34743727
   -613.36579175
   -613.36158309
   -613.34287373
   -613.36355388
   -613.33203535
   -613.36055758
   -613.32626857
   -613.35739793
   -613.36165878
   -613.31446682
   -613.33025790
   -613.34795398
   -613.36831533
   -613.33406154
   -613.36380905
   -613.32313279
   -613.37054535
   -613.36388956
   -613.36716129
   -613.37235060
   -613.34541407
   -613.34552380
   -613.33677859
   -613.37868399
   -613.34184773
   -613.31238499
   -613.36187868
   -613.38888224
   -613.34649118
   -613.37287130
   -613.37760991
   -613.33527115
   -613.36594959
   -613.37798583
   -613.35598147
   -613.37246736
   -613.36249222
   -613.35190254
   -613.36827319
   -613.32440154
   -613.28024941
   -613.33203109
   -613.35821487
   -613.31659741
   -613.33977053
   -613.33803830
   -613.35474218
   -613.29341357
   -613.36132203
   -613.37294476
   -613.34306385
   -613.32284096
   -613.33705926
   -613.35112225
   -613.33767002
   -613.35507227
   -613.33732278
   -613.34083470
   -613.34869176
   -613.35820970
   -613.37264423
   -613.37352629
   -613.35781461
   -613.35611060
   -613.34414611
   -613.35514827
   -613.35194521
   -613.35464737
   -613.37271848
   -613.32594768
   -613.31540730
   -613.35677670
   -613.36352118
   -613.34783374
   -613.35005820
   -613.33212584
   -613.35052952
   -613.33987149
   -613.33728821
   -613.35168263
   -613.32078622
   -613.35654010
   -613.33955374
   -613.35544505
   -613.34359629
   -613.35049619
   -613.35440148
   -613.34762820
   -613.34784510
   -613.35046792
   -613.35381855
   -613.34883379
   -613.33833850
   -613.35864097
   -613.37136663
   -613.33932618
   -613.34428919
   -613.35834068
   -613.36387786
   -613.34440742
   -613.37245912
   -613.38591911
   -613.35354077
   -613.33472040
   -613.34034075
   -613.34668294
   -613.35912172
   -613.33361244
   -613.34401007
   -613.31606312
   -613.32564102
   -613.37706624
   -613.32053881
   -613.36520674
   -613.36984222
   -613.36708557
   -613.35960704
   -613.35803897
   -613.34603493
   -613.34388761
   -613.32962865
   -613.36477114
   -613.35168930
   -613.37420899
   -613.36783323
   -613.36458653
   -613.36523049
   -613.37145951
   -613.34360283
   -613.34662151
   -613.34946138
   -613.32468663
   -613.32687355
   -613.31783050
   -613.30619946
   -613.32762314
   -613.36817802
   -613.31555972
   -613.34148131
   -613.32988286
   -613.37238028
   -613.36953148
   -613.35475274
   -613.33047993
   -613.34996868
   -613.35443681
   -613.37981623
   -613.35042009
   -613.20052288
   -613.32130951
   -613.32963063
   -613.35624375
   -613.36210355
   -613.38417688
   -613.34690338
   -613.33268038
   -613.31036553
   -613.37066500
   -613.34036793
   -613.34365318
   -613.34755669
   -613.36475823
   -613.35762988
   -613.36089469
   -613.31885690
   -613.33716823
   -613.34389983
   -613.37239553
   -613.34801079
   -613.33147179
   -613.34062880
   -613.36380954
   -613.34863000
   -613.35887536
   -613.33788779
   -613.32476468
   -613.35377119
   -613.32700672
   -613.36678075
   -613.31375438
   -613.34447113
   -613.38708418
   -613.23198728
   -613.33828882
   -613.36076409
   -613.35259712
   -613.33107324
   -613.36478379
   -613.34948879
   -613.33893241
   -613.29582008
   -613.35407201
   -613.35766967
   -613.34943825
   -613.36295115
   -613.35821053
   -613.32782088
   -613.35334724
   -613.34110015
   -613.34094103
   -613.35541437
   -613.34494134
   -613.36798612
   -613.33522580
   -613.36317115
   -613.34650943
   -613.31420237
   -613.32983574
   -613.33851576
   -613.37238059
   -613.37809383
   -613.31170342
   -613.34730006
   -613.35016054
   -613.36376210
   -613.32570233
   -613.35892501
   -613.34501665
   -613.36248177
   -613.32271641
   -613.37010298
   -613.36859876
   -613.36770196
   -613.35113170
   -613.36942501
   -613.34407436
   -613.34581010
   -613.32109025
   -613.35371559
   -613.35779268
   -613.36255292
   -613.34440599
   -613.37080863
   -613.37772785
   -613.35703311
   -613.35594657
   -613.36390366
   -613.30010344
   -613.36607559
   -613.36122285
   -613.34849832
   -613.30439000
   -613.34675564
   -613.36934121
   -613.34089098
   -613.32479950
   -613.35089401
   -613.31600852
   -613.34398692
   -613.30675534
   -613.30374988
   -613.33793138
   -613.37740535
   -613.32989334
   -613.37511782
   -613.37826332
   -613.36827127
   -613.33856676
   -613.36202524
   -613.32291912
   -613.36791219
   -613.38229633
   -613.36049060
   -613.36839247
   -613.35547938
   -613.35320970
   -613.33837985
   -613.35557716
   -613.35912164
   -613.35236616
   -613.32703833
   -613.36781219
   -613.35207968
   -613.37962058
   -613.35122751
   -613.32851478
   -613.36343582
   -613.35929522
   -613.27232230
   -613.33765739
   -613.36186449
   -613.31958637
   -613.33681051
   -613.34203168
   -613.30610262
   -613.35613455
   -613.28521303
   -613.36928661
   -613.34418266
   -613.36694572
   -613.36456607
   -613.35007251
   -613.35075589
   -613.37802339
   -613.35429519
   -613.37654617
   -613.38137636
   -613.32836446
   -613.34756700
   -613.34035516
   -613.29916662
   -613.35424930
   -613.35840630
   -613.34666628
   -613.38782479
   -613.33829697
   -613.34709015
   -613.32332588
   -613.37190675
   -613.33381269
   -613.29070241
   -613.35069075
   -613.34551736
   -613.34928990
   -613.38267421
   -613.33640721
   -613.34230672
   -613.34364783
   -613.34208677
   -613.35065272
   -613.36658760
   -613.35677512
   -613.34549319
   -613.34990524
   -613.34273392
   -613.33097423
   -613.35093657
   -613.36239282
   -613.33154316
   -613.30505146
   -613.32629479
   -613.37059781
   -613.37421879
   -613.33162667
   -613.35615857
   -613.33232107
   -613.36592358
   -613.37145154
   -613.36280095
   -613.37096086
   -613.35229119
   -613.34352377
   -613.32403977
   -613.34918067
   -613.33274427
   -613.35056666
   -613.36499918
   -613.36580816
   -613.33479183
   -613.35772165
   -613.33632367
   -613.39157264
   -613.34511876
   -613.32462576
   -613.34043898
   -613.34540228
   -613.36969123
   -613.33312835
   -613.34745204
   -613.31359285
   -613.35926055
   -613.34344489
   -613.36921236
   -613.35133868
   -613.38176321
   -613.32909122
   -613.38374629
   -613.33059863
   -613.34709436
   -613.31080582
   -613.36675465
   -613.35401491
   -613.35742909
   -613.32996034
   -613.30126840
   -613.36210693
   -613.35595504
   -613.32719751
   -613.36211621
   -613.36691150
   -613.34740085
   -613.34160716
   -613.36058716
   -613.34421427
   -613.35940922
   -613.33603779
   -613.34732667
   -613.35250101
   -613.33048125
   -613.34049480
   -613.36217274
   -613.33464667
   -613.32891811
   -613.37094426
   -613.29265647
   -613.31265445
   -613.31923409
   -613.35186170
   -613.36285129
   -613.36186488
   -613.31996546
   -613.37322871
   -613.36777021
   -613.37228999
   -613.32711475
   -613.35828600
   -613.32993470
   -613.34541163
   -613.36322018
   -613.35129820
   -613.31800758
   -613.36020602
   -613.36452451
   -613.32982485
   -613.30223749
   -613.37420717
   -613.37905369
   -613.36106362
   -613.34863352
   -613.34084812
   -613.35609083
   -613.32817738
   -613.35621780
   -613.33230440
   -613.33088812
   -613.36983606
   -613.34359335
   -613.37361697
   -613.34171157
   -613.35126870
   -613.36492416
   -613.34940710
   -613.37458808
   -613.34374682
   -613.33044035
   -613.34491790
   -613.35671662
   -613.30623261
   -613.33974764
   -613.35449346
   -613.38362887
   -613.28292869
   -613.34569074
   -613.32666712
   -613.36989084
   -613.36493112
   -613.33060452
   -613.35081001
   -613.33395116
   -613.36580185
   -613.35684191
   -613.33276375
   -613.37248429
   -613.35710004
   -613.34161367
   -613.35294839
   -613.33966209
   -613.34682221
   -613.37738366
   -613.35329970
   -613.34711912
   -613.38242200
   -613.36869674
   -613.38189195
   -613.36144995
   -613.35156764
   -613.35044470
   -613.36387483
   -613.37026377
   -613.33447418
   -613.35954659
   -613.35709515
   -613.35653881
   -613.37303968
   -613.32058858
   -613.33268971
   -613.34710389
   -613.35104126
   -613.35197653
   -613.36001790
   -613.30079357
   -613.33299207
   -613.33935240
   -613.35721561
   -613.32474020
   -613.35386438
   -613.35472805
   -613.33480650
   -613.35683406
   -613.33671049
   -613.37063137
   -613.37108068
   -613.33818847
   -613.29450395
   -613.32824724
   -613.27500785
   -613.36495214
   -613.37588750
   -613.34969548
   -613.37379036
   -613.35388944
   -613.36331213
   -613.35511247
   -613.36632381
   -613.34826453
   -613.34058854
   -613.38571177
   -613.32761612
   -613.36205439
   -613.36585589
   -613.37966891
   -613.33445786
   -613.31846743
   -613.36043278
   -613.33489797
   -613.34909892
   -613.27988949
   -613.33430662
   -613.33670301
   -613.36844200
   -613.36883921
   -613.29284284
   -613.35144823
   -613.30180562
   -613.35009406
   -613.36772736
   -613.37281821
   -613.34956244
   -613.37234202
   -613.35986461
   -613.32710966
   -613.26675390
   -613.33115106
   -613.31133695
   -613.34840647
   -613.33113792
   -613.37330585
   -613.34828479
   -613.35241400
   -613.36521384
   -613.37372506
   -613.36813258
   -613.35013755
   -613.37824394
   -613.36855371
   -613.34151344
   -613.37094319
   -613.32987168
   -613.33140471
   -613.33264647
   -613.38945584
   -613.33566722
   -613.33878915
   -613.35998341
   -613.32165745
   -613.36004879
   -613.33660413
   -613.34800402
   -613.35657139
   -613.33474952
   -613.37713612
   -613.37352819
   -613.36724651
   -613.36850373
   -613.33229779
   -613.36131068
   -613.33181380
   -613.35518346
   -613.37884838
   -613.35537480
   -613.33755508
   -613.34709621
   -613.36837430
   -613.37266886
   -613.33866733
   -613.35079548
   -613.32446409
   -613.35203518
   -613.31862625
   -613.36573526
   -613.35662401
   -613.37410005
   -613.33498598
   -613.35283993
   -613.38456960
   -613.32661122
   -613.30563957
   -613.36664663
   -613.35323308
   -613.34890147
   -613.36485519
   -613.33647062
   -613.36506435
   -613.35963576
   -613.36745136
   -613.37424013
   -613.34890389
   -613.34842672
   -613.33515710
   -613.35366460
   -613.34206905
   -613.37474832
   -613.32037080
   -613.32557999
   -613.33243346
   -613.33172954
   -613.38639375
   -613.34863715
   -613.35539022
   -613.34841093
   -613.31182930
   -613.35029416
   -613.35354904
   -613.34411400
   -613.36867736
   -613.38361924
   -613.34083817
   -613.32543124
   -613.37963618
   -613.29139053
   -613.35710540
   -613.35709190
   -613.39600132
   -613.36660741
   -613.33513304
   -613.38128647
   -613.30990704
   -613.36729061
   -613.30210164
   -613.33318295
   -613.34355548
   -613.32270219
   -613.33904374
   -613.33732260
   -613.37589626
   -613.33861963
   -613.35639442
   -613.34006574
   -613.34285706
   -613.36694828
   -613.35184375
   -613.34350039
   -613.36102031
   -613.35209667
   -613.34680490
   -613.36463533
   -613.35998468
   -613.35903200
   -613.35182509
   -613.34834400
   -613.35279445
   -613.36301345
   -613.34438664
   -613.33664509
   -613.31972112
   -613.36441288
   -613.35735086
   -613.33455936
   -613.36103753
   -613.34533644
   -613.37076291
   -613.33339682
   -613.37060503
   -613.35311525
   -613.34839495
   -613.33968633
   -613.35681480
   -613.35942741
   -613.35612360
   -613.33114361
   -613.36024618
   -613.33890179
   -613.36061495
   -613.28162783
   -613.34152000
   -613.34116475
   -613.29453345
   -613.32689780
   -613.29159470
   -613.31927353
   -613.36542025
   -613.32954076
   -613.35152715
   -613.36375879
   -613.35962419
   -613.35743690
   -613.35312507
   -613.35930024
   -613.37717234
   -613.34806999
   -613.36793293
   -613.34112062
   -613.37500518
   -613.37094584
   -613.32372110
   -613.34182635
   -613.29827850
   -613.33923466
   -613.37142252
   -613.36422981
   -613.31938212
   -613.34715574
   -613.36481221
   -613.31769766
   -613.36813245
   -613.31956733
   -613.36184174
   -613.32042457
   -613.36525688
   -613.35957965
   -613.36553606
   -613.32680024
   -613.36648026
   -613.34753186
   -613.32710088
   -613.32999426
   -613.34828363
   -613.35622878
   -613.34782380
   -613.35692752
   -613.30603077
   -613.35827395
   -613.36275669
   -613.35049628
   -613.38349171
   -613.31139241
   -613.33181731
   -613.36608434
   -613.30602940
   -613.35277756
   -613.35577730
   -613.34269557
   -613.35372173
   -613.33514973
   -613.33701942
   -613.34339621
   -613.38175202
   -613.31953734
   -613.33209725
   -613.34081937
   -613.37952360
   -613.30934766
   -613.35028450
   -613.37056077
   -613.35476016
   -613.31291501
   -613.33664746
   -613.34000527
   -613.33006796
   -613.28200815
   -613.34469478
   -613.34254875
   -613.35103206
   -613.35970461
   -613.32100674
   -613.35909494
   -613.34807324
   -613.28971933
   -613.34128360
   -613.37270081
   -613.33934008
   -613.33971329
   -613.36880880
   -613.32477156
   -613.36845385
   -613.35466381
   -613.36419550
   -613.37138099
   -613.37083488
   -613.30958062
   -613.32813984
   -613.36434160
   -613.33480194
   -613.36033429
   -613.35017931
   -613.33757408
   -613.34386234
   -613.37168476
   -613.33126480
   -613.38067498
   -613.36141073
   -613.36646979
   -613.36559168
   -613.32555453
   -613.35636655
   -613.34721937
   -613.32804701
   -613.28833527
   -613.34909062
   -613.36593102
   -613.34284788
   -613.37169005
   -613.35601067
   -613.34920369
   -613.24982948
   -613.33689794
   -613.36961017
   -613.37398033
   -613.34672659
   -613.36762277
   -613.32101975
   -613.32526270
   -613.36375400
   -613.32544621
   -613.37602583
   -613.32439795
   -613.37451825
   -613.35272976
   -613.35290412
   -613.33206391
   -613.33680688
   -613.34719309
   -613.33288355
   -613.38812071
   -613.36552383
   -613.30701992
   -613.33975021
   -613.33016045
   -613.34919788
   -613.35003556
   -613.34853106
   -613.34944729
   -613.33863312
   -613.32169480
   -613.31514154
   -613.33206165
   -613.34184075
   -613.36240794
   -613.36492012
   -613.37747321
   -613.36989406
   -613.31245496
   -613.33299667
   -613.37777930
   -613.32899011
   -613.31915147
   -613.36992491
   -613.36932217
   -613.33601284
   -613.26449903
   -613.37406237
   -613.35874440
   -613.34670731
   -613.37619440
   -613.30755722
   -613.34162337
   -613.36225655
   -613.33954080
   -613.35758680
   -613.34162326
   -613.36699284
   -613.33207088
   -613.38018251
   -613.36224173
   -613.35290924
   -613.36879813
   -613.37199902
   -613.36232623
   -613.35104659
