% The following energies apply to conformations described by the topology 
% R27_iter1.top.  Structures are given in trajectory coords.cdf, count: 88.

% Item 0:
%   Energy -> orca_structures/coor*/NConf*.out
   -964.12773071
   -964.12808751
   -964.12816330
   -964.12739210
   -964.13383607
   -964.12613672
   -964.12945168
   -964.12460138
   -964.12957927
   -964.12976311
   -964.12657660
   -964.12770440
   -964.13378714
   -964.12674199
   -964.12929482
   -964.12576215
   -964.12984391
   -964.12728069
   -964.12671510
   -964.12096045
   -964.12831110
   -964.13242686
   -964.12999544
   -964.12738800
   -964.12733321
   -964.12720196
   -964.12664702
   -964.12404328
   -964.13354379
   -964.12055054
   -964.12473069
   -964.11914965
   -964.12882881
   -964.12852708
   -964.13248232
   -964.12606957
   -964.11638881
   -964.12438063
   -964.13260189
   -964.12736223
   -964.13125519
   -964.13406355
   -964.11874999
   -964.13405343
   -964.12058013
   -964.13381985
   -964.11742079
   -964.11662787
   -964.12715820
   -964.12378666
   -964.13236137
   -964.12716125
   -964.13039701
   -964.12721083
   -964.12646377
   -964.12621481
   -964.13396141
   -964.12519844
   -964.13025643
   -964.12939463
   -964.13149815
   -964.12353129
   -964.12113251
   -964.12746287
   -964.13057444
   -964.13397473
   -964.12830387
   -964.12832684
   -964.13015230
   -964.13420867
   -964.12836379
   -964.13044849
   -964.12779494
   -964.12988441
   -964.12405619
   -964.12271009
   -964.12866442
   -964.12410427
   -964.12674689
   -964.12468758
   -964.12802842
   -964.12586862
   -964.12051647
   -964.12841812
   -964.12920110
   -964.12993304
   -964.13007106
   -964.12848167
