% The following energies apply to conformations described by the topology 
% R25.top.  Structures are given in trajectory coords.cdf, count: 2504.

% Item 0:
%   Energy -> orca_structures/coor*/Conf*.out
   -964.06191898
   -964.07706215
   -964.09981738
   -964.07567286
   -964.05441323
   -964.08984169
   -964.06183928
   -964.10417481
   -964.05118482
   -964.07059476
   -964.06616367
   -964.08250637
   -964.01540732
   -964.08167095
   -964.05348363
   -964.06945688
   -964.06980729
   -964.08965199
   -964.09700762
   -964.11807982
   -964.06684971
   -964.09575188
   -963.99738357
   -964.06775551
   -964.09877770
   -964.09173409
   -963.99305516
   -964.07828324
   -964.08512602
   -964.07455933
   -964.08878269
   -964.07106402
   -964.10249984
   -964.07221396
   -964.09825937
   -964.06953352
   -964.06988967
   -964.07368115
   -964.07340535
   -964.04390863
   -964.05936207
   -964.05822986
   -964.04932494
   -964.08942311
   -964.10563413
   -964.07642259
   -964.11218704
   -964.07072325
   -964.07660377
   -964.08068062
   -964.01945495
   -964.04500510
   -964.09304721
   -964.07383515
   -964.06653755
   -964.10306188
   -964.07693448
   -964.04546585
   -964.08848078
   -964.05402927
   -964.08475648
   -964.08589171
   -964.05608158
   -964.06381706
   -964.04935280
   -964.07757767
   -964.04632754
   -964.09283566
   -964.10064815
   -964.08778602
   -964.05008313
   -964.07677990
   -964.08446437
   -964.09818884
   -964.09155574
   -964.08685883
   -964.04207851
   -964.09221282
   -964.05942571
   -964.07855257
   -964.05245947
   -964.08495301
   -964.08073781
   -964.08558057
   -964.08764763
   -964.07672416
   -964.09358502
   -964.06929529
   -964.11152608
   -964.07165066
   -964.07480584
   -964.07638100
   -964.12156463
   -964.08321694
   -964.07325375
   -964.09681177
   -964.09590665
   -964.07946835
   -964.07404736
   -964.10209640
   -964.03342002
   -964.07075787
   -964.09356595
   -964.07547633
   -964.09343150
   -964.09249497
   -964.01676378
   -964.06386491
   -964.04681477
   -964.05022673
   -964.07213461
   -964.08978458
   -964.06631297
   -964.09786782
   -964.07618736
   -964.08522092
   -964.06593106
   -964.07805967
   -964.08050635
   -964.08057089
   -964.06423472
   -964.07778962
   -964.09735862
   -964.07383441
   -964.06571899
   -964.08854175
   -964.11111082
   -964.08335430
   -964.07178395
   -964.07566548
   -964.05683811
   -964.10170012
   -964.06774066
   -964.08405040
   -964.07695775
   -964.08064285
   -964.09291420
   -964.09336224
   -964.11180746
   -964.08332338
   -964.06259876
   -964.09113487
   -964.02678101
   -964.08488927
   -964.09016371
   -964.09181710
   -964.05764556
   -964.08821539
   -964.05683229
   -964.05513449
   -964.08017964
   -964.10997681
   -964.09092074
   -964.06715228
   -964.11094207
   -964.09994868
   -964.05461099
   -964.08033186
   -964.05927975
   -964.06600928
   -964.01711408
   -964.07708163
   -964.07643261
   -964.10127878
   -964.05567053
   -964.06493369
   -964.04972863
   -964.01369015
   -964.09678992
   -964.05906319
   -964.07090199
   -964.08804404
   -964.08609682
   -964.11006625
   -964.09035778
   -964.09829617
   -964.08579462
   -964.04431158
   -964.10615358
   -964.05681241
   -964.06686019
   -964.03555482
   -964.08163937
   -964.09124466
   -964.07485636
   -964.07585466
   -964.09379866
   -964.03435849
   -964.09146351
   -964.02983909
   -964.09681352
   -964.08174899
   -964.08073582
   -964.08291451
   -964.08686501
   -964.07501466
   -964.09186191
   -964.08165864
   -964.08359336
   -964.09175544
   -964.09747144
   -964.05312809
   -964.11591837
   -964.06891901
   -964.09827967
   -964.05658122
   -964.08979389
   -964.07145760
   -964.02732322
   -964.08868320
   -964.07856609
   -964.05195460
   -964.08092175
   -964.09597613
   -964.07858199
   -964.08920342
   -964.08778354
   -964.05488407
   -964.07739843
   -964.07144410
   -964.08015482
   -964.07345883
   -964.10510376
   -964.07298455
   -964.10130376
   -964.09204060
   -964.09602337
   -964.07005163
   -964.08501488
   -964.11621711
   -964.06222012
   -964.05789552
   -964.05531643
   -964.03404229
   -964.05796880
   -964.05514987
   -964.06152352
   -964.09952854
   -964.06458544
   -964.01098990
   -964.07075235
   -964.08729614
   -964.10650965
   -964.05160509
   -964.10578573
   -964.09851333
   -964.10086514
   -964.02692274
   -964.09830883
   -964.08688986
   -964.05595372
   -964.08635168
   -964.06449170
   -964.09050653
   -964.08760396
   -964.02230345
   -964.11157811
   -964.07964387
   -964.09470275
   -964.09203754
   -964.09385293
   -964.08074481
   -964.02635423
   -964.06871655
   -964.05510714
   -964.07092530
   -964.07837727
   -964.03059511
   -964.07124609
   -964.08600731
   -964.09170878
   -964.10541452
   -964.09066999
   -964.09446092
   -964.09003658
   -964.08957535
   -964.03283785
   -964.09825913
   -964.08985876
   -964.09227091
   -964.05357995
   -964.07819385
   -964.07341213
   -964.08405541
   -964.08562710
   -964.09018109
   -964.09000798
   -964.07228920
   -964.07790002
   -964.09477857
   -964.06694537
   -964.08833945
   -964.07782354
   -964.09680682
   -964.06985357
   -964.07522519
   -964.07180774
   -964.09566097
   -964.09580502
   -964.08974441
   -964.09020662
   -964.09147038
   -964.09150323
   -964.12435079
   -964.07868653
   -964.07032310
   -963.99816703
   -964.07185047
   -964.09489090
   -964.10217483
   -964.08507638
   -964.08978871
   -964.01606900
   -964.07859225
   -964.04884829
   -964.06694347
   -964.07174584
   -964.10872386
   -964.10016853
   -964.06528933
   -964.06546157
   -964.05950089
   -964.11256874
   -964.10947597
   -964.08557097
   -964.07934589
   -964.09042104
   -964.09591944
   -964.06700771
   -964.09029737
   -964.10247463
   -964.07784833
   -964.03826006
   -964.08529343
   -964.07170585
   -964.07736635
   -964.03757801
   -964.10185432
   -964.09240678
   -964.08661796
   -964.08282594
   -964.08681678
   -964.07077181
   -964.06506568
   -964.08120681
   -964.07588505
   -964.05858701
   -964.08553072
   -964.07908570
   -964.11205287
   -964.10620403
   -964.06513857
   -964.09560801
   -964.06171689
   -964.05448078
   -964.12820984
   -964.09481745
   -964.04198189
   -964.10889826
   -964.09147197
   -964.05964769
   -964.10584981
   -964.08914919
   -964.08901459
   -964.08468745
   -964.08396075
   -964.09435721
   -964.09255630
   -964.11519484
   -964.08155015
   -964.11907350
   -964.06719113
   -964.07097199
   -964.03725557
   -964.08546964
   -964.08300805
   -964.00976280
   -964.00045384
   -964.11084758
   -964.05192762
   -964.04961312
   -964.08924472
   -964.10400222
   -964.07879457
   -964.07241752
   -964.02862957
   -964.04760488
   -964.06735722
   -964.06940330
   -964.10647540
   -964.09674887
   -964.05801675
   -964.07643081
   -964.09218464
   -964.08189115
   -964.10844401
   -964.03675025
   -964.09730014
   -964.01936152
   -964.08355687
   -964.09316418
   -964.06208004
   -964.08472243
   -964.09446030
   -964.07141809
   -964.11448805
   -964.07802377
   -964.07513640
   -964.08675633
   -964.09780813
   -964.06960423
   -964.07686851
   -964.05687772
   -964.09848485
   -964.08740871
   -964.07560891
   -964.04870157
   -964.10404542
   -964.08808787
   -964.11140838
   -964.06982546
   -964.07988691
   -964.07060075
   -964.06957165
   -964.07275100
   -964.08774714
   -964.10069850
   -964.08964263
   -964.04055361
   -964.06966268
   -964.08637178
   -964.09162081
   -964.09942696
   -964.09457391
   -964.05658579
   -964.08771011
   -964.10409469
   -964.08499755
   -964.10324814
   -964.04973151
   -964.06031916
   -964.10028575
   -964.06417996
   -964.08361037
   -964.08471350
   -964.09551793
   -964.04234693
   -964.09555817
   -964.07524226
   -964.07439486
   -964.07950608
   -964.08510878
   -964.06503297
   -964.08680158
   -964.09162619
   -964.07856309
   -964.07017829
   -964.03820144
   -964.03365379
   -964.05606074
   -964.09983525
   -964.09113495
   -964.10381251
   -964.09250805
   -964.09893644
   -964.07649632
   -964.07035039
   -964.09663897
   -964.06865119
   -964.09804611
   -964.09840969
   -964.07033781
   -964.08156342
   -964.09840929
   -964.08330056
   -964.06992425
   -964.05237398
   -964.07797130
   -964.08395747
   -964.06659440
   -964.09611194
   -964.08108427
   -964.05841458
   -964.02855673
   -964.07207044
   -964.08781610
   -964.08822654
   -964.07566340
   -964.05938089
   -964.08053029
   -964.01689443
   -964.10843327
   -964.06224674
   -964.05369064
   -964.08749271
   -964.06584907
   -964.05531474
   -964.05634932
   -964.03646104
   -964.08542932
   -964.04734275
   -964.08374228
   -964.05963837
   -964.05369462
   -964.10979743
   -964.02576217
   -964.10496659
   -964.06002546
   -963.99090366
   -964.08215582
   -964.08475461
   -964.07116013
   -964.09052921
   -964.08079956
   -964.09123803
   -964.10684913
   -964.08372471
   -964.04118719
   -964.07731533
   -964.03614578
   -964.03905888
   -964.06264670
   -964.07684356
   -964.02681341
   -964.09629840
   -964.07629763
   -964.09571951
   -964.07540282
   -964.07251293
   -964.07278772
   -964.08534665
   -964.06890829
   -964.06681300
   -964.09113669
   -964.10230561
   -964.02280731
   -964.03061410
   -964.07358273
   -964.10492638
   -964.07060588
   -964.04754808
   -964.11178259
   -964.10814567
   -964.08433080
   -964.06040639
   -964.02663266
   -964.08818489
   -964.03137618
   -964.04037074
   -964.02676380
   -964.06257157
   -964.10168888
   -964.11620248
   -964.10148267
   -964.05499758
   -964.08249216
   -964.09455211
   -964.05939841
   -964.08939941
   -964.10503432
   -964.01767238
   -964.08088440
   -964.10230195
   -964.09151111
   -964.05946297
   -964.07576864
   -964.05734994
   -964.06389179
   -964.02425257
   -964.10926522
   -964.08145236
   -964.09213738
   -964.09903922
   -964.08215873
   -964.07030587
   -964.09696558
   -964.03900569
   -964.11673130
   -964.09661971
   -964.09250746
   -964.06002080
   -964.08569815
   -964.09167656
   -964.05856865
   -964.09682767
   -964.09442961
   -964.05505931
   -964.06884630
   -964.09474405
   -964.09845685
   -964.11972886
   -964.06795506
   -964.09504570
   -964.07721491
   -964.03046602
   -964.03822040
   -964.02076635
   -964.07385286
   -964.09721353
   -964.07832367
   -964.08453824
   -964.08819761
   -964.09742486
   -964.06248671
   -964.07748570
   -964.04333172
   -964.06423700
   -964.07108222
   -964.05333671
   -964.10555252
   -964.08762254
   -964.09950247
   -964.06679664
   -964.02461145
   -964.10174135
   -964.09244311
   -964.06632483
   -964.02732855
   -964.09461525
   -964.07767060
   -964.05202854
   -964.09335316
   -964.08210767
   -964.08759362
   -964.10581372
   -964.10555935
   -964.04759218
   -964.09491031
   -964.08933354
   -964.09153068
   -964.10029549
   -964.10810677
   -964.08416608
   -964.12724133
   -964.09031167
   -964.06013012
   -964.05161475
   -964.10115206
   -964.06938551
   -964.06152956
   -964.07643406
   -964.08898939
   -964.09242241
   -964.07238469
   -964.11787752
   -964.07181262
   -964.10750850
   -964.08345963
   -964.09203026
   -964.07958903
   -964.08599593
   -964.07564776
   -964.04730779
   -964.09380232
   -964.08611625
   -964.08315063
   -964.08985018
   -964.07087479
   -964.02544998
   -964.07797343
   -964.08458985
   -964.09410226
   -964.08489580
   -964.07312737
   -964.06847458
   -964.06159841
   -964.08325012
   -964.08734400
   -964.06386562
   -964.10989433
   -964.00235890
   -964.05968960
   -964.08580408
   -964.05372236
   -964.05264668
   -964.07169744
   -964.03544171
   -964.08605609
   -964.04629880
   -964.05845214
   -964.10912673
   -964.02238192
   -964.09439124
   -964.02635729
   -964.08892388
   -964.09834733
   -964.07030425
   -964.09082125
   -964.09864219
   -964.10438908
   -964.06713121
   -964.09321166
   -964.03933468
   -964.08234107
   -964.04880090
   -964.08254954
   -964.09633114
   -964.10707943
   -964.03066434
   -964.09687588
   -963.97894788
   -964.09882980
   -964.04933430
   -964.03113049
   -964.10863000
   -964.04562791
   -964.07455511
   -964.06320835
   -964.08979130
   -964.07972134
   -964.10712318
   -964.08290674
   -964.08095173
   -964.09040261
   -964.08853848
   -964.09073099
   -964.03362429
   -964.09047480
   -964.08810725
   -964.08625238
   -964.10023257
   -964.02346832
   -964.10853470
   -964.06887774
   -964.06859972
   -964.03968530
   -964.07567571
   -964.06088396
   -964.06978175
   -964.09453908
   -964.06292372
   -964.09137430
   -964.09634741
   -964.08132666
   -964.09903588
   -964.06606542
   -964.09716875
   -964.07915945
   -964.06779560
   -964.06913892
   -964.08814214
   -964.08055819
   -964.09266038
   -964.10576949
   -964.09836425
   -964.08165753
   -964.09314634
   -964.07289788
   -964.08637218
   -964.07808636
   -964.08816208
   -964.07472649
   -964.07529836
   -964.07042899
   -964.07354243
   -964.07811464
   -964.03833882
   -964.11780720
   -964.07936612
   -964.06370005
   -964.09545727
   -964.07181802
   -964.03020106
   -964.09128297
   -964.10311132
   -964.08843841
   -964.07361031
   -964.08597371
   -964.09205494
   -964.01280096
   -964.07563416
   -964.08480081
   -964.06872692
   -964.07902511
   -964.02168057
   -964.09855954
   -964.09607653
   -964.09420560
   -964.07316398
   -964.08621363
   -964.05030231
   -964.09531013
   -964.07287612
   -964.07646837
   -964.10386184
   -964.08734346
   -964.09842607
   -964.06074787
   -964.04667378
   -964.10180436
   -964.08711272
   -964.09193681
   -964.09023649
   -964.09031754
   -964.08756962
   -964.07106470
   -964.08420185
   -964.06953290
   -964.08463088
   -964.06783532
   -964.06943773
   -964.11651645
   -964.10886242
   -964.08859836
   -964.05460687
   -964.05637330
   -964.08362581
   -964.09090515
   -964.08632117
   -964.09692536
   -964.09376396
   -964.05643331
   -964.04859136
   -964.09291556
   -964.10765462
   -964.03811469
   -964.10945624
   -964.09644879
   -964.01839684
   -964.08105027
   -964.06334657
   -964.08349254
   -964.10085967
   -964.08359920
   -964.09645988
   -964.08284530
   -964.01434851
   -964.00824243
   -964.07277161
   -964.04762290
   -964.09987380
   -964.08194244
   -964.08527614
   -964.10647637
   -964.06713071
   -964.08707226
   -964.10280945
   -964.10614832
   -964.06368118
   -964.08292903
   -964.06617528
   -964.07592543
   -964.08446506
   -964.08043614
   -964.07337627
   -964.08779563
   -964.08681052
   -964.05230871
   -964.08002932
   -964.08461495
   -964.07067412
   -964.08074777
   -964.09671138
   -964.10692866
   -964.08702130
   -964.03723930
   -964.07746447
   -964.09037302
   -964.07147665
   -964.07616993
   -964.11084244
   -964.09757771
   -964.10819219
   -964.07625400
   -964.09774261
   -964.07024942
   -964.10312640
   -964.06630146
   -964.08833499
   -964.02420405
   -964.08544987
   -964.10590485
   -964.08226804
   -964.08098872
   -964.09859100
   -964.08511169
   -964.08124494
   -964.08416177
   -964.09905352
   -964.10486130
   -964.08679394
   -964.07755419
   -964.10098586
   -964.09444990
   -964.04982872
   -964.08766917
   -964.09387893
   -964.08864314
   -964.05342964
   -964.09537387
   -964.08835722
   -964.08093563
   -964.05802240
   -964.05536979
   -964.08034722
   -964.09944017
   -964.06093284
   -964.09982719
   -964.08905740
   -964.06696936
   -964.03613682
   -964.08084663
   -964.04737383
   -964.09328350
   -964.11837401
   -964.07890730
   -964.10182538
   -964.10872341
   -964.07924119
   -964.10209940
   -964.09975449
   -964.10708129
   -964.12002402
   -964.03777150
   -964.06546981
   -964.09555959
   -964.06260124
   -964.08611539
   -964.09611089
   -964.04107160
   -964.05089990
   -964.02881504
   -964.12454808
   -964.09565519
   -964.09362259
   -964.07712501
   -964.07525577
   -964.08713392
   -964.08773669
   -964.07801537
   -964.08240356
   -964.04542560
   -964.07303754
   -964.08608436
   -964.09653106
   -964.07045505
   -964.09272076
   -964.08275107
   -964.09266176
   -964.11498982
   -964.08282669
   -964.07421157
   -964.07658552
   -964.07818846
   -964.10560151
   -964.08144537
   -964.07954844
   -964.08648697
   -964.08467919
   -964.07230981
   -964.08583830
   -964.08257069
   -963.99371590
   -964.08555629
   -964.08634979
   -964.09520810
   -964.07318199
   -964.09145227
   -964.08456621
   -964.09453670
   -964.09182508
   -964.05620707
   -964.07542746
   -964.03872531
   -964.05324210
   -964.04935048
   -964.04635843
   -964.03992349
   -964.08752059
   -964.05078698
   -964.07920601
   -964.07121129
   -964.11271640
   -964.09197525
   -964.05912225
   -964.10838543
   -964.10146275
   -964.08509763
   -964.11167285
   -964.08879412
   -964.07108754
   -964.11330139
   -964.03638576
   -964.10794240
   -964.09650804
   -964.07062064
   -964.05168332
   -964.07891204
   -964.06655540
   -964.02476009
   -964.09499665
   -964.07851679
   -964.05348623
   -964.07598656
   -964.04324737
   -964.07360866
   -964.08092292
   -964.04492715
   -964.03258325
   -964.10800567
   -964.08157012
   -964.04875040
   -964.08349932
   -964.05009257
   -964.01543571
   -964.09396779
   -964.08079279
   -964.08620854
   -964.04449886
   -964.07959820
   -964.09102757
   -964.06054067
   -964.05952256
   -964.08966360
   -964.07485891
   -964.08095534
   -964.06302747
   -964.07852716
   -964.10922980
   -964.09334821
   -964.07011315
   -964.03620722
   -964.11628057
   -964.05228907
   -964.03964007
   -964.07315439
   -964.06527592
   -964.06790360
   -964.05573967
   -964.10018858
   -964.09885926
   -964.09989457
   -964.10073985
   -964.10926981
   -963.99888612
   -964.08332722
   -964.04902178
   -964.09749611
   -964.05166150
   -964.08386612
   -964.06552398
   -964.07120759
   -964.09015140
   -964.11343103
   -964.07121235
   -964.08056260
   -964.07791323
   -964.06812912
   -964.05979586
   -964.09149945
   -964.06023271
   -964.01993332
   -964.07146353
   -964.02603578
   -964.10136157
   -964.08560917
   -964.07350338
   -964.08960418
   -964.08063824
   -964.07200968
   -964.08183597
   -964.09326734
   -964.07758695
   -964.09137412
   -964.10038136
   -964.08857759
   -964.09460208
   -964.06861896
   -964.05059097
   -964.06515924
   -964.05464283
   -964.06620808
   -964.08163659
   -964.05645079
   -964.08533815
   -964.09606672
   -964.10705583
   -964.07825118
   -964.03950466
   -964.05504071
   -964.07577683
   -964.09884550
   -964.10131174
   -964.07173346
   -964.02985796
   -964.09844158
   -964.10091931
   -964.09922589
   -964.07485012
   -964.10279811
   -964.04976977
   -964.09193078
   -964.06854177
   -964.08878122
   -964.09799194
   -964.03068215
   -964.08214919
   -964.02462223
   -964.07690961
   -964.07056587
   -964.08592629
   -964.06406424
   -964.08304499
   -964.07810670
   -964.06668237
   -964.09868483
   -964.06883905
   -964.09937445
   -964.08402580
   -964.09224299
   -964.09311561
   -964.09146490
   -964.07454853
   -964.07957721
   -964.10128118
   -964.08387720
   -964.09679743
   -964.09636070
   -964.05953090
   -964.09091821
   -964.03418672
   -964.09970820
   -964.08699112
   -964.09271623
   -964.05813342
   -964.06909469
   -964.08502727
   -964.09836953
   -964.03080293
   -964.08828549
   -964.04984998
   -964.04363950
   -964.08333565
   -964.03671137
   -964.09520477
   -964.11445447
   -964.10391524
   -964.06568499
   -964.07681222
   -964.06891490
   -964.09319731
   -964.08943837
   -964.09011626
   -964.09713424
   -964.10180932
   -964.09051475
   -964.08833195
   -964.07668006
   -964.06488150
   -964.08275480
   -964.02562519
   -964.08719079
   -964.03122042
   -964.07680088
   -964.08998946
   -964.08424728
   -964.08973270
   -964.06926545
   -964.08591715
   -964.09577331
   -964.06015283
   -964.06860231
   -964.07055519
   -964.06493320
   -964.07292052
   -964.06431393
   -964.12196159
   -964.11804160
   -964.10692812
   -964.10665222
   -964.06001896
   -964.06176329
   -964.07162054
   -964.09448834
   -964.07266798
   -964.05411276
   -964.08612219
   -964.04731545
   -964.07249335
   -964.08714065
   -964.08352476
   -964.08404452
   -964.06750567
   -964.10337619
   -963.97906733
   -964.09610174
   -964.08004639
   -964.05740417
   -964.08130663
   -964.06929570
   -964.08728381
   -964.02996533
   -964.09363358
   -964.09104430
   -964.10111572
   -964.04542293
   -964.09957021
   -964.03972751
   -964.07069752
   -964.09077845
   -964.09968296
   -964.09025031
   -964.09429107
   -964.07756931
   -964.05574748
   -964.09432151
   -964.08327514
   -964.09636090
   -964.04272579
   -964.07745723
   -964.03279389
   -964.08914981
   -964.08740439
   -964.04266333
   -964.01689200
   -964.08142021
   -964.05176725
   -964.10907545
   -964.08860693
   -964.08350969
   -964.06982097
   -964.07737205
   -964.03610873
   -964.05623068
   -964.06601601
   -964.05969348
   -964.09567778
   -964.07566647
   -964.08361988
   -964.05042715
   -964.03292374
   -964.08060142
   -964.03724100
   -964.07672266
   -964.07334890
   -964.06137703
   -964.07032003
   -964.07396893
   -964.06972962
   -964.10576274
   -964.05890761
   -964.06872159
   -964.08383238
   -964.07306992
   -964.08157523
   -964.07391102
   -964.06623492
   -964.08859769
   -964.10154037
   -964.09649512
   -964.05796283
   -964.10578409
   -964.06937644
   -964.06018784
   -964.07465192
   -964.06673130
   -964.07569517
   -964.09563305
   -964.07618233
   -964.08957298
   -964.10751352
   -964.09282643
   -964.08899274
   -964.09232001
   -964.00681034
   -964.04258374
   -964.09174279
   -964.07264775
   -964.08321420
   -964.10573419
   -964.09151288
   -964.07263154
   -964.08088148
   -964.06324198
   -964.07663752
   -964.05965568
   -964.09114130
   -964.07381178
   -964.08261203
   -964.08694500
   -964.07278967
   -964.04469152
   -964.05048353
   -964.05680156
   -964.09125752
   -964.06104880
   -964.08853741
   -964.05993211
   -964.06667630
   -964.07356882
   -964.07093569
   -964.03567854
   -964.07692166
   -964.07630495
   -964.08809714
   -964.10910754
   -964.08080133
   -964.06142297
   -964.08477153
   -964.09802725
   -964.05029815
   -964.10287302
   -964.07592281
   -964.08462638
   -964.07532976
   -964.08687794
   -964.09923049
   -964.08069374
   -964.10498393
   -964.08812956
   -964.09268147
   -964.07037862
   -964.02918262
   -964.09484282
   -964.04895092
   -964.08235461
   -964.04659355
   -964.07378995
   -964.06638574
   -964.06854749
   -964.07449940
   -964.08718850
   -964.09694457
   -964.09248527
   -964.07098926
   -964.07191487
   -964.07542658
   -964.09406808
   -964.08569582
   -964.07208796
   -964.08861095
   -964.10096948
   -964.06870597
   -964.10482700
   -964.03013446
   -964.07862950
   -964.05059513
   -964.06138631
   -964.10566577
   -964.08891795
   -964.09301398
   -964.09229501
   -964.09373746
   -964.08847146
   -964.08100829
   -964.07877976
   -964.09609297
   -964.11724420
   -964.10578353
   -964.08366886
   -964.05580445
   -964.08789598
   -964.07015534
   -964.10709495
   -964.05699029
   -964.04846249
   -964.08630786
   -964.08781989
   -964.08389045
   -964.10624244
   -964.10214392
   -964.07796116
   -964.06685897
   -964.07494073
   -964.04702093
   -964.08462585
   -964.08775858
   -964.08520925
   -964.07894208
   -964.01113802
   -964.05429867
   -964.04323713
   -964.09494095
   -964.04279056
   -964.08322048
   -964.09819143
   -964.08631748
   -964.06165272
   -964.07901929
   -964.09876474
   -964.08690337
   -964.09586296
   -964.04665582
   -964.11802566
   -964.07879825
   -964.07219948
   -964.08707093
   -964.10994163
   -964.05613911
   -964.08339302
   -964.08755117
   -964.10356128
   -964.08614572
   -964.00059382
   -964.08268928
   -964.08233826
   -964.05573073
   -964.06500740
   -964.08596152
   -964.07573704
   -964.05144682
   -964.07229959
   -964.03610308
   -964.03540355
   -964.08209544
   -964.10105138
   -964.04465614
   -964.08279609
   -964.07941776
   -964.05101712
   -964.09687104
   -964.08821234
   -964.09333087
   -964.09948045
   -964.07873056
   -964.05328901
   -964.09980036
   -964.03844782
   -964.03280576
   -964.09694530
   -964.06910195
   -964.06775657
   -964.10144515
   -964.05316448
   -964.08325849
   -964.08139266
   -964.08424998
   -964.08730886
   -964.08830615
   -964.08154591
   -964.04643115
   -964.05074563
   -964.11390221
   -964.07990199
   -964.08525594
   -964.11111648
   -964.08919468
   -964.07091718
   -964.06809472
   -964.04490845
   -964.05368631
   -964.07562611
   -964.08649044
   -964.09277029
   -964.05153284
   -964.03447521
   -964.10579379
   -964.09507786
   -964.04273601
   -964.11545011
   -964.06231421
   -964.08899424
   -964.06279773
   -964.06036566
   -964.08078446
   -964.07468343
   -964.06220987
   -964.08423020
   -964.01510198
   -964.09471305
   -964.04146560
   -964.05487266
   -964.09363517
   -964.07964724
   -964.07946760
   -964.07472720
   -964.06267098
   -964.08955708
   -964.08321645
   -964.10033408
   -964.09720695
   -964.11568475
   -964.04830643
   -964.06695805
   -964.06718446
   -964.10934403
   -964.06505438
   -964.07014678
   -964.07971626
   -964.08671399
   -964.08417533
   -964.03427996
   -964.10374912
   -964.07426234
   -964.09614847
   -964.01583710
   -964.06457076
   -964.06872310
   -964.11246156
   -964.08317401
   -964.09166267
   -964.05135006
   -964.10455101
   -964.06968974
   -964.08330168
   -964.06956442
   -964.09247110
   -964.09310351
   -964.07826326
   -964.08297279
   -964.07438748
   -964.11062509
   -964.08324029
   -964.06858219
   -964.08298995
   -964.08538312
   -964.10094195
   -964.03329197
   -964.09168276
   -964.06849701
   -964.09534411
   -964.10752967
   -964.10391444
   -964.04024426
   -964.04745339
   -964.09149371
   -964.04834891
   -964.07515879
   -964.09613701
   -964.09485000
   -964.07414372
   -964.02639185
   -964.08657682
   -964.09651779
   -964.08641551
   -964.02288667
   -964.06228819
   -964.09471403
   -964.06887662
   -964.07723349
   -964.05466465
   -964.11369001
   -964.07285021
   -964.07261130
   -964.07910438
   -964.08286838
   -964.08560923
   -964.07055440
   -964.09957922
   -964.08857001
   -964.10275464
   -964.07354378
   -964.07770253
   -964.08908687
   -964.10158014
   -964.08866401
   -964.03803282
   -964.09894577
   -964.08742210
   -964.08809270
   -964.11907778
   -964.08391512
   -964.08596186
   -964.09331582
   -964.09731746
   -964.04609388
   -964.06032121
   -964.09561894
   -964.09072957
   -964.08772974
   -964.08336079
   -964.07625202
   -964.08905312
   -964.09828038
   -964.08423663
   -964.09783935
   -964.08219995
   -964.07483531
   -964.06694465
   -964.09298975
   -964.09566844
   -964.09527831
   -964.11613762
   -964.06657951
   -964.08565556
   -964.09632647
   -964.08175114
   -964.09071022
   -964.06456253
   -964.06690634
   -964.07293417
   -964.01681891
   -964.07220081
   -964.08483469
   -964.10807624
   -964.08086839
   -964.06064389
   -964.08494642
   -964.05453918
   -964.10821392
   -964.10004456
   -964.05243279
   -964.06176173
   -964.06578915
   -964.07530831
   -964.09978522
   -964.06464738
   -964.07211942
   -964.08704345
   -964.05953009
   -964.09822846
   -964.08524879
   -964.05713330
   -964.09329172
   -964.08695412
   -964.07253286
   -964.09183316
   -964.11202766
   -964.10229942
   -964.07837173
   -964.10972448
   -964.06549561
   -964.06415166
   -964.08859627
   -964.00852831
   -964.05512531
   -964.06145925
   -964.08439705
   -964.08913945
   -964.08527946
   -964.08841840
   -964.05862312
   -964.08431910
   -964.05886348
   -964.06548391
   -964.09042667
   -964.09849658
   -964.03791325
   -964.07643297
   -964.05119081
   -964.04880990
   -964.04743621
   -964.10663740
   -964.08023827
   -964.07854990
   -964.08990562
   -964.02830948
   -964.08604254
   -964.10744977
   -964.08369340
   -964.05320392
   -964.08471383
   -964.09088735
   -964.05741564
   -964.11819923
   -964.05235879
   -964.06206307
   -964.04755663
   -964.09020008
   -964.08894803
   -964.09656989
   -964.06561642
   -964.09479120
   -964.10796128
   -964.09513125
   -964.09509299
   -964.02963913
   -964.09683648
   -964.06943124
   -964.06152233
   -964.08278591
   -964.06957466
   -964.08425774
   -964.07163157
   -964.07205785
   -964.09577386
   -964.09224138
   -964.08951616
   -964.07105055
   -964.07523496
   -964.08291947
   -964.10089421
   -964.09926469
   -964.08796990
   -964.07846028
   -964.09717375
   -964.07402121
   -964.07468440
   -964.06065071
   -964.06939325
   -964.05515512
   -964.08584258
   -964.09511345
   -964.06787828
   -964.07015441
   -964.08254466
   -964.09779843
   -964.01471551
   -964.09241573
   -964.00833387
   -964.09725300
   -964.09323104
   -964.10443431
   -964.11038595
   -964.07950209
   -964.08058094
   -964.09157915
   -964.07812433
   -964.11381600
   -964.06946894
   -964.05037746
   -964.09699148
   -963.99261534
   -964.08603044
   -964.09443144
   -964.10321885
   -964.06236384
   -964.10434433
   -964.10928916
   -964.09793734
   -964.08028136
   -964.09893962
   -964.09603984
   -964.08681640
   -964.08056309
   -964.08124316
   -964.05232964
   -964.04099104
   -964.09468467
   -964.04879938
   -964.07329648
   -964.07382822
   -964.06902978
   -964.05064388
   -964.10379070
   -964.10486427
   -964.08910843
   -964.08926559
   -964.06609540
   -964.07759074
   -964.08990431
   -964.06498561
   -964.08810164
   -964.06930070
   -964.07121089
   -964.07928720
   -964.09794676
   -964.10711610
   -964.09413082
   -964.08887171
   -964.08789613
   -964.08383747
   -964.10635504
   -964.07511570
   -964.08583074
   -964.09475177
   -964.08689264
   -964.09919780
   -964.04938927
   -964.04389939
   -964.08513899
   -964.10381506
   -964.08184104
   -964.07599815
   -964.06705959
   -964.07899986
   -964.09282831
   -964.07028116
   -964.08019034
   -964.05447940
   -964.08456274
   -964.07068188
   -964.08333244
   -964.06445330
   -964.09153613
   -964.07989494
   -964.02827928
   -964.08055149
   -964.06993619
   -964.08464469
   -964.07566285
   -964.07762702
   -964.10501995
   -964.06372772
   -964.06997603
   -964.09359486
   -964.09229458
   -964.07972756
   -964.09829114
   -964.12273959
   -964.09179286
   -964.07124138
   -964.08570766
   -964.08572967
   -964.08577541
   -964.06791158
   -964.04591755
   -964.07078052
   -964.05646242
   -964.05932481
   -964.11019859
   -964.04778257
   -964.09391536
   -964.07483804
   -964.09071136
   -964.09562444
   -964.09242234
   -964.01821042
   -964.07642941
   -964.07049460
   -964.09075338
   -964.08352707
   -964.10964769
   -964.09543223
   -964.06869834
   -964.09415675
   -964.10279247
   -964.06861178
   -964.07334352
   -964.07721076
   -964.05261407
   -964.05605897
   -964.04399709
   -964.05494352
   -964.02964251
   -964.05226103
   -964.09009953
   -964.07589698
   -964.07532585
   -964.07253125
   -964.09013525
   -964.09843658
   -964.08859015
   -964.08077701
   -964.08392466
   -964.08338566
   -964.09034596
   -964.05235897
   -964.06268094
   -964.07666078
   -964.08727176
   -964.01757869
   -964.12010292
   -964.06495118
   -964.03631489
   -964.09983667
   -964.07095605
   -964.06975200
   -964.07575951
   -964.10662525
   -964.08917808
   -964.09556809
   -964.04788433
   -964.08599274
   -964.07680845
   -964.02971744
   -964.07961508
   -964.06925049
   -964.07804807
   -964.07770941
   -964.08183778
   -964.06083553
   -964.05880434
   -964.08594352
   -964.06245596
   -964.09964244
   -964.07259575
   -964.12438071
   -964.02246112
   -964.08954512
   -964.02092033
   -964.07971179
   -964.08477277
   -964.09261176
   -964.08206962
   -964.07571417
   -964.02509863
   -964.08676828
   -964.06731313
   -964.07681361
   -964.10258708
   -964.08472064
   -964.07688169
   -964.07230596
   -964.06734706
   -964.07713139
   -964.09591772
   -964.07747659
   -964.09705984
   -964.09596891
   -964.08526955
   -964.04490402
   -964.06144454
   -964.04971276
   -964.09900358
   -964.09992918
   -964.05570938
   -964.07370859
   -964.07826954
   -964.07845627
   -964.08774521
   -964.05500611
   -964.08632703
   -964.05444959
   -964.10080215
   -964.09120923
   -964.09980419
   -964.10395756
   -964.08992555
   -964.09794645
   -964.07737091
   -964.07473646
   -964.05838683
   -964.09015980
   -964.07307938
   -964.09512348
   -964.08362793
   -964.10079484
   -964.09038731
   -964.10591141
   -964.08436760
   -964.08697521
   -964.07027771
   -964.04576848
   -964.09377990
   -964.07810603
   -964.04084684
   -964.08404956
   -964.08705203
   -964.06452613
   -964.04603894
   -964.08665231
   -964.05898899
   -964.05870812
   -964.07698013
   -964.06233439
   -964.07522727
   -964.05948223
   -964.11332152
   -964.10700539
   -964.10722318
   -964.06405419
   -964.10322998
   -964.05531037
   -964.07280540
   -964.10742934
   -964.09163521
   -964.09490443
   -964.08464020
   -964.09174055
   -964.07099023
   -964.07635228
   -964.08246518
   -964.08019974
   -964.06528331
   -964.02824274
   -964.08364855
   -964.06295062
   -964.07882426
   -964.11446963
   -964.08511024
   -964.03745029
   -964.09126542
   -964.08896182
   -964.04161151
   -964.07503576
   -964.09540304
   -964.05579266
   -964.12218368
   -964.06199992
   -964.07165037
   -964.03664871
   -964.09222524
   -964.09981627
   -964.07106757
   -964.03458602
   -964.03173109
   -964.08323575
   -964.08809324
   -964.10899650
   -964.05665847
   -964.10943208
   -964.01897448
   -964.00693516
   -964.07715036
   -964.08330580
   -964.06249609
   -964.07590088
   -964.12248670
   -964.07556626
   -964.06985086
   -964.03358464
   -964.06490323
   -964.10646447
   -964.06696270
   -964.07568225
   -964.08977791
   -964.06044104
   -964.07502230
   -964.11717997
   -964.05630035
   -964.07634871
   -964.06970521
   -964.09472386
   -964.08697169
   -964.08711403
   -964.07872846
   -964.07291192
   -964.07295218
   -964.04239660
   -964.06025431
   -964.04255058
   -964.05272352
   -964.09958975
   -964.10321986
   -964.06301071
   -964.08912295
   -964.05829769
   -964.09356809
   -964.10896079
   -964.09059771
   -964.02492834
   -964.08247297
   -964.07288427
   -964.07789128
   -964.08469050
   -964.09339145
   -964.09269964
   -964.06806728
   -964.08916441
   -964.12466847
   -963.99841067
   -964.05707784
   -964.07062287
   -964.06701635
   -964.08455182
   -964.10413450
   -964.07885413
   -964.05046621
   -964.09066092
   -964.07396890
   -964.09805279
   -964.09579766
   -964.10496919
   -964.08125388
   -964.09692797
   -964.06776796
   -964.07834996
   -964.05187536
   -964.01205019
   -964.08658170
   -964.08888046
   -964.07782927
   -964.04105443
   -964.09333151
   -964.09057151
   -964.06350336
   -964.07763343
   -964.06567680
   -964.07215588
   -964.08212275
   -964.09072075
   -964.09984930
   -964.04323505
   -964.09439040
   -964.08187331
   -964.06856728
   -964.08804137
   -964.06188931
   -964.05980797
   -964.10234670
   -964.02478543
   -964.02773296
   -964.04019963
   -964.08532562
   -964.09323377
   -964.09942692
   -964.06282089
   -964.10039936
   -964.09641597
   -964.07134028
   -964.05056629
   -964.01471800
   -964.06391643
   -964.07781821
   -964.08938686
   -964.06493501
   -964.05298951
   -964.08523906
   -964.06457223
   -964.04227291
   -964.03533193
   -964.11663297
   -964.11298839
   -964.08833489
   -964.07725753
   -964.06953442
   -964.08959464
   -964.07203447
   -964.08857007
   -964.06685080
   -964.10594066
   -964.07325986
   -964.12016263
   -964.08064994
   -964.01077665
   -964.08789892
   -964.09921413
   -964.07115653
   -964.05961125
   -964.07131639
   -964.08417440
   -964.04515571
   -964.07023760
   -964.09731120
   -964.10975211
   -964.04827951
   -964.07427720
   -964.05564048
   -964.00644062
   -964.06039613
   -964.08413649
   -964.10946600
   -964.06864090
   -964.08906196
   -964.07122623
   -964.10231751
   -964.09453997
   -964.06803181
   -964.08129347
   -964.07468869
   -964.00607424
   -964.09020327
   -964.10403307
   -964.10451156
   -964.09249150
   -964.07224615
   -964.11340883
   -964.10226199
   -964.10859895
   -964.09475594
   -964.07392569
   -964.08200117
   -964.10178079
   -964.10292266
   -964.06957274
   -964.05574077
   -964.09301056
   -964.08338668
   -964.08442440
   -964.10291536
   -964.06236750
   -964.07153225
   -964.07776098
   -964.08427583
   -964.08703692
   -964.09436998
   -964.06211096
   -964.05896682
   -964.09496925
   -964.09221761
   -964.05586573
   -964.05734080
   -964.08556384
   -964.09319883
   -964.08724757
   -964.06586514
   -964.10293542
   -964.10143268
   -964.05512946
   -964.06716737
   -964.05703099
   -964.04756244
   -964.10573420
   -964.10625580
   -964.07614687
   -964.10107824
   -964.08851623
   -964.09327130
   -964.11391680
   -964.09096020
   -963.98901123
   -964.07382493
   -964.06971591
   -964.11601504
   -964.07288967
   -964.09962930
   -964.09053127
   -964.10278916
   -964.11017677
   -964.06352003
   -964.05870870
   -964.09103273
   -964.08084677
   -964.08065567
   -964.05346560
   -964.07433892
   -964.06365570
   -964.10414309
   -964.09758369
   -964.01307425
   -964.09221401
   -964.06504474
   -964.07456452
   -964.08700102
   -964.00992657
   -964.08494837
   -964.08136333
   -964.06812222
   -964.04567018
   -964.07884642
   -964.05980993
   -964.11136693
   -964.08715721
   -964.07725833
   -964.10312978
   -964.10339967
   -964.09546088
   -964.08616937
   -964.10778628
   -964.09454991
   -964.08166738
   -964.05988235
   -964.07577846
   -964.06096129
   -964.12056194
   -964.05381792
   -964.07171158
   -964.08864719
   -964.05580604
   -964.07213903
   -964.08209994
   -964.09149017
   -964.09415069
   -964.07387467
   -964.09629358
   -964.07138392
   -964.07586323
   -964.06682646
   -964.05728430
   -964.10247499
   -964.08982797
   -964.07068361
   -964.10143230
   -964.07525945
   -964.08463238
   -964.01443086
   -964.07271139
   -964.03739003
   -964.09305824
   -964.07424320
   -964.09493875
   -964.08227069
   -964.06957027
   -964.08854247
   -964.11625057
   -964.05394988
   -964.06561120
   -964.09579749
   -964.08709622
   -964.07955357
   -964.09914472
   -964.05862215
   -964.09259272
   -964.09233184
   -964.10709309
   -964.09826303
   -964.08519773
   -964.09328197
   -964.01131349
   -964.11413257
   -964.07107043
   -964.05766704
   -964.07066833
   -964.06364684
   -964.12239133
   -964.07873322
   -964.09111355
   -964.07574304
   -964.03600957
   -964.08869740
   -964.09082912
   -964.07078567
   -964.11339530
   -964.08010303
   -964.06062878
   -964.00958329
   -964.09489337
   -964.08172907
   -964.11828972
   -964.05794719
   -964.12025069
   -964.04399001
   -964.09677030
   -964.06692488
   -964.07464364
   -964.06544315
   -964.11416750
   -964.03474176
   -964.06066449
   -964.10586816
   -964.08750873
   -964.08428223
   -964.07632858
   -964.09098995
   -964.07240640
   -964.07695333
   -964.09906664
   -964.08052851
   -964.07111629
   -964.08371775
   -964.08817268
   -964.11227961
   -964.05018812
   -964.09519970
   -964.08694927
   -964.07106055
   -964.07327137
   -964.08137133
   -964.09669212
   -964.08014009
   -964.05260707
   -964.04220404
   -964.09997646
   -964.06911617
   -964.09122140
   -964.07902374
   -964.10777444
   -964.05599533
   -964.09964901
   -964.08687200
   -964.07690235
   -964.09232211
   -964.08549295
   -964.10109863
   -964.09418897
   -964.09410215
   -964.06512883
   -964.10253496
   -964.07437612
   -964.09040747
   -964.07580588
   -964.06785916
   -964.02327724
   -964.03915981
   -964.09974152
   -964.05548461
   -964.08554941
   -964.09819324
   -964.09521360
   -964.09453192
   -964.06633768
   -963.97692222
   -964.11278857
   -964.08183606
   -964.09314003
   -964.07186066
   -964.10358040
   -964.01299583
   -964.08495618
   -964.02822926
   -964.07088606
   -964.02112065
   -964.07562471
   -964.10715902
   -964.09099166
   -964.04323651
   -964.09323336
   -964.09220449
   -964.03394356
   -964.09741072
   -964.09130433
   -964.06687295
   -964.09532498
   -964.10240021
   -964.09629405
   -964.04727607
   -964.07821094
   -964.07021463
   -964.06750119
   -964.07663241
   -964.08834225
   -964.06600400
   -964.09072554
   -964.02346508
   -964.09166404
   -964.09223636
   -964.06884356
   -964.11384105
   -964.03134461
   -964.06891210
   -964.07387295
   -964.07944143
   -964.09389427
   -964.07937372
   -964.07795986
   -964.06100836
   -964.06520382
   -964.07936909
   -964.08663569
   -964.05483760
   -964.03986879
   -964.07830252
   -964.11335441
   -964.06453269
   -964.08362637
   -964.09851366
   -964.08280767
   -964.03545730
   -964.06770900
   -964.07308101
   -964.07064859
   -964.03959662
   -964.07329937
   -964.08218607
   -964.08535939
   -964.07711350
   -964.08723503
   -964.01373548
   -964.06164758
   -964.10837392
   -964.06652514
   -964.06699317
   -964.09688752
   -964.07406396
   -964.09066835
   -964.08842219
   -964.09568265
   -964.10412747
   -964.00029698
   -964.03119423
   -964.09740719
   -964.07059847
   -964.08327446
   -964.08022003
   -964.07411711
   -964.09820918
   -964.06353852
   -964.11193740
   -964.09827081
   -964.10084465
   -964.04583737
   -964.09274259
   -964.08115396
   -964.06286724
   -964.06271524
   -964.09550961
   -964.08405894
   -964.09991503
   -964.07254491
   -964.06664898
   -964.08661776
   -964.07161908
   -964.06909177
   -964.03538966
   -964.10018175
   -964.08205127
   -964.09829714
   -964.05837533
   -964.05853598
   -964.06184058
   -964.06403032
   -964.05948072
   -964.10624992
   -964.06424078
   -964.09983934
   -963.98698678
   -964.08219414
   -964.07079240
   -964.06223619
   -964.07799513
   -964.05058943
   -963.97799959
   -964.09682757
   -964.04946858
   -964.07515403
   -964.05026645
   -964.08174435
   -964.07635854
   -964.09428301
   -964.06508356
   -964.04260548
   -964.05214786
   -964.06431725
   -964.06966838
   -964.09412885
   -964.09861551
   -964.09888766
   -964.05477759
   -964.05793590
   -964.11032273
   -964.05331284
   -964.05407205
   -964.10238657
   -964.10021000
   -964.06188713
   -964.10493662
   -964.10430254
   -964.08070126
   -964.11004713
   -964.04527417
   -964.07350880
   -964.09118337
   -964.07211975
   -964.08489109
   -964.07334649
   -964.08929488
   -964.09231419
   -964.09110578
   -964.08763310
   -964.09779509
   -964.10042696
   -964.08910917
   -964.07438410
