% The following energies apply to conformations described by the topology 
% R25_iter1.top.  Structures are given in trajectory coords.cdf, count: 83.

% Item 0:
%   Energy -> orca_structures/coor*/NConf*.out
   -964.12915433
   -964.13213900
   -964.13102859
   -964.12816697
   -964.13091014
   -964.12891407
   -964.12296541
   -964.12186299
   -964.13088078
   -964.13180162
   -964.12418977
   -964.13089574
   -964.12917581
   -964.12262464
   -964.12435409
   -964.13212172
   -964.12806614
   -964.12835077
   -964.12798271
   -964.12664677
   -964.13264123
   -964.12837996
   -964.12751087
   -964.13286423
   -964.12998021
   -964.13224418
   -964.13123319
   -964.13209010
   -964.12794151
   -964.13176343
   -964.13281808
   -964.13202958
   -964.13112332
   -964.12660744
   -964.13152691
   -964.13185337
   -964.12358541
   -964.13177644
   -964.12453355
   -964.13212925
   -964.13103473
   -964.13170718
   -964.12371630
   -964.11538374
   -964.12378699
   -964.12338783
   -964.13100871
   -964.12363733
   -964.12817231
   -964.12845959
   -964.13064094
   -964.13036513
   -964.13139500
   -964.13183618
   -964.12103390
   -964.13018420
   -964.13228815
   -964.12410407
   -964.12853231
   -964.12357654
   -964.12796073
   -964.13109056
   -964.12800253
   -964.13177949
   -964.12928590
   -964.12262485
   -964.13081611
   -964.12728882
   -964.13158680
   -964.13229583
   -964.13218452
   -964.12353789
   -964.12392756
   -964.12458111
   -964.13247063
   -964.12686963
   -964.12702642
   -964.12015479
   -964.12794153
   -964.12324532
   -964.13057885
   -964.12249558
   -964.13266190
