% The following energies apply to conformations described by the topology 
% R17_iter1.top.  Structures are given in trajectory coords.cdf, count: 134.

% Item 0:
%   Energy -> orca_structures/coor*/NConf*.out
   -844.25705357
   -844.25146716
   -844.24836096
   -844.24452970
   -844.24948698
   -844.24147766
   -844.23986959
   -844.25182248
   -844.24679717
   -844.25134814
   -844.25064426
   -844.24959538
   -844.26006842
   -844.24757712
   -844.24879439
   -844.25884107
   -844.24303354
   -844.24919943
   -844.24763468
   -844.24361525
   -844.25183989
   -844.24903628
   -844.24990228
   -844.25802792
   -844.25779808
   -844.25189635
   -844.24844659
   -844.25812506
   -844.25483889
   -844.24838305
   -844.24723299
   -844.25349419
   -844.25528396
   -844.25679432
   -844.24914187
   -844.23974792
   -844.25033702
   -844.24062781
   -844.24832577
   -844.25611229
   -844.25224701
   -844.24379167
   -844.25141227
   -844.25320290
   -844.24789334
   -844.25100703
   -844.24959903
   -844.25367613
   -844.25822280
   -844.24618533
   -844.24338370
   -844.24169527
   -844.24919716
   -844.25795153
   -844.24242024
   -844.24864676
   -844.25849485
   -844.25837870
   -844.24547243
   -844.25179855
   -844.24050485
   -844.25332846
   -844.24697474
   -844.24138614
   -844.24989733
   -844.25133026
   -844.25816899
   -844.25357922
   -844.24496988
   -844.24132918
   -844.25627388
   -844.25667794
   -844.24764156
   -844.25110773
   -844.24829699
   -844.24192065
   -844.25323038
   -844.25180890
   -844.24518683
   -844.24197268
   -844.25679451
   -844.24652624
   -844.24899851
   -844.25643592
   -844.24725353
   -844.24821831
   -844.24065602
   -844.25269186
   -844.24974117
   -844.25656501
   -844.24883433
   -844.24853695
   -844.24083454
   -844.25853231
   -844.24509225
   -844.24905559
   -844.24011178
   -844.25839984
   -844.25675345
   -844.24377778
   -844.24758032
   -844.24921053
   -844.25649779
   -844.25193759
   -844.25266614
   -844.24328977
   -844.25092524
   -844.24901799
   -844.24175945
   -844.24895271
   -844.25299066
   -844.25548627
   -844.25796255
   -844.25214378
   -844.25607520
   -844.24479702
   -844.25143823
   -844.24611657
   -844.24973157
   -844.24014877
   -844.24748487
   -844.25603275
   -844.25235571
   -844.24797810
   -844.25354272
   -844.25646011
   -844.25606005
   -844.25390967
   -844.25237769
   -844.25011854
   -844.24131327
   -844.25866641
   -844.25109698
   -844.24337224
