% The following energies apply to conformations described by the topology 
% R49.top.  Structures are given in trajectory coords.cdf, count: 2531.

% Item 0:
%   Energy -> orca_structures/coor*/Conf*.out
  -1264.48054818
  -1264.49864249
  -1264.51257763
  -1264.44136911
  -1264.49436579
  -1264.47961011
  -1264.47358609
  -1264.52910860
  -1264.45839076
  -1264.48265390
  -1264.47998943
  -1264.47561385
  -1264.52300317
  -1264.48928120
  -1264.45727894
  -1264.47533761
  -1264.51215804
  -1264.50566183
  -1264.52350431
  -1264.49262416
  -1264.50977399
  -1264.52829497
  -1264.48298492
  -1264.51370660
  -1264.50956603
  -1264.50539606
  -1264.44912248
  -1264.50242602
  -1264.48061959
  -1264.48271177
  -1264.48134167
  -1264.47776779
  -1264.49933797
  -1264.50475461
  -1264.51556476
  -1264.49763663
  -1264.51310059
  -1264.47659562
  -1264.48115573
  -1264.49531851
  -1264.46711168
  -1264.51539516
  -1264.41884742
  -1264.48553143
  -1264.46193881
  -1264.49804076
  -1264.52136918
  -1264.49310855
  -1264.52226060
  -1264.48764301
  -1264.44215273
  -1264.48312105
  -1264.47050970
  -1264.50154718
  -1264.47561081
  -1264.46042813
  -1264.44271217
  -1264.50458262
  -1264.49298913
  -1264.46016651
  -1264.51428029
  -1264.49486949
  -1264.47666072
  -1264.50391215
  -1264.47365732
  -1264.49904360
  -1264.49903300
  -1264.46960596
  -1264.48409022
  -1264.47452800
  -1264.48860632
  -1264.45992985
  -1264.51244350
  -1264.48126481
  -1264.51515138
  -1264.44918240
  -1264.49077828
  -1264.48337302
  -1264.50390844
  -1264.51719260
  -1264.44009343
  -1264.50666706
  -1264.48007590
  -1264.48573689
  -1264.47746115
  -1264.48946442
  -1264.49252818
  -1264.48320885
  -1264.49831123
  -1264.49619706
  -1264.50780017
  -1264.48110445
  -1264.52376795
  -1264.48403036
  -1264.48134257
  -1264.49279948
  -1264.53254548
  -1264.49313313
  -1264.51588206
  -1264.51010152
  -1264.50866899
  -1264.46982033
  -1264.48550182
  -1264.51285306
  -1264.44529460
  -1264.48757830
  -1264.50069930
  -1264.49123749
  -1264.50224300
  -1264.50464446
  -1264.44133715
  -1264.47693214
  -1264.45934729
  -1264.46247146
  -1264.48687385
  -1264.51356336
  -1264.47818091
  -1264.51254664
  -1264.44575834
  -1264.46929665
  -1264.51338076
  -1264.48575221
  -1264.49514553
  -1264.48177331
  -1264.49072027
  -1264.48536763
  -1264.48006210
  -1264.50917862
  -1264.48419814
  -1264.50272619
  -1264.50261911
  -1264.48330226
  -1264.50811065
  -1264.50454237
  -1264.52327110
  -1264.44592813
  -1264.47636991
  -1264.48758489
  -1264.48354880
  -1264.49625451
  -1264.51959948
  -1264.49036321
  -1264.49903830
  -1264.42360879
  -1264.50910319
  -1264.50125147
  -1264.51942990
  -1264.49399004
  -1264.47583786
  -1264.47902638
  -1264.50035077
  -1264.50769054
  -1264.44273023
  -1264.49748618
  -1264.50336245
  -1264.50686862
  -1264.47289891
  -1264.50064382
  -1264.46982971
  -1264.49499836
  -1264.49641120
  -1264.53168216
  -1264.50687960
  -1264.47644807
  -1264.51840314
  -1264.51090056
  -1264.44910931
  -1264.46478801
  -1264.50720660
  -1264.49044929
  -1264.48201883
  -1264.50668935
  -1264.49181565
  -1264.48148190
  -1264.48937538
  -1264.50340827
  -1264.46880670
  -1264.48229862
  -1264.44406361
  -1264.48162495
  -1264.50960594
  -1264.47182332
  -1264.48638912
  -1264.50509972
  -1264.49718568
  -1264.52311167
  -1264.49643698
  -1264.51690067
  -1264.46587227
  -1264.46983970
  -1264.51315262
  -1264.49023815
  -1264.43443874
  -1264.44293399
  -1264.49319503
  -1264.48531512
  -1264.51681873
  -1264.51136120
  -1264.50795012
  -1264.47071630
  -1264.50715172
  -1264.44743853
  -1264.52237155
  -1264.51368178
  -1264.50004941
  -1264.49512589
  -1264.50594741
  -1264.48644519
  -1264.50455336
  -1264.49288183
  -1264.49882146
  -1264.50847361
  -1264.50733601
  -1264.45795480
  -1264.52421703
  -1264.48626170
  -1264.51483375
  -1264.51960459
  -1264.47240865
  -1264.50181075
  -1264.49400323
  -1264.49952457
  -1264.47798973
  -1264.47916937
  -1264.43458044
  -1264.50016034
  -1264.48984224
  -1264.51148260
  -1264.49636452
  -1264.50112791
  -1264.50337240
  -1264.47739210
  -1264.49115169
  -1264.49836897
  -1264.48181805
  -1264.50460792
  -1264.48816206
  -1264.52267998
  -1264.49943235
  -1264.50893008
  -1264.48693807
  -1264.50931129
  -1264.50568277
  -1264.53457445
  -1264.48414805
  -1264.48559203
  -1264.45605250
  -1264.44716061
  -1264.48284416
  -1264.47552388
  -1264.50814117
  -1264.46242184
  -1264.46229883
  -1264.48303766
  -1264.50599927
  -1264.51720053
  -1264.49587698
  -1264.46046039
  -1264.51422696
  -1264.49750314
  -1264.50507168
  -1264.52758506
  -1264.49672487
  -1264.49041108
  -1264.46300033
  -1264.50364939
  -1264.46481852
  -1264.50298872
  -1264.51400217
  -1264.52126144
  -1264.51255481
  -1264.50719048
  -1264.51590282
  -1264.49628431
  -1264.49748406
  -1264.48902930
  -1264.48099900
  -1264.46545558
  -1264.48690804
  -1264.50794443
  -1264.48075729
  -1264.48344028
  -1264.48005438
  -1264.50427518
  -1264.51918832
  -1264.50792236
  -1264.50368304
  -1264.51548421
  -1264.50594015
  -1264.46267724
  -1264.50322082
  -1264.51883488
  -1264.50313423
  -1264.49828125
  -1264.50797717
  -1264.48855114
  -1264.49309533
  -1264.50153273
  -1264.49509934
  -1264.48137378
  -1264.50422809
  -1264.47836611
  -1264.50073622
  -1264.47991253
  -1264.50279873
  -1264.48449245
  -1264.52245076
  -1264.49454735
  -1264.48659100
  -1264.48384713
  -1264.50867233
  -1264.50641411
  -1264.49323475
  -1264.49371085
  -1264.49042657
  -1264.50951729
  -1264.52624303
  -1264.50679773
  -1264.48449852
  -1264.51445854
  -1264.48598390
  -1264.51571417
  -1264.45502390
  -1264.50754502
  -1264.48031113
  -1264.50047287
  -1264.46706141
  -1264.48355089
  -1264.50475296
  -1264.50900469
  -1264.48452692
  -1264.48489332
  -1264.51766343
  -1264.52339723
  -1264.49634602
  -1264.49217722
  -1264.51411536
  -1264.52291433
  -1264.50743666
  -1264.48491151
  -1264.51707221
  -1264.48783755
  -1264.50971668
  -1264.49667467
  -1264.49077602
  -1264.48759394
  -1264.46010015
  -1264.52046760
  -1264.49318785
  -1264.49350490
  -1264.49907230
  -1264.48804583
  -1264.47175401
  -1264.48058270
  -1264.46727350
  -1264.51123593
  -1264.51781324
  -1264.47371856
  -1264.49014357
  -1264.49482366
  -1264.51493318
  -1264.52006890
  -1264.48345854
  -1264.49808912
  -1264.48325343
  -1264.50926607
  -1264.53124797
  -1264.51412618
  -1264.46041103
  -1264.51165968
  -1264.49145068
  -1264.46998660
  -1264.52686543
  -1264.50456981
  -1264.49640676
  -1264.48960329
  -1264.50193952
  -1264.47292422
  -1264.50471910
  -1264.50234102
  -1264.53220599
  -1264.44122602
  -1264.53682467
  -1264.49993654
  -1264.48108364
  -1264.45903500
  -1264.49658739
  -1264.48696598
  -1264.42727194
  -1264.47265565
  -1264.52568011
  -1264.50045573
  -1264.46457768
  -1264.47033676
  -1264.48627395
  -1264.48156868
  -1264.51189526
  -1264.49162123
  -1264.48410689
  -1264.44342135
  -1264.46017779
  -1264.46997263
  -1264.51851720
  -1264.50304101
  -1264.48284447
  -1264.50364828
  -1264.50464383
  -1264.50679321
  -1264.51408318
  -1264.52047251
  -1264.52952233
  -1264.43750388
  -1264.49762076
  -1264.50285896
  -1264.48445834
  -1264.50270638
  -1264.51398351
  -1264.48264025
  -1264.51837127
  -1264.46077132
  -1264.48600359
  -1264.48562419
  -1264.51271537
  -1264.49284518
  -1264.49683328
  -1264.51620824
  -1264.48478883
  -1264.48747582
  -1264.46310208
  -1264.51376601
  -1264.49918628
  -1264.50271980
  -1264.47153488
  -1264.49273731
  -1264.48187005
  -1264.49776499
  -1264.49006414
  -1264.50505024
  -1264.50949298
  -1264.41663456
  -1264.48701206
  -1264.48580557
  -1264.49558537
  -1264.52391105
  -1264.48351698
  -1264.46736676
  -1264.50026848
  -1264.50783874
  -1264.48961242
  -1264.49340336
  -1264.51882338
  -1264.46799534
  -1264.50086724
  -1264.51263745
  -1264.49464764
  -1264.48914613
  -1264.50359836
  -1264.49096946
  -1264.45964540
  -1264.49647147
  -1264.48365272
  -1264.50799856
  -1264.47557672
  -1264.48597121
  -1264.49962644
  -1264.47800520
  -1264.50017450
  -1264.51023295
  -1264.49064279
  -1264.45235642
  -1264.51707986
  -1264.46903287
  -1264.44629897
  -1264.50943247
  -1264.50907582
  -1264.51180341
  -1264.50932518
  -1264.49315218
  -1264.49531773
  -1264.48173368
  -1264.50219003
  -1264.50965116
  -1264.47591317
  -1264.50982273
  -1264.50738528
  -1264.47992330
  -1264.50045785
  -1264.47529428
  -1264.52872250
  -1264.49765448
  -1264.49237001
  -1264.49440179
  -1264.48729181
  -1264.49636976
  -1264.47723458
  -1264.50269099
  -1264.48976127
  -1264.47037523
  -1264.44545361
  -1264.48637059
  -1264.48942469
  -1264.49339832
  -1264.48904115
  -1264.47207867
  -1264.48651731
  -1264.49685662
  -1264.52074693
  -1264.49551259
  -1264.50307186
  -1264.49423732
  -1264.52037111
  -1264.46597008
  -1264.46978326
  -1264.50423808
  -1264.45905112
  -1264.51330213
  -1264.45621505
  -1264.50578463
  -1264.52624502
  -1264.44451548
  -1264.51047320
  -1264.49308107
  -1264.50205204
  -1264.51061755
  -1264.49478387
  -1264.48776198
  -1264.50526138
  -1264.50088660
  -1264.52437720
  -1264.49693056
  -1264.45716532
  -1264.50523790
  -1264.46886566
  -1264.48895644
  -1264.46359111
  -1264.47678671
  -1264.49343316
  -1264.44353740
  -1264.51166242
  -1264.48450990
  -1264.50893264
  -1264.49838137
  -1264.48023611
  -1264.50071302
  -1264.49740496
  -1264.48423241
  -1264.47993271
  -1264.45119898
  -1264.49984035
  -1264.51720144
  -1264.48463098
  -1264.41588281
  -1264.45502127
  -1264.50609524
  -1264.48637836
  -1264.46601823
  -1264.51944627
  -1264.48319496
  -1264.46276214
  -1264.43908947
  -1264.48187104
  -1264.43871364
  -1264.47372400
  -1264.42778417
  -1264.44593080
  -1264.49079532
  -1264.52858087
  -1264.52511208
  -1264.51234973
  -1264.45889971
  -1264.51208263
  -1264.51663659
  -1264.47209675
  -1264.52005131
  -1264.52439885
  -1264.44960994
  -1264.49541410
  -1264.51317336
  -1264.49394490
  -1264.49082237
  -1264.47722908
  -1264.46979443
  -1264.47498520
  -1264.48972491
  -1264.50268172
  -1264.52858238
  -1264.44295731
  -1264.50895931
  -1264.50565381
  -1264.50348312
  -1264.53399749
  -1264.50887987
  -1264.45654644
  -1264.53319427
  -1264.51549935
  -1264.50505308
  -1264.48987275
  -1264.45015510
  -1264.48798034
  -1264.45688625
  -1264.51006326
  -1264.48976632
  -1264.46357055
  -1264.49036108
  -1264.50592766
  -1264.51019027
  -1264.51611406
  -1264.51529776
  -1264.47261494
  -1264.51289509
  -1264.49252905
  -1264.41544227
  -1264.48500567
  -1264.52380160
  -1264.49430418
  -1264.52600552
  -1264.49559412
  -1264.51182092
  -1264.48055128
  -1264.50631766
  -1264.49000610
  -1264.46431337
  -1264.49052407
  -1264.45366001
  -1264.49156972
  -1264.49838005
  -1264.46126303
  -1264.51127323
  -1264.50513083
  -1264.48233139
  -1264.46509685
  -1264.52100624
  -1264.50037847
  -1264.48726256
  -1264.43352107
  -1264.50461027
  -1264.48993162
  -1264.43835495
  -1264.49426019
  -1264.51456944
  -1264.48672871
  -1264.51850329
  -1264.52358976
  -1264.46651105
  -1264.51258454
  -1264.49425279
  -1264.51336418
  -1264.51586523
  -1264.52772012
  -1264.49939564
  -1264.46638589
  -1264.43448745
  -1264.47125003
  -1264.43942513
  -1264.49420219
  -1264.47372035
  -1264.48242077
  -1264.47335856
  -1264.50066809
  -1264.47611328
  -1264.50179814
  -1264.49627063
  -1264.53660874
  -1264.48571288
  -1264.52387022
  -1264.49591756
  -1264.50979178
  -1264.50902689
  -1264.49675685
  -1264.45582769
  -1264.51554568
  -1264.47403624
  -1264.49977382
  -1264.52040669
  -1264.48171970
  -1264.47679230
  -1264.52085813
  -1264.48130893
  -1264.46763677
  -1264.48732380
  -1264.46545412
  -1264.47634293
  -1264.50127692
  -1264.45359780
  -1264.48323199
  -1264.50903412
  -1264.45457040
  -1264.51371984
  -1264.46410312
  -1264.50133942
  -1264.46732510
  -1264.48907026
  -1264.45312470
  -1264.48089676
  -1264.44981677
  -1264.50175770
  -1264.51743705
  -1264.46230181
  -1264.42998977
  -1264.48569228
  -1264.51784879
  -1264.50689688
  -1264.49473391
  -1264.49858379
  -1264.49443752
  -1264.52961508
  -1264.50633102
  -1264.45312821
  -1264.48816623
  -1264.49050403
  -1264.49727639
  -1264.51502954
  -1264.50245863
  -1264.45956655
  -1264.50020640
  -1264.52555745
  -1264.46340871
  -1264.49050112
  -1264.48544506
  -1264.50530584
  -1264.46951997
  -1264.50170821
  -1264.47923542
  -1264.52208013
  -1264.50420468
  -1264.51641204
  -1264.38215662
  -1264.50160690
  -1264.48907142
  -1264.47981889
  -1264.49174737
  -1264.47948111
  -1264.49908955
  -1264.51823591
  -1264.46682433
  -1264.52606425
  -1264.50406298
  -1264.48342315
  -1264.49786208
  -1264.47562279
  -1264.50157776
  -1264.50857611
  -1264.47252022
  -1264.43267861
  -1264.49808321
  -1264.52357361
  -1264.49247963
  -1264.51103639
  -1264.48494591
  -1264.52129865
  -1264.48436283
  -1264.48087309
  -1264.49610995
  -1264.49524507
  -1264.48669926
  -1264.50640087
  -1264.52057010
  -1264.50868389
  -1264.49261441
  -1264.51109684
  -1264.49025315
  -1264.50203267
  -1264.49309482
  -1264.50134227
  -1264.49027268
  -1264.48955238
  -1264.51560091
  -1264.46745398
  -1264.49596831
  -1264.49610309
  -1264.45119780
  -1264.52223735
  -1264.49140560
  -1264.48371987
  -1264.49065224
  -1264.50689718
  -1264.49153810
  -1264.51546597
  -1264.50153425
  -1264.48846791
  -1264.44409771
  -1264.48979805
  -1264.51839453
  -1264.49416240
  -1264.48892808
  -1264.49191690
  -1264.49154996
  -1264.47750180
  -1264.50778542
  -1264.49215579
  -1264.49929587
  -1264.48256681
  -1264.49292985
  -1264.43999263
  -1264.50852012
  -1264.49972820
  -1264.49346561
  -1264.50445114
  -1264.45760349
  -1264.52325670
  -1264.48159836
  -1264.48618410
  -1264.51599967
  -1264.47682213
  -1264.51934525
  -1264.50742220
  -1264.50250487
  -1264.49979301
  -1264.52516330
  -1264.49710704
  -1264.47703048
  -1264.49228801
  -1264.48797286
  -1264.49285550
  -1264.50023142
  -1264.49148488
  -1264.48057202
  -1264.50500521
  -1264.52631194
  -1264.50202150
  -1264.46549361
  -1264.46247398
  -1264.46817473
  -1264.45408526
  -1264.47560558
  -1264.49850136
  -1264.50232321
  -1264.49920450
  -1264.46239181
  -1264.50261371
  -1264.52995645
  -1264.43784851
  -1264.51859402
  -1264.51183711
  -1264.42676809
  -1264.50865871
  -1264.48143736
  -1264.49214666
  -1264.52136136
  -1264.50114638
  -1264.50610098
  -1264.49062506
  -1264.49009961
  -1264.49681383
  -1264.49324558
  -1264.50645712
  -1264.49632716
  -1264.49426922
  -1264.50164037
  -1264.52595568
  -1264.49481000
  -1264.52224851
  -1264.48749317
  -1264.50439173
  -1264.46611032
  -1264.51780382
  -1264.52006115
  -1264.47565569
  -1264.48111216
  -1264.46999810
  -1264.48984294
  -1264.48210210
  -1264.48930994
  -1264.48810978
  -1264.50348351
  -1264.50271882
  -1264.45939502
  -1264.51603578
  -1264.50276795
  -1264.50772012
  -1264.48896083
  -1264.48890281
  -1264.48820016
  -1264.50887038
  -1264.51043573
  -1264.46811750
  -1264.44414063
  -1264.48156983
  -1264.50188284
  -1264.47467943
  -1264.52413666
  -1264.51927986
  -1264.51603726
  -1264.51832511
  -1264.39156563
  -1264.50299520
  -1264.51311322
  -1264.51094636
  -1264.49652868
  -1264.50144023
  -1264.50034883
  -1264.49404184
  -1264.51434147
  -1264.49712736
  -1264.51515447
  -1264.50968375
  -1264.50374160
  -1264.49251474
  -1264.50291372
  -1264.50687472
  -1264.50549947
  -1264.49340266
  -1264.50788653
  -1264.51279637
  -1264.46564488
  -1264.50598708
  -1264.50973540
  -1264.50189156
  -1264.50391454
  -1264.48968150
  -1264.46744251
  -1264.51042224
  -1264.48882206
  -1264.47734847
  -1264.47405583
  -1264.51703153
  -1264.47345587
  -1264.51036038
  -1264.49888963
  -1264.50500086
  -1264.46361934
  -1264.51721390
  -1264.50135779
  -1264.50706101
  -1264.48902474
  -1264.53841601
  -1264.49785263
  -1264.51752361
  -1264.48161199
  -1264.51883392
  -1264.47487570
  -1264.49404594
  -1264.52853910
  -1264.51656421
  -1264.53938443
  -1264.53869523
  -1264.43478272
  -1264.42518674
  -1264.45152147
  -1264.51600323
  -1264.43490161
  -1264.49984636
  -1264.49400085
  -1264.46404815
  -1264.43650942
  -1264.48621170
  -1264.44496892
  -1264.54211993
  -1264.50698884
  -1264.50148078
  -1264.48905915
  -1264.51715376
  -1264.51668845
  -1264.48677051
  -1264.48735870
  -1264.49140028
  -1264.49808918
  -1264.49395068
  -1264.51400731
  -1264.46009780
  -1264.49800706
  -1264.44103799
  -1264.48416156
  -1264.52897705
  -1264.49271581
  -1264.50629119
  -1264.48210384
  -1264.51515823
  -1264.51828999
  -1264.49566746
  -1264.50204700
  -1264.49342868
  -1264.49083634
  -1264.50318583
  -1264.49568613
  -1264.42800706
  -1264.50357937
  -1264.48143285
  -1264.48134937
  -1264.51918976
  -1264.50044054
  -1264.48594664
  -1264.50152676
  -1264.51427659
  -1264.50852977
  -1264.47357655
  -1264.48824025
  -1264.45400773
  -1264.51940424
  -1264.46800495
  -1264.45370347
  -1264.45329122
  -1264.47391050
  -1264.44251958
  -1264.48356726
  -1264.47362426
  -1264.48772045
  -1264.50026047
  -1264.51311127
  -1264.45407806
  -1264.51455245
  -1264.52237262
  -1264.50682648
  -1264.51627720
  -1264.49148163
  -1264.46376378
  -1264.53204730
  -1264.46405157
  -1264.51331589
  -1264.49895110
  -1264.46483712
  -1264.45921275
  -1264.49777179
  -1264.46814523
  -1264.45658313
  -1264.50942559
  -1264.48801388
  -1264.48711359
  -1264.45219993
  -1264.48991269
  -1264.50421705
  -1264.45222356
  -1264.49137421
  -1264.44534754
  -1264.49773135
  -1264.44788946
  -1264.45725421
  -1264.50885057
  -1264.48116560
  -1264.42827249
  -1264.49764477
  -1264.49867531
  -1264.49988956
  -1264.46257772
  -1264.48862683
  -1264.49582817
  -1264.47534301
  -1264.46917600
  -1264.48875824
  -1264.47251398
  -1264.47877168
  -1264.48176015
  -1264.51943398
  -1264.49836109
  -1264.48419550
  -1264.45397665
  -1264.51992421
  -1264.46408371
  -1264.49779288
  -1264.47851488
  -1264.46843617
  -1264.51464602
  -1264.49643173
  -1264.50781414
  -1264.53099083
  -1264.52968769
  -1264.43264046
  -1264.50373051
  -1264.45132753
  -1264.44510532
  -1264.49692391
  -1264.48725623
  -1264.46427128
  -1264.52076884
  -1264.50288680
  -1264.49982775
  -1264.53065492
  -1264.48467557
  -1264.51117360
  -1264.47851872
  -1264.48906210
  -1264.47189196
  -1264.50629565
  -1264.46976238
  -1264.48359889
  -1264.48192443
  -1264.48401047
  -1264.51714902
  -1264.49557641
  -1264.50391455
  -1264.50607068
  -1264.48636982
  -1264.48304374
  -1264.49554342
  -1264.49260040
  -1264.49865216
  -1264.50268079
  -1264.49673041
  -1264.50630114
  -1264.49846054
  -1264.48847431
  -1264.46030940
  -1264.45543435
  -1264.44675863
  -1264.47907747
  -1264.49773848
  -1264.46128037
  -1264.49607547
  -1264.50087979
  -1264.53005929
  -1264.47264374
  -1264.46257867
  -1264.46502953
  -1264.49279332
  -1264.50886497
  -1264.50754026
  -1264.47576935
  -1264.50001880
  -1264.45083793
  -1264.51186380
  -1264.51416785
  -1264.51032563
  -1264.53082658
  -1264.51374538
  -1264.40094787
  -1264.49120894
  -1264.48837087
  -1264.50465596
  -1264.51445188
  -1264.50274800
  -1264.49953272
  -1264.43221857
  -1264.48813523
  -1264.44104045
  -1264.51959137
  -1264.47574447
  -1264.48965184
  -1264.48593725
  -1264.50237841
  -1264.51217385
  -1264.49153630
  -1264.50382994
  -1264.50117667
  -1264.50308425
  -1264.48434003
  -1264.50444013
  -1264.49328150
  -1264.51715234
  -1264.50811874
  -1264.51121531
  -1264.49897600
  -1264.50134426
  -1264.50589257
  -1264.47840419
  -1264.50656746
  -1264.44978176
  -1264.50862022
  -1264.46599839
  -1264.49508107
  -1264.51709440
  -1264.46202364
  -1264.41686625
  -1264.51439890
  -1264.42514118
  -1264.49863138
  -1264.46382757
  -1264.45368458
  -1264.48923514
  -1264.44603381
  -1264.50449337
  -1264.53412013
  -1264.51867737
  -1264.49198184
  -1264.49609083
  -1264.47751820
  -1264.50620038
  -1264.42715392
  -1264.49448196
  -1264.51877954
  -1264.48520426
  -1264.51049937
  -1264.51021537
  -1264.48473137
  -1264.52452232
  -1264.45080198
  -1264.50243166
  -1264.49404487
  -1264.49663340
  -1264.49282124
  -1264.50065080
  -1264.48255638
  -1264.48670810
  -1264.50038217
  -1264.44079174
  -1264.48176973
  -1264.48197872
  -1264.47457603
  -1264.50098966
  -1264.51213145
  -1264.52704723
  -1264.52186622
  -1264.51767270
  -1264.50117063
  -1264.47400520
  -1264.49970522
  -1264.50316815
  -1264.49455577
  -1264.47205220
  -1264.50099316
  -1264.42191929
  -1264.49663323
  -1264.49641631
  -1264.49359612
  -1264.50264793
  -1264.50145090
  -1264.48191725
  -1264.53037088
  -1264.39750222
  -1264.49317174
  -1264.51343209
  -1264.48488235
  -1264.51893237
  -1264.48559625
  -1264.51027252
  -1264.50568628
  -1264.49891310
  -1264.46294815
  -1264.47475526
  -1264.49905031
  -1264.47565101
  -1264.49751229
  -1264.46921167
  -1264.50643236
  -1264.50453744
  -1264.49059537
  -1264.47318657
  -1264.48432294
  -1264.50116161
  -1264.51132076
  -1264.44801744
  -1264.49773236
  -1264.44901938
  -1264.49804448
  -1264.49266730
  -1264.47135483
  -1264.47146335
  -1264.48546386
  -1264.46679655
  -1264.47074956
  -1264.53050753
  -1264.49668792
  -1264.49374170
  -1264.50912641
  -1264.49514736
  -1264.45864962
  -1264.48107052
  -1264.47015940
  -1264.50660729
  -1264.49649262
  -1264.49398322
  -1264.51607101
  -1264.49147048
  -1264.48951950
  -1264.49646481
  -1264.43598666
  -1264.48821792
  -1264.43223459
  -1264.46427869
  -1264.49226818
  -1264.52278904
  -1264.47209927
  -1264.48449600
  -1264.49372538
  -1264.48712107
  -1264.50302779
  -1264.48840515
  -1264.48351999
  -1264.49780131
  -1264.49992687
  -1264.49743293
  -1264.50517426
  -1264.49191359
  -1264.51350832
  -1264.46870415
  -1264.44434632
  -1264.49671134
  -1264.48274908
  -1264.48082117
  -1264.51558207
  -1264.45388932
  -1264.50958834
  -1264.51289939
  -1264.48531746
  -1264.50836404
  -1264.49021223
  -1264.48396620
  -1264.51094841
  -1264.46038171
  -1264.44623856
  -1264.48692694
  -1264.49839043
  -1264.49357927
  -1264.48803193
  -1264.50051949
  -1264.45696659
  -1264.49835372
  -1264.48700364
  -1264.50946749
  -1264.49066003
  -1264.48805586
  -1264.48932183
  -1264.49372021
  -1264.48116546
  -1264.47511126
  -1264.49766541
  -1264.51126955
  -1264.48066666
  -1264.48542836
  -1264.46760108
  -1264.49605452
  -1264.48202938
  -1264.46229888
  -1264.51508689
  -1264.49209870
  -1264.49867438
  -1264.49737964
  -1264.52136967
  -1264.49684076
  -1264.46803553
  -1264.48284044
  -1264.47773992
  -1264.45950723
  -1264.50508163
  -1264.48339703
  -1264.48597650
  -1264.48717521
  -1264.48636422
  -1264.49378690
  -1264.48894472
  -1264.52304216
  -1264.49559870
  -1264.50599036
  -1264.48263105
  -1264.42122208
  -1264.51021688
  -1264.47814358
  -1264.48557779
  -1264.46015824
  -1264.48540729
  -1264.43941992
  -1264.47939618
  -1264.49313255
  -1264.47464577
  -1264.50392262
  -1264.50613492
  -1264.50279763
  -1264.44659291
  -1264.47763979
  -1264.47696762
  -1264.49328403
  -1264.51332215
  -1264.49099151
  -1264.45359798
  -1264.49768513
  -1264.50410083
  -1264.48771097
  -1264.51639482
  -1264.46970555
  -1264.49020207
  -1264.45265624
  -1264.51550438
  -1264.49510459
  -1264.49674460
  -1264.51196676
  -1264.52101867
  -1264.51560048
  -1264.49361478
  -1264.49624067
  -1264.51055459
  -1264.52139087
  -1264.50404244
  -1264.45915024
  -1264.46906331
  -1264.45087064
  -1264.47919193
  -1264.51522012
  -1264.46473296
  -1264.46131549
  -1264.50697299
  -1264.50107656
  -1264.49891727
  -1264.52721931
  -1264.51704341
  -1264.48541811
  -1264.47282538
  -1264.49386198
  -1264.42586454
  -1264.50086856
  -1264.49157382
  -1264.50394924
  -1264.49618642
  -1264.45406268
  -1264.50848581
  -1264.45769581
  -1264.48526801
  -1264.42255493
  -1264.47373918
  -1264.50629535
  -1264.50575144
  -1264.47355346
  -1264.48125430
  -1264.50009427
  -1264.48955050
  -1264.51386477
  -1264.48461236
  -1264.52638904
  -1264.48360376
  -1264.47804329
  -1264.52664079
  -1264.44772279
  -1264.49408416
  -1264.50132483
  -1264.49635624
  -1264.51529153
  -1264.49947246
  -1264.45604215
  -1264.48003039
  -1264.48960867
  -1264.49471277
  -1264.47377942
  -1264.49075206
  -1264.49108662
  -1264.48525049
  -1264.46839774
  -1264.47548803
  -1264.50180692
  -1264.44057888
  -1264.42944744
  -1264.49062193
  -1264.52177944
  -1264.45984160
  -1264.49495734
  -1264.48873416
  -1264.46730024
  -1264.48877920
  -1264.50270898
  -1264.51153205
  -1264.48855160
  -1264.49033795
  -1264.48063067
  -1264.49310449
  -1264.46090671
  -1264.44433031
  -1264.51680651
  -1264.45721021
  -1264.47774477
  -1264.50399276
  -1264.48505199
  -1264.51145792
  -1264.49691223
  -1264.46231161
  -1264.49981840
  -1264.51710185
  -1264.52266271
  -1264.49219175
  -1264.46777513
  -1264.53724647
  -1264.49340556
  -1264.46699974
  -1264.49904782
  -1264.51440911
  -1264.51691948
  -1264.50751367
  -1264.48801684
  -1264.47629878
  -1264.45777003
  -1264.47138690
  -1264.47667514
  -1264.49423515
  -1264.51263214
  -1264.47120289
  -1264.42254220
  -1264.52255104
  -1264.51938004
  -1264.51010123
  -1264.47950733
  -1264.50225209
  -1264.51763837
  -1264.47730238
  -1264.46376523
  -1264.49847157
  -1264.49923674
  -1264.47132253
  -1264.49187716
  -1264.49413857
  -1264.49029567
  -1264.50648444
  -1264.44931304
  -1264.46783455
  -1264.49859693
  -1264.45269907
  -1264.48160590
  -1264.52230790
  -1264.51361208
  -1264.50351398
  -1264.53235976
  -1264.47153619
  -1264.48553839
  -1264.48026808
  -1264.51377804
  -1264.47357145
  -1264.48391048
  -1264.49547032
  -1264.49628053
  -1264.44931158
  -1264.51207533
  -1264.49404192
  -1264.50042689
  -1264.48082375
  -1264.48151179
  -1264.48978950
  -1264.52065631
  -1264.49641485
  -1264.50032151
  -1264.51926130
  -1264.44960664
  -1264.49923031
  -1264.48415656
  -1264.48487420
  -1264.49477610
  -1264.50854450
  -1264.51023702
  -1264.52430024
  -1264.49665362
  -1264.48605625
  -1264.49848056
  -1264.51474781
  -1264.47238148
  -1264.40889037
  -1264.49719938
  -1264.46779920
  -1264.45160577
  -1264.50775257
  -1264.49966239
  -1264.52324068
  -1264.42507123
  -1264.46780270
  -1264.50943707
  -1264.45892099
  -1264.48872422
  -1264.51314186
  -1264.49891638
  -1264.48579224
  -1264.44743564
  -1264.50272913
  -1264.51119142
  -1264.50628160
  -1264.47252594
  -1264.50576184
  -1264.45985444
  -1264.49688258
  -1264.47875489
  -1264.50861988
  -1264.51240346
  -1264.49000299
  -1264.50047012
  -1264.49900539
  -1264.52231880
  -1264.49799280
  -1264.52557399
  -1264.50057670
  -1264.51219766
  -1264.48476259
  -1264.49271654
  -1264.48450236
  -1264.51302767
  -1264.49555610
  -1264.40853094
  -1264.52146456
  -1264.48125177
  -1264.48967153
  -1264.53549922
  -1264.50099370
  -1264.49587672
  -1264.47790505
  -1264.50465372
  -1264.47448563
  -1264.47997529
  -1264.51216621
  -1264.47294658
  -1264.48603336
  -1264.48579892
  -1264.48130207
  -1264.47265823
  -1264.50100160
  -1264.50434509
  -1264.50245343
  -1264.49088048
  -1264.48348058
  -1264.46780286
  -1264.50642042
  -1264.51365305
  -1264.51061377
  -1264.53225824
  -1264.48529455
  -1264.49273416
  -1264.51443944
  -1264.49075660
  -1264.49667472
  -1264.46824909
  -1264.49818172
  -1264.48246248
  -1264.47300170
  -1264.48221908
  -1264.50508218
  -1264.51503603
  -1264.51455377
  -1264.43188002
  -1264.47717247
  -1264.49985537
  -1264.40730840
  -1264.52738839
  -1264.51544030
  -1264.46933493
  -1264.45621423
  -1264.49104118
  -1264.51038539
  -1264.48756902
  -1264.46090174
  -1264.49701335
  -1264.48329336
  -1264.50515332
  -1264.51737899
  -1264.49673843
  -1264.47293539
  -1264.50228808
  -1264.49550208
  -1264.48046204
  -1264.50086117
  -1264.50297968
  -1264.51347893
  -1264.48882715
  -1264.50912707
  -1264.48662343
  -1264.45954162
  -1264.46808318
  -1264.48191299
  -1264.47586896
  -1264.47841113
  -1264.48170504
  -1264.50701329
  -1264.49890452
  -1264.50471331
  -1264.49268358
  -1264.49071453
  -1264.47411185
  -1264.49608434
  -1264.50528726
  -1264.44681587
  -1264.48720707
  -1264.50299540
  -1264.44005692
  -1264.43344393
  -1264.51114288
  -1264.49714567
  -1264.48928421
  -1264.51654337
  -1264.45137954
  -1264.50350616
  -1264.52724091
  -1264.47805761
  -1264.48092435
  -1264.43709904
  -1264.47953873
  -1264.43148659
  -1264.51883758
  -1264.47914375
  -1264.47238193
  -1264.46484682
  -1264.50717602
  -1264.49462839
  -1264.49016672
  -1264.47068920
  -1264.51609520
  -1264.51391270
  -1264.42289219
  -1264.50590538
  -1264.49929629
  -1264.51243325
  -1264.41379290
  -1264.49437171
  -1264.49891312
  -1264.49109700
  -1264.50167804
  -1264.49933266
  -1264.50651854
  -1264.51114753
  -1264.47215570
  -1264.48610850
  -1264.50143556
  -1264.50666034
  -1264.51871264
  -1264.48300910
  -1264.48991812
  -1264.50008150
  -1264.45632032
  -1264.50918021
  -1264.47190829
  -1264.50486223
  -1264.47269084
  -1264.50580451
  -1264.50802577
  -1264.48440409
  -1264.48219687
  -1264.47864416
  -1264.49202957
  -1264.50030142
  -1264.46496897
  -1264.51314288
  -1264.51162134
  -1264.50910950
  -1264.49056947
  -1264.49163534
  -1264.50404260
  -1264.48080260
  -1264.52185266
  -1264.48691939
  -1264.40643291
  -1264.50555317
  -1264.53137429
  -1264.45964478
  -1264.50976349
  -1264.52624845
  -1264.47723285
  -1264.48910232
  -1264.51303837
  -1264.49961732
  -1264.49450897
  -1264.50766126
  -1264.46031446
  -1264.49924150
  -1264.43802978
  -1264.45983763
  -1264.46330255
  -1264.48780253
  -1264.48931163
  -1264.49491333
  -1264.48087866
  -1264.50774642
  -1264.51931093
  -1264.50062751
  -1264.48314607
  -1264.48305773
  -1264.47259762
  -1264.50437754
  -1264.48374933
  -1264.51134230
  -1264.47966427
  -1264.48396277
  -1264.46592214
  -1264.50794168
  -1264.51872457
  -1264.52136947
  -1264.50957746
  -1264.47391243
  -1264.50811110
  -1264.48806622
  -1264.50048103
  -1264.49491810
  -1264.49505050
  -1264.52481952
  -1264.46352395
  -1264.46173754
  -1264.50375395
  -1264.50630983
  -1264.49514626
  -1264.49436521
  -1264.48350463
  -1264.49223436
  -1264.49774931
  -1264.49961104
  -1264.43110910
  -1264.50358747
  -1264.48118947
  -1264.43477955
  -1264.48647013
  -1264.48343376
  -1264.49116556
  -1264.44522865
  -1264.49145562
  -1264.49694762
  -1264.49922002
  -1264.48788426
  -1264.48310549
  -1264.50688765
  -1264.51765839
  -1264.48028156
  -1264.49655025
  -1264.50277794
  -1264.50659094
  -1264.48600275
  -1264.51614703
  -1264.52871391
  -1264.49733494
  -1264.48003731
  -1264.50334257
  -1264.46525102
  -1264.47001789
  -1264.47941987
  -1264.47103020
  -1264.46638880
  -1264.51999546
  -1264.45390535
  -1264.51191105
  -1264.51623316
  -1264.49345412
  -1264.49813245
  -1264.50586478
  -1264.49045509
  -1264.48567564
  -1264.48161033
  -1264.50709115
  -1264.47607638
  -1264.51621456
  -1264.51412729
  -1264.50645051
  -1264.51008254
  -1264.51043437
  -1264.48958168
  -1264.48533333
  -1264.44167152
  -1264.46853642
  -1264.45990348
  -1264.46845583
  -1264.49021851
  -1264.41339371
  -1264.48340607
  -1264.43218203
  -1264.48438751
  -1264.51960117
  -1264.48157562
  -1264.49822441
  -1264.49384005
  -1264.48877991
  -1264.52413978
  -1264.50183200
  -1264.49028382
  -1264.46921415
  -1264.47570148
  -1264.47982324
  -1264.49882937
  -1264.49740439
  -1264.53016722
  -1264.46791459
  -1264.47652836
  -1264.43605291
  -1264.52182370
  -1264.48326126
  -1264.48665187
  -1264.49446515
  -1264.49755067
  -1264.49953654
  -1264.46129809
  -1264.46555712
  -1264.47734617
  -1264.51876442
  -1264.49203568
  -1264.46395974
  -1264.48405195
  -1264.50820853
  -1264.48884373
  -1264.50476073
  -1264.46327446
  -1264.47426679
  -1264.49919721
  -1264.47641545
  -1264.44402220
  -1264.48636180
  -1264.53081339
  -1264.49705327
  -1264.47968036
  -1264.48827674
  -1264.49569400
  -1264.47050849
  -1264.49293789
  -1264.50783166
  -1264.45952940
  -1264.49971948
  -1264.50529514
  -1264.49134013
  -1264.50751285
  -1264.50309193
  -1264.47334764
  -1264.47845422
  -1264.47521174
  -1264.44954505
  -1264.51204320
  -1264.49299368
  -1264.51773522
  -1264.47830287
  -1264.50606310
  -1264.50563771
  -1264.48822335
  -1264.45324309
  -1264.48680396
  -1264.47964199
  -1264.51868919
  -1264.51830081
  -1264.46778744
  -1264.49837757
  -1264.48398475
  -1264.48290582
  -1264.50912295
  -1264.47214824
  -1264.47781167
  -1264.50833759
  -1264.47133383
  -1264.51717948
  -1264.51597260
  -1264.50839157
  -1264.49419210
  -1264.51818384
  -1264.48489156
  -1264.50218718
  -1264.44222378
  -1264.50914469
  -1264.50005314
  -1264.50319373
  -1264.50997969
  -1264.48710269
  -1264.50189900
  -1264.52353604
  -1264.49845806
  -1264.50081306
  -1264.50932965
  -1264.45068454
  -1264.50563896
  -1264.50619069
  -1264.49993861
  -1264.45390685
  -1264.50219960
  -1264.51029346
  -1264.48052896
  -1264.50020473
  -1264.45048085
  -1264.49134095
  -1264.46473921
  -1264.48195373
  -1264.48113983
  -1264.52479073
  -1264.52005688
  -1264.52657104
  -1264.51404987
  -1264.48156338
  -1264.49978229
  -1264.46697162
  -1264.50905143
  -1264.50831881
  -1264.49403616
  -1264.50924486
  -1264.49963733
  -1264.49617347
  -1264.48083126
  -1264.50100183
  -1264.50048917
  -1264.49956793
  -1264.46352002
  -1264.46612674
  -1264.51282754
  -1264.47248137
  -1264.49179613
  -1264.52903505
  -1264.50137178
  -1264.45391360
  -1264.50976345
  -1264.49166554
  -1264.47705763
  -1264.48143486
  -1264.42717238
  -1264.53953141
  -1264.48882994
  -1264.48667767
  -1264.45552102
  -1264.49569412
  -1264.45100268
  -1264.50875252
  -1264.47831006
  -1264.51122977
  -1264.50779970
  -1264.49166646
  -1264.49192795
  -1264.52843159
  -1264.50187373
  -1264.52018588
  -1264.52507085
  -1264.46877694
  -1264.48744708
  -1264.48159502
  -1264.44226330
  -1264.49746154
  -1264.49937518
  -1264.53661073
  -1264.48142167
  -1264.47941055
  -1264.50240587
  -1264.48275752
  -1264.51477069
  -1264.47991555
  -1264.48700047
  -1264.48992765
  -1264.50421544
  -1264.49212765
  -1264.53235497
  -1264.48099419
  -1264.46704387
  -1264.48601947
  -1264.47191511
  -1264.49154313
  -1264.52344500
  -1264.49802052
  -1264.47964431
  -1264.49396951
  -1264.48839883
  -1264.47555092
  -1264.50673566
  -1264.47871827
  -1264.45087434
  -1264.47220733
  -1264.51165226
  -1264.52142754
  -1264.47647956
  -1264.50189948
  -1264.47738037
  -1264.49820242
  -1264.51508748
  -1264.50708932
  -1264.51212272
  -1264.49417012
  -1264.48470952
  -1264.43663546
  -1264.49444489
  -1264.45113296
  -1264.49518233
  -1264.52050188
  -1264.45761275
  -1264.48123203
  -1264.43012530
  -1264.53921913
  -1264.48957563
  -1264.47434976
  -1264.48906921
  -1264.49847705
  -1264.51505172
  -1264.49951269
  -1264.47109168
  -1264.48615089
  -1264.46817220
  -1264.50389509
  -1264.49431645
  -1264.51234154
  -1264.49660231
  -1264.52771298
  -1264.45292389
  -1264.52856449
  -1264.47419093
  -1264.49563642
  -1264.46167036
  -1264.51357752
  -1264.49640933
  -1264.49024114
  -1264.48006919
  -1264.46684487
  -1264.50604862
  -1264.49983178
  -1264.46863041
  -1264.50644126
  -1264.51333063
  -1264.48754913
  -1264.48831364
  -1264.49979230
  -1264.48903404
  -1264.50674750
  -1264.49104292
  -1264.45669644
  -1264.50124498
  -1264.49947192
  -1264.47320524
  -1264.48711057
  -1264.49139203
  -1264.48061857
  -1264.48567686
  -1264.47512538
  -1264.49798867
  -1264.43887114
  -1264.46344559
  -1264.49581828
  -1264.50609633
  -1264.50806792
  -1264.42708691
  -1264.52203514
  -1264.46655673
  -1264.51706834
  -1264.47964102
  -1264.50101198
  -1264.47821029
  -1264.49272878
  -1264.47643554
  -1264.48608660
  -1264.47028915
  -1264.50181767
  -1264.50522541
  -1264.47387516
  -1264.41335015
  -1264.51811251
  -1264.51799696
  -1264.50841383
  -1264.49230806
  -1264.48763755
  -1264.49935544
  -1264.49768339
  -1264.47559391
  -1264.46967229
  -1264.51641796
  -1264.48867494
  -1264.51883764
  -1264.48541865
  -1264.49468150
  -1264.51254860
  -1264.49315831
  -1264.51925301
  -1264.45068220
  -1264.47455190
  -1264.50143742
  -1264.48771129
  -1264.47843299
  -1264.49821892
  -1264.52692776
  -1264.44166358
  -1264.49343600
  -1264.43891779
  -1264.51574553
  -1264.51736025
  -1264.47869108
  -1264.51678226
  -1264.48856882
  -1264.50670550
  -1264.48287285
  -1264.51597082
  -1264.49952320
  -1264.48630989
  -1264.50319075
  -1264.47170152
  -1264.49282227
  -1264.52907144
  -1264.52469381
  -1264.48444887
  -1264.49452120
  -1264.52601322
  -1264.51079269
  -1264.52884169
  -1264.49965176
  -1264.49651707
  -1264.49426150
  -1264.50570983
  -1264.51249694
  -1264.48064743
  -1264.45927479
  -1264.50500930
  -1264.49752621
  -1264.50219881
  -1264.52018864
  -1264.47631898
  -1264.46852771
  -1264.48831451
  -1264.49574292
  -1264.47335245
  -1264.50527263
  -1264.47008824
  -1264.47564608
  -1264.42639400
  -1264.49978390
  -1264.41241936
  -1264.41864158
  -1264.50242733
  -1264.49820623
  -1264.48007350
  -1264.51366990
  -1264.45008868
  -1264.48151332
  -1264.50378431
  -1264.45991469
  -1264.51279462
  -1264.52017520
  -1264.49679775
  -1264.51552127
  -1264.50009741
  -1264.50574769
  -1264.46800512
  -1264.49835735
  -1264.51014586
  -1264.48826832
  -1264.48438644
  -1264.53345033
  -1264.48557036
  -1264.50964552
  -1264.50144251
  -1264.50856001
  -1264.47847708
  -1264.46941999
  -1264.51119339
  -1264.47413390
  -1264.49244596
  -1264.48679801
  -1264.47922492
  -1264.47893977
  -1264.51364004
  -1264.51381109
  -1264.43288135
  -1264.46140002
  -1264.45273965
  -1264.49616111
  -1264.51553388
  -1264.51383881
  -1264.49743798
  -1264.51436283
  -1264.50044517
  -1264.47334018
  -1264.44139491
  -1264.48064478
  -1264.47159528
  -1264.45181131
  -1264.47608558
  -1264.50777776
  -1264.49414083
  -1264.47867195
  -1264.50791320
  -1264.52021331
  -1264.51695923
  -1264.49461137
  -1264.52771193
  -1264.50453086
  -1264.51880604
  -1264.47117998
  -1264.46269631
  -1264.47698846
  -1264.53944489
  -1264.48088535
  -1264.48192426
  -1264.50511525
  -1264.46333576
  -1264.47833249
  -1264.49254748
  -1264.50100183
  -1264.50186193
  -1264.51771398
  -1264.48673510
  -1264.51997631
  -1264.49931501
  -1264.51398844
  -1264.47707136
  -1264.50656716
  -1264.46280515
  -1264.48895157
  -1264.52253155
  -1264.51069434
  -1264.47915910
  -1264.52007187
  -1264.51566429
  -1264.48747281
  -1264.43655690
  -1264.47508780
  -1264.49306563
  -1264.46245266
  -1264.42791863
  -1264.50409120
  -1264.44632522
  -1264.50374288
  -1264.51979486
  -1264.50172269
  -1264.49527253
  -1264.52057841
  -1264.47284400
  -1264.46259225
  -1264.49160346
  -1264.50843368
  -1264.47773232
  -1264.51769324
  -1264.50275668
  -1264.50494050
  -1264.51936354
  -1264.48045031
  -1264.48859175
  -1264.48567989
  -1264.52096301
  -1264.47967956
  -1264.47737805
  -1264.53368126
  -1264.47927133
  -1264.50563421
  -1264.49268382
  -1264.45460874
  -1264.48979818
  -1264.50015723
  -1264.48625187
  -1264.51520291
  -1264.53082446
  -1264.48784314
  -1264.46748022
  -1264.52671039
  -1264.44627426
  -1264.50292724
  -1264.49041248
  -1264.54514380
  -1264.50218090
  -1264.53030771
  -1264.45881588
  -1264.50376233
  -1264.48614986
  -1264.47770960
  -1264.48749058
  -1264.48308223
  -1264.53621140
  -1264.48085559
  -1264.47364744
  -1264.51735618
  -1264.50304615
  -1264.46635858
  -1264.50157184
  -1264.48872808
  -1264.48816438
  -1264.51274571
  -1264.49734188
  -1264.51576122
  -1264.47848773
  -1264.49301858
  -1264.51815920
  -1264.48748851
  -1264.50736120
  -1264.50823595
  -1264.50314596
  -1264.49881567
  -1264.50054217
  -1264.49572874
  -1264.51149890
  -1264.49259056
  -1264.42430776
  -1264.45895330
  -1264.51380567
  -1264.49803109
  -1264.47516474
  -1264.50870718
  -1264.50857452
  -1264.51391916
  -1264.51643111
  -1264.50035938
  -1264.44391002
  -1264.49112478
  -1264.43321763
  -1264.45581130
  -1264.51837296
  -1264.50661325
  -1264.50027032
  -1264.47391463
  -1264.50158000
  -1264.49527365
  -1264.50303745
  -1264.42883344
  -1264.48648491
  -1264.48509815
  -1264.49599048
  -1264.43822542
  -1264.47057615
  -1264.50839279
  -1264.47836080
  -1264.50046014
  -1264.50215367
  -1264.50651013
  -1264.50278399
  -1264.49720262
  -1264.50410437
  -1264.52302473
  -1264.49235792
  -1264.51332639
  -1264.48816750
  -1264.50504761
  -1264.51232674
  -1264.44349701
  -1264.48795589
  -1264.42897489
  -1264.48326261
  -1264.50877621
  -1264.50837352
  -1264.44203618
  -1264.50734613
  -1264.51101233
  -1264.43527124
  -1264.50757599
  -1264.47387518
  -1264.50911219
  -1264.48281624
  -1264.50833684
  -1264.51257503
  -1264.47841024
  -1264.50993363
  -1264.49332272
  -1264.48154312
  -1264.47438045
  -1264.49542419
  -1264.48594727
  -1264.47946196
  -1264.49951476
  -1264.42294076
  -1264.50280396
  -1264.50632429
  -1264.49366316
  -1264.53303940
  -1264.43809149
  -1264.48608678
  -1264.51036904
  -1264.46596098
  -1264.50127588
  -1264.47125721
  -1264.49989652
  -1264.48652952
  -1264.48946192
  -1264.52159955
  -1264.49168454
  -1264.42485202
  -1264.49207447
  -1264.52504131
  -1264.47915864
  -1264.49603775
  -1264.51050676
  -1264.48628940
  -1264.43753894
  -1264.48454147
  -1264.48639116
  -1264.47226840
  -1264.43670581
  -1264.48724237
  -1264.48811108
  -1264.49373122
  -1264.50239252
  -1264.49160298
  -1264.50517554
  -1264.50176953
  -1264.39734561
  -1264.48947872
  -1264.51761763
  -1264.47559751
  -1264.48902683
  -1264.49524658
  -1264.47002747
  -1264.46494978
  -1264.49590085
  -1264.51541932
  -1264.51345473
  -1264.50642014
  -1264.41434412
  -1264.50153175
  -1264.48133032
  -1264.49509230
  -1264.48237208
  -1264.46544068
  -1264.51820036
  -1264.48121495
  -1264.50785872
  -1264.50989482
  -1264.50691457
  -1264.45445349
  -1264.50336273
  -1264.44451686
  -1264.47623243
  -1264.47779688
  -1264.49107299
  -1264.48676056
  -1264.52470647
  -1264.49804098
  -1264.49286447
  -1264.48319424
  -1264.46359823
  -1264.51105963
  -1264.51827928
  -1264.49807664
  -1264.51252918
  -1264.47119335
  -1264.47153139
  -1264.45208257
  -1264.47322100
  -1264.52336673
  -1264.47933868
  -1264.52133744
  -1264.49645502
  -1264.46633016
  -1264.46798843
  -1264.48687044
  -1264.48477548
  -1264.47746617
  -1264.53514827
  -1264.50732369
  -1264.45791660
  -1264.48774717
  -1264.44536041
  -1264.49029089
  -1264.49132774
  -1264.48636123
  -1264.46004346
  -1264.47540826
  -1264.47717716
  -1264.47986635
  -1264.50403633
  -1264.43964867
  -1264.51762416
  -1264.51391855
  -1264.45856868
  -1264.47674793
  -1264.50097135
  -1264.47152250
  -1264.46443176
  -1264.50578174
  -1264.51746268
  -1264.46655054
  -1264.46428529
  -1264.51096632
  -1264.48848900
  -1264.50115522
  -1264.50681735
  -1264.49015331
  -1264.39337243
  -1264.50070363
  -1264.47924595
  -1264.50272554
  -1264.51336425
  -1264.47963797
  -1264.52516221
  -1264.50994332
  -1264.47784669
  -1264.49718725
  -1264.48051477
  -1264.49174638
  -1264.49233882
