% The following energies apply to conformations described by the topology 
% R40.top.  Structures are given in trajectory coords.cdf, count: 2726.

% Item 0:
%   Energy -> orca_structures/coor*/Conf*.out
   -652.60886291
   -652.62376483
   -652.64118316
   -652.65523945
   -652.62104330
   -652.63141900
   -652.64326694
   -652.60662648
   -652.66809961
   -652.61745920
   -652.62036362
   -652.62000132
   -652.62864951
   -652.66280951
   -652.63555549
   -652.59951105
   -652.61882848
   -652.59680475
   -652.65495790
   -652.64810168
   -652.63217909
   -652.64675297
   -652.67028956
   -652.62319540
   -652.65346833
   -652.64988731
   -652.63381774
   -652.63634814
   -652.61418033
   -652.61723149
   -652.64223049
   -652.61317741
   -652.59763927
   -652.64211326
   -652.64699252
   -652.61652944
   -652.66011576
   -652.63098897
   -652.65253388
   -652.62147134
   -652.61442746
   -652.64875133
   -652.61376883
   -652.63004588
   -652.63095390
   -652.61330055
   -652.64065277
   -652.58501796
   -652.62385748
   -652.61471225
   -652.60567419
   -652.58984648
   -652.61764788
   -652.63591268
   -652.65311265
   -652.61800994
   -652.67202751
   -652.62010540
   -652.58325459
   -652.61698106
   -652.63854552
   -652.62248893
   -652.59224584
   -652.61117261
   -652.64252768
   -652.62465892
   -652.61074758
   -652.65604726
   -652.64655544
   -652.60157630
   -652.64633897
   -652.61350549
   -652.63410805
   -652.61482345
   -652.59196121
   -652.60955902
   -652.61084892
   -652.63093575
   -652.65197018
   -652.59718542
   -652.65736499
   -652.61533192
   -652.64773092
   -652.63204063
   -652.63027985
   -652.64670441
   -652.66205338
   -652.64131902
   -652.59110396
   -652.64311476
   -652.61964013
   -652.62588664
   -652.61210992
   -652.61082078
   -652.63362341
   -652.62896021
   -652.62026044
   -652.63922371
   -652.63575529
   -652.65126248
   -652.62229392
   -652.65960214
   -652.62641420
   -652.62644443
   -652.58178656
   -652.67799365
   -652.64139827
   -652.65368298
   -652.58639217
   -652.64752012
   -652.63887109
   -652.61313099
   -652.65006552
   -652.58372309
   -652.63074263
   -652.63805175
   -652.62879656
   -652.64107944
   -652.64758887
   -652.57714223
   -652.60597372
   -652.59870397
   -652.60468908
   -652.63201516
   -652.64991730
   -652.61313849
   -652.65000171
   -652.62827273
   -652.62375139
   -652.65630693
   -652.61901428
   -652.63726319
   -652.62923047
   -652.65161415
   -652.62722688
   -652.62541302
   -652.64052868
   -652.61688622
   -652.62262983
   -652.60660143
   -652.65203951
   -652.64147713
   -652.61461461
   -652.66701708
   -652.63996218
   -652.62290782
   -652.62919239
   -652.60407344
   -652.61481389
   -652.63729676
   -652.65909149
   -652.61983124
   -652.63663895
   -652.63317981
   -652.62723622
   -652.65300690
   -652.64707110
   -652.64654708
   -652.63496993
   -652.61976847
   -652.62435197
   -652.63237760
   -652.64375117
   -652.60686264
   -652.63876284
   -652.63437410
   -652.58807993
   -652.64304491
   -652.60840834
   -652.62954201
   -652.63858974
   -652.63924327
   -652.62625434
   -652.63678931
   -652.58509728
   -652.66509938
   -652.65512697
   -652.62267989
   -652.59760663
   -652.61677187
   -652.61318540
   -652.61177864
   -652.66336722
   -652.62412908
   -652.61280543
   -652.63560393
   -652.62153611
   -652.63534561
   -652.60959715
   -652.59742936
   -652.62015449
   -652.57825585
   -652.61191866
   -652.62820617
   -652.64441229
   -652.64520329
   -652.66195718
   -652.64691871
   -652.65439254
   -652.60693760
   -652.58925384
   -652.66029969
   -652.62078167
   -652.62456927
   -652.62347002
   -652.59496648
   -652.63665410
   -652.61193606
   -652.65879783
   -652.57361541
   -652.65572714
   -652.61214483
   -652.61327789
   -652.63221245
   -652.64137189
   -652.56593629
   -652.64826892
   -652.57608027
   -652.66318896
   -652.62847299
   -652.63449133
   -652.63344885
   -652.64593397
   -652.49972821
   -652.62684370
   -652.63478625
   -652.63335771
   -652.62811438
   -652.65257967
   -652.65089619
   -652.61333008
   -652.66295487
   -652.62826788
   -652.64924562
   -652.66256190
   -652.61162174
   -652.64852593
   -652.62786243
   -652.63430485
   -652.62470537
   -652.62719934
   -652.59686234
   -652.60517971
   -652.64105514
   -652.61654371
   -652.65466452
   -652.63571298
   -652.64208456
   -652.63317052
   -652.62545025
   -652.63376667
   -652.61452133
   -652.62838042
   -652.62676456
   -652.64725611
   -652.62914644
   -652.61249537
   -652.65284324
   -652.66148074
   -652.64111202
   -652.62522742
   -652.62374179
   -652.64852655
   -652.63528295
   -652.67431265
   -652.64939353
   -652.62793366
   -652.61871955
   -652.62745022
   -652.61448996
   -652.60284250
   -652.64551978
   -652.62316139
   -652.65228887
   -652.60924389
   -652.56001616
   -652.62457722
   -652.64712197
   -652.65967014
   -652.65353576
   -652.59720527
   -652.65581879
   -652.64753625
   -652.65224602
   -652.66003884
   -652.63434390
   -652.63713882
   -652.59349387
   -652.60521679
   -652.61923700
   -652.64142266
   -652.65473031
   -652.66302736
   -652.63616907
   -652.65006209
   -652.64660831
   -652.65152090
   -652.64363397
   -652.62768645
   -652.63507087
   -652.60436658
   -652.60022639
   -652.62923361
   -652.63553626
   -652.58159361
   -652.65198823
   -652.62949221
   -652.62410113
   -652.64106831
   -652.64942746
   -652.64421613
   -652.61415120
   -652.62669782
   -652.60902063
   -652.64121841
   -652.60190381
   -652.64554749
   -652.65840765
   -652.62478697
   -652.63770409
   -652.65154192
   -652.64192849
   -652.64404793
   -652.63813301
   -652.63714737
   -652.63412846
   -652.61924847
   -652.60714488
   -652.63735176
   -652.59917082
   -652.64194656
   -652.62227723
   -652.64503190
   -652.63429776
   -652.66754752
   -652.63474807
   -652.63173346
   -652.61935097
   -652.64858293
   -652.64159447
   -652.62731475
   -652.63878309
   -652.62593364
   -652.57577716
   -652.64083841
   -652.63909847
   -652.66401109
   -652.63403328
   -652.65429852
   -652.62557610
   -652.62792211
   -652.65268940
   -652.65450468
   -652.59762312
   -652.64495080
   -652.60503645
   -652.64247271
   -652.60720587
   -652.61403166
   -652.63231327
   -652.63410534
   -652.65332198
   -652.62768609
   -652.62476678
   -652.61203851
   -652.66528483
   -652.66371800
   -652.64097174
   -652.63374201
   -652.65894238
   -652.66262619
   -652.64875392
   -652.61693002
   -652.65985458
   -652.60834082
   -652.64977384
   -652.64725380
   -652.62681683
   -652.62484804
   -652.60086529
   -652.65538042
   -652.64033957
   -652.64508801
   -652.64930318
   -652.63492276
   -652.61584242
   -652.55764889
   -652.62481195
   -652.63216164
   -652.65876717
   -652.65375117
   -652.61769468
   -652.63652784
   -652.63773388
   -652.66225774
   -652.65574774
   -652.63119170
   -652.64889610
   -652.64084043
   -652.62687892
   -652.67969442
   -652.65457529
   -652.60123417
   -652.65712927
   -652.63430230
   -652.61323787
   -652.65527401
   -652.63786348
   -652.64092637
   -652.65009023
   -652.64389781
   -652.63856783
   -652.64104619
   -652.64486818
   -652.66970846
   -652.62466710
   -652.67613450
   -652.63309932
   -652.62658666
   -652.59675561
   -652.62907354
   -652.61975655
   -652.55569421
   -652.61186703
   -652.65246909
   -652.63007144
   -652.59898109
   -652.60271150
   -652.62262982
   -652.63067243
   -652.62591523
   -652.66112538
   -652.60573873
   -652.58299253
   -652.60617250
   -652.61987745
   -652.62587391
   -652.65777020
   -652.64477080
   -652.59998173
   -652.62103325
   -652.64320264
   -652.64553755
   -652.65025231
   -652.64926329
   -652.65257482
   -652.66948425
   -652.57204985
   -652.63921847
   -652.65125039
   -652.62533956
   -652.64270648
   -652.65557367
   -652.61567932
   -652.65562123
   -652.63271793
   -652.63380744
   -652.63672827
   -652.51283197
   -652.61162914
   -652.63001784
   -652.62924930
   -652.65685233
   -652.60469418
   -652.62616398
   -652.62474194
   -652.60181272
   -652.62069466
   -652.65516587
   -652.64205971
   -652.66611789
   -652.59368428
   -652.63304245
   -652.62772748
   -652.63135740
   -652.63149581
   -652.64767635
   -652.65754679
   -652.65070007
   -652.65880533
   -652.57567927
   -652.61471449
   -652.62446848
   -652.63875925
   -652.65744081
   -652.62833049
   -652.61809111
   -652.63442161
   -652.66319131
   -652.62911413
   -652.63822214
   -652.66493245
   -652.64441593
   -652.64434442
   -652.63578027
   -652.64272086
   -652.64354426
   -652.63061591
   -652.60437905
   -652.66114883
   -652.63306544
   -652.60778880
   -652.62114854
   -652.63833966
   -652.63440615
   -652.62810603
   -652.62615968
   -652.64112137
   -652.64604844
   -652.62683130
   -652.59110452
   -652.65942698
   -652.59909390
   -652.65828669
   -652.64947677
   -652.65393903
   -652.63582349
   -652.60023223
   -652.62621200
   -652.64550247
   -652.63065370
   -652.60864166
   -652.64764369
   -652.62680303
   -652.62421926
   -652.61819826
   -652.66809441
   -652.64506459
   -652.62532994
   -652.63432085
   -652.61910328
   -652.63465727
   -652.63662893
   -652.61580561
   -652.64518899
   -652.63204558
   -652.60948589
   -652.59358697
   -652.62764094
   -652.62835937
   -652.63551332
   -652.59952918
   -652.62926730
   -652.63426865
   -652.65971989
   -652.63859707
   -652.60918921
   -652.63622132
   -652.63681064
   -652.64650657
   -652.61400221
   -652.60710486
   -652.59879811
   -652.64705905
   -652.64417459
   -652.61699614
   -652.65264638
   -652.58596748
   -652.61412807
   -652.67212573
   -652.58932810
   -652.66206092
   -652.62796745
   -652.63399503
   -652.63978237
   -652.64113061
   -652.63101295
   -652.65401304
   -652.63574017
   -652.63673827
   -652.65974407
   -652.64326498
   -652.59652018
   -652.64953917
   -652.58194034
   -652.63783895
   -652.61392686
   -652.63180904
   -652.59842274
   -652.62468210
   -652.62555870
   -652.57101624
   -652.65273029
   -652.62323580
   -652.64990692
   -652.63441685
   -652.62001556
   -652.63731886
   -652.64152848
   -652.61508081
   -652.63229487
   -652.63003482
   -652.64301149
   -652.65290836
   -652.62006801
   -652.59214670
   -652.58721662
   -652.57266949
   -652.64482661
   -652.62461540
   -652.60487670
   -652.60730884
   -652.65122842
   -652.66175146
   -652.67980224
   -652.63365104
   -652.59701456
   -652.57595456
   -652.62399811
   -652.56771928
   -652.59394972
   -652.64157070
   -652.57601213
   -652.61255918
   -652.65950483
   -652.65737741
   -652.66673977
   -652.65383619
   -652.65360210
   -652.66115321
   -652.59986764
   -652.66478316
   -652.66272222
   -652.58680872
   -652.63615397
   -652.64813811
   -652.64568850
   -652.63226292
   -652.62032694
   -652.61106927
   -652.62289410
   -652.63055713
   -652.63423295
   -652.66106447
   -652.57909425
   -652.64661681
   -652.64013915
   -652.64254228
   -652.60648602
   -652.65263257
   -652.58889560
   -652.66608525
   -652.65358359
   -652.63950304
   -652.62930848
   -652.57470773
   -652.62893765
   -652.61591129
   -652.65275868
   -652.62997051
   -652.63106904
   -652.61741475
   -652.65170833
   -652.65331607
   -652.66790663
   -652.58389360
   -652.65288539
   -652.62670500
   -652.55561949
   -652.61724537
   -652.65644473
   -652.63257442
   -652.66574600
   -652.63470509
   -652.64980822
   -652.62224718
   -652.62360425
   -652.63453360
   -652.59765724
   -652.62580037
   -652.59609938
   -652.65543481
   -652.63542373
   -652.59748177
   -652.64941353
   -652.63323865
   -652.62694626
   -652.60175784
   -652.65654997
   -652.64267001
   -652.61563005
   -652.58713162
   -652.63121138
   -652.63611189
   -652.58166113
   -652.63247095
   -652.65498263
   -652.66005873
   -652.65953945
   -652.65917037
   -652.65834193
   -652.60951368
   -652.64179613
   -652.63334020
   -652.64935922
   -652.65818521
   -652.61357615
   -652.64083195
   -652.59319395
   -652.64404215
   -652.61416892
   -652.59868441
   -652.64627584
   -652.61089867
   -652.60120820
   -652.61841851
   -652.64330307
   -652.64082360
   -652.64964171
   -652.63763148
   -652.50786049
   -652.61954144
   -652.66053273
   -652.65594418
   -652.64331291
   -652.60492633
   -652.64922635
   -652.64240222
   -652.61479324
   -652.65438476
   -652.63769686
   -652.64165535
   -652.65952388
   -652.62464492
   -652.57313216
   -652.65980369
   -652.60893088
   -652.64811040
   -652.64298252
   -652.61562119
   -652.60208139
   -652.61646983
   -652.64033832
   -652.58696400
   -652.58523349
   -652.60134371
   -652.59892511
   -652.64937243
   -652.61392294
   -652.63544140
   -652.60342251
   -652.62632803
   -652.58606743
   -652.62613826
   -652.60533246
   -652.64948797
   -652.65583515
   -652.56846670
   -652.64755382
   -652.57179306
   -652.57439076
   -652.65634376
   -652.65008522
   -652.62768539
   -652.63354044
   -652.61371436
   -652.66800734
   -652.64060103
   -652.60402231
   -652.63536700
   -652.60693269
   -652.63438351
   -652.65027856
   -652.66459420
   -652.63266783
   -652.65191606
   -652.64625893
   -652.64693156
   -652.59666320
   -652.62814131
   -652.60683361
   -652.63251729
   -652.62829000
   -652.64744277
   -652.63490198
   -652.64414372
   -652.62093399
   -652.65917512
   -652.64716088
   -652.66109764
   -652.64486673
   -652.63055442
   -652.63959112
   -652.63994119
   -652.63896840
   -652.61727905
   -652.63205272
   -652.63264479
   -652.63988786
   -652.65802560
   -652.60552122
   -652.66591350
   -652.64360061
   -652.61757008
   -652.63338015
   -652.62995003
   -652.61297058
   -652.64601297
   -652.63255547
   -652.61261365
   -652.62321679
   -652.63702316
   -652.66812011
   -652.62896208
   -652.65398804
   -652.61073662
   -652.66077696
   -652.62787040
   -652.62367154
   -652.63834376
   -652.64844261
   -652.63155150
   -652.65091351
   -652.66145900
   -652.64656992
   -652.63615831
   -652.65857022
   -652.62328640
   -652.64067541
   -652.63477007
   -652.62602317
   -652.63312784
   -652.63008663
   -652.62205727
   -652.61269268
   -652.62543880
   -652.62334031
   -652.59510619
   -652.66980005
   -652.63630115
   -652.60592055
   -652.66678657
   -652.61252913
   -652.59888548
   -652.62078497
   -652.65826858
   -652.64007860
   -652.65497019
   -652.61727973
   -652.63407841
   -652.58433196
   -652.63138709
   -652.65490894
   -652.62256146
   -652.61929055
   -652.63750750
   -652.62605997
   -652.65775019
   -652.61393124
   -652.64452334
   -652.62538552
   -652.61743064
   -652.62044947
   -652.63377427
   -652.60057287
   -652.58540252
   -652.54618479
   -652.65253830
   -652.62351826
   -652.63423459
   -652.64610355
   -652.58796211
   -652.66660163
   -652.59845036
   -652.59298989
   -652.66130487
   -652.61977734
   -652.64325621
   -652.65533942
   -652.63970351
   -652.63243053
   -652.64286170
   -652.66750746
   -652.64087842
   -652.62025604
   -652.62398645
   -652.56960860
   -652.63616457
   -652.64411755
   -652.63643305
   -652.63269387
   -652.62271253
   -652.65491328
   -652.65969342
   -652.64253914
   -652.60315849
   -652.61132319
   -652.60469546
   -652.61921120
   -652.59277000
   -652.63856608
   -652.64541923
   -652.63025691
   -652.63185994
   -652.62529958
   -652.60004367
   -652.64475574
   -652.66766292
   -652.60452684
   -652.66195099
   -652.64963487
   -652.58336323
   -652.65179573
   -652.62601994
   -652.64160731
   -652.61646677
   -652.65497774
   -652.63322919
   -652.64004062
   -652.64310922
   -652.61254431
   -652.62528512
   -652.63875155
   -652.61725347
   -652.64424979
   -652.62491436
   -652.65558686
   -652.63643538
   -652.66433996
   -652.63605644
   -652.65797584
   -652.63394297
   -652.64414091
   -652.60244451
   -652.65008262
   -652.64765375
   -652.61849209
   -652.63072324
   -652.61409481
   -652.63549710
   -652.63687376
   -652.61708429
   -652.55977729
   -652.64382194
   -652.64655077
   -652.60461950
   -652.65073130
   -652.64000262
   -652.64735107
   -652.62246435
   -652.59847691
   -652.63208056
   -652.64049777
   -652.65575300
   -652.65087487
   -652.63057457
   -652.58717709
   -652.62622900
   -652.64157555
   -652.60444933
   -652.66316422
   -652.66122140
   -652.66024076
   -652.64122825
   -652.64408477
   -652.65578203
   -652.61495321
   -652.65310975
   -652.62370050
   -652.64367809
   -652.63972033
   -652.65819632
   -652.62094568
   -652.65285126
   -652.65345847
   -652.65372917
   -652.63438001
   -652.63872467
   -652.64689990
   -652.65209045
   -652.57221739
   -652.64233180
   -652.62910664
   -652.62084689
   -652.64363369
   -652.62592959
   -652.65266347
   -652.61301980
   -652.64399134
   -652.64231955
   -652.63208684
   -652.63183011
   -652.64506832
   -652.61264587
   -652.60609741
   -652.65350079
   -652.64555474
   -652.63529094
   -652.61231214
   -652.61170909
   -652.62947485
   -652.65458381
   -652.60794414
   -652.65687000
   -652.63654199
   -652.64145067
   -652.62001918
   -652.65047729
   -652.64600925
   -652.64912567
   -652.62890304
   -652.52330096
   -652.63816661
   -652.65698428
   -652.60380339
   -652.66124232
   -652.60296001
   -652.63778551
   -652.67202897
   -652.65729531
   -652.67196250
   -652.68020746
   -652.60563192
   -652.61406781
   -652.61924391
   -652.62258405
   -652.60588031
   -652.63872771
   -652.63595491
   -652.59354519
   -652.61329079
   -652.59574166
   -652.52072543
   -652.64891272
   -652.63316983
   -652.64128281
   -652.64929378
   -652.63118188
   -652.61885669
   -652.66298012
   -652.62669339
   -652.63261317
   -652.62814975
   -652.61065718
   -652.62939633
   -652.62868671
   -652.61894483
   -652.63981274
   -652.62841186
   -652.62608331
   -652.66445567
   -652.63710473
   -652.62728877
   -652.61818051
   -652.65630928
   -652.43903758
   -652.62033336
   -652.63084615
   -652.63717358
   -652.63657111
   -652.63584138
   -652.64515090
   -652.63571836
   -652.57374296
   -652.64617931
   -652.61965922
   -652.64078153
   -652.64663698
   -652.61678822
   -652.64137805
   -652.65793958
   -652.64233955
   -652.59718361
   -652.61720228
   -652.60434478
   -652.64740003
   -652.57214939
   -652.59294848
   -652.59666683
   -652.59854896
   -652.60762290
   -652.62336863
   -652.62524082
   -652.62524803
   -652.64089680
   -652.66840661
   -652.61153113
   -652.62817184
   -652.65743190
   -652.55296770
   -652.66132871
   -652.65030663
   -652.65828066
   -652.65088112
   -652.61750448
   -652.59898300
   -652.67258148
   -652.59403347
   -652.65715156
   -652.64052845
   -652.61514401
   -652.59508842
   -652.63764277
   -652.64248035
   -652.58575191
   -652.65029089
   -652.64125987
   -652.60495580
   -652.62931157
   -652.60119031
   -652.62850198
   -652.63934569
   -652.61795378
   -652.59294606
   -652.64018160
   -652.59682068
   -652.66498068
   -652.57696329
   -652.63848737
   -652.62379325
   -652.63676032
   -652.60720068
   -652.58304129
   -652.64090254
   -652.63820657
   -652.63931366
   -652.59394058
   -652.63087335
   -652.63986808
   -652.61419560
   -652.59953433
   -652.61265789
   -652.62839429
   -652.61579058
   -652.61424204
   -652.62415101
   -652.66791722
   -652.63864819
   -652.62342213
   -652.59380364
   -652.66438369
   -652.59899061
   -652.59629936
   -652.63579782
   -652.62132356
   -652.61834036
   -652.60788629
   -652.65905417
   -652.65614714
   -652.64686143
   -652.66994898
   -652.66288157
   -652.56781810
   -652.62040975
   -652.64304025
   -652.60734141
   -652.58477559
   -652.65495670
   -652.61453253
   -652.63200678
   -652.60892109
   -652.65618903
   -652.64598555
   -652.64082822
   -652.66368955
   -652.61697942
   -652.64941110
   -652.62131121
   -652.63390580
   -652.61451633
   -652.64677691
   -652.61314139
   -652.57506942
   -652.61506075
   -652.62469006
   -652.65663665
   -652.64318454
   -652.64977594
   -652.63669503
   -652.60000297
   -652.63665961
   -652.63452732
   -652.64293019
   -652.63034041
   -652.65823769
   -652.64683329
   -652.64325435
   -652.62941410
   -652.61540840
   -652.61662551
   -652.60817419
   -652.61947678
   -652.63808741
   -652.59414852
   -652.62373743
   -652.64782743
   -652.65452647
   -652.61511850
   -652.60207302
   -652.59322199
   -652.63510218
   -652.64258218
   -652.64957219
   -652.59110343
   -652.60420722
   -652.62442727
   -652.66337578
   -652.65801635
   -652.67710146
   -652.66975425
   -652.61465343
   -652.59181072
   -652.62441777
   -652.63065818
   -652.64908810
   -652.65632996
   -652.64056338
   -652.60798563
   -652.64488979
   -652.58547891
   -652.62785274
   -652.57465218
   -652.65792275
   -652.61762279
   -652.63958792
   -652.63496151
   -652.61622463
   -652.64129230
   -652.65585967
   -652.63139492
   -652.64618889
   -652.64312727
   -652.63786607
   -652.64958068
   -652.64901100
   -652.62173955
   -652.65435863
   -652.64291174
   -652.64691703
   -652.64264718
   -652.64395129
   -652.65319478
   -652.61251222
   -652.60089356
   -652.64001879
   -652.58470024
   -652.65322200
   -652.60086153
   -652.62739864
   -652.65447113
   -652.61777739
   -652.61822152
   -652.65939161
   -652.60315032
   -652.64202270
   -652.63308000
   -652.59504160
   -652.63122826
   -652.58024713
   -652.63635270
   -652.67138543
   -652.61355277
   -652.63049493
   -652.63616919
   -652.61683018
   -652.64870500
   -652.64939836
   -652.64177112
   -652.64342804
   -652.66202299
   -652.65719012
   -652.65856895
   -652.62543595
   -652.61771839
   -652.62809907
   -652.63731557
   -652.66438247
   -652.62714116
   -652.64414522
   -652.60819859
   -652.63257587
   -652.63973567
   -652.62396427
   -652.65024279
   -652.61688772
   -652.62505626
   -652.64531343
   -652.58271117
   -652.57591055
   -652.62594218
   -652.61832674
   -652.61976359
   -652.64300075
   -652.61146729
   -652.63443839
   -652.62936296
   -652.66136884
   -652.66114810
   -652.65698823
   -652.64685330
   -652.61515405
   -652.62189714
   -652.64555776
   -652.61515394
   -652.62555996
   -652.60747420
   -652.60844388
   -652.59454422
   -652.63020348
   -652.63591270
   -652.62627007
   -652.63748230
   -652.62702091
   -652.65152025
   -652.61386027
   -652.61695740
   -652.65123344
   -652.61772653
   -652.66051921
   -652.61713708
   -652.64635240
   -652.64729280
   -652.64143832
   -652.60988142
   -652.59838187
   -652.64420210
   -652.61894930
   -652.64110975
   -652.65356705
   -652.64534858
   -652.64961764
   -652.61459669
   -652.60948507
   -652.64631486
   -652.63771105
   -652.65256870
   -652.60592656
   -652.62908306
   -652.58098791
   -652.64056255
   -652.63317511
   -652.59615162
   -652.55443398
   -652.61616316
   -652.60608382
   -652.61713593
   -652.63543859
   -652.63045707
   -652.63751305
   -652.65418473
   -652.63282161
   -652.56670149
   -652.61156276
   -652.62219728
   -652.60487853
   -652.64932850
   -652.62635959
   -652.63407469
   -652.65983556
   -652.62703877
   -652.62869835
   -652.65076523
   -652.57114625
   -652.61121221
   -652.57337279
   -652.58764600
   -652.62998018
   -652.61809181
   -652.60906704
   -652.66216178
   -652.62706167
   -652.62554152
   -652.62105246
   -652.63453334
   -652.62977361
   -652.61889671
   -652.63073141
   -652.62195758
   -652.62751858
   -652.64145344
   -652.63809567
   -652.64770148
   -652.62683615
   -652.65704436
   -652.61054919
   -652.58010166
   -652.63961063
   -652.62477564
   -652.58926080
   -652.65779800
   -652.61071648
   -652.64945868
   -652.64850100
   -652.62276239
   -652.64489365
   -652.64230177
   -652.56730397
   -652.65326807
   -652.64762053
   -652.59617058
   -652.58673710
   -652.62426095
   -652.62728288
   -652.63870523
   -652.63060973
   -652.62543056
   -652.63953786
   -652.57300218
   -652.64023507
   -652.63262633
   -652.63201590
   -652.62708299
   -652.63577961
   -652.61544706
   -652.63019425
   -652.63076032
   -652.60948941
   -652.60787668
   -652.61834160
   -652.65160345
   -652.61000054
   -652.62632633
   -652.61019147
   -652.63739002
   -652.62712361
   -652.63089035
   -652.61812026
   -652.64105200
   -652.64514945
   -652.63440424
   -652.63850635
   -652.64339415
   -652.65760900
   -652.63020832
   -652.59990012
   -652.63238717
   -652.62271260
   -652.59876479
   -652.62616268
   -652.62963980
   -652.61024466
   -652.63249727
   -652.63889642
   -652.64071526
   -652.63503174
   -652.66742371
   -652.64330755
   -652.64694751
   -652.62513558
   -652.56908763
   -652.65365154
   -652.61243483
   -652.55602692
   -652.63006196
   -652.56965445
   -652.61261953
   -652.59874783
   -652.62348927
   -652.63094913
   -652.60450805
   -652.64312109
   -652.64841620
   -652.64014522
   -652.60647375
   -652.58603411
   -652.59439442
   -652.62799895
   -652.63133963
   -652.65094428
   -652.62286624
   -652.62112276
   -652.64719115
   -652.65232067
   -652.62601238
   -652.57571847
   -652.63178479
   -652.59488193
   -652.59587436
   -652.62267016
   -652.65614737
   -652.60200275
   -652.61958562
   -652.64830408
   -652.65653203
   -652.66156939
   -652.62260363
   -652.63535826
   -652.64911945
   -652.66753498
   -652.66124802
   -652.59846568
   -652.60613294
   -652.63712062
   -652.62226596
   -652.65666139
   -652.60374139
   -652.60104785
   -652.64294280
   -652.64639381
   -652.61090409
   -652.62789328
   -652.64509908
   -652.66787683
   -652.62705759
   -652.62962266
   -652.60745108
   -652.61717024
   -652.64410927
   -652.60038819
   -652.64245463
   -652.63684492
   -652.64921193
   -652.64617880
   -652.64584693
   -652.61131087
   -652.59171618
   -652.64844921
   -652.58886180
   -652.61753212
   -652.60262669
   -652.63311256
   -652.64592755
   -652.64547883
   -652.60699097
   -652.62914727
   -652.65789457
   -652.63820182
   -652.65366984
   -652.61716954
   -652.67091025
   -652.63211740
   -652.62515380
   -652.62104317
   -652.66643890
   -652.60879691
   -652.63671526
   -652.63958162
   -652.64460305
   -652.62858057
   -652.61227112
   -652.61272826
   -652.63530520
   -652.63924459
   -652.61492009
   -652.61898933
   -652.63241676
   -652.62744998
   -652.59993549
   -652.61523567
   -652.64165363
   -652.59935792
   -652.59640924
   -652.62693653
   -652.64735021
   -652.60822855
   -652.63060398
   -652.62059345
   -652.61368906
   -652.60305887
   -652.65230119
   -652.64244679
   -652.64824969
   -652.65069944
   -652.62229393
   -652.62213224
   -652.63945195
   -652.59154235
   -652.57778207
   -652.65957771
   -652.58429090
   -652.62192579
   -652.64457021
   -652.60423823
   -652.59891737
   -652.58720577
   -652.63950357
   -652.64203124
   -652.61163149
   -652.60651734
   -652.64576434
   -652.65810755
   -652.66268496
   -652.61503302
   -652.55968332
   -652.60799107
   -652.60335742
   -652.67676428
   -652.63331162
   -652.58876092
   -652.64758166
   -652.63367563
   -652.65740990
   -652.63159936
   -652.62539593
   -652.60872878
   -652.60863529
   -652.61274614
   -652.62954157
   -652.63187318
   -652.65221445
   -652.60765070
   -652.59444599
   -652.66435693
   -652.65449381
   -652.65334940
   -652.67954639
   -652.62156753
   -652.63341803
   -652.65200808
   -652.61762855
   -652.58958032
   -652.63772023
   -652.61617615
   -652.61003848
   -652.62279997
   -652.63429412
   -652.62015128
   -652.61495530
   -652.64320583
   -652.59623406
   -652.60321908
   -652.63734661
   -652.63580916
   -652.59921894
   -652.61236288
   -652.64366538
   -652.66236679
   -652.66024609
   -652.64315788
   -652.66475706
   -652.60320185
   -652.62447835
   -652.61897672
   -652.65779149
   -652.61275305
   -652.58648719
   -652.62495939
   -652.63891469
   -652.63572470
   -652.60274630
   -652.65636963
   -652.62065712
   -652.65499881
   -652.62103218
   -652.61370802
   -652.62734449
   -652.66369813
   -652.63945854
   -652.64379456
   -652.59752349
   -652.66161782
   -652.61628286
   -652.64095392
   -652.61938052
   -652.62715636
   -652.62713300
   -652.64909339
   -652.62391756
   -652.66340562
   -652.62807458
   -652.61850511
   -652.63855364
   -652.65964171
   -652.65710374
   -652.58549892
   -652.63736669
   -652.60362497
   -652.61888441
   -652.59765211
   -652.64204340
   -652.64224897
   -652.66083009
   -652.59838476
   -652.62865763
   -652.61037157
   -652.62044791
   -652.59799560
   -652.62033160
   -652.64932465
   -652.64816124
   -652.61519012
   -652.61154801
   -652.64777029
   -652.65279377
   -652.65266230
   -652.60831178
   -652.65157386
   -652.60990655
   -652.62035228
   -652.61628762
   -652.63262491
   -652.61780243
   -652.64861448
   -652.65325488
   -652.60222254
   -652.62807426
   -652.63136999
   -652.62772617
   -652.62393466
   -652.66263577
   -652.63566403
   -652.66608393
   -652.63881095
   -652.63991331
   -652.62804780
   -652.63327973
   -652.61510474
   -652.61961878
   -652.65317802
   -652.63879036
   -652.59579715
   -652.66384607
   -652.61650288
   -652.63844076
   -652.67851729
   -652.64245673
   -652.64048845
   -652.64972443
   -652.59797454
   -652.63085770
   -652.64750992
   -652.61575878
   -652.61022701
   -652.62790521
   -652.64153603
   -652.59287751
   -652.63418009
   -652.59843054
   -652.60414761
   -652.60564338
   -652.61342091
   -652.64383721
   -652.64282396
   -652.64997094
   -652.63164099
   -652.62402744
   -652.60429946
   -652.64598893
   -652.65266055
   -652.65184263
   -652.67091084
   -652.62017526
   -652.63309496
   -652.64970384
   -652.62716073
   -652.62222815
   -652.61276793
   -652.63826827
   -652.62729171
   -652.61084933
   -652.61627249
   -652.64929395
   -652.66426437
   -652.65784625
   -652.57565996
   -652.61706892
   -652.56586913
   -652.66217425
   -652.65152338
   -652.60524678
   -652.57946882
   -652.61771337
   -652.63190439
   -652.65547036
   -652.62815925
   -652.61323506
   -652.64122907
   -652.59139149
   -652.64803887
   -652.65815329
   -652.64114901
   -652.61696699
   -652.60720072
   -652.62613583
   -652.64156464
   -652.62211181
   -652.64426955
   -652.66227874
   -652.65412444
   -652.61283419
   -652.65131478
   -652.60551644
   -652.60802963
   -652.60115737
   -652.59250110
   -652.64633090
   -652.61034951
   -652.56134795
   -652.61787605
   -652.61204325
   -652.63510596
   -652.64386386
   -652.63457611
   -652.64505401
   -652.63642830
   -652.63101877
   -652.62159406
   -652.60029395
   -652.63762961
   -652.57576309
   -652.62844672
   -652.64696131
   -652.61343240
   -652.59861054
   -652.65200811
   -652.63947115
   -652.63151971
   -652.65913829
   -652.59023144
   -652.61581661
   -652.67205578
   -652.62094002
   -652.62567707
   -652.63922981
   -652.64045707
   -652.59100289
   -652.66692618
   -652.59925318
   -652.61754605
   -652.59998150
   -652.64744132
   -652.63841666
   -652.63114148
   -652.61084716
   -652.66025937
   -652.62444937
   -652.59577133
   -652.64906053
   -652.65346554
   -652.66871118
   -652.54975867
   -652.64984322
   -652.62199583
   -652.55300114
   -652.62429703
   -652.65473608
   -652.67125841
   -652.64250759
   -652.64359994
   -652.64951183
   -652.66083601
   -652.63559963
   -652.65188629
   -652.66064704
   -652.60669789
   -652.62654675
   -652.64247283
   -652.62821393
   -652.58936161
   -652.64970981
   -652.61919549
   -652.61886135
   -652.64721978
   -652.61304189
   -652.64260467
   -652.65080150
   -652.61820250
   -652.62101498
   -652.62042055
   -652.65538116
   -652.61524091
   -652.63213241
   -652.59977250
   -652.65204250
   -652.64643630
   -652.64387078
   -652.66252099
   -652.63222788
   -652.63345804
   -652.63067870
   -652.62231810
   -652.60864299
   -652.66116119
   -652.61772521
   -652.59920293
   -652.65072609
   -652.67489948
   -652.58929508
   -652.65635803
   -652.58982504
   -652.62749008
   -652.65383034
   -652.56933425
   -652.66491793
   -652.64091211
   -652.63170707
   -652.63875646
   -652.60549502
   -652.63802015
   -652.56678631
   -652.59579698
   -652.64528210
   -652.60272233
   -652.62658280
   -652.62777610
   -652.63849948
   -652.61339926
   -652.64886513
   -652.66080130
   -652.64388345
   -652.62967199
   -652.61446931
   -652.63652019
   -652.63835069
   -652.61935494
   -652.62573793
   -652.48474607
   -652.61671526
   -652.62616284
   -652.62739504
   -652.64503440
   -652.62008035
   -652.65139814
   -652.64069954
   -652.61590369
   -652.63937228
   -652.66592646
   -652.62491195
   -652.64186313
   -652.63358468
   -652.62899577
   -652.66083291
   -652.61218458
   -652.60209713
   -652.64329491
   -652.64927583
   -652.61766720
   -652.63554540
   -652.61943107
   -652.63719166
   -652.62305982
   -652.62332291
   -652.62136422
   -652.64018382
   -652.60510847
   -652.61670729
   -652.61451138
   -652.57024787
   -652.63330904
   -652.62383491
   -652.60942666
   -652.63405429
   -652.58040922
   -652.62596260
   -652.63950992
   -652.64893026
   -652.61770754
   -652.58120022
   -652.63969653
   -652.64978661
   -652.62574385
   -652.62836982
   -652.64461953
   -652.65168132
   -652.63597591
   -652.65303084
   -652.67336443
   -652.64085070
   -652.61866715
   -652.62707571
   -652.63453019
   -652.64437607
   -652.63390810
   -652.60775897
   -652.61313989
   -652.61265674
   -652.59430284
   -652.66017136
   -652.62610353
   -652.62633367
   -652.65061487
   -652.64259943
   -652.62900815
   -652.64578654
   -652.64827313
   -652.62914606
   -652.62145310
   -652.61785432
   -652.63813388
   -652.63968399
   -652.66376222
   -652.66280740
   -652.61734313
   -652.65448048
   -652.65896657
   -652.64243586
   -652.63323301
   -652.61708449
   -652.59691157
   -652.59387905
   -652.60630396
   -652.61791789
   -652.62549443
   -652.65840021
   -652.62476335
   -652.61539680
   -652.66036042
   -652.65663484
   -652.63305182
   -652.62684889
   -652.63151847
   -652.65820205
   -652.64364394
   -652.64554672
   -652.60847935
   -652.62087263
   -652.64465428
   -652.63313745
   -652.67122398
   -652.61364479
   -652.60551345
   -652.59726632
   -652.66405420
   -652.62789025
   -652.63155309
   -652.65475027
   -652.64930082
   -652.60478739
   -652.62259593
   -652.63108701
   -652.65082976
   -652.63737212
   -652.63635173
   -652.61799227
   -652.62729247
   -652.64986622
   -652.63593761
   -652.64622604
   -652.60338798
   -652.61083004
   -652.64292285
   -652.62822596
   -652.65491797
   -652.57802405
   -652.63189686
   -652.66798997
   -652.63978640
   -652.62080500
   -652.62189242
   -652.62153356
   -652.63536323
   -652.60876998
   -652.64352612
   -652.65394777
   -652.62520603
   -652.60529440
   -652.58263827
   -652.64363288
   -652.64485213
   -652.64593704
   -652.63802999
   -652.64037632
   -652.60640509
   -652.62625010
   -652.59692907
   -652.65249404
   -652.63338663
   -652.65902991
   -652.61750042
   -652.59089167
   -652.65098895
   -652.62758444
   -652.59908685
   -652.62155156
   -652.66138421
   -652.65695284
   -652.63092989
   -652.63034794
   -652.62173176
   -652.62866524
   -652.64912974
   -652.61117604
   -652.64587179
   -652.61605872
   -652.65060818
   -652.60236942
   -652.65878421
   -652.66152970
   -652.64984012
   -652.63816028
   -652.66069733
   -652.61810708
   -652.59413173
   -652.64904532
   -652.64029118
   -652.57568152
   -652.64501875
   -652.65036379
   -652.63073488
   -652.60871186
   -652.65111014
   -652.66555814
   -652.63694780
   -652.64271884
   -652.65239600
   -652.58859278
   -652.64994814
   -652.62405631
   -652.63728209
   -652.63979953
   -652.59060669
   -652.63387604
   -652.65417943
   -652.62669727
   -652.60034938
   -652.63782922
   -652.60236609
   -652.63136188
   -652.59285263
   -652.60526643
   -652.61848506
   -652.61198784
   -652.65363933
   -652.59260721
   -652.66054658
   -652.66489069
   -652.63978848
   -652.64701164
   -652.60199872
   -652.64241497
   -652.66013076
   -652.62713528
   -652.65775196
   -652.63329356
   -652.63696701
   -652.62517006
   -652.62671515
   -652.63405947
   -652.63810492
   -652.62357453
   -652.65700968
   -652.61877122
   -652.65255051
   -652.57887875
   -652.59262333
   -652.64579465
   -652.62490983
   -652.62202260
   -652.60612623
   -652.67947069
   -652.62863193
   -652.62904556
   -652.59103519
   -652.63828145
   -652.56978088
   -652.65066631
   -652.62890423
   -652.63830607
   -652.64589572
   -652.63097221
   -652.62918017
   -652.66509858
   -652.64577116
   -652.65932096
   -652.66192354
   -652.60742276
   -652.62054149
   -652.62080272
   -652.58607198
   -652.62863249
   -652.62548121
   -652.63626402
   -652.63924874
   -652.67007515
   -652.62688177
   -652.63890353
   -652.64673124
   -652.61480307
   -652.66017016
   -652.62123760
   -652.61906577
   -652.57612865
   -652.63725024
   -652.62157231
   -652.63372994
   -652.67036611
   -652.61774295
   -652.57996602
   -652.61994624
   -652.60033475
   -652.62300879
   -652.65289057
   -652.64292773
   -652.62755587
   -652.63206315
   -652.63000562
   -652.54483301
   -652.60059398
   -652.63888652
   -652.64970181
   -652.61399019
   -652.58983970
   -652.61475735
   -652.64053773
   -652.65973400
   -652.61826765
   -652.64485376
   -652.62228024
   -652.63414047
   -652.65812949
   -652.64716212
   -652.65207426
   -652.63514112
   -652.62416814
   -652.64074648
   -652.57902869
   -652.63928744
   -652.65207393
   -652.59302011
   -652.62008852
   -652.64270940
   -652.53758473
   -652.62658130
   -652.61232244
   -652.61428593
   -652.63262205
   -652.65685000
   -652.61988256
   -652.63488514
   -652.58775477
   -652.62499940
   -652.63968092
   -652.62408396
   -652.65507917
   -652.63690333
   -652.66381639
   -652.61081384
   -652.67113716
   -652.60262638
   -652.61417861
   -652.63404181
   -652.59818250
   -652.65046556
   -652.64032364
   -652.61457113
   -652.62738681
   -652.60218596
   -652.64043177
   -652.62146751
   -652.59760409
   -652.64700480
   -652.64498449
   -652.61865603
   -652.55523397
   -652.58543415
   -652.64616344
   -652.62317535
   -652.55496967
   -652.59212467
   -652.64439123
   -652.63837463
   -652.61696843
   -652.62917218
   -652.64811472
   -652.61758492
   -652.61632219
   -652.65789389
   -652.57956309
   -652.63681328
   -652.59887538
   -652.60579540
   -652.63070015
   -652.63077119
   -652.62628892
   -652.60743398
   -652.66527275
   -652.65503867
   -652.65974466
   -652.59156639
   -652.63218215
   -652.61585065
   -652.62429028
   -652.61487756
   -652.63211742
   -652.61312989
   -652.65711796
   -652.64805636
   -652.60950168
   -652.58671268
   -652.65866212
   -652.65201678
   -652.63252078
   -652.62813713
   -652.64323267
   -652.61013621
   -652.63618832
   -652.60246446
   -652.61689646
   -652.64383056
   -652.61723689
   -652.66242478
   -652.62943315
   -652.63608307
   -652.65260614
   -652.62936210
   -652.65133381
   -652.63052794
   -652.60207006
   -652.60908239
   -652.64492477
   -652.62580405
   -652.61086491
   -652.64443269
   -652.66957626
   -652.56931046
   -652.63421451
   -652.57518406
   -652.65772926
   -652.65294188
   -652.61849035
   -652.63886261
   -652.66306323
   -652.62970163
   -652.63328676
   -652.64759688
   -652.61774082
   -652.66127033
   -652.64870029
   -652.63147327
   -652.63586344
   -652.62532061
   -652.61048647
   -652.64393674
   -652.66250007
   -652.65109314
   -652.63229367
   -652.63389403
   -652.65755991
   -652.64852505
   -652.67106358
   -652.64609194
   -652.62333687
   -652.63151249
   -652.65055091
   -652.65697269
   -652.61853098
   -652.60255495
   -652.64712769
   -652.63110048
   -652.64365110
   -652.66013455
   -652.62119375
   -652.61767170
   -652.63317318
   -652.62346414
   -652.63963126
   -652.64789432
   -652.60245816
   -652.61980309
   -652.64765088
   -652.63393555
   -652.61617963
   -652.57420137
   -652.63964366
   -652.62173578
   -652.62850649
   -652.62989296
   -652.62035974
   -652.65710924
   -652.65616248
   -652.61208382
   -652.61696395
   -652.56114523
   -652.63447551
   -652.65103353
   -652.64330660
   -652.64335492
   -652.63994619
   -652.63178444
   -652.66550929
   -652.64299132
   -652.65539961
   -652.62157359
   -652.62667893
   -652.67184637
   -652.62751344
   -652.65508286
   -652.62832976
   -652.65370552
   -652.66619742
   -652.62152004
   -652.60516203
   -652.64600037
   -652.61424625
   -652.62592737
   -652.63741132
   -652.62140775
   -652.62261776
   -652.60065846
   -652.65870973
   -652.64806864
   -652.57929120
   -652.62346171
   -652.63759201
   -652.58977752
   -652.62679339
   -652.65923671
   -652.64711471
   -652.62698999
   -652.64223905
   -652.62416819
   -652.60339108
   -652.58729453
   -652.61828823
   -652.60748330
   -652.61910418
   -652.61769733
   -652.65946317
   -652.64222884
   -652.62201484
   -652.65389270
   -652.64892138
   -652.65642904
   -652.62211402
   -652.66558114
   -652.64517720
   -652.64204309
   -652.64931317
   -652.62997448
   -652.61867210
   -652.61958799
   -652.66501862
   -652.60756966
   -652.62402880
   -652.55005118
   -652.64646894
   -652.61388226
   -652.59901196
   -652.64687570
   -652.61651954
   -652.63656226
   -652.64522636
   -652.64759853
   -652.66350184
   -652.62250205
   -652.65197927
   -652.65089200
   -652.59597753
   -652.62125678
   -652.64948613
   -652.61193283
   -652.63037604
   -652.66579192
   -652.65152080
   -652.59529506
   -652.63351871
   -652.65502856
   -652.66171253
   -652.62679892
   -652.63830247
   -652.60805621
   -652.62254221
   -652.60477839
   -652.59488270
   -652.63700609
   -652.62955025
   -652.64314544
   -652.66170599
   -652.63518048
   -652.61661110
   -652.65901945
   -652.61223471
   -652.61340888
   -652.65323985
   -652.64087869
   -652.62844241
   -652.63218993
   -652.60223519
   -652.65732852
   -652.63501926
   -652.65132152
   -652.66296682
   -652.63251240
   -652.62681833
   -652.64069995
   -652.57120254
   -652.66166862
   -652.57211305
   -652.56065426
   -652.61408612
   -652.60309187
   -652.67338303
   -652.64562318
   -652.64647414
   -652.63177932
   -652.59839029
   -652.63812521
   -652.63996429
   -652.61621976
   -652.65371216
   -652.65926691
   -652.62521145
   -652.60118365
   -652.57587670
   -652.64505519
   -652.62349600
   -652.68208156
   -652.60113872
   -652.64260717
   -652.65582787
   -652.59650773
   -652.63862157
   -652.62394499
   -652.61954484
   -652.62985349
   -652.61874416
   -652.67636966
   -652.61408258
   -652.61124489
   -652.60167297
   -652.62825960
   -652.64556711
   -652.62438071
   -652.64525520
   -652.61484806
   -652.63059519
   -652.62480876
   -652.65491744
   -652.63985301
   -652.62520081
   -652.63172828
   -652.63455109
   -652.66099040
   -652.62021382
   -652.65074446
   -652.64760668
   -652.64510421
   -652.64097456
   -652.63728299
   -652.63055953
   -652.41633221
   -652.63052317
   -652.59430219
   -652.65089476
   -652.64255547
   -652.60536334
   -652.64698697
   -652.63106264
   -652.65909105
   -652.61945271
   -652.65538567
   -652.63256869
   -652.59153522
   -652.62904536
   -652.64379950
   -652.65995897
   -652.64957964
   -652.62457872
   -652.60300250
   -652.61088866
   -652.64219400
   -652.63565418
   -652.63027591
   -652.57106706
   -652.62781307
   -652.61763618
   -652.57992863
   -652.58864735
   -652.60667925
   -652.64730660
   -652.63088888
   -652.63270660
   -652.64898400
   -652.64617129
   -652.63986334
   -652.64710962
   -652.66366925
   -652.63568072
   -652.63298182
   -652.66153205
   -652.64566970
   -652.62729435
   -652.57899375
   -652.62754374
   -652.62329374
   -652.58316147
   -652.61577970
   -652.64457956
   -652.65224971
   -652.60525462
   -652.64008884
   -652.62787698
   -652.63883699
   -652.60349049
   -652.61642647
   -652.61544376
   -652.65444208
   -652.65156225
   -652.60716750
   -652.65570738
   -652.61894245
   -652.61220987
   -652.60807656
   -652.63598040
   -652.62152372
   -652.60370946
   -652.63720930
   -652.63334235
   -652.64310599
   -652.63974775
   -652.67332481
   -652.59714592
   -652.61767561
   -652.65221487
   -652.59294625
   -652.63868697
   -652.63618403
   -652.62881283
   -652.63901587
   -652.62131044
   -652.62427302
   -652.62105496
   -652.60659656
   -652.63763247
   -652.62741237
   -652.60669572
   -652.61513893
   -652.60703587
   -652.66718984
   -652.62301672
   -652.63708147
   -652.65807109
   -652.62734577
   -652.59996090
   -652.62828133
   -652.61760395
   -652.59711972
   -652.61974094
   -652.63904943
   -652.63881528
   -652.63198352
   -652.63561592
   -652.63419995
   -652.57475466
   -652.62978002
   -652.65294214
   -652.65034145
   -652.63171774
   -652.65660862
   -652.60597923
   -652.61047855
   -652.62148558
   -652.64251590
   -652.64018581
   -652.65520134
   -652.64812883
   -652.59538731
   -652.61686204
   -652.65130221
   -652.65367776
   -652.62165113
   -652.64663361
   -652.62047008
   -652.60727818
   -652.60519189
   -652.66142512
   -652.60625440
   -652.66796299
   -652.64863098
   -652.64948989
   -652.63694011
   -652.61235838
   -652.64395883
   -652.63430935
   -652.60386705
   -652.61541254
   -652.63509738
   -652.65284833
   -652.63724069
   -652.66392623
   -652.64273540
   -652.63010948
   -652.61896714
   -652.63089124
   -652.65150373
   -652.66065049
   -652.60757110
   -652.64072783
   -652.65454277
   -652.60848270
   -652.61159865
   -652.60837123
   -652.61248037
   -652.66236207
   -652.63816986
   -652.66130860
   -652.63175127
   -652.60486045
   -652.62486109
   -652.61397561
   -652.62977885
   -652.62064255
   -652.67672920
   -652.62995984
   -652.59372426
   -652.62879222
   -652.61583069
   -652.63510293
   -652.57920385
   -652.61865937
   -652.63445749
   -652.62550466
   -652.60711432
   -652.61863948
   -652.61855292
   -652.62603014
   -652.65163988
   -652.65258510
   -652.65373463
   -652.64727332
   -652.58305946
   -652.61661464
   -652.65423058
   -652.61564331
   -652.59972232
   -652.63992481
   -652.65743229
   -652.59934704
   -652.64325206
   -652.64451316
   -652.64108359
   -652.66285300
   -652.62970021
   -652.61360629
   -652.62920343
   -652.60923467
   -652.63935800
   -652.65648095
   -652.61324553
   -652.66156296
   -652.64313541
   -652.63951447
   -652.63776183
   -652.65957919
   -652.62961586
   -652.63869945
