% The following energies apply to conformations described by the topology 
% R67.top.  Structures are given in trajectory coords.cdf, count: 2697.

% Item 0:
%   Energy -> orca_structures/coor*/Conf*.out
   -609.95065394
   -609.96468242
   -609.98095022
   -609.96800224
   -609.95631827
   -609.97893425
   -609.94352815
   -609.99518389
   -609.96504785
   -609.95108864
   -609.94938373
   -609.96769823
   -609.98824321
   -609.96554758
   -609.92518722
   -609.95253359
   -609.92770577
   -609.97466677
   -609.97161826
   -609.99196846
   -609.97664168
   -609.97043923
   -609.99249595
   -609.94359452
   -609.98243502
   -609.97672345
   -609.97519167
   -609.95190920
   -609.97486910
   -609.95105155
   -609.97247294
   -609.95805619
   -609.96990910
   -609.97144472
   -609.97762572
   -609.98950466
   -609.96557339
   -609.98111432
   -609.95492860
   -609.96168066
   -609.94611102
   -609.96408158
   -609.96300513
   -609.96004890
   -609.93462438
   -609.97558678
   -609.90728891
   -609.96491374
   -609.94680654
   -609.94702297
   -609.97321929
   -609.98954671
   -609.96042599
   -610.00885307
   -609.95138875
   -609.92789575
   -609.96525520
   -609.97245199
   -609.97054659
   -609.94636834
   -609.94207213
   -609.94929612
   -609.96539508
   -609.95902426
   -609.95731917
   -609.98002467
   -609.96690341
   -609.93857182
   -609.95179442
   -609.95222898
   -609.97116220
   -609.97145026
   -609.95013717
   -609.95508082
   -609.95732441
   -609.96002935
   -609.93999389
   -609.99083582
   -609.95086880
   -609.97548270
   -609.86354018
   -609.95576082
   -609.96749338
   -609.97191645
   -609.98151899
   -609.96311162
   -609.94948647
   -609.97175589
   -609.93648667
   -609.96433566
   -609.94309358
   -609.96435671
   -609.96698968
   -609.93130217
   -609.96864763
   -609.96379149
   -609.97431983
   -609.95529770
   -609.98675437
   -609.95033949
   -609.95031326
   -609.96047829
   -610.00628028
   -609.96171824
   -609.98320957
   -609.94438525
   -609.97050786
   -609.96779175
   -609.95844063
   -609.95095776
   -609.97220383
   -609.92291585
   -609.95530583
   -609.97431650
   -609.94822180
   -609.98195523
   -609.96992080
   -609.93338157
   -609.94528184
   -609.93171949
   -609.93404313
   -609.97977399
   -609.97559739
   -609.94675915
   -609.97729904
   -609.96064609
   -609.97136995
   -609.97978473
   -609.95421441
   -609.97389256
   -609.96985242
   -609.98541467
   -609.95090327
   -609.94487313
   -609.97717155
   -609.95388822
   -609.97173516
   -609.96757569
   -609.95257276
   -609.97005240
   -609.97676088
   -609.98774806
   -609.96647665
   -609.95866791
   -609.95355310
   -609.94172217
   -609.98385094
   -609.94672051
   -609.97042341
   -609.95959093
   -609.95155647
   -609.97535493
   -609.97037016
   -609.99429156
   -609.96653640
   -609.95542368
   -609.96005243
   -609.97238058
   -609.97352071
   -609.94787814
   -609.96543733
   -609.96648374
   -609.98790806
   -609.94620698
   -609.97221419
   -609.94194927
   -609.94581033
   -609.96371462
   -609.95734440
   -609.96312710
   -609.97258041
   -609.94688209
   -609.99371049
   -609.97572395
   -609.94007428
   -609.98428393
   -609.96077938
   -609.95587858
   -609.98724947
   -609.94742574
   -609.95734265
   -609.97030833
   -609.97387892
   -609.94692801
   -609.96626189
   -609.93386070
   -609.95380311
   -609.97212967
   -609.93736804
   -609.95306175
   -609.97063478
   -609.96741673
   -609.98935823
   -609.97008779
   -609.98090197
   -609.95024548
   -609.94362318
   -609.97461023
   -609.95977080
   -609.94399808
   -609.95237411
   -609.94058117
   -609.95809947
   -609.96389499
   -609.98719104
   -609.92156877
   -609.97391636
   -609.94697035
   -609.95073694
   -609.97032854
   -609.93042281
   -609.96745560
   -609.93807992
   -609.98988372
   -609.97845141
   -609.96241503
   -609.97171680
   -609.98316352
   -609.98149801
   -609.95635159
   -609.97066388
   -609.96263395
   -609.94022231
   -609.97125571
   -609.97571821
   -609.93263921
   -609.99851497
   -609.96246488
   -609.98457091
   -609.99409689
   -609.94266917
   -609.96869679
   -609.94925954
   -609.96088505
   -609.96581086
   -609.94950718
   -609.93771186
   -609.93903810
   -609.96654744
   -609.94432388
   -609.97304651
   -609.96421553
   -609.96835059
   -609.97104353
   -609.95071023
   -609.95804023
   -609.96342044
   -609.95752085
   -609.98295018
   -609.96037783
   -609.97268596
   -609.98999293
   -609.97304802
   -609.96479517
   -609.94940094
   -609.96906898
   -609.97420824
   -609.98990602
   -609.99046562
   -609.95529282
   -609.95736673
   -609.93490191
   -609.91955655
   -609.94946609
   -609.96437202
   -609.95195873
   -609.97606599
   -609.97979570
   -609.95550944
   -609.91572441
   -609.95196358
   -609.97035969
   -609.95856043
   -609.96600121
   -609.94028255
   -609.98833551
   -609.97307684
   -609.97790150
   -609.99040248
   -609.96035922
   -609.97968155
   -609.93699811
   -609.95445275
   -609.95227950
   -609.96622515
   -609.98425245
   -609.98141722
   -609.96304335
   -609.97686347
   -609.97618162
   -609.98101114
   -609.96590067
   -609.96789513
   -609.95682659
   -609.95601038
   -609.93503884
   -609.96154634
   -609.95779371
   -609.92835989
   -609.97682009
   -609.95222281
   -609.96256186
   -609.97169038
   -609.97782037
   -609.97337559
   -609.98624108
   -609.97553310
   -609.97325876
   -609.95133180
   -609.97719366
   -609.98522204
   -609.96963641
   -609.96657523
   -609.96957687
   -609.95286164
   -609.96770818
   -609.94681611
   -609.96086615
   -609.97468338
   -609.97322344
   -609.94071476
   -609.97055111
   -609.98599127
   -609.97325947
   -609.94681881
   -609.96249768
   -609.95429005
   -609.99398009
   -609.95610115
   -609.95202606
   -609.94414969
   -609.97524057
   -609.96279499
   -609.97172719
   -609.97334566
   -609.94138566
   -609.97967939
   -609.96759108
   -610.00569816
   -609.95911983
   -609.95282592
   -609.97877697
   -609.95951573
   -609.96784769
   -609.98080715
   -609.97454600
   -609.97102799
   -609.95615882
   -609.96873657
   -609.94674792
   -609.95297906
   -609.96123775
   -609.97744269
   -609.97904349
   -609.96388229
   -609.94990622
   -609.94870660
   -609.99278699
   -609.98863867
   -609.96139447
   -609.96043891
   -609.99623405
   -609.98687783
   -609.95027968
   -609.95836085
   -609.98231203
   -609.96240128
   -609.97554083
   -609.96786909
   -609.95706232
   -609.95128664
   -609.94838045
   -609.97709989
   -609.96600096
   -609.95754260
   -609.96818730
   -609.96386519
   -609.96595460
   -609.95913492
   -609.96792164
   -609.98069880
   -609.98451000
   -609.97949401
   -609.94063502
   -609.95989850
   -609.97151385
   -609.98801483
   -609.98762825
   -609.95950922
   -609.98324373
   -609.96835446
   -609.96184076
   -609.98329101
   -610.01152022
   -609.97741083
   -609.94882785
   -609.98332888
   -609.96151871
   -609.94364314
   -610.00220158
   -609.97616214
   -609.96838651
   -609.98154867
   -609.97580994
   -609.97015522
   -609.94781142
   -609.97465249
   -609.97901961
   -610.00128590
   -609.95822748
   -610.00469035
   -609.96154533
   -609.94430942
   -609.93622613
   -609.96123455
   -609.95566087
   -609.90436770
   -609.94487240
   -609.95237581
   -609.97380001
   -609.94641926
   -609.94066752
   -609.95578282
   -609.94767266
   -609.99074815
   -609.95982538
   -609.91615876
   -609.95584916
   -609.95986946
   -609.94739909
   -609.98569104
   -609.96660996
   -609.96401124
   -609.97493950
   -609.97742011
   -609.96960359
   -609.99143960
   -609.99014481
   -609.97971475
   -609.93092473
   -609.96553910
   -609.97598822
   -609.94334206
   -609.97308433
   -609.97468763
   -609.95321855
   -609.99194839
   -609.95226957
   -609.95711877
   -609.95800783
   -609.98186717
   -609.97337217
   -609.95720840
   -609.97698582
   -609.94864338
   -609.95606403
   -609.91456673
   -609.98711649
   -609.96153191
   -609.96935664
   -609.99652596
   -609.93965952
   -609.96736947
   -609.95281054
   -609.96998888
   -609.96093582
   -609.97183518
   -609.98361269
   -609.98855145
   -609.98243584
   -609.92785684
   -609.95143610
   -609.97017409
   -609.96763941
   -609.98764431
   -609.95792878
   -609.93787584
   -609.96335168
   -609.98314458
   -609.95443727
   -609.96381199
   -609.98954204
   -609.97467831
   -609.95259630
   -609.97349701
   -609.96443744
   -609.94911852
   -609.97175653
   -609.95562492
   -609.95301797
   -609.97768706
   -609.95275479
   -609.95502102
   -609.97328821
   -609.97116861
   -609.95259120
   -609.96332619
   -609.95461556
   -609.96887988
   -609.97175150
   -609.95062122
   -609.92576342
   -609.98723566
   -609.94739542
   -609.94537006
   -609.99294890
   -609.95364788
   -609.98450159
   -609.97612869
   -609.97449926
   -609.95779942
   -609.94836689
   -609.97109817
   -609.94968486
   -609.98864031
   -609.97147664
   -609.95782513
   -609.96206439
   -609.96270293
   -609.98427878
   -609.96395914
   -609.96033434
   -609.96836371
   -609.95525449
   -609.97774336
   -609.95345225
   -609.97874108
   -609.95952347
   -609.94310723
   -609.93949513
   -609.96897155
   -609.96803494
   -609.96060315
   -609.96578468
   -609.96227999
   -609.94144584
   -609.96597688
   -609.96034821
   -609.98280497
   -609.95928436
   -609.95454219
   -609.97368743
   -609.95027496
   -609.98770531
   -609.95385004
   -609.94423467
   -609.94742680
   -609.97012656
   -609.96555779
   -609.95178874
   -609.98264603
   -609.95770131
   -609.92695755
   -609.98304954
   -609.99284061
   -609.93236965
   -609.98457424
   -609.96525916
   -609.96662404
   -609.97995864
   -609.96385421
   -609.95694217
   -609.98557311
   -609.95413432
   -609.95686326
   -609.98618104
   -609.96712542
   -609.93815583
   -609.97395460
   -609.97293911
   -609.97299529
   -609.95784773
   -609.95650959
   -609.95802492
   -609.96229038
   -609.92573862
   -609.98031844
   -609.96365121
   -609.98042487
   -609.95993554
   -609.93840525
   -609.96763530
   -609.96276440
   -609.93842538
   -609.95120293
   -609.95901587
   -609.95334554
   -609.99324716
   -609.95788810
   -609.93673105
   -609.97252999
   -609.95796824
   -609.94949812
   -609.98517741
   -609.98668556
   -609.99851082
   -609.96120126
   -609.91781845
   -609.92097013
   -609.94708063
   -609.92087524
   -609.94658916
   -609.93554678
   -609.93799576
   -609.98340029
   -609.99316691
   -609.98629052
   -609.97964884
   -609.95547534
   -609.97626834
   -609.97551463
   -609.92292598
   -609.99295532
   -609.97559546
   -609.93443006
   -609.96236630
   -609.97507291
   -609.96648088
   -609.94916374
   -609.96312173
   -609.94612821
   -609.94614159
   -609.96608308
   -609.97275192
   -609.98780713
   -609.91462047
   -609.97089058
   -609.97463238
   -609.95220165
   -609.94446085
   -609.97681843
   -609.92813252
   -610.00127708
   -609.98192368
   -609.93767427
   -609.94546693
   -609.92416579
   -609.95594384
   -609.94408750
   -609.97293925
   -609.97534230
   -609.94575666
   -609.96005097
   -609.96965154
   -609.98622248
   -609.99075353
   -609.99565824
   -609.92799049
   -609.97716401
   -609.95906734
   -609.91188499
   -609.96006907
   -609.98644343
   -609.95797493
   -609.98737578
   -609.95883600
   -609.97579910
   -609.95072760
   -609.99028740
   -609.95870638
   -609.94665618
   -609.95674308
   -609.92551055
   -609.98622343
   -609.95992807
   -609.92753008
   -609.96180633
   -609.97187530
   -609.98040101
   -609.95952871
   -609.94213529
   -609.99064365
   -609.98909851
   -609.94466685
   -609.93840764
   -609.97231819
   -609.96310310
   -609.93678975
   -609.95674608
   -609.99952269
   -609.98829191
   -609.98303615
   -609.98982894
   -609.95567744
   -609.95845586
   -609.96332502
   -609.97566739
   -609.98829036
   -609.99416983
   -609.96690034
   -609.94025940
   -609.97159581
   -609.93894458
   -609.95135009
   -609.97495835
   -609.94804852
   -609.95316345
   -609.96090664
   -609.96537549
   -609.96785314
   -609.97357245
   -609.96557233
   -610.00426812
   -609.94578123
   -609.99119293
   -609.98520397
   -609.98456152
   -609.96096150
   -609.97230782
   -609.96365298
   -609.95868581
   -609.97835778
   -609.97270020
   -609.96608117
   -609.98527436
   -609.95914147
   -609.93107272
   -609.99651387
   -609.91903760
   -609.97187600
   -609.97199319
   -609.95520168
   -609.94341224
   -609.95296859
   -609.96779958
   -609.92317032
   -609.93639031
   -609.98913667
   -609.95386634
   -609.97972238
   -609.94197773
   -609.96818090
   -609.95890469
   -609.93202165
   -609.95568567
   -609.92494167
   -609.97011471
   -609.94387322
   -609.94501678
   -609.98071999
   -609.91703421
   -609.90974748
   -609.95265258
   -609.98265360
   -609.98678306
   -609.95731611
   -609.94919340
   -609.96854221
   -609.98972790
   -609.86607791
   -609.98007974
   -609.95274876
   -609.95878027
   -609.95163593
   -609.97286886
   -609.97672857
   -609.99232989
   -609.96931440
   -609.97432484
   -609.97568173
   -609.95776396
   -609.93785292
   -609.96999901
   -609.99225392
   -609.95427251
   -609.96396942
   -609.94897623
   -609.97199592
   -609.95553442
   -609.96461355
   -609.95385665
   -609.98399270
   -609.96499885
   -609.96967078
   -609.88699083
   -609.96447671
   -609.94583537
   -609.96125586
   -609.95545409
   -609.95628112
   -609.96968101
   -609.96617301
   -609.98118707
   -609.94878054
   -609.99231737
   -609.98051249
   -609.95594337
   -609.97049444
   -609.95059081
   -609.94922587
   -609.95187354
   -609.95916814
   -609.92420782
   -609.96372777
   -609.99211991
   -609.96130482
   -609.99379191
   -609.93642859
   -609.99000084
   -609.95670002
   -609.95024131
   -609.97833571
   -609.98391349
   -609.96605907
   -609.97162758
   -609.99245928
   -609.97953560
   -609.96345603
   -609.97680610
   -609.96045197
   -609.95645851
   -609.96258210
   -609.97380867
   -609.95956192
   -609.95786938
   -609.97519672
   -609.93228179
   -609.95302839
   -609.95899237
   -609.93543062
   -609.99199381
   -609.95993427
   -609.94736056
   -609.98557927
   -609.93131851
   -609.94283155
   -609.96399332
   -609.97906414
   -609.96799039
   -609.97874693
   -609.96897499
   -609.96709092
   -609.92630503
   -609.96282402
   -609.98389319
   -609.96514667
   -609.94598298
   -609.96966404
   -609.95486713
   -609.95433829
   -609.98147480
   -609.96403506
   -609.96549021
   -609.94677337
   -609.96202265
   -609.95145508
   -609.98001686
   -609.95270622
   -609.96154739
   -609.99351224
   -609.97357881
   -609.98721055
   -609.94905646
   -609.95527894
   -609.98359414
   -609.97312883
   -609.98540290
   -609.98069403
   -609.97332530
   -609.93252242
   -609.99941509
   -609.96559673
   -609.95057498
   -609.96083572
   -609.95094378
   -609.95197296
   -609.97149097
   -609.96210956
   -609.95866220
   -609.95292495
   -609.98695609
   -609.99368765
   -609.97072501
   -609.94903308
   -609.94763721
   -609.95205581
   -609.96991556
   -609.94093530
   -609.96210819
   -609.96987668
   -609.96213812
   -609.94490411
   -609.93318285
   -609.97592457
   -609.99237225
   -609.95458043
   -609.98210563
   -609.97577472
   -609.92778523
   -609.98057373
   -609.94077642
   -609.97218842
   -609.98276620
   -609.92139032
   -609.97785131
   -609.96267777
   -609.96468095
   -609.94245676
   -609.97360699
   -609.96284403
   -609.96230772
   -609.96611276
   -609.96525317
   -609.97675846
   -609.98990364
   -609.97382931
   -609.98336120
   -609.95665807
   -609.96845149
   -609.94809248
   -609.97660005
   -609.98873497
   -609.95183719
   -609.91785673
   -609.94767646
   -609.95625592
   -609.96958965
   -609.95423421
   -609.95889117
   -609.96316530
   -609.96676711
   -609.94015459
   -609.97569902
   -609.96628677
   -609.97073842
   -609.95262901
   -609.99016804
   -609.95539216
   -609.96821885
   -609.98068031
   -609.98255045
   -609.93413179
   -609.92298572
   -609.95980480
   -609.97085871
   -609.94676305
   -609.99571486
   -609.98978558
   -609.98056080
   -609.98266449
   -609.95898039
   -609.98111553
   -609.98389667
   -609.97468031
   -609.98144755
   -609.96128877
   -609.97414323
   -609.96958608
   -609.96112567
   -609.98906025
   -609.97408602
   -609.95719293
   -609.98226652
   -609.97750675
   -609.96974305
   -609.95843574
   -609.97183856
   -609.97141768
   -609.97088504
   -609.95437930
   -609.96413596
   -609.97665484
   -609.98024248
   -609.94912664
   -609.96912191
   -609.98074410
   -609.96682719
   -609.96682254
   -609.96091885
   -609.93618613
   -609.97590839
   -609.96444180
   -609.95666609
   -609.93998731
   -609.95463345
   -609.94300565
   -609.98094105
   -609.95712242
   -609.98311818
   -609.97312418
   -609.97504468
   -609.95843150
   -609.98055160
   -609.96079328
   -609.97893913
   -609.96175531
   -610.00699120
   -609.96117091
   -609.98549755
   -609.94646085
   -609.97984431
   -609.94543438
   -609.94897378
   -609.99355464
   -609.98033929
   -609.99564707
   -610.00471292
   -609.96016316
   -609.96548655
   -609.95679804
   -609.97930079
   -609.92314945
   -609.96062631
   -609.98310226
   -609.96252821
   -609.94069975
   -609.94769654
   -609.94293688
   -610.00812424
   -609.97533698
   -609.96688332
   -609.96498858
   -609.97936861
   -609.97952849
   -609.98008629
   -609.95189902
   -609.96681858
   -609.97230722
   -609.95638237
   -609.95976131
   -609.99151099
   -609.96548707
   -609.98375626
   -609.97629753
   -609.96938987
   -609.99396265
   -609.95768279
   -609.97436328
   -609.92686797
   -609.98485259
   -609.98480050
   -609.95552922
   -609.95857583
   -609.96337500
   -609.97840036
   -609.97299471
   -609.96883710
   -609.97031096
   -609.92373025
   -609.96695256
   -609.96647142
   -609.97110280
   -609.98585695
   -609.97885232
   -609.91111039
   -609.97115632
   -609.97560048
   -609.97805823
   -609.93742018
   -609.95650581
   -609.93583466
   -609.98171593
   -609.93449316
   -609.92844005
   -609.92695834
   -609.94213335
   -609.95213286
   -609.95743146
   -609.88779656
   -609.94881696
   -609.97211344
   -609.99252150
   -609.97295775
   -609.95447025
   -609.99149369
   -609.98884820
   -609.96821328
   -609.97950929
   -609.96663571
   -609.95416573
   -609.94098598
   -609.99775802
   -609.94523009
   -609.98647745
   -609.95766263
   -609.96442146
   -609.93361078
   -609.95052891
   -609.95102434
   -609.93707571
   -609.97220837
   -609.93722782
   -609.96368230
   -609.95317868
   -609.95560061
   -609.96208005
   -609.92890625
   -609.97200583
   -609.94087508
   -609.99378126
   -609.91745657
   -609.96065060
   -609.93555024
   -609.96239043
   -609.92364606
   -609.93165447
   -609.96563908
   -609.96013337
   -609.96447330
   -609.93346849
   -609.96016393
   -609.96515853
   -609.94473911
   -609.95296106
   -609.95261704
   -609.96517803
   -609.95222973
   -609.94879958
   -609.95736241
   -609.99233579
   -609.96401901
   -609.95748029
   -609.94615832
   -609.98663529
   -609.94364655
   -609.96426003
   -609.96087916
   -609.94129967
   -609.94965675
   -609.92635271
   -609.98567342
   -609.98517792
   -609.97941696
   -609.99577068
   -609.99167820
   -609.91482267
   -609.96739903
   -609.95084613
   -609.91869017
   -609.98558298
   -609.93793516
   -609.97331938
   -609.95567483
   -609.94845953
   -609.97964214
   -609.96638358
   -609.96725288
   -609.99683834
   -609.95291103
   -609.97447677
   -609.96451724
   -609.96858740
   -609.94560646
   -609.97392992
   -609.95532242
   -609.94508885
   -609.96101676
   -609.95087911
   -609.98565497
   -609.96235843
   -609.97111427
   -609.97061058
   -609.96790731
   -609.94809940
   -609.96543166
   -609.96018756
   -609.95855304
   -609.97661357
   -609.98599046
   -609.97343870
   -609.96758842
   -609.97034831
   -609.96050105
   -609.94295089
   -609.95184512
   -609.95127927
   -609.96347164
   -609.94050818
   -609.96254986
   -609.98084210
   -609.98327903
   -609.99346190
   -609.95566106
   -609.94766047
   -609.93254977
   -609.96307097
   -609.97921985
   -609.97205737
   -609.95138139
   -609.96935511
   -609.95925320
   -609.97744243
   -609.98428001
   -609.97967975
   -610.00738134
   -609.99248564
   -609.97462291
   -609.94330776
   -609.96351188
   -609.95005682
   -609.96762627
   -609.97827184
   -609.96913691
   -609.96790933
   -609.92653609
   -609.94978342
   -609.93991828
   -609.98574299
   -609.95144217
   -609.96930763
   -609.95890587
   -609.95389490
   -609.96703788
   -609.97846227
   -609.95543291
   -609.97597638
   -609.96470723
   -609.97534255
   -609.97778866
   -609.96519446
   -609.96289497
   -609.98351021
   -609.96422516
   -609.97511232
   -609.96721101
   -609.96610684
   -609.98046098
   -609.95188567
   -609.97178243
   -609.93800876
   -609.98098193
   -609.93310892
   -609.96905856
   -609.98111202
   -609.96041586
   -609.93715119
   -609.96362122
   -609.99476900
   -609.94745204
   -609.97572910
   -609.95604205
   -609.92740551
   -609.96045732
   -609.93531594
   -609.97556926
   -610.00012642
   -609.95769748
   -609.95665884
   -609.97376836
   -609.93778521
   -609.96766030
   -609.97373174
   -609.97340787
   -609.96502068
   -609.97816445
   -609.98530085
   -609.97464484
   -609.97552080
   -609.95298923
   -609.95524664
   -609.97272203
   -609.95322361
   -609.96542696
   -609.95452408
   -609.95489033
   -609.96583338
   -609.96467620
   -609.96783580
   -609.95585378
   -609.96023056
   -609.87326992
   -609.93652043
   -609.96599034
   -609.95887401
   -609.96250277
   -609.97220758
   -609.98243938
   -609.99618861
   -609.99624601
   -609.98987901
   -609.98680769
   -609.97658458
   -609.94554510
   -609.95464900
   -609.97840257
   -609.95100345
   -609.92942088
   -609.91717578
   -609.95189771
   -609.96615055
   -609.96969004
   -609.96046054
   -609.97000575
   -609.99220816
   -609.91144054
   -609.97909196
   -609.95568098
   -609.94021152
   -609.97801042
   -609.94636552
   -609.97276172
   -609.96268264
   -609.97626953
   -609.97224945
   -609.96641706
   -609.94198408
   -609.94930390
   -609.97424271
   -609.94255506
   -609.96757127
   -609.97680095
   -609.96783215
   -609.96874374
   -609.96585206
   -609.93990934
   -609.97605276
   -609.96618309
   -609.97820001
   -609.95742451
   -609.96184575
   -609.92284763
   -609.96764576
   -609.97665910
   -609.92043959
   -609.94464471
   -609.95537987
   -609.93154034
   -609.95271400
   -609.98681422
   -609.96814611
   -609.95527756
   -609.98407868
   -609.96146289
   -609.94994768
   -609.96228935
   -609.94472307
   -609.94548161
   -609.97014835
   -609.96041386
   -609.96593009
   -609.97834502
   -609.95111329
   -609.96627155
   -609.97581965
   -609.91747682
   -609.95865346
   -609.95890907
   -609.93413245
   -609.96569859
   -609.95850249
   -609.95045971
   -609.98656755
   -609.96219407
   -609.94765809
   -609.95821135
   -609.94658552
   -609.95374638
   -609.96541738
   -609.96397549
   -609.95021120
   -609.96718364
   -609.96869118
   -609.98018258
   -609.97165502
   -609.95171252
   -609.98658477
   -609.93937932
   -609.95853733
   -609.95772439
   -609.93067534
   -609.97993152
   -609.92488899
   -609.98739021
   -609.98390182
   -609.96035795
   -609.97229269
   -609.96876303
   -609.93492812
   -609.97249905
   -609.97888481
   -609.93454338
   -609.92784053
   -609.95731937
   -609.95964757
   -609.98242295
   -609.97683084
   -609.95773326
   -609.96585501
   -609.93761403
   -609.96084147
   -609.96366427
   -609.95226386
   -609.95550977
   -609.95641157
   -609.96330136
   -609.96182903
   -609.95360726
   -609.93570632
   -609.95676417
   -609.97423162
   -609.94903981
   -609.96692835
   -609.95077903
   -609.96219579
   -609.95681458
   -609.95966638
   -609.96554271
   -609.98421685
   -609.96103452
   -609.97413408
   -609.96839734
   -609.98261335
   -609.95129498
   -609.94050101
   -609.96565645
   -609.96305293
   -609.93093298
   -609.97972254
   -609.95276463
   -609.95856929
   -609.95205152
   -609.95940904
   -609.97120699
   -609.95173106
   -609.98967396
   -609.96150270
   -609.97013632
   -609.96872027
   -609.94705127
   -609.97883012
   -609.95987611
   -609.97703871
   -609.95270335
   -609.95975195
   -609.95830188
   -609.95253722
   -609.95535098
   -609.94836577
   -609.98330812
   -609.97631619
   -609.97418361
   -609.93955989
   -609.96318641
   -609.97503182
   -609.95368797
   -609.97720152
   -609.96060285
   -609.95984884
   -609.96991278
   -609.97970819
   -609.95487824
   -609.98061120
   -609.93561290
   -609.94816614
   -609.93653412
   -609.98551625
   -609.94060295
   -609.96394955
   -609.97672435
   -609.97850938
   -609.97928961
   -609.96243533
   -609.96103713
   -609.97678039
   -609.99414635
   -609.99288256
   -609.92984915
   -609.94589488
   -609.97424876
   -609.96368928
   -609.98378890
   -609.94967643
   -609.94206224
   -609.96896465
   -609.97187962
   -609.96937966
   -609.96943765
   -609.99640259
   -609.96969313
   -609.95100986
   -609.94042848
   -609.95872430
   -609.92598231
   -609.97196188
   -609.96750415
   -609.98363086
   -609.96888973
   -609.96217356
   -609.97151044
   -609.93493305
   -609.95893102
   -609.93851096
   -609.95417139
   -609.95864912
   -609.96057531
   -609.97737521
   -609.96916555
   -609.95496211
   -609.95670328
   -609.98822379
   -609.96289602
   -609.97510607
   -609.96366905
   -609.99617162
   -609.96015989
   -609.96337265
   -609.97338754
   -609.97976403
   -609.93577955
   -609.96216134
   -609.97066897
   -609.97244146
   -609.99506484
   -609.96394688
   -609.96019804
   -609.95449122
   -609.97073541
   -609.96054995
   -609.93774340
   -609.95667670
   -609.96058400
   -609.95940887
   -609.95020620
   -609.95166973
   -609.96429077
   -609.93767720
   -609.95196046
   -609.98402873
   -609.94821404
   -609.96418711
   -609.95493807
   -609.95455504
   -609.97641192
   -609.97564251
   -609.97228533
   -609.98126498
   -609.96105450
   -609.95416757
   -609.97559451
   -609.94400232
   -609.91686358
   -609.99370466
   -609.93662017
   -609.94169501
   -609.98912560
   -609.94954085
   -609.97067414
   -609.96846373
   -609.95454676
   -609.93267929
   -609.96970824
   -609.99181389
   -609.97328975
   -609.96282270
   -609.91685310
   -609.94683667
   -609.99976439
   -609.97716115
   -609.93743890
   -609.97503281
   -609.98195856
   -609.98493454
   -609.97233064
   -609.96697144
   -609.95311586
   -609.95078559
   -609.96939511
   -609.96389496
   -609.98042318
   -609.97977043
   -609.94355746
   -609.93349901
   -609.99121929
   -609.98052946
   -609.96940340
   -609.97610481
   -610.00507227
   -609.94354705
   -609.96879909
   -609.97938695
   -609.95123509
   -609.93867031
   -609.96177108
   -609.96431993
   -609.94806787
   -609.96150703
   -609.96449334
   -609.96085969
   -609.97144962
   -609.93821201
   -609.95326890
   -609.94281798
   -609.97795732
   -609.96012082
   -609.96326008
   -609.94773142
   -609.97078712
   -609.98632767
   -609.97745424
   -609.97503417
   -610.00175083
   -609.95359912
   -609.95861605
   -609.96256415
   -609.97737909
   -609.94887013
   -609.95092743
   -609.96309481
   -609.96383056
   -609.96906937
   -609.92310671
   -609.99518987
   -609.95666533
   -609.98275298
   -609.95095314
   -609.95398026
   -609.96074075
   -609.99494426
   -609.96927938
   -609.97583242
   -609.95898114
   -609.98789417
   -609.99123602
   -609.96240304
   -609.95656585
   -609.95729480
   -609.96659154
   -609.96463911
   -609.97516642
   -609.96713229
   -609.99724481
   -609.96282147
   -609.95422131
   -609.96535963
   -609.97796421
   -609.98050649
   -609.93181706
   -609.97022491
   -609.92926042
   -609.95637211
   -609.83374574
   -609.97581291
   -609.99327461
   -609.98479147
   -609.94268622
   -609.95326807
   -609.96979403
   -609.94550434
   -609.95776811
   -609.98105932
   -609.96667205
   -609.95675824
   -609.95610016
   -609.96611300
   -609.98617893
   -609.96404208
   -609.95426600
   -609.98112928
   -609.98447431
   -609.94819661
   -609.93663614
   -609.95897896
   -609.93661624
   -609.97280875
   -609.98129984
   -609.96123781
   -609.95394551
   -609.95047358
   -609.93231126
   -609.99388927
   -609.96471852
   -609.99717825
   -609.98509703
   -609.98156544
   -609.96058757
   -609.96011424
   -609.98011704
   -609.96302640
   -609.94856169
   -609.98413254
   -609.96096563
   -609.96965212
   -609.99961066
   -609.96066237
   -609.96992669
   -609.97592916
   -609.95831707
   -609.97755067
   -609.94285790
   -609.94755046
   -609.97932146
   -609.92584656
   -609.97159011
   -609.96352069
   -609.94564379
   -609.94629828
   -609.95890019
   -609.97135072
   -609.97596582
   -609.96737476
   -609.95286557
   -609.94344687
   -609.97403470
   -609.97737585
   -609.97193869
   -609.99851358
   -609.95755797
   -609.95802100
   -609.98116751
   -609.95276348
   -609.96721798
   -609.95973945
   -609.95607617
   -609.93765075
   -609.94764336
   -609.95892906
   -609.96479273
   -609.99340140
   -609.98031268
   -609.92034287
   -609.94799069
   -609.97642226
   -609.91431714
   -609.99254615
   -609.98406041
   -609.93453078
   -609.92742634
   -609.94341114
   -609.95986320
   -609.97996518
   -609.95235116
   -609.92721665
   -609.96141193
   -609.95180824
   -609.96236622
   -609.98208837
   -609.96607597
   -609.94116212
   -609.97038648
   -609.96063205
   -609.96076193
   -609.96940007
   -609.98977544
   -609.98016129
   -609.95440139
   -609.98029591
   -609.97470698
   -609.97773057
   -609.94704900
   -609.93729189
   -609.97312706
   -609.93922682
   -609.94671131
   -609.95151514
   -609.97318820
   -609.97156250
   -609.96659214
   -609.95382329
   -609.96815172
   -609.96802524
   -609.95294909
   -609.96608234
   -609.98290761
   -609.92203642
   -609.96092332
   -609.96901899
   -609.96046380
   -609.93401379
   -609.97774899
   -609.96267629
   -609.97298816
   -609.97792755
   -609.98146468
   -609.94974988
   -609.97192871
   -609.99891326
   -609.94804535
   -609.95229051
   -609.96658952
   -609.97113396
   -609.94662974
   -609.99542771
   -609.95054340
   -609.96301601
   -609.93882886
   -609.96964113
   -609.94929736
   -609.96604924
   -609.95544265
   -609.98033785
   -609.98533312
   -609.91398628
   -609.97384844
   -609.99287734
   -609.94573848
   -609.97873701
   -609.94727276
   -609.96893685
   -609.96069409
   -609.97220572
   -609.96243729
   -609.97998919
   -609.99661998
   -609.97017597
   -609.99212019
   -609.97501726
   -609.96972391
   -609.96676235
   -609.97129751
   -609.98007307
   -609.98489073
   -609.95536293
   -609.95931616
   -609.99002036
   -609.97168378
   -609.95802533
   -609.98025951
   -609.95037550
   -609.96874273
   -609.95039186
   -609.98277550
   -609.98706897
   -609.97540843
   -609.95211009
   -609.95485682
   -609.96146690
   -609.98749018
   -609.96679192
   -609.97336684
   -609.93891970
   -609.97592313
   -609.96138136
   -609.97981053
   -609.98316647
   -609.95787017
   -609.96183015
   -609.97466476
   -609.95160704
   -609.99268188
   -609.95167623
   -609.93515361
   -609.98183257
   -610.00421942
   -609.94149691
   -609.98437775
   -609.98806258
   -609.98322303
   -609.98812361
   -609.97429674
   -609.96552147
   -609.95790002
   -609.97816315
   -609.96279590
   -609.97657840
   -609.96700650
   -609.91998020
   -609.92918341
   -609.97468768
   -609.93356861
   -609.95365002
   -609.96899276
   -609.97101059
   -609.93940086
   -609.97090453
   -609.98515368
   -609.98496246
   -609.95930046
   -609.95132183
   -609.97907277
   -609.96031286
   -609.95249105
   -609.97962801
   -609.93981529
   -609.95945365
   -609.97447328
   -609.97488877
   -609.98776928
   -609.97784538
   -609.97311253
   -609.94114055
   -609.97065149
   -609.99514951
   -609.95175312
   -609.96490265
   -609.96916207
   -609.95738628
   -609.99989406
   -609.94207812
   -609.94997087
   -609.97712689
   -609.97723530
   -609.96103545
   -609.96555186
   -609.96221725
   -609.93465669
   -609.96780905
   -609.96597782
   -609.96321875
   -609.95676216
   -609.97822898
   -609.94693093
   -609.97767469
   -609.94384478
   -609.97240652
   -609.95647246
   -609.91302948
   -609.96120994
   -609.97081035
   -609.97069360
   -609.95191658
   -609.93609429
   -609.97849558
   -609.98633388
   -609.96199750
   -609.94943429
   -609.97218275
   -609.96603325
   -609.95442225
   -609.98000886
   -610.00362575
   -609.96482608
   -609.95099528
   -609.95044238
   -609.95937444
   -609.96859810
   -609.95537998
   -609.93436479
   -609.95266229
   -609.93282633
   -609.93954238
   -609.99528217
   -609.96648530
   -609.97617029
   -609.98387765
   -609.97626647
   -609.97745943
   -609.97415987
   -609.96178565
   -609.95209935
   -609.95716782
   -609.97314334
   -609.97101703
   -609.98061236
   -609.97918577
   -609.96447096
   -609.97339992
   -609.98800726
   -609.96055627
   -609.95802099
   -609.95229865
   -609.93785815
   -609.93359827
   -609.93002985
   -609.97001802
   -609.95040566
   -609.97557493
   -609.95991638
   -609.93722242
   -609.95879142
   -609.98751048
   -609.98504350
   -609.97431922
   -609.96080178
   -609.96852040
   -609.99748001
   -609.97597420
   -609.95829202
   -609.94849466
   -609.96965067
   -609.97289540
   -609.96137603
   -609.97718192
   -609.99531918
   -609.95018251
   -609.95168865
   -609.93803298
   -609.98788878
   -609.94921742
   -609.95595953
   -609.96441402
   -609.98926368
   -609.96965481
   -609.97359868
   -609.94791720
   -609.94982429
   -609.95213283
   -609.98261231
   -609.95898136
   -609.96451716
   -609.95215428
   -609.95658101
   -609.97461723
   -609.92814575
   -609.97414009
   -609.93889336
   -609.94041075
   -609.96419684
   -609.95534613
   -609.97965131
   -609.91525510
   -609.95490077
   -609.99896375
   -609.97042807
   -609.94520505
   -609.95898772
   -609.96099483
   -609.95559726
   -609.98205410
   -609.96599203
   -609.95969844
   -609.93745923
   -609.93302421
   -609.96944254
   -609.97710660
   -609.95953484
   -609.97649368
   -609.97795123
   -609.96841877
   -609.94989089
   -609.97495534
   -609.94904991
   -609.95521810
   -609.95769840
   -609.98331313
   -609.95691999
   -609.94812139
   -609.97113641
   -609.97702820
   -609.93857969
   -609.97466462
   -609.94340442
   -609.98000205
   -609.98398949
   -609.95221570
   -609.95744134
   -609.92521232
   -609.96242232
   -609.97237580
   -609.94631197
   -609.97295608
   -609.95967394
   -609.97866062
   -609.94136700
   -609.98339700
   -609.97912259
   -609.97680309
   -609.94858102
   -609.98222525
   -609.95451903
   -609.92729833
   -609.95939744
   -609.97116820
   -609.96957315
   -609.96721481
   -609.97442990
   -609.96055035
   -609.97675886
   -609.98814030
   -609.98863727
   -609.97460672
   -609.97462609
   -609.97397467
   -609.93819225
   -609.97585048
   -609.97051174
   -609.96933170
   -609.93323609
   -609.96810340
   -609.97149380
   -609.96842836
   -609.93980324
   -609.96520646
   -609.96549176
   -609.96955774
   -609.95490857
   -609.97293884
   -609.95872939
   -609.98714545
   -609.94683614
   -609.98524879
   -609.99269709
   -609.98226495
   -609.96028525
   -609.97489480
   -609.93518879
   -609.96838696
   -609.97812375
   -609.96916736
   -609.97664815
   -609.98743892
   -609.96801183
   -609.95229999
   -609.97141212
   -609.97087436
   -609.96575597
   -609.95598058
   -609.97183752
   -609.97625379
   -609.95155426
   -609.96017601
   -609.99651998
   -609.96678917
   -609.91826486
   -609.97399922
   -609.97352030
   -609.95749516
   -609.95072695
   -609.97420946
   -609.94226465
   -610.00861596
   -609.94502552
   -609.96340818
   -609.95146445
   -609.96968862
   -609.92212627
   -609.99273874
   -609.93425156
   -609.98148948
   -609.97343451
   -609.86204142
   -609.98304016
   -609.99894660
   -609.97719871
   -609.98287554
   -609.99857140
   -609.93841275
   -609.96169148
   -609.96238950
   -609.93980865
   -609.96914678
   -609.95789178
   -609.95735523
   -609.96749259
   -610.00207777
   -609.94927251
   -609.97256194
   -609.95202630
   -609.97757526
   -609.94669205
   -609.95071148
   -609.94705006
   -609.96634880
   -609.96046285
   -609.95529166
   -609.99801453
   -609.95257422
   -609.93971777
   -609.95663704
   -609.94355002
   -609.95368238
   -609.99046559
   -609.97034295
   -609.97220629
   -609.95561709
   -609.94976225
   -609.94997821
   -609.98277205
   -609.96982322
   -609.94426107
   -609.94326575
   -609.95619735
   -609.97521326
   -609.98644411
   -609.94898686
   -609.96655141
   -609.94633370
   -609.97073143
   -609.98978244
   -609.96822807
   -609.98437720
   -609.96712891
   -609.95144390
   -609.96628716
   -609.92278556
   -609.97093548
   -609.97742942
   -609.92834134
   -609.95314640
   -609.96619585
   -609.83359290
   -610.00101628
   -609.96024659
   -609.95367213
   -609.93267519
   -609.95381187
   -609.98407137
   -609.99955426
   -609.94064460
   -609.96887326
   -609.93813069
   -609.97099466
   -609.98004049
   -609.98400435
   -609.96340350
   -609.98826887
   -609.91721540
   -610.00165778
   -609.95057127
   -609.97153293
   -609.96109221
   -609.93554815
   -609.97876606
   -609.96932779
   -609.96357866
   -609.96944543
   -609.94384511
   -609.97791023
   -609.96502899
   -609.94109486
   -609.97310277
   -609.95868505
   -609.95406143
   -609.96034928
   -609.97097109
   -609.94571942
   -609.97158916
   -609.94519801
   -609.99323593
   -609.94487457
   -609.97779376
   -609.96649568
   -609.94893546
   -609.95682726
   -609.96072858
   -609.95283282
   -609.95210625
   -609.94784631
   -609.98839706
   -609.92855137
   -609.95695431
   -609.95160925
   -609.96286625
   -609.97855870
   -609.96666385
   -609.97180377
   -609.98214507
   -609.98381176
   -609.99579392
   -609.94447406
   -609.97068751
   -609.94410742
   -609.96786933
   -609.94610328
   -609.96720449
   -609.95661206
   -609.96488026
   -609.98142155
   -609.92046375
   -609.93407166
   -609.98463134
   -609.99706083
   -609.96896873
   -609.96257838
   -609.95246385
   -609.95521649
   -609.95049459
   -609.95704220
   -609.94862766
   -609.96230036
   -609.98303310
   -609.95447827
   -609.99126734
   -609.93665176
   -609.95569380
   -609.97776064
   -609.97052591
   -609.98684088
   -609.95761000
   -609.95366889
   -609.94604968
   -609.96509886
   -609.96419976
   -609.93155046
   -609.96628747
   -609.99059583
   -609.92012611
   -609.95563685
   -609.92472118
   -609.97837311
   -609.97139692
   -609.95524181
   -609.96507360
   -609.98868144
   -609.97038460
   -609.97614963
   -609.96918534
   -609.96717728
   -609.98236354
   -609.96752389
   -609.95546315
   -609.97500642
   -609.95207533
   -609.93960615
   -609.96534618
   -609.98955226
   -609.98327059
   -609.96466384
   -609.97624924
   -609.99084562
   -609.97978655
   -609.98887562
   -609.97415378
   -609.95480649
   -609.96620328
   -609.97807383
   -609.98514833
   -609.95010883
   -609.95516152
   -609.96995598
   -609.96874440
   -609.96114164
   -609.98935060
   -609.94356628
   -609.96586465
   -609.95878623
   -609.95336403
   -609.96715170
   -609.97405362
   -609.94726072
   -609.95068162
   -609.97644246
   -609.96556469
   -609.89305243
   -609.90862537
   -609.96646193
   -609.94519652
   -609.97226341
   -609.93053396
   -609.98776793
   -609.98205513
   -609.93848550
   -609.95230105
   -609.97246463
   -609.93255927
   -609.98246123
   -609.98409210
   -609.95840315
   -609.98210084
   -609.97134019
   -609.97723331
   -609.99183558
   -609.97169142
   -609.98257756
   -609.95231166
   -609.95199898
   -609.99917408
   -609.96013689
   -609.97946361
   -609.94701634
   -609.98232134
   -610.00005417
   -609.95180439
   -609.94650255
   -609.95962072
   -609.95894014
   -609.98788441
   -609.94607971
   -609.95810091
   -609.98152078
   -609.98277964
   -609.93454535
   -609.96569396
   -609.92404932
   -609.96152170
   -609.98077690
   -609.97533754
   -609.96586341
   -609.98750626
   -609.96833648
   -609.94215594
   -609.95962260
   -609.94889263
   -609.95212863
   -609.95137373
   -609.95140001
   -609.98879846
   -609.96148840
   -609.93158670
   -609.99492357
   -609.98853202
   -609.97756103
   -609.96585272
   -609.99734103
   -609.97632068
   -609.96838124
   -609.98172732
   -609.95756749
   -609.96634105
   -609.94512730
   -610.00090252
   -609.94628162
   -609.96079850
   -609.96606851
   -609.93114806
   -609.97339780
   -609.95292887
   -609.96266826
   -609.96772052
   -609.96740735
   -609.98545156
   -609.95141357
   -609.98084946
   -609.98145640
   -609.98115475
   -609.95002204
   -609.97279439
   -609.95355395
   -609.95673165
   -609.99154982
   -609.97873622
   -609.95379360
   -609.95946291
   -609.97712760
   -609.98053005
   -609.95669360
   -609.95979028
   -609.94751455
   -609.97039744
   -609.95337164
   -609.93195723
   -609.95956802
   -609.96916248
   -609.98394154
   -609.96535240
   -609.96665354
   -609.99982625
   -609.94684878
   -609.95337641
   -609.98179401
   -609.96793347
   -609.95943342
   -609.97316921
   -609.93129292
   -609.98003022
   -609.97272044
   -609.97776816
   -609.98212247
   -609.97743294
   -609.95843669
   -609.95979952
   -609.96242975
   -609.94057266
   -609.98405618
   -609.92281405
   -609.91364970
   -609.92464568
   -609.93579385
   -610.00000690
   -609.97589830
   -609.97264006
   -609.95610310
   -609.94497370
   -609.96809636
   -609.97298423
   -609.95639617
   -609.98904201
   -609.99107027
   -609.94745474
   -609.94179929
   -609.98695624
   -609.94403215
   -609.97709888
   -609.94927044
   -610.00987442
   -609.98427415
   -609.96144668
   -609.99745631
   -609.92298038
   -609.97328421
   -609.96233171
   -609.95139901
   -609.95893868
   -609.94867768
   -610.00197994
   -609.93977405
   -609.94314899
   -609.99559631
   -609.97683778
   -609.96879211
   -609.97580561
   -609.95843156
   -609.95703949
   -609.99263427
   -609.96773679
   -609.97230569
   -609.94893115
   -609.97125846
   -609.98470142
   -609.94757702
   -609.98306914
   -609.97769509
   -609.96207984
   -609.96613082
   -609.95554380
   -609.96841105
   -609.97092285
   -609.96179910
   -609.91092575
   -609.94194653
   -609.97768415
   -609.96891966
   -609.94790388
   -609.97213382
   -609.98603178
   -609.98742232
   -609.95609246
   -609.98104960
   -609.97011481
   -609.92885994
   -609.95576439
   -609.93323903
   -609.98177058
   -609.97636617
   -609.97025515
   -609.94153858
   -609.97107439
   -609.96148619
   -609.97395663
   -609.92960203
   -609.96262678
   -609.95647453
   -609.96296151
   -609.97335000
   -609.94168673
   -609.95349505
   -609.97954787
   -609.95015309
   -609.96904691
   -609.97847863
   -609.97480641
   -609.96876574
   -609.96739216
   -609.96855189
   -609.99564795
   -609.96841422
   -609.95950966
   -609.96921856
   -609.98594100
   -609.96934215
   -609.98175821
   -609.93087722
   -609.96403227
   -609.94899252
   -609.92420296
   -609.95636154
   -609.97663666
   -609.97768927
   -609.94839678
   -609.97537449
   -609.96905821
   -609.94848124
   -609.98783144
   -609.92965523
   -609.97610988
   -609.95183919
   -609.97519982
   -609.97885745
   -609.97812862
   -609.95465025
   -609.97613936
   -609.96002670
   -609.95247463
   -609.94890452
   -609.96047093
   -609.96091510
   -609.94969771
   -609.97051543
   -609.92284961
   -609.97224207
   -609.97204589
   -609.95869609
   -610.00034901
   -609.94392783
   -609.95504851
   -609.97749431
   -609.95055082
   -609.96514937
   -609.96558334
   -609.95433653
   -609.95881697
   -609.95670102
   -609.94930973
   -609.94826252
   -609.99641703
   -609.95357586
   -609.93803368
   -609.97361711
   -609.98833552
   -609.94456201
   -609.95638757
   -609.96058741
   -609.95429373
   -609.94899453
   -609.96420430
   -609.95691765
   -609.94290437
   -609.93511647
   -609.95065471
   -609.97087576
   -609.96420847
   -609.96445334
   -609.96455575
   -609.96617664
   -609.96492956
   -609.92935617
   -609.95230312
   -609.99033471
   -609.95220298
   -609.97298648
   -609.96718842
   -609.94257811
   -609.96604477
   -609.97599004
   -609.99686598
   -609.98648451
   -609.94738891
   -609.93836524
   -609.97790357
   -609.97747649
   -609.94729614
   -609.97689636
   -609.96291197
   -609.95306070
   -609.93182501
   -609.97893219
   -609.94704427
   -609.98329956
   -609.97653799
   -609.97561611
   -609.97645324
   -609.95198811
   -609.97185602
   -609.96682501
   -609.96065970
   -609.93995294
   -609.96488464
   -609.97934918
   -609.95897903
   -609.98687115
   -609.96792654
   -609.96467515
   -609.96808140
   -609.97016712
   -609.85442675
   -609.97783083
   -609.99278953
   -609.95972934
   -609.97849063
   -609.94542873
   -609.95410092
   -609.95170014
   -609.98474869
   -609.94620387
   -609.99490078
   -609.98460138
   -609.98278115
   -609.96881183
   -609.94542782
   -609.96178959
   -609.95634141
   -609.95446384
   -609.94620279
   -609.99946863
   -609.97236848
   -609.93327459
   -609.95758053
   -609.96061210
   -609.96234192
   -609.95918217
   -609.95637533
   -609.96349925
   -609.94675456
   -609.94452429
   -609.93617669
   -609.94909933
   -609.94362573
   -609.96964148
   -609.97401844
   -609.98294613
   -609.98133333
   -609.92978127
   -609.94214715
   -609.99830796
   -609.94620955
   -609.93677639
   -609.97784142
   -609.97976296
   -609.93774316
   -609.91510570
   -609.98655164
   -609.98322440
   -609.96100794
   -609.99555595
   -609.96486954
   -609.95688906
   -609.97937288
   -609.93347956
   -609.96291903
   -609.97663280
   -609.95166177
   -609.99115446
   -609.98502820
   -609.97118269
   -609.97736839
   -609.98794081
   -609.96053813
   -609.96035901
