% The following energies apply to conformations described by the topology 
% R35.top.  Structures are given in trajectory coords.cdf, count: 2829.

% Item 0:
%   Energy -> orca_structures/coor*/Conf*.out
   -574.04480303
   -574.02473497
   -574.07146552
   -574.08541291
   -574.07482366
   -574.06283419
   -574.08007677
   -574.04086270
   -574.09685111
   -574.07125248
   -574.05744929
   -574.05603287
   -574.06782596
   -574.09480514
   -574.06439879
   -574.00672490
   -574.05794957
   -574.06050334
   -574.05742581
   -574.08252215
   -574.08070672
   -574.09308767
   -574.05862086
   -574.07997610
   -574.09755299
   -574.05237666
   -574.08560724
   -574.08058454
   -574.01441020
   -574.07409990
   -573.99994078
   -574.01279060
   -574.06336974
   -574.05307672
   -574.01273321
   -574.07452467
   -574.06093113
   -574.08174386
   -574.07421194
   -574.05177273
   -574.09132429
   -574.05815967
   -574.08548150
   -574.05678518
   -574.06962016
   -574.05082863
   -574.06041213
   -574.06886555
   -574.06163629
   -574.04529002
   -574.08860125
   -574.03567022
   -574.06349755
   -574.06567616
   -574.05096830
   -574.00423660
   -574.07429257
   -574.09104483
   -574.05192221
   -574.10655374
   -574.05551417
   -574.06593785
   -574.06412245
   -574.04810463
   -574.07668224
   -574.03042942
   -574.04503264
   -574.05677822
   -574.07986475
   -574.01541753
   -574.06007577
   -574.05508048
   -574.09192458
   -574.06442383
   -574.05867628
   -574.07752104
   -574.07046519
   -574.06911268
   -574.05517345
   -574.05273882
   -573.99695090
   -574.06401037
   -574.07461270
   -574.05309588
   -574.08875435
   -574.08771969
   -574.07829174
   -574.05786681
   -574.06219333
   -574.07139746
   -574.00749452
   -574.07780635
   -573.99978484
   -574.00634603
   -574.07860031
   -574.07166124
   -574.05373711
   -573.99865873
   -574.07678644
   -574.05323763
   -574.07128064
   -574.04981322
   -574.01440379
   -574.01491903
   -574.06639137
   -574.06587630
   -574.05717996
   -574.06802213
   -574.08080856
   -574.06032890
   -574.09558846
   -574.05620388
   -574.05570850
   -574.06321262
   -574.11010163
   -574.06722694
   -574.08889691
   -574.05599429
   -574.07281331
   -574.08403973
   -574.05933596
   -574.04544011
   -574.08647657
   -574.06428211
   -574.05885924
   -574.08041365
   -574.05481731
   -574.07711589
   -574.07724263
   -574.04552428
   -574.05402932
   -574.03126211
   -574.03595134
   -574.07974803
   -574.05513564
   -574.08297373
   -574.06649737
   -574.08900497
   -574.06394238
   -574.07339659
   -574.07188661
   -574.06667595
   -574.05523554
   -574.04658117
   -574.07898680
   -574.05797649
   -574.01772026
   -573.96611361
   -573.99107901
   -574.05648694
   -574.07029087
   -574.06800259
   -574.02128571
   -574.09297835
   -574.06650421
   -574.06606781
   -574.05734170
   -574.01554809
   -574.05682984
   -574.02311437
   -574.08961518
   -574.01057778
   -574.06632858
   -574.06812058
   -574.06143643
   -574.05929816
   -574.08277483
   -574.07034889
   -574.09667657
   -574.06899053
   -574.04858615
   -574.07904317
   -574.07226360
   -574.08003932
   -574.04864742
   -574.07014102
   -574.00392098
   -574.07765168
   -573.99764071
   -574.07662318
   -574.04086372
   -574.06325209
   -574.06497917
   -574.06505840
   -574.10040669
   -574.08106794
   -574.05335470
   -574.09530117
   -574.08605397
   -574.04219264
   -574.04817518
   -574.05067940
   -574.05160744
   -574.06024511
   -574.07685781
   -574.07182291
   -574.06136473
   -574.06625145
   -574.08679007
   -573.99776058
   -574.05245691
   -574.03660226
   -574.05607025
   -574.07578176
   -574.04417310
   -574.05468774
   -574.07623981
   -574.05247315
   -574.08856725
   -574.07266003
   -574.07557345
   -574.02633564
   -574.08605638
   -574.06106858
   -574.04587273
   -574.06300460
   -574.04305733
   -574.06432095
   -574.09280463
   -574.02369878
   -574.07923718
   -574.06616044
   -574.06308937
   -574.05814440
   -574.07304445
   -574.03843862
   -574.07506967
   -574.04667375
   -574.09181436
   -574.06469052
   -574.07292916
   -574.05993555
   -574.05065259
   -574.07707107
   -574.05693004
   -574.07577965
   -574.06666807
   -574.07271887
   -574.08253996
   -573.96814934
   -574.06683474
   -574.10153679
   -574.06144919
   -574.08451615
   -574.09117158
   -574.04380812
   -574.07600054
   -574.05399397
   -574.06492465
   -574.06874722
   -574.05455777
   -574.04462375
   -574.05077219
   -574.06738798
   -574.04184306
   -574.08214391
   -574.06754182
   -574.06797687
   -574.07179535
   -574.04154500
   -574.06293060
   -574.05786400
   -574.07333220
   -574.06190549
   -574.08519616
   -574.06192140
   -573.99800966
   -574.07971266
   -574.08775743
   -574.07294813
   -574.08019692
   -574.05411432
   -574.07097800
   -574.07590461
   -574.08707620
   -574.07710362
   -574.05900936
   -574.06400844
   -574.05720617
   -574.02300619
   -574.04216140
   -574.07196861
   -574.05392223
   -574.06486010
   -574.08319641
   -574.06211666
   -574.02714657
   -574.05607992
   -574.07659113
   -574.08478820
   -574.09035761
   -574.04229823
   -574.09019366
   -574.07979973
   -574.08792816
   -574.09697105
   -574.00216601
   -574.08547533
   -574.00119411
   -574.03825211
   -574.07427797
   -574.05253009
   -574.07353093
   -574.08728678
   -574.09818004
   -574.06383441
   -574.08156965
   -574.08063790
   -574.08458763
   -574.07237470
   -574.06810140
   -574.06495818
   -574.05034022
   -574.04239028
   -574.06309568
   -573.99651251
   -574.07451835
   -574.04222388
   -574.08451322
   -574.05672229
   -574.06217607
   -574.07808360
   -574.08876400
   -574.07876239
   -574.08047240
   -574.05914094
   -574.01622807
   -574.07412756
   -574.05715661
   -574.07726972
   -574.07476233
   -574.07656464
   -574.03878380
   -574.07618423
   -574.03255992
   -574.07244260
   -574.07672088
   -574.06599972
   -574.07358052
   -574.06859852
   -574.05540075
   -574.07080952
   -574.03678582
   -574.07792476
   -574.05676212
   -574.06793961
   -574.06174656
   -574.09664064
   -574.06124874
   -574.05487185
   -574.05156903
   -574.07564067
   -574.06773420
   -574.07682752
   -574.07408945
   -574.06864493
   -574.07579619
   -574.06577748
   -574.10718446
   -574.06463728
   -574.04430025
   -574.08792939
   -574.01605225
   -574.06587950
   -574.05341192
   -574.08817779
   -574.07890915
   -574.07664533
   -574.07514083
   -574.05407215
   -574.05887020
   -574.06065829
   -574.09204326
   -574.08770674
   -574.06501373
   -574.05203215
   -574.05543521
   -574.09614149
   -574.09033486
   -574.06992152
   -574.06441285
   -574.09901897
   -574.09071388
   -574.05140923
   -574.08254675
   -574.09104933
   -574.06339152
   -574.08109131
   -574.07042835
   -574.06482023
   -574.06505584
   -574.03750196
   -574.08820356
   -574.07429980
   -574.07014393
   -574.06797822
   -574.07410291
   -574.06889816
   -574.01976920
   -574.06243721
   -574.00763865
   -574.08794069
   -574.07953094
   -574.08539199
   -574.03171554
   -574.07438244
   -574.00343412
   -574.06502715
   -574.08753000
   -574.09292124
   -574.05491533
   -574.08355388
   -574.07223062
   -574.06513702
   -574.11289618
   -574.06791358
   -574.05288169
   -574.08634970
   -574.07228608
   -574.04509752
   -574.01106724
   -574.09855276
   -574.09228906
   -574.07986514
   -574.08164441
   -574.05280369
   -574.07533342
   -574.07505763
   -574.00255581
   -574.07614039
   -574.07262437
   -574.09868239
   -574.05810200
   -574.10359326
   -574.05015746
   -574.05319467
   -574.02962868
   -574.06772307
   -574.06081594
   -574.00235675
   -574.04982200
   -574.09705311
   -574.07855805
   -574.05474956
   -574.07876389
   -574.02377497
   -574.06165306
   -574.09704165
   -574.06337280
   -574.05587697
   -574.06245416
   -574.06621868
   -574.05799029
   -574.08701867
   -574.07599702
   -574.01028509
   -574.06402099
   -574.07526673
   -574.08358765
   -574.07645609
   -574.08970714
   -574.09150303
   -574.07532162
   -574.03560502
   -574.06991385
   -574.08217173
   -574.05224843
   -574.07473438
   -574.08088842
   -574.05496723
   -574.09169289
   -574.06052243
   -574.06334241
   -574.07225197
   -574.08370219
   -574.05667467
   -574.05977436
   -574.04770638
   -574.08471813
   -574.04753462
   -574.06270378
   -574.03977156
   -574.00754914
   -574.08740883
   -574.06906441
   -574.05363360
   -574.09352503
   -574.04567872
   -574.06733263
   -574.05480734
   -574.05073845
   -574.06267634
   -574.06731816
   -574.08620564
   -574.09021313
   -574.07940020
   -574.03717077
   -574.06215808
   -574.06690959
   -574.07353646
   -574.08920982
   -574.07604924
   -574.01619608
   -574.07231401
   -574.08456960
   -574.06671987
   -574.07188754
   -573.99843593
   -574.08928297
   -574.05119041
   -574.05280343
   -574.08083788
   -573.96043129
   -574.07162946
   -574.07015483
   -574.06194805
   -574.05691480
   -574.08125711
   -574.06759623
   -574.05535080
   -574.06982597
   -574.05708400
   -574.07396660
   -574.05914057
   -574.07644738
   -574.08308775
   -574.05707721
   -574.03377137
   -574.09011535
   -574.04934436
   -574.05847783
   -574.09091228
   -574.08055825
   -574.08724489
   -574.07770832
   -574.08698218
   -574.06074608
   -574.05538341
   -574.07373091
   -574.08475519
   -574.06291029
   -574.08263143
   -574.07559779
   -574.06551766
   -574.05839891
   -574.06858150
   -574.07094030
   -574.06205874
   -574.05181808
   -574.08192714
   -574.01275187
   -574.07994745
   -574.06721599
   -574.04886735
   -574.04393755
   -574.05919739
   -574.05769035
   -574.07091656
   -574.06648402
   -574.06677336
   -574.04155678
   -574.06863738
   -574.06585856
   -574.09483238
   -574.06833024
   -574.05943694
   -574.07306483
   -574.05182135
   -574.08869555
   -574.05247615
   -574.04986103
   -574.04996881
   -574.07383011
   -574.07284721
   -574.05948757
   -574.08593669
   -574.05406116
   -574.03481559
   -573.98391369
   -574.10191833
   -574.04290148
   -574.09371948
   -573.98337310
   -574.03201235
   -574.07967189
   -574.07232329
   -574.06788274
   -574.06226814
   -574.08052163
   -574.06355080
   -574.07559917
   -574.09241453
   -574.06928073
   -574.04887779
   -574.07912975
   -574.08049945
   -574.02151719
   -574.00290180
   -574.06332426
   -574.06523974
   -574.03319512
   -574.06377054
   -574.03224446
   -574.08468974
   -574.06738763
   -574.08246677
   -574.05996369
   -574.06560814
   -574.07255139
   -574.07017633
   -574.05168610
   -574.05692453
   -574.03751384
   -574.07260782
   -574.09041959
   -574.05785613
   -574.05063523
   -574.00847978
   -574.05233387
   -574.07865917
   -574.05779351
   -574.06045647
   -574.07920515
   -574.09732507
   -574.10808855
   -574.06397927
   -574.03939178
   -574.02998860
   -574.05220778
   -574.03921387
   -574.05871636
   -574.07146025
   -574.02793336
   -573.99902294
   -574.01980621
   -574.08367386
   -574.08703685
   -573.95733938
   -574.08827270
   -574.01205619
   -574.08300178
   -574.08081321
   -574.05083813
   -574.09564355
   -574.07457267
   -574.03527695
   -574.06715363
   -574.08767252
   -574.07033906
   -574.06200040
   -574.06629023
   -574.05401401
   -574.05038995
   -574.06451803
   -574.07572676
   -574.09653253
   -574.04685001
   -574.01594687
   -574.07095092
   -574.06397287
   -574.05678009
   -573.99576386
   -574.10165462
   -574.08874198
   -574.05610753
   -574.10064921
   -574.08419661
   -574.07717236
   -574.05854194
   -574.06048953
   -574.06984107
   -574.05328885
   -574.08390931
   -574.07756082
   -574.06034305
   -574.06367791
   -574.07824944
   -574.08519777
   -574.09873138
   -574.09772134
   -574.04754694
   -574.08221853
   -574.06474236
   -574.02238078
   -574.06033639
   -574.09277543
   -574.05986564
   -574.09062902
   -574.06465639
   -574.06994837
   -574.05564872
   -573.98614898
   -573.96117501
   -574.04595292
   -574.06535519
   -574.04797226
   -574.04776192
   -574.06945336
   -574.04291586
   -574.08490335
   -574.07308075
   -574.08195996
   -574.06652922
   -573.98085435
   -574.08979699
   -574.02818174
   -574.05961232
   -574.03266985
   -574.07600028
   -573.99518098
   -574.04635564
   -574.06855673
   -574.10043022
   -574.06878193
   -574.08994971
   -574.09211984
   -574.08404616
   -574.06518291
   -574.08507002
   -574.06939706
   -574.08300377
   -574.08630463
   -574.09505769
   -574.07070336
   -574.07066898
   -574.04307694
   -574.05582477
   -574.07574588
   -574.06020657
   -574.05543014
   -574.06345256
   -574.07330517
   -574.03058722
   -574.07536757
   -574.05861887
   -574.10401367
   -574.05944552
   -574.10019490
   -574.08560008
   -574.07956919
   -574.06535087
   -574.07292972
   -574.06925102
   -574.06405704
   -574.08367140
   -574.07363878
   -574.07137499
   -574.08964288
   -574.05778981
   -574.04219076
   -574.01545577
   -574.06356019
   -574.04135071
   -574.07911182
   -574.05098647
   -574.05457087
   -574.04397053
   -574.00006614
   -574.06729305
   -574.07478502
   -574.05850922
   -574.09295550
   -574.02410089
   -574.01070984
   -574.08423175
   -574.04561791
   -574.07129105
   -574.04003675
   -574.00466104
   -574.06261168
   -574.07190431
   -574.04324680
   -574.02972187
   -574.09146184
   -574.04347635
   -574.07785854
   -574.01011520
   -574.05728410
   -574.08957833
   -574.08042016
   -574.06898640
   -574.06984282
   -574.06851953
   -574.09968815
   -574.06366056
   -574.07805031
   -574.05226261
   -574.06166466
   -574.05636931
   -574.07095576
   -574.08181619
   -574.09302909
   -574.07014434
   -574.07789244
   -574.08380718
   -574.07632755
   -574.04862878
   -574.06951555
   -574.09530163
   -574.06687335
   -574.06651976
   -574.01088772
   -574.07931088
   -574.06511058
   -574.07065127
   -574.04724616
   -574.09448656
   -574.07476532
   -574.09232680
   -574.07484826
   -574.05072493
   -574.06814728
   -574.06663796
   -574.06782895
   -574.05759452
   -574.07668452
   -574.06964356
   -574.07224514
   -574.08771587
   -574.04856877
   -574.09408948
   -574.05948063
   -574.05145389
   -574.07077820
   -574.05582748
   -574.05446980
   -574.05664068
   -574.08138676
   -574.06808762
   -574.08682741
   -574.07868772
   -574.08937426
   -574.06614643
   -574.08980883
   -574.04550885
   -574.08982147
   -574.05825515
   -574.05479497
   -574.07276137
   -574.08065849
   -574.06545478
   -574.07908070
   -574.09394118
   -574.08198386
   -574.06749584
   -574.08287779
   -574.05657479
   -574.07268747
   -574.06904849
   -574.07613307
   -574.05912869
   -574.06791896
   -573.98964543
   -574.05921197
   -574.04033489
   -574.05284344
   -574.06899441
   -574.04216024
   -574.09725493
   -574.06650382
   -574.05595547
   -574.09473241
   -574.06149553
   -574.04575242
   -574.08073091
   -574.06052161
   -574.07128031
   -574.05985988
   -574.07085196
   -574.07076815
   -574.04808900
   -574.06665758
   -574.07130648
   -574.06671489
   -574.05074441
   -574.06860846
   -574.06232272
   -574.08501771
   -574.01621909
   -574.08410830
   -574.08285901
   -574.07712661
   -574.05952838
   -574.06916813
   -574.06604708
   -574.00240154
   -574.07889797
   -574.07153561
   -574.07556114
   -574.08802878
   -574.06728492
   -574.09560465
   -574.02988857
   -574.06301883
   -574.08340686
   -574.07254300
   -574.07866781
   -574.07961623
   -574.08110562
   -574.00166903
   -574.07224371
   -573.99534996
   -574.10199066
   -574.06981177
   -574.05170279
   -574.05186222
   -574.01612092
   -574.05516904
   -574.06553012
   -574.07897058
   -574.06950781
   -574.01361501
   -574.06283997
   -574.05478332
   -574.08751413
   -574.07712294
   -574.07952536
   -574.05354669
   -574.05275129
   -574.05849278
   -574.07156301
   -574.04340805
   -574.06971733
   -574.07129506
   -573.99881490
   -574.07832206
   -574.05370205
   -574.03645393
   -574.07782458
   -574.09651926
   -574.05952512
   -574.08921920
   -574.07874046
   -574.03310424
   -574.08461776
   -574.06128675
   -574.07479921
   -574.08573345
   -574.05205743
   -574.08109978
   -574.06664343
   -574.06515772
   -574.06687959
   -574.07669161
   -574.04710124
   -574.00973454
   -574.08187894
   -574.06677203
   -574.06732557
   -574.07204369
   -574.09127149
   -573.95212308
   -574.09221013
   -574.06309808
   -574.07473000
   -574.06259181
   -574.08738224
   -574.09010630
   -574.05531728
   -574.05457517
   -574.05097466
   -574.05981825
   -574.06530736
   -574.05473894
   -574.06651411
   -574.06981154
   -574.07766246
   -574.04766134
   -574.07732753
   -574.07698049
   -574.07611986
   -574.06592251
   -574.09067694
   -574.06055109
   -574.07037274
   -574.08290368
   -574.08325957
   -574.03696087
   -574.07219744
   -574.05485473
   -574.06993372
   -574.04837855
   -574.06151625
   -574.09311555
   -574.08685864
   -574.08778217
   -574.06533866
   -574.08721477
   -574.08285432
   -574.06053755
   -574.08245859
   -573.94679165
   -574.07447656
   -574.07675291
   -574.06858028
   -574.08965073
   -574.06698433
   -574.06151606
   -574.08432723
   -574.08363503
   -574.04300812
   -574.07473945
   -574.07309136
   -574.08064606
   -574.00155845
   -574.07257612
   -574.06414955
   -574.06398533
   -574.08077412
   -574.07955913
   -574.05691881
   -574.06998624
   -574.07989585
   -574.07477149
   -574.00970192
   -574.07263434
   -574.05980089
   -574.04760733
   -574.07926642
   -574.08303425
   -574.06416856
   -574.04307589
   -574.06115687
   -574.05994589
   -574.06401982
   -573.98013212
   -574.07474027
   -574.08115051
   -574.05430949
   -574.08646981
   -574.07598336
   -574.03382764
   -574.08333236
   -574.10957305
   -574.07241181
   -574.08739468
   -574.04773970
   -574.08678262
   -574.05262315
   -574.04878467
   -574.10119256
   -574.08626163
   -574.09472476
   -574.10452114
   -574.06399632
   -574.05517118
   -574.06760129
   -574.08668876
   -574.04668137
   -574.06421640
   -574.08358073
   -574.01882934
   -574.04989628
   -574.06574145
   -574.05463085
   -574.11089661
   -574.08704293
   -574.08326020
   -574.07020335
   -574.05999336
   -574.06859077
   -574.00306756
   -574.08375590
   -574.05570887
   -574.06849116
   -574.04769469
   -574.05909593
   -574.06906564
   -573.99211946
   -574.08929396
   -574.06762498
   -574.08607314
   -574.07595235
   -574.07154118
   -574.10413494
   -574.06276837
   -574.07759115
   -574.06807264
   -573.99882412
   -574.08722349
   -574.08564694
   -574.05750087
   -574.06408092
   -574.06805839
   -573.97626020
   -574.07575305
   -574.07447316
   -574.05798955
   -574.01827437
   -574.04729649
   -574.06634685
   -574.06507675
   -574.09587609
   -574.07162071
   -574.06934066
   -574.06864106
   -574.08414140
   -574.07796747
   -574.04727566
   -574.05699224
   -574.04566660
   -574.08596085
   -574.04027163
   -574.03790315
   -574.04406953
   -574.04324081
   -574.06342167
   -574.07430918
   -574.03457791
   -574.06634880
   -574.09247469
   -574.07600416
   -574.04448007
   -574.09366211
   -574.08989725
   -574.07297991
   -574.08688961
   -574.06902569
   -574.05548218
   -574.01026608
   -574.10140256
   -574.03336738
   -574.09068812
   -574.08273737
   -574.06080214
   -574.03924250
   -574.06984071
   -574.05133954
   -574.04754922
   -573.97427095
   -573.99553277
   -574.05432341
   -574.05751508
   -574.06139776
   -574.04064036
   -574.06304571
   -574.07606962
   -574.01543503
   -574.06301418
   -574.07818656
   -574.04285409
   -574.08326683
   -574.02466977
   -574.06792146
   -574.04325487
   -574.00155880
   -574.08185132
   -574.06943813
   -574.04255881
   -574.07865077
   -574.06968436
   -574.07058226
   -574.05748189
   -574.05910032
   -574.06902898
   -574.05406776
   -573.98249945
   -574.07984608
   -574.06540322
   -574.05324845
   -574.02888905
   -574.06489369
   -574.09504882
   -574.07139284
   -574.04185801
   -574.05569007
   -574.09399226
   -574.04941364
   -574.06568827
   -574.06661187
   -574.05104701
   -574.05522306
   -574.04572742
   -574.08604617
   -574.07122629
   -574.08334263
   -574.10045057
   -574.10187240
   -574.04975602
   -574.00596856
   -574.07511163
   -574.05394133
   -574.02748625
   -574.08346292
   -574.03512245
   -574.06242024
   -574.05865183
   -574.09094290
   -574.07177380
   -574.06941661
   -574.09803601
   -574.05792759
   -574.08327518
   -574.06145834
   -574.07469541
   -574.04928418
   -574.07647116
   -574.05711577
   -574.05299461
   -574.07009956
   -574.05534977
   -574.09013334
   -574.06902688
   -574.07610046
   -574.07476553
   -574.06540886
   -574.05357784
   -574.06933306
   -574.07190840
   -574.06458650
   -574.00001980
   -574.01005308
   -574.07427358
   -574.08663586
   -574.07460476
   -574.07279411
   -574.06088349
   -574.06347797
   -574.05524234
   -574.05330239
   -574.06838636
   -574.03894632
   -574.06416115
   -574.07829033
   -574.09253097
   -574.09890093
   -574.05845415
   -574.05507916
   -574.03526388
   -574.06744435
   -574.08138179
   -574.07608144
   -574.06921322
   -574.06308510
   -574.03126821
   -574.07878115
   -574.08925458
   -574.08813168
   -574.10496115
   -574.08666163
   -574.05311811
   -574.06278952
   -574.05319579
   -574.07463112
   -574.08116222
   -574.07499482
   -574.07203742
   -574.03128976
   -574.06681150
   -574.04569576
   -574.07222288
   -574.05941813
   -574.00474471
   -574.07030699
   -574.05856576
   -574.03289250
   -574.08185685
   -574.05780477
   -574.08075860
   -574.07222848
   -574.07710665
   -574.05152525
   -574.07239728
   -574.05677273
   -574.09077090
   -574.07607586
   -574.08361411
   -574.07281705
   -574.07519024
   -574.08538758
   -574.01977323
   -574.05590990
   -574.07243137
   -574.01309885
   -574.04753290
   -574.07947974
   -574.06144431
   -574.06493550
   -574.06922357
   -574.06147731
   -574.05039723
   -574.07150081
   -574.08357582
   -574.05220531
   -574.06739463
   -574.02931215
   -574.03216582
   -574.06263005
   -574.04317882
   -574.07990894
   -574.10084984
   -574.09089319
   -574.06359919
   -574.06264603
   -574.04406053
   -574.01560051
   -574.07586005
   -574.07728069
   -574.07193254
   -574.07660045
   -574.08612754
   -574.07750161
   -574.08538364
   -574.08085640
   -574.05354288
   -574.06445207
   -574.08400440
   -574.01173521
   -574.07209701
   -574.05773721
   -574.06445338
   -574.07004070
   -574.07077510
   -574.07478418
   -574.05455469
   -574.07426897
   -574.08272161
   -574.04596906
   -574.05788811
   -574.06530824
   -574.06768637
   -574.07478114
   -574.00399357
   -574.09488964
   -574.09806946
   -574.09534113
   -574.08340051
   -574.07674024
   -574.04424197
   -574.04818283
   -574.07763694
   -574.00827442
   -574.06600902
   -574.03701684
   -574.08672427
   -574.05537665
   -574.06090392
   -574.06858217
   -574.07517275
   -574.07688606
   -574.07115585
   -573.91271710
   -574.09589843
   -574.01492480
   -574.07828361
   -574.06400453
   -574.04923751
   -574.08539478
   -574.05923811
   -574.08509811
   -574.06386657
   -574.09217728
   -574.07734108
   -574.07219894
   -574.05132439
   -574.00819607
   -574.08426610
   -574.07672269
   -574.00488290
   -574.04953549
   -574.07077153
   -574.07953591
   -574.07397153
   -574.07623806
   -574.06036719
   -574.04169923
   -574.07567101
   -574.06925892
   -574.08486382
   -574.05450965
   -574.06963974
   -574.07400730
   -574.06831368
   -574.02682655
   -574.04403994
   -574.05090056
   -574.05051871
   -574.04270564
   -574.05838863
   -574.08821037
   -574.08074759
   -574.06448316
   -574.08651065
   -574.06302950
   -574.05543194
   -574.05803205
   -574.03056003
   -574.04073776
   -574.07717586
   -574.06967673
   -574.06583134
   -574.08482462
   -574.05495371
   -574.02174991
   -574.06082703
   -574.04435929
   -574.05824607
   -574.02109546
   -574.00621175
   -574.06416299
   -574.03837564
   -574.06262398
   -574.06005783
   -574.03577544
   -574.01181313
   -574.09341500
   -574.04502746
   -574.05397387
   -574.05893856
   -574.06807471
   -574.05643325
   -574.07393440
   -574.07044046
   -574.05442147
   -574.06802937
   -574.07366823
   -574.08989711
   -574.07609432
   -574.06270876
   -574.09012820
   -574.04415948
   -574.05657538
   -574.06523084
   -574.06017082
   -574.03219330
   -573.99728822
   -574.08117687
   -574.05350122
   -574.08564999
   -574.08849788
   -574.08212432
   -574.07627975
   -574.07213412
   -574.04377785
   -574.00259261
   -574.08083597
   -574.07872169
   -574.03734756
   -574.07622306
   -574.02628809
   -574.07426173
   -574.05406900
   -574.08236974
   -574.06260757
   -574.06689999
   -574.04012660
   -574.07100581
   -574.05961685
   -574.05961982
   -574.08207523
   -574.05998746
   -574.05962206
   -574.00722568
   -574.07542624
   -574.06556893
   -574.05568078
   -574.04740742
   -574.06142086
   -574.07835067
   -574.04729009
   -574.00985361
   -573.99541484
   -574.07685317
   -574.01929520
   -574.06698633
   -574.05822261
   -574.01388329
   -574.06371905
   -574.06935923
   -574.08429601
   -573.99901245
   -574.06562277
   -574.00371959
   -574.06363133
   -574.07431891
   -574.09407342
   -574.06990695
   -574.01331985
   -574.04482855
   -574.06546579
   -574.06379684
   -574.01281141
   -574.08717871
   -574.06619999
   -574.06798534
   -574.05856281
   -574.07287861
   -574.07237790
   -574.06665292
   -574.09102286
   -574.07047855
   -574.07751508
   -574.06368075
   -574.05053138
   -574.07833148
   -574.01156897
   -573.98469933
   -574.06062498
   -574.05946068
   -574.06310331
   -574.05869852
   -574.05984900
   -574.04649660
   -574.04913625
   -574.08110779
   -574.08147999
   -574.04416266
   -574.07112647
   -574.06732244
   -574.06097631
   -574.00321825
   -574.06917026
   -574.07032995
   -574.07456413
   -574.08133210
   -574.06169938
   -574.08794537
   -574.04347957
   -574.06311277
   -574.03070543
   -574.04758823
   -574.00788909
   -574.08654980
   -574.05328158
   -574.07072379
   -573.96179076
   -574.08137667
   -574.08709681
   -574.06661414
   -574.06839756
   -574.08303801
   -574.09812067
   -574.09134490
   -574.07234007
   -574.05412990
   -574.08219063
   -574.01702063
   -574.06852906
   -574.08978808
   -574.05739248
   -574.04595423
   -574.07512975
   -574.07775240
   -574.06243588
   -574.06683846
   -574.07535760
   -574.05679971
   -574.08800854
   -574.04611799
   -574.05169724
   -574.02322902
   -574.06202011
   -574.06100612
   -574.07569749
   -574.06853148
   -574.08879046
   -574.07561465
   -574.07327393
   -574.06821168
   -574.03831014
   -574.08390634
   -574.04367437
   -574.08283689
   -574.05954214
   -574.07812093
   -574.07364687
   -574.04077893
   -574.07004091
   -574.08791955
   -574.06333403
   -574.08290845
   -574.05041690
   -574.09945093
   -574.06464628
   -574.05823768
   -574.07892822
   -574.09849800
   -574.04325905
   -574.06832285
   -574.07637317
   -574.07300519
   -574.08436403
   -574.07416955
   -574.06328681
   -574.04169322
   -574.06502085
   -574.06850969
   -574.03603488
   -574.06588375
   -574.06689043
   -574.06097054
   -574.01111847
   -574.00794729
   -574.04501047
   -574.07284694
   -574.04344339
   -574.04869838
   -574.06683016
   -574.09597181
   -574.03436006
   -574.06927319
   -574.06142056
   -574.05822736
   -574.08299740
   -574.07490723
   -574.07638901
   -574.08573248
   -574.05845922
   -574.05108552
   -574.08037951
   -574.06751693
   -574.05710099
   -574.00464609
   -574.10003459
   -574.06107486
   -574.04945643
   -574.00304602
   -574.08686917
   -574.07052096
   -574.07742775
   -574.00668154
   -574.05764365
   -574.06613936
   -574.00127640
   -574.03938377
   -574.04938994
   -574.08776395
   -574.07464235
   -574.05032317
   -574.02620860
   -574.05551369
   -574.09992843
   -574.06683530
   -574.07165785
   -574.07346612
   -574.08694795
   -574.09054758
   -574.07468773
   -574.05901965
   -574.06176359
   -574.05559669
   -574.06960279
   -574.07016017
   -574.06903797
   -574.07939447
   -573.99799843
   -574.04363827
   -573.96665329
   -574.08822438
   -574.04785193
   -574.07401968
   -574.08992372
   -574.05782319
   -574.03805378
   -574.06701130
   -574.06973681
   -574.01162197
   -574.06151374
   -574.06740858
   -574.06143291
   -574.00711007
   -574.00170863
   -574.08398847
   -574.04782301
   -574.06345279
   -574.08009296
   -574.08743109
   -574.06428296
   -574.07119944
   -574.01500780
   -574.04898329
   -574.07419733
   -574.07120062
   -574.08128578
   -574.08015977
   -574.10051340
   -574.05767883
   -574.06937621
   -574.05996340
   -574.08402372
   -574.07317091
   -574.05825056
   -574.06845084
   -574.07673733
   -574.07290302
   -574.04567068
   -574.09944838
   -574.03660171
   -574.08466029
   -574.01346923
   -573.99953092
   -574.06316730
   -574.06084338
   -574.09816177
   -574.05627711
   -574.07782251
   -574.00781767
   -574.05017133
   -574.06952395
   -574.06007133
   -574.08045372
   -574.08675516
   -574.08204615
   -574.08434287
   -574.09636431
   -574.07375720
   -574.03869960
   -574.06911526
   -574.08300516
   -574.08465249
   -574.03894724
   -574.00161087
   -574.08166279
   -574.03551345
   -574.04780167
   -574.05542477
   -574.07947969
   -574.09490438
   -574.08672751
   -574.04874616
   -574.06142258
   -574.06416766
   -574.07352720
   -574.01973947
   -574.04291558
   -574.05869676
   -574.08221439
   -574.07595200
   -574.05539627
   -574.05876272
   -574.06900614
   -574.08309012
   -574.06784135
   -574.05823345
   -574.08144200
   -574.00041064
   -574.09339180
   -574.05926814
   -574.05831637
   -574.06059233
   -574.04330349
   -574.07973695
   -574.08916007
   -574.01646394
   -574.05401575
   -574.06087495
   -574.06881030
   -574.07257671
   -574.09834853
   -574.05463798
   -574.08464322
   -574.08152136
   -574.08159207
   -574.06586255
   -574.07094710
   -573.99701308
   -574.07055126
   -574.00978105
   -574.08681221
   -574.06923282
   -574.05265283
   -574.08683696
   -574.01260826
   -574.07968024
   -574.06790586
   -574.10794182
   -574.07381493
   -574.07276345
   -574.07650145
   -574.05970174
   -574.08715370
   -574.04616875
   -574.06145526
   -574.08619830
   -574.03866400
   -574.07314351
   -574.05964057
   -574.05194896
   -574.07605272
   -574.08529768
   -574.06333230
   -574.08249916
   -574.06953698
   -574.06093560
   -574.05622119
   -574.07788399
   -574.08314292
   -574.07595443
   -574.10331796
   -574.05598490
   -574.06826894
   -574.08245407
   -574.07398397
   -574.07054373
   -574.05078912
   -574.06161814
   -574.04007068
   -574.04958021
   -574.05525866
   -574.07040704
   -574.10227543
   -574.08898504
   -574.06137089
   -574.05611646
   -574.06975766
   -574.05025690
   -574.09503788
   -574.08664030
   -574.04286827
   -574.04680535
   -574.03111904
   -574.05965174
   -574.08163219
   -574.01785848
   -574.05742650
   -574.04046866
   -574.07144718
   -574.06416571
   -574.08608689
   -574.06841851
   -574.07601148
   -574.07497976
   -574.06724756
   -574.02359057
   -574.07421426
   -574.09178939
   -574.08198951
   -574.07841610
   -574.08484521
   -573.96054529
   -574.03259775
   -574.04449518
   -574.07726817
   -574.04541356
   -574.05675593
   -574.06698769
   -574.07026219
   -574.07574096
   -574.07457709
   -574.07432503
   -574.05731145
   -574.06731200
   -574.06381069
   -573.96608938
   -574.07210094
   -574.08462964
   -574.02289948
   -574.06430319
   -574.07398001
   -574.06366830
   -574.04258567
   -574.08854412
   -574.06746433
   -574.06561805
   -574.08426981
   -574.08693075
   -574.04103180
   -574.07354953
   -574.05952803
   -574.05055498
   -574.05177280
   -574.06931993
   -574.07639244
   -574.04825936
   -574.10211013
   -574.03660353
   -574.06701947
   -574.04366677
   -574.07653426
   -574.05693944
   -574.06908997
   -574.05389786
   -574.08188153
   -574.08216838
   -574.03596294
   -574.07816755
   -574.07809482
   -574.09647881
   -574.05858964
   -574.08005205
   -574.05821298
   -574.06346285
   -574.07063839
   -574.06984040
   -574.05613979
   -574.05626777
   -574.07437977
   -574.07919136
   -574.08221950
   -574.01731886
   -574.06118739
   -574.07957727
   -574.08553331
   -574.09390170
   -574.06242564
   -574.06213984
   -574.08045384
   -574.07908004
   -574.05870979
   -574.08219063
   -574.05503804
   -574.07100462
   -574.05860101
   -574.07321942
   -574.08105426
   -574.03713409
   -574.04547589
   -574.07345948
   -574.08762405
   -574.06713597
   -574.07820282
   -574.03886270
   -574.08027398
   -574.07907552
   -574.08433287
   -574.09025220
   -574.06351522
   -574.06807311
   -574.07624590
   -574.05280854
   -574.01117032
   -574.09709022
   -574.05383393
   -574.04386388
   -574.08398379
   -574.10886179
   -574.07490057
   -574.09145391
   -574.09002042
   -574.00487237
   -573.99133792
   -574.01014277
   -574.08425399
   -574.01231584
   -574.09139371
   -574.06679384
   -574.07711784
   -574.08764035
   -574.07848142
   -574.07006916
   -574.08211238
   -574.03851523
   -574.03039482
   -574.04727239
   -574.07684698
   -574.03145678
   -574.05878187
   -574.05687842
   -574.07255300
   -574.01458144
   -574.07591166
   -574.08845572
   -573.98004333
   -574.06004496
   -574.03713002
   -574.06860431
   -574.06718965
   -574.05090404
   -574.00436294
   -574.07206548
   -574.05117643
   -574.06630682
   -574.05903791
   -574.07648298
   -574.08689616
   -574.08956089
   -574.07640745
   -574.07450588
   -574.00643642
   -574.08222191
   -574.09568106
   -574.06145200
   -574.06767910
   -574.07096808
   -574.07221078
   -574.09427366
   -574.05369379
   -574.05533934
   -574.07680453
   -574.08027280
   -574.01221570
   -574.06550035
   -574.07125002
   -574.06473733
   -574.06534076
   -574.06853784
   -574.07114747
   -574.01872963
   -574.06745618
   -574.06597388
   -574.07315754
   -574.05858102
   -574.01285878
   -574.06950397
   -574.05119901
   -574.07232126
   -574.07079966
   -574.06138974
   -574.06716101
   -574.07286437
   -574.07698359
   -574.06878282
   -574.03264568
   -574.07700664
   -574.09295490
   -574.06855985
   -574.06246812
   -574.07308868
   -574.07596233
   -574.06994385
   -574.08220759
   -574.10774027
   -574.06911690
   -574.05416976
   -574.06983887
   -574.06596785
   -574.07628247
   -574.05156155
   -574.05790567
   -574.04222629
   -574.03804146
   -574.09019698
   -574.02657763
   -574.08187617
   -574.05753534
   -574.01205415
   -574.08403731
   -574.07897832
   -574.07901322
   -574.06654898
   -574.06010640
   -574.06140114
   -574.07649477
   -574.06817351
   -574.09064143
   -574.08706487
   -574.07867338
   -574.08035529
   -574.08870595
   -574.06404178
   -574.05972006
   -574.06235650
   -574.04641456
   -574.03947410
   -574.03055209
   -574.03507803
   -574.04467484
   -573.99211252
   -574.05966990
   -574.08601359
   -574.03350046
   -574.05706059
   -574.04654499
   -574.08952857
   -574.08466426
   -574.07394260
   -574.07304700
   -574.07103526
   -573.99575312
   -574.09976181
   -574.07788568
   -574.07603265
   -574.05190235
   -574.04446916
   -574.05880793
   -574.07225882
   -574.07693900
   -574.09923901
   -574.07161920
   -574.00107613
   -574.05018531
   -574.04281823
   -574.08504384
   -574.05536072
   -574.06198772
   -574.06132831
   -574.08486923
   -574.07339620
   -574.07407743
   -574.05377473
   -574.08273939
   -574.06036021
   -574.08831860
   -574.06509756
   -574.06672119
   -574.05297322
   -574.01696068
   -574.00859547
   -574.05802773
   -574.08163351
   -574.06944017
   -574.07895921
   -574.04472605
   -574.04663378
   -574.07089270
   -574.04930032
   -574.05610247
   -574.02909517
   -574.05977858
   -574.10473999
   -574.07737425
   -574.05058012
   -574.02385833
   -574.07595650
   -574.06622996
   -574.05487669
   -573.95464253
   -574.07279891
   -574.06846910
   -574.05940463
   -574.03929265
   -574.07283532
   -574.08169786
   -574.06050965
   -574.08057546
   -574.07654721
   -574.04295217
   -574.06838552
   -574.07888968
   -574.05683001
   -574.07325801
   -574.05923181
   -574.08417554
   -574.05227535
   -574.07597462
   -574.05689594
   -574.07376867
   -574.04519452
   -574.04327157
   -574.05046310
   -574.08749381
   -574.08920339
   -574.04371219
   -574.06543881
   -574.06487059
   -574.06820175
   -574.08091132
   -574.05520503
   -574.07269602
   -574.05295503
   -574.08259968
   -574.04406821
   -574.07766164
   -574.08586708
   -574.08512359
   -574.06821180
   -574.08598146
   -574.05804718
   -574.06432582
   -574.06264974
   -574.07333683
   -574.07458918
   -574.07937201
   -574.06297773
   -573.99959966
   -574.08523850
   -574.09068558
   -574.09298753
   -574.07612925
   -574.07547197
   -574.08256776
   -574.04405758
   -574.07817127
   -574.02295388
   -574.07494863
   -574.06953172
   -574.04181110
   -574.06481780
   -574.07853742
   -574.06348797
   -574.05955734
   -574.07337790
   -574.06848096
   -574.06907214
   -574.06267013
   -574.04364684
   -574.05941501
   -573.99922330
   -574.09225568
   -574.00737773
   -574.09183645
   -574.09471454
   -574.08248995
   -574.05638092
   -574.07815880
   -574.04313050
   -574.00054536
   -574.08168533
   -574.09902064
   -574.08085953
   -574.08255194
   -574.08276466
   -574.07148727
   -574.05691210
   -574.07115434
   -574.07399926
   -574.06613350
   -574.05879869
   -574.03652522
   -574.08276420
   -574.05506606
   -574.06901771
   -574.10040023
   -574.07217500
   -574.04662957
   -574.06836601
   -574.07408500
   -574.00055031
   -574.05811721
   -574.08226809
   -574.05137171
   -574.10707924
   -574.04974868
   -574.06477297
   -574.06052985
   -574.07804491
   -574.03590741
   -574.08471428
   -574.06256688
   -574.08114774
   -574.07752686
   -574.06475877
   -574.07337373
   -574.09986293
   -574.07736469
   -574.09483237
   -574.10096831
   -574.04709207
   -574.06050167
   -574.06706861
   -574.04904689
   -574.07151755
   -574.07160524
   -574.06259483
   -574.06489942
   -574.10820499
   -574.04212094
   -574.05326393
   -574.06229296
   -574.05300056
   -574.08769398
   -574.04855819
   -574.05691923
   -574.06253837
   -574.07005207
   -574.07508267
   -574.06124114
   -574.10173163
   -574.05741630
   -574.05650448
   -574.05706709
   -574.05588175
   -574.06341034
   -574.07921807
   -574.07590177
   -574.06826443
   -574.05997088
   -574.07179968
   -574.05940826
   -574.08499373
   -574.07370793
   -574.04688068
   -574.05161479
   -574.05356594
   -574.08786128
   -574.09094851
   -574.05370213
   -574.07425222
   -574.04860302
   -574.08155296
   -574.08842048
   -574.07365580
   -574.08825263
   -574.06940552
   -574.06108572
   -574.05515923
   -574.07140833
   -574.04341083
   -574.07439616
   -574.07981388
   -574.07726434
   -574.05659685
   -574.07098407
   -574.07099541
   -574.10874241
   -574.06617574
   -574.05919553
   -574.06438405
   -574.05377771
   -574.09073112
   -573.99883967
   -574.04982446
   -574.07228004
   -574.02698316
   -574.01692010
   -574.07867013
   -574.06334631
   -574.08662431
   -574.07035421
   -574.09563753
   -574.06359773
   -574.10442719
   -574.04669828
   -574.06364370
   -574.04351020
   -574.08432191
   -574.07239036
   -574.06404847
   -574.05895216
   -574.03620264
   -574.07737136
   -574.07026581
   -574.04073131
   -574.07898443
   -574.08524380
   -574.04740299
   -574.05805496
   -574.07980892
   -574.04352436
   -574.07592043
   -573.99388027
   -574.05523994
   -574.00197363
   -574.00868019
   -574.04947476
   -574.07462460
   -574.06924010
   -574.04848570
   -574.05886854
   -574.06545729
   -574.05675319
   -573.98220623
   -574.05112964
   -574.08758976
   -574.03405726
   -574.01964110
   -574.06375148
   -574.05214765
   -574.06743743
   -574.08771998
   -574.08183126
   -574.07382631
   -574.08774913
   -574.08285778
   -574.09559970
   -574.05357621
   -574.07169904
   -574.05258447
   -574.06090132
   -574.07748474
   -574.07204705
   -574.03422736
   -574.06770878
   -574.08573130
   -574.05293957
   -574.04429057
   -574.09209273
   -574.09804321
   -574.07557024
   -574.06397327
   -574.05408270
   -574.05512053
   -574.06224803
   -574.07187633
   -574.05186638
   -574.06367896
   -574.01960713
   -574.08969624
   -574.06077174
   -574.09237174
   -574.05834492
   -574.06481719
   -574.08182184
   -574.06639648
   -574.08559541
   -574.06335448
   -574.06794064
   -574.05633875
   -574.07105139
   -574.02132392
   -574.05777694
   -574.07477265
   -574.09947088
   -574.02889932
   -574.04320005
   -574.05420132
   -574.08614571
   -574.07812515
   -574.06590860
   -574.06812908
   -573.91704223
   -574.05683311
   -574.07930289
   -574.08060925
   -574.07293628
   -574.08679661
   -574.07643096
   -574.05849277
   -574.06745456
   -574.05625036
   -574.05956784
   -574.09092396
   -574.09242761
   -574.07030015
   -574.06538099
   -574.10101124
   -574.08218589
   -574.09791035
   -574.08086731
   -574.06563316
   -574.06864495
   -574.08125883
   -574.08627439
   -574.05528164
   -574.00391692
   -574.07805258
   -574.07264655
   -574.06855395
   -574.08918523
   -574.03646637
   -574.06773222
   -574.06056022
   -574.05624134
   -574.04442360
   -574.07908697
   -574.05283647
   -574.05979260
   -574.07385976
   -574.07397398
   -574.04071021
   -574.06796934
   -574.07095735
   -574.04719787
   -574.01092083
   -574.07396705
   -574.05247102
   -574.08865686
   -574.08929504
   -574.05272130
   -574.05607254
   -574.05059273
   -574.03774810
   -574.08766836
   -574.09255930
   -574.06421497
   -574.08480736
   -574.07255224
   -574.07540148
   -574.09257845
   -574.07345177
   -574.08833073
   -574.06194742
   -574.06166334
   -574.01111613
   -574.10215568
   -574.05585666
   -573.94964684
   -574.08461983
   -574.09289060
   -574.06058485
   -574.05648169
   -574.07137272
   -574.05655970
   -574.06682515
   -574.04662066
   -574.05174117
   -574.06256774
   -573.99808230
   -574.08349966
   -574.08399764
   -574.03967255
   -574.06735921
   -574.05936265
   -574.07086061
   -574.08036954
   -574.08412049
   -574.06435310
   -574.08890411
   -574.07425879
   -574.04228621
   -574.05600438
   -574.02196779
   -574.06167132
   -574.05662970
   -574.08958644
   -574.06273275
   -574.06697191
   -574.08565883
   -574.09689540
   -574.08431761
   -574.06532659
   -574.09310504
   -574.08546175
   -574.06269773
   -574.08810576
   -574.04713540
   -574.06059178
   -574.05639104
   -574.10851948
   -574.05140675
   -574.06608452
   -574.01357536
   -574.07194954
   -574.03620186
   -574.02220644
   -574.07663408
   -574.05145049
   -574.00807259
   -574.06671443
   -574.07569594
   -574.07278558
   -574.09475062
   -574.08870385
   -574.08496119
   -574.08628761
   -574.06357523
   -574.07686560
   -574.05088535
   -574.04392731
   -574.08565835
   -574.07304176
   -574.04080687
   -574.06419411
   -574.08468614
   -574.08676739
   -574.06365077
   -574.07089197
   -574.04943916
   -574.06609657
   -574.02332388
   -574.06057686
   -574.08047130
   -574.07132449
   -574.07511893
   -574.09325930
   -574.05923312
   -574.06280458
   -574.09069915
   -574.05473571
   -574.02467815
   -574.02440273
   -574.08153525
   -574.06798122
   -574.06525800
   -574.07862476
   -574.03639109
   -574.08059773
   -574.07245081
   -574.08682730
   -574.08855717
   -574.08833259
   -574.06666827
   -574.06781875
   -574.06862932
   -574.04683317
   -574.09301795
   -574.06132482
   -574.05667427
   -574.05058517
   -574.05022167
   -574.10332625
   -574.06105451
   -574.07178320
   -574.06242607
   -574.05332409
   -574.07201191
   -574.07303814
   -574.05792502
   -574.08735889
   -574.10053510
   -574.05501450
   -574.04406509
   -574.09604347
   -574.05192223
   -574.07911730
   -574.06353548
   -574.11089209
   -574.08401333
   -574.01698921
   -574.04630065
   -574.10412727
   -574.03423169
   -574.08262401
   -574.02167334
   -574.05238976
   -574.06370602
   -574.03951818
   -573.97945031
   -574.05206140
   -574.05250365
   -574.09274886
   -574.07519744
   -574.05531675
   -574.07464973
   -574.08031669
   -574.05901217
   -574.05522893
   -574.00776253
   -574.07671269
   -574.07422124
   -574.01139645
   -574.07770099
   -574.07046152
   -574.08427310
   -574.08149865
   -574.07558132
   -574.06981729
   -574.06146812
   -574.07234993
   -574.08011578
   -574.06392649
   -574.05019335
   -574.05973578
   -574.08063152
   -574.07078644
   -574.05350161
   -574.07744044
   -574.07949421
   -574.09005310
   -574.06661688
   -574.08628217
   -574.07315124
   -574.03655184
   -574.06155664
   -574.07044061
   -574.07532195
   -573.97579838
   -574.07830479
   -574.07368451
   -574.04542983
   -574.07816572
   -574.06646785
   -574.07758418
   -574.02746253
   -574.06328788
   -574.05599487
   -574.07122846
   -574.06571147
   -574.02459626
   -574.05512877
   -574.08288300
   -574.04482387
   -574.07124359
   -574.08242668
   -574.07691512
   -574.07635520
   -574.07174045
   -574.07488103
   -574.09869252
   -574.05966093
   -574.08174616
   -574.05855856
   -574.09034009
   -574.07559971
   -574.08454504
   -574.05986730
   -574.07368141
   -574.05797931
   -574.02596224
   -574.05932417
   -574.09078795
   -574.08032467
   -574.05399019
   -574.07111012
   -574.08079212
   -574.06271265
   -574.08958860
   -574.01604026
   -574.07960089
   -574.04747489
   -574.07981356
   -574.07825968
   -574.08404304
   -574.05572395
   -574.08160887
   -574.06585540
   -574.05551828
   -574.05368786
   -574.06198192
   -574.01196513
   -574.06670415
   -574.05344353
   -574.07436404
   -574.04395068
   -574.07233365
   -574.08341620
   -574.06859932
   -574.09911600
   -574.04635705
   -574.05619536
   -574.08256540
   -574.00279547
   -574.05946613
   -574.06990003
   -574.07377234
   -574.06902807
   -574.06372071
   -574.06470877
   -574.05160278
   -574.06791708
   -574.06323385
   -574.09695971
   -574.05175319
   -574.04550347
   -574.07030519
   -574.09451198
   -574.02452909
   -574.06852888
   -574.08575878
   -574.06780487
   -574.05411456
   -574.07283815
   -574.05696636
   -574.04647838
   -574.02419502
   -574.06105252
   -574.05753446
   -574.06971223
   -574.07287146
   -574.06780108
   -574.08188620
   -574.06897564
   -574.02452414
   -574.06030366
   -574.09139433
   -574.05194802
   -574.06217767
   -574.06859538
   -574.04001110
   -574.08145080
   -574.07143221
   -574.08455102
   -574.02016155
   -574.09005047
   -574.09119545
   -574.03262162
   -574.04475937
   -574.08189319
   -574.07933714
   -574.05321832
   -574.07655858
   -574.06623540
   -574.05690000
   -574.06188966
   -574.09149252
   -574.05263961
   -574.09446818
   -574.08122313
   -574.08339524
   -574.08395687
   -574.05889697
   -574.07679717
   -574.06861623
   -574.00754375
   -574.04055506
   -574.01246422
   -574.05227366
   -574.08183352
   -574.06230078
   -574.08848459
   -574.07466950
   -574.05328854
   -574.07540021
   -574.05115921
   -574.08271696
   -574.09574002
   -574.06655900
   -574.08484469
   -574.05025626
   -574.03825628
   -574.05740695
   -574.07804764
   -574.05308133
   -574.08970522
   -574.06052548
   -574.09103375
   -574.07251180
   -574.06565315
   -574.05687801
   -574.05597998
   -574.07298598
   -574.04917785
   -574.10395502
   -574.07502255
   -574.04273121
   -574.06046899
   -574.06634370
   -574.06467088
   -574.00052677
   -574.06238947
   -574.06792059
   -574.06753726
   -574.05148195
   -574.05072219
   -574.03149136
   -574.05387125
   -574.05956401
   -574.07614619
   -574.07825459
   -574.09392057
   -574.08326517
   -574.03108540
   -574.04795038
   -574.09211346
   -574.06053023
   -574.03874245
   -574.07958445
   -574.08460286
   -574.04819011
   -574.02216233
   -574.08884338
   -574.08273905
   -574.06776095
   -574.09361370
   -574.03406419
   -574.06058790
   -574.08330507
   -574.05741078
   -574.06905043
   -574.05760273
   -574.08170016
   -574.05691113
   -574.09827659
   -574.07746669
   -574.07173548
   -574.08216813
   -574.08683291
   -574.07818671
   -574.06870563
