% The following energies apply to conformations described by the topology 
% R23_iter1.top.  Structures are given in trajectory coords.cdf, count: 101.

% Item 0:
%   Energy -> orca_structures/coor*/NConf*.out
  -1225.25154676
  -1225.26072958
  -1225.25855876
  -1225.26042260
  -1225.25831688
  -1225.25390271
  -1225.25722478
  -1225.25541670
  -1225.25365021
  -1225.25582929
  -1225.25845380
  -1225.25444181
  -1225.25523820
  -1225.25469435
  -1225.25840668
  -1225.25738453
  -1225.25800038
  -1225.25648774
  -1225.25408118
  -1225.25846773
  -1225.25631138
  -1225.24917620
  -1225.25393514
  -1225.25764323
  -1225.25766654
  -1225.25198285
  -1225.25745121
  -1225.25728302
  -1225.25446643
  -1225.25729754
  -1225.26050075
  -1225.25687951
  -1225.25879772
  -1225.25346418
  -1225.25700742
  -1225.25703860
  -1225.24961786
  -1225.25820501
  -1225.25817375
  -1225.25765327
  -1225.25093115
  -1225.25189690
  -1225.25730807
  -1225.24360940
  -1225.25350238
  -1225.25617710
  -1225.25240155
  -1225.25436087
  -1225.25142584
  -1225.25750150
  -1225.25766431
  -1225.26022733
  -1225.25537635
  -1225.25323514
  -1225.24777681
  -1225.25332265
  -1225.25835877
  -1225.25339440
  -1225.25809322
  -1225.25829655
  -1225.25779974
  -1225.26004499
  -1225.25716806
  -1225.25749584
  -1225.25117304
  -1225.25530167
  -1225.25710367
  -1225.25847387
  -1225.25692228
  -1225.25701044
  -1225.25429146
  -1225.24853475
  -1225.25343455
  -1225.25715103
  -1225.25433292
  -1225.25767569
  -1225.25619569
  -1225.25646673
  -1225.25691787
  -1225.25548856
  -1225.26025664
  -1225.25176046
  -1225.25479638
  -1225.25434735
  -1225.25690897
  -1225.25758312
  -1225.25836399
  -1225.24676892
  -1225.25729637
  -1225.25264526
  -1225.25866343
  -1225.25696786
  -1225.25150300
  -1225.26064839
  -1225.24383497
  -1225.25758391
  -1225.25142745
  -1225.25157194
  -1225.25776396
  -1225.25765039
  -1225.25933778
