% The following energies apply to conformations described by the topology 
% R23.top.  Structures are given in trajectory coords.cdf, count: 2653.

% Item 0:
%   Energy -> orca_structures/coor*/Conf*.out
  -1225.19191654
  -1225.21283594
  -1225.22615734
  -1225.20471124
  -1225.20517022
  -1225.21306093
  -1225.18408502
  -1225.23308883
  -1225.16313315
  -1225.19804077
  -1225.18794997
  -1225.18319600
  -1225.22997586
  -1225.20390032
  -1225.18191711
  -1225.18914410
  -1225.19883218
  -1225.21878261
  -1225.21953309
  -1225.24547336
  -1225.18924609
  -1225.22253954
  -1225.24113253
  -1225.19699533
  -1225.22895412
  -1225.21604673
  -1225.22347760
  -1225.11841282
  -1225.20491737
  -1225.19267960
  -1225.20437637
  -1225.20362410
  -1225.21450573
  -1225.22140754
  -1225.19899427
  -1225.23583814
  -1225.20183535
  -1225.22879152
  -1225.18448133
  -1225.20692261
  -1225.21710565
  -1225.19672794
  -1225.20125533
  -1225.20329781
  -1225.18305763
  -1225.22381465
  -1225.16545351
  -1225.18867516
  -1225.19537510
  -1225.16812005
  -1225.21994614
  -1225.23044292
  -1225.19459355
  -1225.23505612
  -1225.19871178
  -1225.20829944
  -1225.14260762
  -1225.21977219
  -1225.19279536
  -1225.15591049
  -1225.22191834
  -1225.19681360
  -1225.19561354
  -1225.22646533
  -1225.20647108
  -1225.17046253
  -1225.21835402
  -1225.17899796
  -1225.21240273
  -1225.21265763
  -1225.17324440
  -1225.19233114
  -1225.16606091
  -1225.20600217
  -1225.17329532
  -1225.21048724
  -1225.23081354
  -1225.21381130
  -1225.17728470
  -1225.20032714
  -1225.18707961
  -1225.22523836
  -1225.21912771
  -1225.21302424
  -1225.16563701
  -1225.21680698
  -1225.19358292
  -1225.19863954
  -1225.18341639
  -1225.20717233
  -1225.21128435
  -1225.20730280
  -1225.21611138
  -1225.20470704
  -1225.21758642
  -1225.18656365
  -1225.23914383
  -1225.19769900
  -1225.20478296
  -1225.19909576
  -1225.24911590
  -1225.20601856
  -1225.23023391
  -1225.19713970
  -1225.22419749
  -1225.22695586
  -1225.20862611
  -1225.10975419
  -1225.22575202
  -1225.20690966
  -1225.20281744
  -1225.22011013
  -1225.19921374
  -1225.22470191
  -1225.21639539
  -1225.13438128
  -1225.19050056
  -1225.10633303
  -1225.18504613
  -1225.21339221
  -1225.21830797
  -1225.19279212
  -1225.22601522
  -1225.21181299
  -1225.22319445
  -1225.20463424
  -1225.20160795
  -1225.20675474
  -1225.20429799
  -1225.19388779
  -1225.18819791
  -1225.22464648
  -1225.20814009
  -1225.21850762
  -1225.20513036
  -1225.19219906
  -1225.21218205
  -1225.21336436
  -1225.23649804
  -1225.21061858
  -1225.18856941
  -1225.20429913
  -1225.18743594
  -1225.22793821
  -1225.19796222
  -1225.21171063
  -1225.20145174
  -1225.21339619
  -1225.21996415
  -1225.24074829
  -1225.20647943
  -1225.17109416
  -1225.22030145
  -1225.21949670
  -1225.14737149
  -1225.20340043
  -1225.21066736
  -1225.21981731
  -1225.18732818
  -1225.21697208
  -1225.17847863
  -1225.18501676
  -1225.20829290
  -1225.20380907
  -1225.24420023
  -1225.22049458
  -1225.18996147
  -1225.23828961
  -1225.22236123
  -1225.17807588
  -1225.20984502
  -1225.18938670
  -1225.19625244
  -1225.23418658
  -1225.19961542
  -1225.18479853
  -1225.19858904
  -1225.22897484
  -1225.17441899
  -1225.19491676
  -1225.14318863
  -1225.19651992
  -1225.22045969
  -1225.18203519
  -1225.19924479
  -1225.22244170
  -1225.19146010
  -1225.23600314
  -1225.21139406
  -1225.22326704
  -1225.20934237
  -1225.15699303
  -1225.19114724
  -1225.17971379
  -1225.19729020
  -1225.15090937
  -1225.21218914
  -1225.19992559
  -1225.23338659
  -1225.15323359
  -1225.21722589
  -1225.20524232
  -1225.20207078
  -1225.21869300
  -1225.15717244
  -1225.21520422
  -1225.12737315
  -1225.20226005
  -1225.21331683
  -1225.21113877
  -1225.19877559
  -1225.18996653
  -1225.21302978
  -1225.20369304
  -1225.21619963
  -1225.20763172
  -1225.21081108
  -1225.21765464
  -1225.22078323
  -1225.17588499
  -1225.23874555
  -1225.18985860
  -1225.22675743
  -1225.23103575
  -1225.18568296
  -1225.21283877
  -1225.20665888
  -1225.21498984
  -1225.19024003
  -1225.18292797
  -1225.21781603
  -1225.19981782
  -1225.21423828
  -1225.20133347
  -1225.21510464
  -1225.21467405
  -1225.17532724
  -1225.20346336
  -1225.20141952
  -1225.20925245
  -1225.19883988
  -1225.22837165
  -1225.18942841
  -1225.22434735
  -1225.22992432
  -1225.21642108
  -1225.20654389
  -1225.19207403
  -1225.21307965
  -1225.22085167
  -1225.24468204
  -1225.20006074
  -1225.16796831
  -1225.17503710
  -1225.18681413
  -1225.18604129
  -1225.21388183
  -1225.18645006
  -1225.20345341
  -1225.22556983
  -1225.18194066
  -1225.12829750
  -1225.19733340
  -1225.21505638
  -1225.21702987
  -1225.21672243
  -1225.23380411
  -1225.22398057
  -1225.21942792
  -1225.22059841
  -1225.22272064
  -1225.20836101
  -1225.18335277
  -1225.21725025
  -1225.19391716
  -1225.21394911
  -1225.22513930
  -1225.23177570
  -1225.20898707
  -1225.22110375
  -1225.21575867
  -1225.22597104
  -1225.19963668
  -1225.21039583
  -1225.20760577
  -1225.19724587
  -1225.18193804
  -1225.22062601
  -1225.20433192
  -1225.14877414
  -1225.22351803
  -1225.19361154
  -1225.20242109
  -1225.21537916
  -1225.23245840
  -1225.21093714
  -1225.22509919
  -1225.21782773
  -1225.21685579
  -1225.17481948
  -1225.22294849
  -1225.21899153
  -1225.22386250
  -1225.17780823
  -1225.20795200
  -1225.19566737
  -1225.20537544
  -1225.20597523
  -1225.21960898
  -1225.22677941
  -1225.20416613
  -1225.20353336
  -1225.18263917
  -1225.21927925
  -1225.19830383
  -1225.21412553
  -1225.20549307
  -1225.22549776
  -1225.20114485
  -1225.20515110
  -1225.19700987
  -1225.22353135
  -1225.21551464
  -1225.22228041
  -1225.21139391
  -1225.21558340
  -1225.20874236
  -1225.20835509
  -1225.25336455
  -1225.20668776
  -1225.18586547
  -1225.22592839
  -1225.19554622
  -1225.22091875
  -1225.23140794
  -1225.20665928
  -1225.21719588
  -1225.18615741
  -1225.21233595
  -1225.17342846
  -1225.19506284
  -1225.23666511
  -1225.21322675
  -1225.18829494
  -1225.19026007
  -1225.14522554
  -1225.23541690
  -1225.23553651
  -1225.20833242
  -1225.20368360
  -1225.22608487
  -1225.22407584
  -1225.19295991
  -1225.22461371
  -1225.22816256
  -1225.20584437
  -1225.21394860
  -1225.21210862
  -1225.20502833
  -1225.20827643
  -1225.14765282
  -1225.23037706
  -1225.21846332
  -1225.21345654
  -1225.21393045
  -1225.20623985
  -1225.19124204
  -1225.18560722
  -1225.14418501
  -1225.22464182
  -1225.22276171
  -1225.22735437
  -1225.17092882
  -1225.21377659
  -1225.20640189
  -1225.24001049
  -1225.22598462
  -1225.20529769
  -1225.22013980
  -1225.19639234
  -1225.17535622
  -1225.21450764
  -1225.25947710
  -1225.21996875
  -1225.16807629
  -1225.22978921
  -1225.21226973
  -1225.18347944
  -1225.23739337
  -1225.22896717
  -1225.20966599
  -1225.21106594
  -1225.21418767
  -1225.20353672
  -1225.21745948
  -1225.24243064
  -1225.20911674
  -1225.25019706
  -1225.19882133
  -1225.19729634
  -1225.16587671
  -1225.21516987
  -1225.21228687
  -1225.13002317
  -1225.18189721
  -1225.23749338
  -1225.21205639
  -1225.17253821
  -1225.22117698
  -1225.20046745
  -1225.21122139
  -1225.22615950
  -1225.20829065
  -1225.20133681
  -1225.19026687
  -1225.17592093
  -1225.18367632
  -1225.19853592
  -1225.23517153
  -1225.21897459
  -1225.17838267
  -1225.20208325
  -1225.21617637
  -1225.21366082
  -1225.23549862
  -1225.23639783
  -1225.22634441
  -1225.16935065
  -1225.20836032
  -1225.21118275
  -1225.18839330
  -1225.21468376
  -1225.22215532
  -1225.19892504
  -1225.23844686
  -1225.20229058
  -1225.20609568
  -1225.21866086
  -1225.22537250
  -1225.20052122
  -1225.20209118
  -1225.19151400
  -1225.22715623
  -1225.20878401
  -1225.20229772
  -1225.17179659
  -1225.23076406
  -1225.21175996
  -1225.24134569
  -1225.20075189
  -1225.20636138
  -1225.19584139
  -1225.17994038
  -1225.19844721
  -1225.21469462
  -1225.22837972
  -1225.22173862
  -1225.20888471
  -1225.15640485
  -1225.20091662
  -1225.20447560
  -1225.22081064
  -1225.22494622
  -1225.21780318
  -1225.17850524
  -1225.21094871
  -1225.22930258
  -1225.20640600
  -1225.20952220
  -1225.23128364
  -1225.17441802
  -1225.17818154
  -1225.22267890
  -1225.19307772
  -1225.20419641
  -1225.21284574
  -1225.22122169
  -1225.16398820
  -1225.22228231
  -1225.20158047
  -1225.20734252
  -1225.21054427
  -1225.19242919
  -1225.21572537
  -1225.19698088
  -1225.21695791
  -1225.20997452
  -1225.19435223
  -1225.16179991
  -1225.23169331
  -1225.17556379
  -1225.17819261
  -1225.22159209
  -1225.21443718
  -1225.23155627
  -1225.22035322
  -1225.22853234
  -1225.20489025
  -1225.19797443
  -1225.21634461
  -1225.22536374
  -1225.19525641
  -1225.22557560
  -1225.22614195
  -1225.18261803
  -1225.18878268
  -1225.20707776
  -1225.22525765
  -1225.20241038
  -1225.20367180
  -1225.17958415
  -1225.20761100
  -1225.20590110
  -1225.18864738
  -1225.22571835
  -1225.20956370
  -1225.18585805
  -1225.15028290
  -1225.19840243
  -1225.20099023
  -1225.20576796
  -1225.21778539
  -1225.20889261
  -1225.18551241
  -1225.20392478
  -1225.20717848
  -1225.23380288
  -1225.19940972
  -1225.17819600
  -1225.21493433
  -1225.19270001
  -1225.23696946
  -1225.18129735
  -1225.18418613
  -1225.15535108
  -1225.21726455
  -1225.21167082
  -1225.15883373
  -1225.21382106
  -1225.19029105
  -1225.18152055
  -1225.18899732
  -1225.23528144
  -1225.15127058
  -1225.23204194
  -1225.18957907
  -1225.21016790
  -1225.20146983
  -1225.21275753
  -1225.19111800
  -1225.21929136
  -1225.20402485
  -1225.21880427
  -1225.23204603
  -1225.20840782
  -1225.16896349
  -1225.21050659
  -1225.22324390
  -1225.15894181
  -1225.20415655
  -1225.18353008
  -1225.18788118
  -1225.20778434
  -1225.15197068
  -1225.22365435
  -1225.15214118
  -1225.22972855
  -1225.20313985
  -1225.19188669
  -1225.20333965
  -1225.20744601
  -1225.19782939
  -1225.19525718
  -1225.19728999
  -1225.21373129
  -1225.23028695
  -1225.19845219
  -1225.15132993
  -1225.20209912
  -1225.23376262
  -1225.19201463
  -1225.17570613
  -1225.21917485
  -1225.23394839
  -1225.23596798
  -1225.21012814
  -1225.17803674
  -1225.15213116
  -1225.19595365
  -1225.15727125
  -1225.16099981
  -1225.13882888
  -1225.15160140
  -1225.22628361
  -1225.22571024
  -1225.23611067
  -1225.22613528
  -1225.12954930
  -1225.21455076
  -1225.22124998
  -1225.18087939
  -1225.24016126
  -1225.23288130
  -1225.15118255
  -1225.20935713
  -1225.22568420
  -1225.21387735
  -1225.18250339
  -1225.20344279
  -1225.18275288
  -1225.20024152
  -1225.20668829
  -1225.23691908
  -1225.20837742
  -1225.15177904
  -1225.22902374
  -1225.20881734
  -1225.20883234
  -1225.24589599
  -1225.22210884
  -1225.19891727
  -1225.24518329
  -1225.22157164
  -1225.22117438
  -1225.19195114
  -1225.21299134
  -1225.21249804
  -1225.18068773
  -1225.21748622
  -1225.21839648
  -1225.19407222
  -1225.19767900
  -1225.23376238
  -1225.21259198
  -1225.24014655
  -1225.24315384
  -1225.19145316
  -1225.22356869
  -1225.20374560
  -1225.11939820
  -1225.18514291
  -1225.22768959
  -1225.20049597
  -1225.22559100
  -1225.20141974
  -1225.21161273
  -1225.21554595
  -1225.20202868
  -1225.22001165
  -1225.19138654
  -1225.20806028
  -1225.18178990
  -1225.18506751
  -1225.20163774
  -1225.17404845
  -1225.23198359
  -1225.21181656
  -1225.22742725
  -1225.18825135
  -1225.17210636
  -1225.22816927
  -1225.21473599
  -1225.19441674
  -1225.13320275
  -1225.22096361
  -1225.20579834
  -1225.13951412
  -1225.21354594
  -1225.23146001
  -1225.21119417
  -1225.23205336
  -1225.23765554
  -1225.17483377
  -1225.22258289
  -1225.21337838
  -1225.21720911
  -1225.22860346
  -1225.23892159
  -1225.21350089
  -1225.19221990
  -1225.21311886
  -1225.18478632
  -1225.14384217
  -1225.21920878
  -1225.19032657
  -1225.19650721
  -1225.19170055
  -1225.21385346
  -1225.16632352
  -1225.21693162
  -1225.19597370
  -1225.24716257
  -1225.20304108
  -1225.24379866
  -1225.22289410
  -1225.21915497
  -1225.21032969
  -1225.20434456
  -1225.15988314
  -1225.22540069
  -1225.21041810
  -1225.20938448
  -1225.22567941
  -1225.19861762
  -1225.14392999
  -1225.22183862
  -1225.21404902
  -1225.18889004
  -1225.20263185
  -1225.18410917
  -1225.18579538
  -1225.21478783
  -1225.21395014
  -1225.18926357
  -1225.23272040
  -1225.22372642
  -1225.18883151
  -1225.21414489
  -1225.17522630
  -1225.19713315
  -1225.21216383
  -1225.21085101
  -1225.16756183
  -1225.18924686
  -1225.23211241
  -1225.14236592
  -1225.22115684
  -1225.11334718
  -1225.19844990
  -1225.22585800
  -1225.22129617
  -1225.20072875
  -1225.21586023
  -1225.22517014
  -1225.23170195
  -1225.20033133
  -1225.22099916
  -1225.15674703
  -1225.21050241
  -1225.16560881
  -1225.20247724
  -1225.22290787
  -1225.23502926
  -1225.21195658
  -1225.22081444
  -1225.22188397
  -1225.22444246
  -1225.17720280
  -1225.21284304
  -1225.23642062
  -1225.16998130
  -1225.19538604
  -1225.19856119
  -1225.21881007
  -1225.19201820
  -1225.20998730
  -1225.19785719
  -1225.23623670
  -1225.20312540
  -1225.21974240
  -1225.21981107
  -1225.21575159
  -1225.21927721
  -1225.21093895
  -1225.19254666
  -1225.21091394
  -1225.21469368
  -1225.21522435
  -1225.22702981
  -1225.16911308
  -1225.23386913
  -1225.19162959
  -1225.19257928
  -1225.21372941
  -1225.20150069
  -1225.18808542
  -1225.19463751
  -1225.22348977
  -1225.18178403
  -1225.21031103
  -1225.21736182
  -1225.23199787
  -1225.20875458
  -1225.21604453
  -1225.19167818
  -1225.22382600
  -1225.21075366
  -1225.19209346
  -1225.19564595
  -1225.21886249
  -1225.20114152
  -1225.21291808
  -1225.22916934
  -1225.19603599
  -1225.20111438
  -1225.21654313
  -1225.20213259
  -1225.21504931
  -1225.20960070
  -1225.21998714
  -1225.22195366
  -1225.20597887
  -1225.21423268
  -1225.19271740
  -1225.20032159
  -1225.21057860
  -1225.15449025
  -1225.24513293
  -1225.20617540
  -1225.19329102
  -1225.22386377
  -1225.20251244
  -1225.14724244
  -1225.22264317
  -1225.23102418
  -1225.21353801
  -1225.22260528
  -1225.19164292
  -1225.21621850
  -1225.13450126
  -1225.19720647
  -1225.23009981
  -1225.20680944
  -1225.20470669
  -1225.20574124
  -1225.20239767
  -1225.22713376
  -1225.14505570
  -1225.22784789
  -1225.22544348
  -1225.22169936
  -1225.19725696
  -1225.20850350
  -1225.16807418
  -1225.21685221
  -1225.20338756
  -1225.21842282
  -1225.22577137
  -1225.20086848
  -1225.22695168
  -1225.18910137
  -1225.16740959
  -1225.22932426
  -1225.21767961
  -1225.22272180
  -1225.22608823
  -1225.21906900
  -1225.21390759
  -1225.24139950
  -1225.21696982
  -1225.20008839
  -1225.21314558
  -1225.19767998
  -1225.21517619
  -1225.20928011
  -1225.20115476
  -1225.18759335
  -1225.23888488
  -1225.23682367
  -1225.21023598
  -1225.17216712
  -1225.16958017
  -1225.17979015
  -1225.20967926
  -1225.21802962
  -1225.21090898
  -1225.22386970
  -1225.22359562
  -1225.18503028
  -1225.17289590
  -1225.20299844
  -1225.23497097
  -1225.14765436
  -1225.23700342
  -1225.22323737
  -1225.13221806
  -1225.20846123
  -1225.19487941
  -1225.21383137
  -1225.22814780
  -1225.21406371
  -1225.22314040
  -1225.20764282
  -1225.15487664
  -1225.21431048
  -1225.20471730
  -1225.16864159
  -1225.22949534
  -1225.20642715
  -1225.21076308
  -1225.21024136
  -1225.23233825
  -1225.20156039
  -1225.22732315
  -1225.20421008
  -1225.21442638
  -1225.15359176
  -1225.23013846
  -1225.22679492
  -1225.18736740
  -1225.20329506
  -1225.19193836
  -1225.20170157
  -1225.21525492
  -1225.20631968
  -1225.19271143
  -1225.20804384
  -1225.20935515
  -1225.13217768
  -1225.22093054
  -1225.21165196
  -1225.21587614
  -1225.18828608
  -1225.23436776
  -1225.19383844
  -1225.20920543
  -1225.21742457
  -1225.22881716
  -1225.21553870
  -1225.20776945
  -1225.19676962
  -1225.20651571
  -1225.20010229
  -1225.23398467
  -1225.23856326
  -1225.22127839
  -1225.23422306
  -1225.20370078
  -1225.21486462
  -1225.22473786
  -1225.21882645
  -1225.23026650
  -1225.21349289
  -1225.21666469
  -1225.21410490
  -1225.21554298
  -1225.23066316
  -1225.21079127
  -1225.19848185
  -1225.22640395
  -1225.21537541
  -1225.19018465
  -1225.20344784
  -1225.21436712
  -1225.22613668
  -1225.21251515
  -1225.20231529
  -1225.20552184
  -1225.22260843
  -1225.22168303
  -1225.16628492
  -1225.21788498
  -1225.22052629
  -1225.20891250
  -1225.21344874
  -1225.17816248
  -1225.22271259
  -1225.21470530
  -1225.21109756
  -1225.18251107
  -1225.17285322
  -1225.20680172
  -1225.22672275
  -1225.18876943
  -1225.23359333
  -1225.21662444
  -1225.19343595
  -1225.21671879
  -1225.21421613
  -1225.16800647
  -1225.22333853
  -1225.24642700
  -1225.20569540
  -1225.23062166
  -1225.19913056
  -1225.23366473
  -1225.20517750
  -1225.18614521
  -1225.22977849
  -1225.22095045
  -1225.23477937
  -1225.24813225
  -1225.14187432
  -1225.18687846
  -1225.18492716
  -1225.21870868
  -1225.19321629
  -1225.21343729
  -1225.22623637
  -1225.12564063
  -1225.16136813
  -1225.18234187
  -1225.15002257
  -1225.25371798
  -1225.22274296
  -1225.22281484
  -1225.20677766
  -1225.19648430
  -1225.21779484
  -1225.21630123
  -1225.19880694
  -1225.20807914
  -1225.21686504
  -1225.21413597
  -1225.22591931
  -1225.22616765
  -1225.19012100
  -1225.21655555
  -1225.21005547
  -1225.21101641
  -1225.24115478
  -1225.20878473
  -1225.19660272
  -1225.20828549
  -1225.23386788
  -1225.23011111
  -1225.20715827
  -1225.21116756
  -1225.22156842
  -1225.19400278
  -1225.21425317
  -1225.20438206
  -1225.12164398
  -1225.18691360
  -1225.21344601
  -1225.20546428
  -1225.22436564
  -1225.19966906
  -1225.21326479
  -1225.21325026
  -1225.22141573
  -1225.22082728
  -1225.17783540
  -1225.20217828
  -1225.15495690
  -1225.22573316
  -1225.17453379
  -1225.17804571
  -1225.18508617
  -1225.17476882
  -1225.14702355
  -1225.21309165
  -1225.17963658
  -1225.21128691
  -1225.20333504
  -1225.23643345
  -1225.21954004
  -1225.18121627
  -1225.23128687
  -1225.22986524
  -1225.21232640
  -1225.22480718
  -1225.21694315
  -1225.19631708
  -1225.16739535
  -1225.22782143
  -1225.16082406
  -1225.23383542
  -1225.22283061
  -1225.19900117
  -1225.17797053
  -1225.21332889
  -1225.18678306
  -1225.14816281
  -1225.21907438
  -1225.19732757
  -1225.19184502
  -1225.15129230
  -1225.20286818
  -1225.20519783
  -1225.20018429
  -1225.20090671
  -1225.15090682
  -1225.23468141
  -1225.17212694
  -1225.17766220
  -1225.21458163
  -1225.17995990
  -1225.13266875
  -1225.21450600
  -1225.20467484
  -1225.21772365
  -1225.19935538
  -1225.20767742
  -1225.21557634
  -1225.18770115
  -1225.19090230
  -1225.19323677
  -1225.21745565
  -1225.15069103
  -1225.20081429
  -1225.22709633
  -1225.21630896
  -1225.17369288
  -1225.16147090
  -1225.24217926
  -1225.17643594
  -1225.19578291
  -1225.20093847
  -1225.18963627
  -1225.19148084
  -1225.17971404
  -1225.22739884
  -1225.22531080
  -1225.22678440
  -1225.22971562
  -1225.21493792
  -1225.21238486
  -1225.16454246
  -1225.17400440
  -1225.22320406
  -1225.16895905
  -1225.20897781
  -1225.19454345
  -1225.23443389
  -1225.20111464
  -1225.20967376
  -1225.24135088
  -1225.19923275
  -1225.21569948
  -1225.20821331
  -1225.18777568
  -1225.18896792
  -1225.21352674
  -1225.19531391
  -1225.13874964
  -1225.19883931
  -1225.19709428
  -1225.22548841
  -1225.21183361
  -1225.21077750
  -1225.21099715
  -1225.21151567
  -1225.19696017
  -1225.20564571
  -1225.21779901
  -1225.20509201
  -1225.21667345
  -1225.22637758
  -1225.21641429
  -1225.21865801
  -1225.18772014
  -1225.16437346
  -1225.18582135
  -1225.19151959
  -1225.20494342
  -1225.21455047
  -1225.22241243
  -1225.23176244
  -1225.22944818
  -1225.18161962
  -1225.17664069
  -1225.18201737
  -1225.20942630
  -1225.22504357
  -1225.22834334
  -1225.20429382
  -1225.21521805
  -1225.10639814
  -1225.22657111
  -1225.22758854
  -1225.22460907
  -1225.24667046
  -1225.23024071
  -1225.21137648
  -1225.17801424
  -1225.21078940
  -1225.19731808
  -1225.21062062
  -1225.22314640
  -1225.20879393
  -1225.21046831
  -1225.13854833
  -1225.20414846
  -1225.16495934
  -1225.21605871
  -1225.19644981
  -1225.20839235
  -1225.21360126
  -1225.20661180
  -1225.19926687
  -1225.22462150
  -1225.18671337
  -1225.22709357
  -1225.20047146
  -1225.22260995
  -1225.19232284
  -1225.21898929
  -1225.20364244
  -1225.22702042
  -1225.21572131
  -1225.22488059
  -1225.20313949
  -1225.21781860
  -1225.22133671
  -1225.18940564
  -1225.21494026
  -1225.16002929
  -1225.22785370
  -1225.19909628
  -1225.21475158
  -1225.21914185
  -1225.16988089
  -1225.19149980
  -1225.23009162
  -1225.16062234
  -1225.20242649
  -1225.15874874
  -1225.17376439
  -1225.20862618
  -1225.16297202
  -1225.22289104
  -1225.24104363
  -1225.23392334
  -1225.19613337
  -1225.20472488
  -1225.18019432
  -1225.21868585
  -1225.21602998
  -1225.21404346
  -1225.21802539
  -1225.22749792
  -1225.22305351
  -1225.22909551
  -1225.19288527
  -1225.19200575
  -1225.19523278
  -1225.22666633
  -1225.14877473
  -1225.21050441
  -1225.15313476
  -1225.20496618
  -1225.22066865
  -1225.21268661
  -1225.20977104
  -1225.19393909
  -1225.20937497
  -1225.22780746
  -1225.14717602
  -1225.20026014
  -1225.19197270
  -1225.18140504
  -1225.21165593
  -1225.19746910
  -1225.24768498
  -1225.24268223
  -1225.23472400
  -1225.22704784
  -1225.18638193
  -1225.18731297
  -1225.19807365
  -1225.22045523
  -1225.20537864
  -1225.17600253
  -1225.21436857
  -1225.12688177
  -1225.20368853
  -1225.21229993
  -1225.21414085
  -1225.22122862
  -1225.20825997
  -1225.22138317
  -1225.23355940
  -1225.10456458
  -1225.20525502
  -1225.21734051
  -1225.20062966
  -1225.22161303
  -1225.18994397
  -1225.22156660
  -1225.21670794
  -1225.22105228
  -1225.16625552
  -1225.22352538
  -1225.16125086
  -1225.19109273
  -1225.18619340
  -1225.22358958
  -1225.21396499
  -1225.22044631
  -1225.20638945
  -1225.18105446
  -1225.21706605
  -1225.20453543
  -1225.22361868
  -1225.15504470
  -1225.20715791
  -1225.21644466
  -1225.21587391
  -1225.16621258
  -1225.19122158
  -1225.13568438
  -1225.21054726
  -1225.17445983
  -1225.17372159
  -1225.23780244
  -1225.20930065
  -1225.20948662
  -1225.20783427
  -1225.20765002
  -1225.15813870
  -1225.17839450
  -1225.16946632
  -1225.18222636
  -1225.22087159
  -1225.20929074
  -1225.19484261
  -1225.22101119
  -1225.18500633
  -1225.15383739
  -1225.21610341
  -1225.14971870
  -1225.20389073
  -1225.19152162
  -1225.19037726
  -1225.19819761
  -1225.19793191
  -1225.16964009
  -1225.22764107
  -1225.18292278
  -1225.18990226
  -1225.18502064
  -1225.20797525
  -1225.19694483
  -1225.20859112
  -1225.19555596
  -1225.18785121
  -1225.21258231
  -1225.21359176
  -1225.23321077
  -1225.22194406
  -1225.18947528
  -1225.21670042
  -1225.20047455
  -1225.18657415
  -1225.19966920
  -1225.18736062
  -1225.19936576
  -1225.22352530
  -1225.20493937
  -1225.21541872
  -1225.23188574
  -1225.21913700
  -1225.21439806
  -1225.22043288
  -1225.08601598
  -1225.22582000
  -1225.22159024
  -1225.16293366
  -1225.21734983
  -1225.17731444
  -1225.21134328
  -1225.22731448
  -1225.21768268
  -1225.19723378
  -1225.20754070
  -1225.19009762
  -1225.20974422
  -1225.17895293
  -1225.21640094
  -1225.19916923
  -1225.20515663
  -1225.21129503
  -1225.19669006
  -1225.18572202
  -1225.19923472
  -1225.19742458
  -1225.22073634
  -1225.19779826
  -1225.21622429
  -1225.15319938
  -1225.20042690
  -1225.20411256
  -1225.19166268
  -1225.20699661
  -1225.22928895
  -1225.20624921
  -1225.19902552
  -1225.21545696
  -1225.23610122
  -1225.21393419
  -1225.18954469
  -1225.21229315
  -1225.22480193
  -1225.09266566
  -1225.19476647
  -1225.20978260
  -1225.19935626
  -1225.20796280
  -1225.21970732
  -1225.20898485
  -1225.22977461
  -1225.21757159
  -1225.21636606
  -1225.18511175
  -1225.15268219
  -1225.22467682
  -1225.16400358
  -1225.20775422
  -1225.16410099
  -1225.19690825
  -1225.14392573
  -1225.19113528
  -1225.20258727
  -1225.19165458
  -1225.18905638
  -1225.22073870
  -1225.22875387
  -1225.15798852
  -1225.19311865
  -1225.19287446
  -1225.19851432
  -1225.21912298
  -1225.20677884
  -1225.19388560
  -1225.21483014
  -1225.19727121
  -1225.23181136
  -1225.15151330
  -1225.21085060
  -1225.17759396
  -1225.18741938
  -1225.23498582
  -1225.11160884
  -1225.22558052
  -1225.21785467
  -1225.22095904
  -1225.22347033
  -1225.20634725
  -1225.20170206
  -1225.21969982
  -1225.24701002
  -1225.23294330
  -1225.20960799
  -1225.18287376
  -1225.21102318
  -1225.16182494
  -1225.23013872
  -1225.17839133
  -1225.16676355
  -1225.22182789
  -1225.21004470
  -1225.20186591
  -1225.21474868
  -1225.23681532
  -1225.23072277
  -1225.20741485
  -1225.18857687
  -1225.20198839
  -1225.17394624
  -1225.21997176
  -1225.20618049
  -1225.22939863
  -1225.20896316
  -1225.20630190
  -1225.20603226
  -1225.15851927
  -1225.18459843
  -1225.16753991
  -1225.21897676
  -1225.13140407
  -1225.21001100
  -1225.22406707
  -1225.21706291
  -1225.18944634
  -1225.19987136
  -1225.22534377
  -1225.21745526
  -1225.22240562
  -1225.14855108
  -1225.24339630
  -1225.20277855
  -1225.21044695
  -1225.23967632
  -1225.18452646
  -1225.21108853
  -1225.21813993
  -1225.21521735
  -1225.22774890
  -1225.21533922
  -1225.21013109
  -1225.19713830
  -1225.21399824
  -1225.20588351
  -1225.18659192
  -1225.19415013
  -1225.20958996
  -1225.20477210
  -1225.14723384
  -1225.19662506
  -1225.20956465
  -1225.16672535
  -1225.15413379
  -1225.20100060
  -1225.23210860
  -1225.16477953
  -1225.21350497
  -1225.21001946
  -1225.17248267
  -1225.21844754
  -1225.21970599
  -1225.22106444
  -1225.22500347
  -1225.20685614
  -1225.19881456
  -1225.22467374
  -1225.17021832
  -1225.19665113
  -1225.22471424
  -1225.20785229
  -1225.19375399
  -1225.22915416
  -1225.18160170
  -1225.21397084
  -1225.20822269
  -1225.20810274
  -1225.17425842
  -1225.21115235
  -1225.23168759
  -1225.21814688
  -1225.19566292
  -1225.16986966
  -1225.17527466
  -1225.23953077
  -1225.20680544
  -1225.16054585
  -1225.21461523
  -1225.23007877
  -1225.23159755
  -1225.21619095
  -1225.20399260
  -1225.19714070
  -1225.16211218
  -1225.17748633
  -1225.19019451
  -1225.20791593
  -1225.22165468
  -1225.19106641
  -1225.14919557
  -1225.23447058
  -1225.22610812
  -1225.22438439
  -1225.24107351
  -1225.18618924
  -1225.22179826
  -1225.23016635
  -1225.18690968
  -1225.18889660
  -1225.20898277
  -1225.20453770
  -1225.18307244
  -1225.20913688
  -1225.20335294
  -1225.20252328
  -1225.21385176
  -1225.18915335
  -1225.17821890
  -1225.21924644
  -1225.20451587
  -1225.20758442
  -1225.20564765
  -1225.18281258
  -1225.21114034
  -1225.20827138
  -1225.22629624
  -1225.22268615
  -1225.24359730
  -1225.16848936
  -1225.19309711
  -1225.13047644
  -1225.22252494
  -1225.21093470
  -1225.19428338
  -1225.20086747
  -1225.21318844
  -1225.21454021
  -1225.16807394
  -1225.24437310
  -1225.20686294
  -1225.22482218
  -1225.19562775
  -1225.19196924
  -1225.19235467
  -1225.23684064
  -1225.18987436
  -1225.21204840
  -1225.16463251
  -1225.22497335
  -1225.19918666
  -1225.20831151
  -1225.12722735
  -1225.21212602
  -1225.21946904
  -1225.22800283
  -1225.21579975
  -1225.20582609
  -1225.24291210
  -1225.20979306
  -1225.19578350
  -1225.20878659
  -1225.21463267
  -1225.22881183
  -1225.15165211
  -1225.21875499
  -1225.16760632
  -1225.17851432
  -1225.18711523
  -1225.21917658
  -1225.23774809
  -1225.23095184
  -1225.15644991
  -1225.17974752
  -1225.21147730
  -1225.16060565
  -1225.20059345
  -1225.22014918
  -1225.22065450
  -1225.19848138
  -1225.14792044
  -1225.21465864
  -1225.22340871
  -1225.21090057
  -1225.17822876
  -1225.19376249
  -1225.22315798
  -1225.19420973
  -1225.20390796
  -1225.17546597
  -1225.21866511
  -1225.23251363
  -1225.19911050
  -1225.19416858
  -1225.21258058
  -1225.20937935
  -1225.23341747
  -1225.19661693
  -1225.22889228
  -1225.21408429
  -1225.22756602
  -1225.19526263
  -1225.19910895
  -1225.16443872
  -1225.23314900
  -1225.21808236
  -1225.15710267
  -1225.22915623
  -1225.16374491
  -1225.21690923
  -1225.24286876
  -1225.21447328
  -1225.21623284
  -1225.22110579
  -1225.20240304
  -1225.22190060
  -1225.15826582
  -1225.20291493
  -1225.22809365
  -1225.21987546
  -1225.21134786
  -1225.21493533
  -1225.19436509
  -1225.21865208
  -1225.22168585
  -1225.20909588
  -1225.21780036
  -1225.20858459
  -1225.20115745
  -1225.19725267
  -1225.21804553
  -1225.22586418
  -1225.22056877
  -1225.24911571
  -1225.19348565
  -1225.21021486
  -1225.22035124
  -1225.20934504
  -1225.21991893
  -1225.18711108
  -1225.19376038
  -1225.19230968
  -1225.18386311
  -1225.19857836
  -1225.21204716
  -1225.22790325
  -1225.22508521
  -1225.20542071
  -1225.18531693
  -1225.21046511
  -1225.17534036
  -1225.23403701
  -1225.22700384
  -1225.18444601
  -1225.18464102
  -1225.16545999
  -1225.19879045
  -1225.22537163
  -1225.18751395
  -1225.19910404
  -1225.21935252
  -1225.18823835
  -1225.20767543
  -1225.22371760
  -1225.21035262
  -1225.21612905
  -1225.21788116
  -1225.21247346
  -1225.19065675
  -1225.21651236
  -1225.23779595
  -1225.22373043
  -1225.20272706
  -1225.22817958
  -1225.19619392
  -1225.19829853
  -1225.17438800
  -1225.19423835
  -1225.21367443
  -1225.12870897
  -1225.18832847
  -1225.19125633
  -1225.20602828
  -1225.21680667
  -1225.20909948
  -1225.20276847
  -1225.18550458
  -1225.21404816
  -1225.17862243
  -1225.19766838
  -1225.21365442
  -1225.22979543
  -1225.16426237
  -1225.19856781
  -1225.19986629
  -1225.15834276
  -1225.19258023
  -1225.22704197
  -1225.20921912
  -1225.20146284
  -1225.22113550
  -1225.23066819
  -1225.15131085
  -1225.21615444
  -1225.24064756
  -1225.20217972
  -1225.17382943
  -1225.20832044
  -1225.22156193
  -1225.22661379
  -1225.18179695
  -1225.17960976
  -1225.16606352
  -1225.20825766
  -1225.21123512
  -1225.21801638
  -1225.19319456
  -1225.22341695
  -1225.23801630
  -1225.18343714
  -1225.22525823
  -1225.22424392
  -1225.23524783
  -1225.17167518
  -1225.22037620
  -1225.19623416
  -1225.18925307
  -1225.20617177
  -1225.22068507
  -1225.18202373
  -1225.19333444
  -1225.24208246
  -1225.22234323
  -1225.21806684
  -1225.21894864
  -1225.19244582
  -1225.19643853
  -1225.20937627
  -1225.22807391
  -1225.22290157
  -1225.21403167
  -1225.20582397
  -1225.22567131
  -1225.22092301
  -1225.20233917
  -1225.22189970
  -1225.17597298
  -1225.20556002
  -1225.17990130
  -1225.21191549
  -1225.21632660
  -1225.16883999
  -1225.17715144
  -1225.20610722
  -1225.21924769
  -1225.15030276
  -1225.22030378
  -1225.18196483
  -1225.22351929
  -1225.22001074
  -1225.22892216
  -1225.23505339
  -1225.20484065
  -1225.20047050
  -1225.21606106
  -1225.19842432
  -1225.23915081
  -1225.19769789
  -1225.17176309
  -1225.22776804
  -1225.24754425
  -1225.21053933
  -1225.22105614
  -1225.23037127
  -1225.19147785
  -1225.23040622
  -1225.20739467
  -1225.20362852
  -1225.22406310
  -1225.22287720
  -1225.21024767
  -1225.20913724
  -1225.19470616
  -1225.15644906
  -1225.20301056
  -1225.21834453
  -1225.17487637
  -1225.19915758
  -1225.19532915
  -1225.19428892
  -1225.14408042
  -1225.21574595
  -1225.23057770
  -1225.22762642
  -1225.21217089
  -1225.17880788
  -1225.19845015
  -1225.21429900
  -1225.19062226
  -1225.21959749
  -1225.19522647
  -1225.19117728
  -1225.20953739
  -1225.22390307
  -1225.24432436
  -1225.23277319
  -1225.21694224
  -1225.21442769
  -1225.21351596
  -1225.23054578
  -1225.20087338
  -1225.21259394
  -1225.21683198
  -1225.21171064
  -1225.22729141
  -1225.16818011
  -1225.16683981
  -1225.20339320
  -1225.22547515
  -1225.21042647
  -1225.19881731
  -1225.18676300
  -1225.20628197
  -1225.21404989
  -1225.21072671
  -1225.20282142
  -1225.17561412
  -1225.21418327
  -1225.19439311
  -1225.20898944
  -1225.18874769
  -1225.21355336
  -1225.19835091
  -1225.20166489
  -1225.21477417
  -1225.19661316
  -1225.20222797
  -1225.19910925
  -1225.20448045
  -1225.22263761
  -1225.23506222
  -1225.18486762
  -1225.20444199
  -1225.21913829
  -1225.22292981
  -1225.21094420
  -1225.22625908
  -1225.25337464
  -1225.21215044
  -1225.19827287
  -1225.19900676
  -1225.21278517
  -1225.22395027
  -1225.19077527
  -1225.19809496
  -1225.16776327
  -1225.18602205
  -1225.23309025
  -1225.15498857
  -1225.21955531
  -1225.22685000
  -1225.21870966
  -1225.22376117
  -1225.22201779
  -1225.20126484
  -1225.19936212
  -1225.14944390
  -1225.21978786
  -1225.20890954
  -1225.23539555
  -1225.22064438
  -1225.20055834
  -1225.21635663
  -1225.22553813
  -1225.19214080
  -1225.20320922
  -1225.20434841
  -1225.15287996
  -1225.18886664
  -1225.17821601
  -1225.18412782
  -1225.15226427
  -1225.18524018
  -1225.21796423
  -1225.16105005
  -1225.19760098
  -1225.19169102
  -1225.23224683
  -1225.22436716
  -1225.21915495
  -1225.20897779
  -1225.20640166
  -1225.24360072
  -1225.20439493
  -1225.21140089
  -1225.17654632
  -1225.18577088
  -1225.20322221
  -1225.21275880
  -1225.21437488
  -1225.24536170
  -1225.19430694
  -1225.14144379
  -1225.22848277
  -1225.20041565
  -1225.19740464
  -1225.20185207
  -1225.22896411
  -1225.21307435
  -1225.22142541
  -1225.17140512
  -1225.21392071
  -1225.21923059
  -1225.20948303
  -1225.19231623
  -1225.20853795
  -1225.21771017
  -1225.21200643
  -1225.22206262
  -1225.18620405
  -1225.17851083
  -1225.20979164
  -1225.18886816
  -1225.19996819
  -1225.17076098
  -1225.20344506
  -1225.24930358
  -1225.20924327
  -1225.19389278
  -1225.21418757
  -1225.20544352
  -1225.20261864
  -1225.19716560
  -1225.21273858
  -1225.20192653
  -1225.11217408
  -1225.20917377
  -1225.20996676
  -1225.20631807
  -1225.22822556
  -1225.22457499
  -1225.17568545
  -1225.21191786
  -1225.19814402
  -1225.19531430
  -1225.21092770
  -1225.19701383
  -1225.22173478
  -1225.19283134
  -1225.22446099
  -1225.20067020
  -1225.21308072
  -1225.16160962
  -1225.18981854
  -1225.18117913
  -1225.22717151
  -1225.23453308
  -1225.18534596
  -1225.20800410
  -1225.20934521
  -1225.20109549
  -1225.21660320
  -1225.18065937
  -1225.21221817
  -1225.20491647
  -1225.22596692
  -1225.20449783
  -1225.22578804
  -1225.22523327
  -1225.21663438
  -1225.22483377
  -1225.20498259
  -1225.22004839
  -1225.18220324
  -1225.21645236
  -1225.21807825
  -1225.20551543
  -1225.21866227
  -1225.21000412
  -1225.22510850
  -1225.23515301
  -1225.23424810
  -1225.20971835
  -1225.21779711
  -1225.22157550
  -1225.16829501
  -1225.21201180
  -1225.21348832
  -1225.20981735
  -1225.16708069
  -1225.19816008
  -1225.21315365
  -1225.20155836
  -1225.18262631
  -1225.20956206
  -1225.15276626
  -1225.19940971
  -1225.20176510
  -1225.18994914
  -1225.19947426
  -1225.19059922
  -1225.24241995
  -1225.23448164
  -1225.23308125
  -1225.19560586
  -1225.22219036
  -1225.18378879
  -1225.20472108
  -1225.23912834
  -1225.21998326
  -1225.21422337
  -1225.21182834
  -1225.21514283
  -1225.19421151
  -1225.20736391
  -1225.21201105
  -1225.20683823
  -1225.17845705
  -1225.15289535
  -1225.21407980
  -1225.18615071
  -1225.20772027
  -1225.24317877
  -1225.20908763
  -1225.18130086
  -1225.21840738
  -1225.21804155
  -1225.16072468
  -1225.19691336
  -1225.22251102
  -1225.17697814
  -1225.24944466
  -1225.18778286
  -1225.19363932
  -1225.14326407
  -1225.21188241
  -1225.13490039
  -1225.22793587
  -1225.19878470
  -1225.22332159
  -1225.21571088
  -1225.21290865
  -1225.20916802
  -1225.23507318
  -1225.20699475
  -1225.23313970
  -1225.24497736
  -1225.18296380
  -1225.20388738
  -1225.19776897
  -1225.20892282
  -1225.19468031
  -1225.19795331
  -1225.20737652
  -1225.25392617
  -1225.20457870
  -1225.19909030
  -1225.20405622
  -1225.19402978
  -1225.23266843
  -1225.19526885
  -1225.19151783
  -1225.19968755
  -1225.21182013
  -1225.19089320
  -1225.19963436
  -1225.24487161
  -1225.19365721
  -1225.18586176
  -1225.20177131
  -1225.19899769
  -1225.19995085
  -1225.22215393
  -1225.20723080
  -1225.21694280
  -1225.20524027
  -1225.19452406
  -1225.20338720
  -1225.22673461
  -1225.22200670
  -1225.18308734
  -1225.16297868
  -1225.17302702
  -1225.22987459
  -1225.22991454
  -1225.18811935
  -1225.21284479
  -1225.18799339
  -1225.22009864
  -1225.19062976
  -1225.21400478
  -1225.23069069
  -1225.20813077
  -1225.20364958
  -1225.19980370
  -1225.20789366
  -1225.16933039
  -1225.20550634
  -1225.21880978
  -1225.21993359
  -1225.19889815
  -1225.21468876
  -1225.20277033
  -1225.24962480
  -1225.20953767
  -1225.18387776
  -1225.19828530
  -1225.19177806
  -1225.21123097
  -1225.22318175
  -1225.18213885
  -1225.19548530
  -1225.17715558
  -1225.21519810
  -1225.19950790
  -1225.22418435
  -1225.22015714
  -1225.23122302
  -1225.20961875
  -1225.21993040
  -1225.19658713
  -1225.20745453
  -1225.20419681
  -1225.17970005
  -1225.22374208
  -1225.21022844
  -1225.21748360
  -1225.18669105
  -1225.16525186
  -1225.21900911
  -1225.21687831
  -1225.19201063
  -1225.20706391
  -1225.22436124
  -1225.19296576
  -1225.19969307
  -1225.21768917
  -1225.20880623
  -1225.21571275
  -1225.19110698
  -1225.21042991
  -1225.15804315
  -1225.20891044
  -1225.19867568
  -1225.19118541
  -1225.18993455
  -1225.21781542
  -1225.20408152
  -1225.18127219
  -1225.22960752
  -1225.14443409
  -1225.14364616
  -1225.16418172
  -1225.20753523
  -1225.21991905
  -1225.22671575
  -1225.18644276
  -1225.23013863
  -1225.22217042
  -1225.21476466
  -1225.17837649
  -1225.21557677
  -1225.18679108
  -1225.20170106
  -1225.21589954
  -1225.20572401
  -1225.17696377
  -1225.21274217
  -1225.21684665
  -1225.17702211
  -1225.15471029
  -1225.23857136
  -1225.24283054
  -1225.21283723
  -1225.20583528
  -1225.19269291
  -1225.21562154
  -1225.18939742
  -1225.20951565
  -1225.18492336
  -1225.23656515
  -1225.24131702
  -1225.20873520
  -1225.20565512
  -1225.22145554
  -1225.21237528
  -1225.22765859
  -1225.20302398
  -1225.18113198
  -1225.19834572
  -1225.20517944
  -1225.16391236
  -1225.19319642
  -1225.21946308
  -1225.23512410
  -1225.16231700
  -1225.17518917
  -1225.17930059
  -1225.23008940
  -1225.21467896
  -1225.18592184
  -1225.20730206
  -1225.23327311
  -1225.19982685
  -1225.22452286
  -1225.21721122
  -1225.19099253
  -1225.22911701
  -1225.20920468
  -1225.19763313
  -1225.21041893
  -1225.19579216
  -1225.19929308
  -1225.22068843
  -1225.23159675
  -1225.23157662
  -1225.21449127
  -1225.20453973
  -1225.24020276
  -1225.22808664
  -1225.23622627
  -1225.21147967
  -1225.20313736
  -1225.21450511
  -1225.20535954
  -1225.21447310
  -1225.19662501
  -1225.21876401
  -1225.20088566
  -1225.21129827
  -1225.22313943
  -1225.17329913
  -1225.19260778
  -1225.20477641
  -1225.11759928
  -1225.19083046
  -1225.21789784
  -1225.10499303
  -1225.18086777
  -1225.21781828
  -1225.21409581
  -1225.18557867
  -1225.18463919
  -1225.20735300
  -1225.18385754
  -1225.21512646
  -1225.19300744
  -1225.22785529
  -1225.18300094
  -1225.19285408
  -1225.18767870
  -1225.17180422
  -1225.23209010
  -1225.23216242
  -1225.20147625
  -1225.23038691
  -1225.21167577
  -1225.22140316
  -1225.24235168
  -1225.21902959
  -1225.22227629
  -1225.20410231
  -1225.19160076
  -1225.24541591
  -1225.19179743
  -1225.22450826
  -1225.22949978
  -1225.23837939
  -1225.18606091
  -1225.18683878
  -1225.22005455
  -1225.19639005
  -1225.20420959
  -1225.17633183
  -1225.20168886
  -1225.18021558
  -1225.22806480
  -1225.22480316
  -1225.13945039
  -1225.21527789
  -1225.17238086
  -1225.20487077
  -1225.21748498
  -1225.21653564
  -1225.21138987
  -1225.23047688
  -1225.21442317
  -1225.21182171
  -1225.18787615
  -1225.19570982
  -1225.16480829
  -1225.20982169
  -1225.17951622
  -1225.23578476
  -1225.22865614
  -1225.20853981
  -1225.22385901
  -1225.23145292
  -1225.21858775
  -1225.20971621
  -1225.23719436
  -1225.22347131
  -1225.20123988
  -1225.18914157
  -1225.20472872
  -1225.18303890
  -1225.24684224
  -1225.18466900
  -1225.18993236
  -1225.21457962
  -1225.18342047
  -1225.21460945
  -1225.18843564
  -1225.21254297
  -1225.21612044
  -1225.21947138
  -1225.23444222
  -1225.20293454
  -1225.21964635
  -1225.23298778
  -1225.19091613
  -1225.20214961
  -1225.19680971
  -1225.18670100
  -1225.23097822
  -1225.21579247
  -1225.19956984
  -1225.20559809
  -1225.22523406
  -1225.20294049
  -1225.21576314
  -1225.17576302
  -1225.20113248
  -1225.15021430
  -1225.13340235
  -1225.22486319
  -1225.19573829
  -1225.22120856
  -1225.22809752
  -1225.21328725
  -1225.21404375
  -1225.24356864
  -1225.16626178
  -1225.16532648
  -1225.22276473
  -1225.21168539
  -1225.20544652
  -1225.22426225
  -1225.18478295
  -1225.22100393
  -1225.21865656
  -1225.23278738
  -1225.22663042
  -1225.21643672
  -1225.21830182
  -1225.20686898
  -1225.13003232
  -1225.24031337
  -1225.19850745
  -1225.17470835
  -1225.19478751
  -1225.19156249
  -1225.24255158
  -1225.20308784
  -1225.21378737
  -1225.19666037
  -1225.16277969
  -1225.21492944
  -1225.21846476
  -1225.20121538
  -1225.23171814
  -1225.24002396
  -1225.20181440
  -1225.18905385
  -1225.13229090
  -1225.21611191
  -1225.21333641
  -1225.24798826
  -1225.22485436
  -1225.19267689
  -1225.24838507
  -1225.16676344
  -1225.22502759
  -1225.19511459
  -1225.19388024
  -1225.19213273
  -1225.24163231
  -1225.16889939
  -1225.19003482
  -1225.23388881
  -1225.21752799
  -1225.19791286
  -1225.21350727
  -1225.20277395
  -1225.20211366
  -1225.21767875
  -1225.19858998
  -1225.20319379
  -1225.21245781
  -1225.21634318
  -1225.24089779
  -1225.22809678
  -1225.22400243
  -1225.21538133
  -1225.20415886
  -1225.20764929
  -1225.21612080
  -1225.20578898
  -1225.18057949
  -1225.16550879
  -1225.21877661
  -1225.21492911
  -1225.19695609
  -1225.20922657
  -1225.20624841
  -1225.23319411
  -1225.16562082
  -1225.22759483
  -1225.18494918
  -1225.14628900
  -1225.20026775
  -1225.19811173
  -1225.22027515
  -1225.22715974
  -1225.21853408
  -1225.22434696
  -1225.19317008
  -1225.22513968
  -1225.18460682
  -1225.21731225
  -1225.19583838
  -1225.19842327
  -1225.20929861
  -1225.19120308
  -1225.13715545
  -1225.17065477
  -1225.20742940
  -1225.17798432
  -1225.21363394
  -1225.22663238
  -1225.21983279
  -1225.21741161
  -1225.20007105
  -1225.22358102
  -1225.24040697
  -1225.19611645
  -1225.21820426
  -1225.19834015
  -1225.21213146
  -1225.21283476
  -1225.16242005
  -1225.20336374
  -1225.20181248
  -1225.13127028
  -1225.19963484
  -1225.22419147
  -1225.21612561
  -1225.15404215
  -1225.21358078
  -1225.22067899
  -1225.13999063
  -1225.22987808
  -1225.17843533
  -1225.22201563
  -1225.19171663
  -1225.22156354
  -1225.21971131
  -1225.22990581
  -1225.18499121
  -1225.21108587
  -1225.20173765
  -1225.18334897
  -1225.19653844
  -1225.21036825
  -1225.21653557
  -1225.20520209
  -1225.21864367
  -1225.14712784
  -1225.21632830
  -1225.22072902
  -1225.19535422
  -1225.24079887
  -1225.14264503
  -1225.19015840
  -1225.22293180
  -1225.19931565
  -1225.20486080
  -1225.21894598
  -1225.20079772
  -1225.20104744
  -1225.17714469
  -1225.18762551
  -1225.20846119
  -1225.20849947
  -1225.22797053
  -1225.18254940
  -1225.16689928
  -1225.20888021
  -1225.23857291
  -1225.16299568
  -1225.20955301
  -1225.21975605
  -1225.21326171
  -1225.14306894
  -1225.21302412
  -1225.20246679
  -1225.20000939
  -1225.13084749
  -1225.20259872
  -1225.20254103
  -1225.20518829
  -1225.21458911
  -1225.20019652
  -1225.21714111
  -1225.21150163
  -1225.13342146
  -1225.19866798
  -1225.23612735
  -1225.19105960
  -1225.18799601
  -1225.22347942
  -1225.20071711
  -1225.22086732
  -1225.21505371
  -1225.21813213
  -1225.22784528
  -1225.22007672
  -1225.14220948
  -1225.18394364
  -1225.22451002
  -1225.21823153
  -1225.19381320
  -1225.21749162
  -1225.20432426
  -1225.21044389
  -1225.19407269
  -1225.22574674
  -1225.19323208
  -1225.23609319
  -1225.22717623
  -1225.22686671
  -1225.22141510
  -1225.15871679
  -1225.22297123
  -1225.20491845
  -1225.18787884
  -1225.19229192
  -1225.20391683
  -1225.22802837
  -1225.18444607
  -1225.19522563
  -1225.21627393
  -1225.18853417
  -1225.19668663
  -1225.22382091
  -1225.22544408
  -1225.20673272
  -1225.18575615
  -1225.19093516
  -1225.15631902
  -1225.19258944
  -1225.18649016
  -1225.22057647
  -1225.18609744
  -1225.22581136
  -1225.21588679
  -1225.21099181
  -1225.19858134
  -1225.19121778
  -1225.20446856
  -1225.17905908
  -1225.24889737
  -1225.22429904
  -1225.17803825
  -1225.19743032
  -1225.15557097
  -1225.20735592
  -1225.19987274
  -1225.20314035
  -1225.21566223
  -1225.19026259
  -1225.16138563
  -1225.19301353
  -1225.18807221
  -1225.20053596
  -1225.21491495
  -1225.22430844
  -1225.23498389
  -1225.22122696
  -1225.18134344
  -1225.17982570
  -1225.23703299
  -1225.17649865
  -1225.17656685
  -1225.22936093
  -1225.22481506
  -1225.18887988
  -1225.23403920
  -1225.22932352
  -1225.20797902
  -1225.23668915
  -1225.16883966
  -1225.19815860
  -1225.21962390
  -1225.18914407
  -1225.21429047
  -1225.19692400
  -1225.21324611
  -1225.23749402
  -1225.21736027
  -1225.21075464
  -1225.22540726
  -1225.22693820
  -1225.21940808
  -1225.20618864
