   -0.13658346
    0.27190687
   -0.44999513
   -0.09202788
    0.00324939
   -0.08024121
    0.01217109
   -0.03682989
   -0.04048610
    0.09576251
   -0.18677869
   -0.04066976
   -0.03736195
   -0.02370547
    0.26389974
   -0.44363508
   -0.08708803
   -0.05571405
   -0.05119923
    0.06979232
    0.05956325
    0.05248795
    0.04525098
    0.04700117
    0.04596806
    0.08971328
    0.04814916
    0.05431457
    0.05431076
    0.04313190
    0.08509059
    0.04966298
    0.05244262
    0.06744171
    0.05946602
    0.08974613
    0.05299532
    0.04879757
