           1           2  0.98714278787815624     
           2           3   1.6744728381384242     
           2           4   1.2269118503751928     
           3           4  0.18590412981605581     
           4           5  0.99599784737719244     
           5           6  0.97083309321806099     
           6           7   1.0143446880125551     
           7           8   1.4046203400771595     
           8           9   1.4478994472061852     
           9          10   1.4018977386762592     
          10          11  0.96717598719204045     
           8          12  0.10819088112375307     
          10          12   1.4046356442191090     
           7          13   1.4082353781038428     
           9          13  0.10755620377310245     
          12          13   1.4443680764194542     
           4          14  0.99827841511119730     
          14          15  0.94696749446639084     
          15          16   1.6612067454879920     
          15          17   1.2606322690078873     
          16          17  0.19669597686283083     
          17          18   1.0034029350742315     
          17          19  0.99471982941191139     
           1          20  0.98315161840039145     
           1          21  0.96675435628063600     
           1          22  0.96640784955789094     
           5          23  0.96957806440892302     
           5          24  0.96599007267459780     
           6          25  0.96855293119666475     
           6          26  0.95562721646941884     
           8          27  0.96732001254224864     
           9          28  0.96763539406373122     
          12          29  0.96768744653647187     
          13          30  0.96786564537328246     
          14          31  0.94927788126239854     
          14          32  0.95280973487003817     
          18          33  0.97783934478866619     
          18          34  0.98064351723016308     
          18          35  0.97133683576404772     
          19          36  0.97255883514765529     
          19          37  0.97659910683912199     
          19          38  0.97761290611583540     
