% The following energies apply to conformations described by the topology 
% R13_iter1.top.  Structures are given in trajectory coords.cdf, count: 116.

% Item 0:
%   Energy -> orca_structures/coor*/NConf*.out
   -801.63709003
   -801.62898026
   -801.62892163
   -801.63381162
   -801.62952641
   -801.63640097
   -801.63612739
   -801.63623055
   -801.63702658
   -801.62548870
   -801.62834472
   -801.63684534
   -801.63499832
   -801.62827954
   -801.62820587
   -801.63572729
   -801.63629690
   -801.62919085
   -801.63707664
   -801.63566772
   -801.63680899
   -801.63098319
   -801.63605517
   -801.62547381
   -801.62754699
   -801.62914454
   -801.62355177
   -801.62787501
   -801.62555131
   -801.62825271
   -801.63424786
   -801.63644570
   -801.63426569
   -801.62923560
   -801.62897574
   -801.62723640
   -801.62517623
   -801.63624110
   -801.62311878
   -801.63525691
   -801.63704140
   -801.62487716
   -801.63104334
   -801.63531159
   -801.62922049
   -801.63659314
   -801.62809487
   -801.62307928
   -801.63628692
   -801.62916515
   -801.63532421
   -801.62760553
   -801.62920097
   -801.63082576
   -801.63727425
   -801.63529680
   -801.62549540
   -801.63636796
   -801.63392103
   -801.62733616
   -801.63427573
   -801.63622688
   -801.62120542
   -801.62770187
   -801.63639203
   -801.63489270
   -801.62739492
   -801.62609728
   -801.63704183
   -801.62745633
   -801.62809602
   -801.62990199
   -801.62480183
   -801.63929465
   -801.62793663
   -801.62085431
   -801.63065159
   -801.63644051
   -801.62580877
   -801.62760958
   -801.63568461
   -801.62767062
   -801.62491144
   -801.62820417
   -801.63154563
   -801.62101308
   -801.62977982
   -801.62316698
   -801.62911478
   -801.63657180
   -801.62481878
   -801.63498157
   -801.62933124
   -801.63513832
   -801.63689033
   -801.62570237
   -801.63631945
   -801.63638974
   -801.63636330
   -801.63652517
   -801.63687944
   -801.63112687
   -801.63711203
   -801.62514409
   -801.63537346
   -801.63729699
   -801.62570706
   -801.63621760
   -801.63597359
   -801.63508642
   -801.63603617
   -801.62900938
   -801.63606837
   -801.63664973
   -801.63639119
   -801.62820569
