% The following energies apply to conformations described by the topology 
% R38.top.  Structures are given in trajectory coords.cdf, count: 2485.

% Item 0:
%   Energy -> orca_structures/coor*/Conf*.out
   -691.89513195
   -691.92393999
   -691.93219446
   -691.91223987
   -691.92676238
   -691.89449481
   -691.95384254
   -691.86751086
   -691.88872426
   -691.89509813
   -691.88657835
   -691.94571563
   -691.90973727
   -691.88530125
   -691.88846038
   -691.92295689
   -691.93591989
   -691.92576165
   -691.94770987
   -691.89472414
   -691.93072034
   -691.95260053
   -691.90292807
   -691.92563394
   -691.91377692
   -691.92986462
   -691.91770430
   -691.90035676
   -691.92427057
   -691.87044259
   -691.93912214
   -691.92994828
   -691.91105741
   -691.94134791
   -691.89726200
   -691.93346246
   -691.88707841
   -691.92304465
   -691.90433881
   -691.89638922
   -691.91334964
   -691.89891351
   -691.94201760
   -691.87297244
   -691.92110201
   -691.91195817
   -691.87226576
   -691.91992658
   -691.93541631
   -691.90031645
   -691.85957426
   -691.90542995
   -691.90350878
   -691.91201912
   -691.88691370
   -691.92638367
   -691.89854377
   -691.87087423
   -691.85902523
   -691.93549697
   -691.90918027
   -691.89666883
   -691.93991667
   -691.91809521
   -691.92547231
   -691.92686643
   -691.92349398
   -691.91590564
   -691.88073701
   -691.90099981
   -691.83010520
   -691.91459833
   -691.93240748
   -691.86613716
   -691.93438201
   -691.93907893
   -691.93342564
   -691.91407877
   -691.91140168
   -691.91385564
   -691.92853832
   -691.94488837
   -691.92725170
   -691.92762713
   -691.90091452
   -691.91126323
   -691.90651448
   -691.89412117
   -691.91135362
   -691.90763548
   -691.91938331
   -691.92864352
   -691.89282921
   -691.94655155
   -691.90942126
   -691.90968532
   -691.90419883
   -691.96087038
   -691.91852517
   -691.93559106
   -691.93598264
   -691.93872810
   -691.91239046
   -691.90227214
   -691.93232532
   -691.91745783
   -691.91148625
   -691.93249224
   -691.90955990
   -691.92446998
   -691.92369126
   -691.83870549
   -691.90141177
   -691.86609860
   -691.88069477
   -691.93141212
   -691.90311525
   -691.93926711
   -691.90232618
   -691.93696144
   -691.91717780
   -691.91800394
   -691.92221759
   -691.93569593
   -691.91275343
   -691.90738892
   -691.93270591
   -691.90488181
   -691.91912141
   -691.90364159
   -691.93389903
   -691.92132658
   -691.94788413
   -691.92292319
   -691.89303912
   -691.91243713
   -691.91391711
   -691.91979325
   -691.93920445
   -691.90385460
   -691.91852185
   -691.91748040
   -691.91040743
   -691.92831685
   -691.93080873
   -691.93450093
   -691.92055954
   -691.88196244
   -691.92845557
   -691.91664836
   -691.93153677
   -691.85475602
   -691.90932255
   -691.92291483
   -691.90011826
   -691.91606005
   -691.89072944
   -691.91895808
   -691.92090595
   -691.92242791
   -691.94566241
   -691.92097029
   -691.84949423
   -691.94119983
   -691.88921978
   -691.93851353
   -691.89596037
   -691.89409067
   -691.89373401
   -691.94417118
   -691.91821150
   -691.89371022
   -691.91128486
   -691.94099001
   -691.88108839
   -691.89834529
   -691.87364981
   -691.90440276
   -691.93085158
   -691.88582260
   -691.91260358
   -691.92510658
   -691.90748566
   -691.83728772
   -691.90952038
   -691.91240295
   -691.85464784
   -691.94111976
   -691.89630082
   -691.90221879
   -691.91852997
   -691.91838157
   -691.93593793
   -691.84730401
   -691.93056803
   -691.91725096
   -691.91481031
   -691.92869713
   -691.89234115
   -691.94364689
   -691.83910284
   -691.94667262
   -691.94129410
   -691.93002109
   -691.90982175
   -691.92060312
   -691.90927555
   -691.92605427
   -691.90660757
   -691.91976393
   -691.93507293
   -691.93440943
   -691.91058697
   -691.94384906
   -691.84627454
   -691.89089407
   -691.92627745
   -691.91638858
   -691.91936214
   -691.91182986
   -691.90763957
   -691.92443492
   -691.91494354
   -691.93100541
   -691.91435097
   -691.92277692
   -691.92850544
   -691.89005676
   -691.91643835
   -691.92917021
   -691.91813633
   -691.94108072
   -691.91057530
   -691.92208096
   -691.93233516
   -691.90369532
   -691.93183049
   -691.92771831
   -691.95672178
   -691.90970075
   -691.86922194
   -691.91151657
   -691.88444046
   -691.88023697
   -691.93248319
   -691.90558781
   -691.90099769
   -691.93304662
   -691.90407699
   -691.90768240
   -691.92086901
   -691.93949367
   -691.93850931
   -691.87944397
   -691.92902283
   -691.93019867
   -691.93366906
   -691.93953948
   -691.93519540
   -691.88939383
   -691.92405401
   -691.89666028
   -691.92110841
   -691.93838301
   -691.94476213
   -691.91961721
   -691.93080817
   -691.92686528
   -691.94215619
   -691.92299838
   -691.91925271
   -691.92008655
   -691.90518258
   -691.89418825
   -691.92025294
   -691.91880730
   -691.93902808
   -691.90982379
   -691.92378559
   -691.92567858
   -691.84136720
   -691.93028030
   -691.93781625
   -691.91474142
   -691.92302166
   -691.87383888
   -691.91921805
   -691.93842262
   -691.92348725
   -691.89708578
   -691.93314247
   -691.91750034
   -691.90274343
   -691.92922943
   -691.92279669
   -691.92031104
   -691.92416619
   -691.90524056
   -691.92729400
   -691.92826067
   -691.90696835
   -691.92874808
   -691.91524759
   -691.94832192
   -691.91987232
   -691.90735940
   -691.90651147
   -691.93233805
   -691.92887069
   -691.92154962
   -691.91798844
   -691.91976049
   -691.94708024
   -691.82662584
   -691.90080309
   -691.93516381
   -691.91356913
   -691.93370328
   -691.94223658
   -691.92132603
   -691.93153181
   -691.92396653
   -691.89199791
   -691.90232761
   -691.94536380
   -691.93241521
   -691.88338884
   -691.91020646
   -691.88041978
   -691.94874212
   -691.94892429
   -691.91651844
   -691.91593466
   -691.94542280
   -691.94639938
   -691.90639218
   -691.93916636
   -691.94116107
   -691.91036110
   -691.92963010
   -691.91570922
   -691.91991487
   -691.91977544
   -691.86884102
   -691.92786952
   -691.90843352
   -691.92718345
   -691.91826020
   -691.85365879
   -691.94185198
   -691.93624909
   -691.93781895
   -691.88519279
   -691.91849617
   -691.91737191
   -691.95431368
   -691.94222779
   -691.82376026
   -691.93472902
   -691.91772601
   -691.89490402
   -691.95400160
   -691.93844077
   -691.88248692
   -691.93770816
   -691.91828036
   -691.88446181
   -691.95250937
   -691.94717634
   -691.93224132
   -691.92753955
   -691.91819775
   -691.92807044
   -691.92861335
   -691.95593019
   -691.91580713
   -691.96043217
   -691.92986667
   -691.90419377
   -691.86581993
   -691.91931181
   -691.91841058
   -691.81752767
   -691.89585908
   -691.94525350
   -691.91118068
   -691.87548758
   -691.93404426
   -691.91672000
   -691.93974987
   -691.91082863
   -691.89185032
   -691.86406247
   -691.88780926
   -691.94073409
   -691.92858441
   -691.88559931
   -691.90834150
   -691.93485749
   -691.93132412
   -691.93770207
   -691.94639292
   -691.95219213
   -691.84172053
   -691.92250833
   -691.92130906
   -691.90955763
   -691.92723880
   -691.93942628
   -691.90908754
   -691.94014290
   -691.91421391
   -691.91303239
   -691.93056700
   -691.93062324
   -691.91110951
   -691.90293477
   -691.94248766
   -691.90899553
   -691.90887810
   -691.88876078
   -691.92214963
   -691.92307816
   -691.90456932
   -691.92871784
   -691.87502109
   -691.91596114
   -691.91069820
   -691.90193650
   -691.91424484
   -691.92206733
   -691.94053229
   -691.86387769
   -691.91299607
   -691.90986175
   -691.92904452
   -691.93951678
   -691.93117702
   -691.89657315
   -691.92034455
   -691.94431599
   -691.91651041
   -691.92157808
   -691.94678774
   -691.88457549
   -691.90147186
   -691.92545581
   -691.92575472
   -691.91519533
   -691.91226481
   -691.86896256
   -691.90407936
   -691.91042190
   -691.92812547
   -691.91103805
   -691.92398058
   -691.91126273
   -691.92033630
   -691.93946795
   -691.91146558
   -691.87837420
   -691.94074070
   -691.87875130
   -691.88126894
   -691.93449682
   -691.93303365
   -691.93024476
   -691.93065773
   -691.94023212
   -691.92066334
   -691.90804125
   -691.92336504
   -691.92736168
   -691.92918194
   -691.88965433
   -691.91286931
   -691.91595629
   -691.89427472
   -691.91614352
   -691.86765045
   -691.92354062
   -691.85106369
   -691.92449279
   -691.90884144
   -691.89282207
   -691.87150271
   -691.90716281
   -691.91788171
   -691.93746371
   -691.90334415
   -691.89915293
   -691.91935127
   -691.92063647
   -691.94436184
   -691.91901372
   -691.89346030
   -691.92773920
   -691.90366938
   -691.94164223
   -691.89578376
   -691.88175745
   -691.93139783
   -691.93238680
   -691.86492152
   -691.93515045
   -691.89747111
   -691.85914957
   -691.92001167
   -691.95138205
   -691.86672414
   -691.94651480
   -691.89812339
   -691.89196651
   -691.92487042
   -691.93474350
   -691.91511620
   -691.90153898
   -691.92754240
   -691.91755818
   -691.92088819
   -691.94288386
   -691.92553362
   -691.87787705
   -691.93109059
   -691.92123858
   -691.92199539
   -691.87132489
   -691.87402005
   -691.91840508
   -691.85284885
   -691.93600718
   -691.88648621
   -691.92985854
   -691.92157415
   -691.90523145
   -691.91739684
   -691.91728151
   -691.91064445
   -691.91119579
   -691.92664552
   -691.92237315
   -691.94444299
   -691.90730892
   -691.90533783
   -691.92843836
   -691.89764337
   -691.88808203
   -691.94388264
   -691.96345561
   -691.91328272
   -691.88900348
   -691.84186829
   -691.90347572
   -691.82885719
   -691.92426069
   -691.83726709
   -691.86245333
   -691.94061892
   -691.94273410
   -691.92615543
   -691.93435483
   -691.93613383
   -691.89848407
   -691.94493950
   -691.94750904
   -691.85376693
   -691.91782743
   -691.93362315
   -691.91980367
   -691.91143580
   -691.91367933
   -691.89830522
   -691.90488042
   -691.91342859
   -691.92349139
   -691.95029267
   -691.92039111
   -691.93210881
   -691.93311526
   -691.92744230
   -691.91507561
   -691.95212943
   -691.93267755
   -691.92771375
   -691.95327925
   -691.93193459
   -691.91085410
   -691.91553555
   -691.91113428
   -691.93804065
   -691.90922006
   -691.90967422
   -691.94738609
   -691.93304866
   -691.94145122
   -691.94203762
   -691.89291269
   -691.93869182
   -691.91284725
   -691.83044854
   -691.89393678
   -691.94310601
   -691.91819925
   -691.95094759
   -691.91200098
   -691.93877074
   -691.90460611
   -691.90848454
   -691.90403104
   -691.91571076
   -691.88261790
   -691.89421184
   -691.91560663
   -691.89154165
   -691.93401083
   -691.92147587
   -691.91972505
   -691.90441410
   -691.94088137
   -691.90621843
   -691.87259359
   -691.93259875
   -691.85558426
   -691.91665247
   -691.93590581
   -691.94265220
   -691.93243926
   -691.94273668
   -691.88974778
   -691.92914560
   -691.91725431
   -691.91332273
   -691.93180912
   -691.94627354
   -691.92497926
   -691.79544315
   -691.92237031
   -691.89479329
   -691.86502413
   -691.92248184
   -691.90017775
   -691.91184191
   -691.90320305
   -691.92148296
   -691.92495428
   -691.91728446
   -691.90687439
   -691.95423960
   -691.91821724
   -691.95236779
   -691.93728017
   -691.93520852
   -691.89004010
   -691.92970808
   -691.92097533
   -691.86260013
   -691.93128084
   -691.92663660
   -691.92526468
   -691.93981818
   -691.90600443
   -691.94115007
   -691.93606501
   -691.93603781
   -691.90266383
   -691.90571923
   -691.89511694
   -691.93167389
   -691.93071684
   -691.93765293
   -691.91642951
   -691.89488009
   -691.92592143
   -691.90280540
   -691.88346333
   -691.89762283
   -691.92880166
   -691.86952752
   -691.92574312
   -691.94197288
   -691.83609314
   -691.82323118
   -691.90672405
   -691.93562902
   -691.92890489
   -691.92504907
   -691.91885279
   -691.93336154
   -691.94636758
   -691.90877280
   -691.93660179
   -691.87330001
   -691.91858514
   -691.85826695
   -691.91544461
   -691.91973095
   -691.93431612
   -691.93682923
   -691.92810571
   -691.86344849
   -691.91516902
   -691.95318715
   -691.87019820
   -691.91228973
   -691.90948493
   -691.92810955
   -691.92309743
   -691.92629009
   -691.90440445
   -691.94443318
   -691.92317453
   -691.93012657
   -691.93948098
   -691.90160300
   -691.93119158
   -691.92195737
   -691.92076018
   -691.89645599
   -691.91982722
   -691.90800617
   -691.92302626
   -691.93841125
   -691.87294167
   -691.95019507
   -691.90491409
   -691.89871614
   -691.91917158
   -691.91366133
   -691.89810963
   -691.91563309
   -691.88420218
   -691.92739500
   -691.94752537
   -691.91252062
   -691.91610630
   -691.91032932
   -691.93956831
   -691.90915128
   -691.90793122
   -691.92456146
   -691.92731286
   -691.89597331
   -691.92149567
   -691.94776596
   -691.93280893
   -691.91929413
   -691.92056734
   -691.90724043
   -691.93938358
   -691.90992688
   -691.92007814
   -691.93105153
   -691.90107034
   -691.94440328
   -691.90305309
   -691.90788703
   -691.91949265
   -691.95370880
   -691.91453151
   -691.91581932
   -691.86567465
   -691.93343464
   -691.94247374
   -691.90159175
   -691.93509570
   -691.92290338
   -691.92403123
   -691.88102360
   -691.90718215
   -691.94358085
   -691.90471135
   -691.91434506
   -691.91764749
   -691.91695914
   -691.93306533
   -691.85995836
   -691.92664389
   -691.93828624
   -691.93178791
   -691.90868519
   -691.90701571
   -691.84945194
   -691.93502597
   -691.92727451
   -691.92600473
   -691.93409610
   -691.92476046
   -691.94829593
   -691.90807271
   -691.94611855
   -691.92837000
   -691.93134830
   -691.92741490
   -691.93025370
   -691.92252434
   -691.94062455
   -691.92205425
   -691.90410687
   -691.91452643
   -691.90975799
   -691.91693787
   -691.92324097
   -691.91407186
   -691.90703577
   -691.93455158
   -691.95194612
   -691.91867952
   -691.88032036
   -691.87647514
   -691.87793260
   -691.92735229
   -691.92451481
   -691.90954831
   -691.92827639
   -691.90833900
   -691.88362258
   -691.92133344
   -691.94944869
   -691.85338098
   -691.94618519
   -691.93993657
   -691.83839835
   -691.93402750
   -691.91718161
   -691.92323967
   -691.94614249
   -691.92714461
   -691.93407265
   -691.90568032
   -691.89391428
   -691.92284359
   -691.91769516
   -691.87875680
   -691.92941342
   -691.90474683
   -691.92331886
   -691.91815045
   -691.94656725
   -691.94544218
   -691.90554074
   -691.93033865
   -691.90269358
   -691.93720607
   -691.92980088
   -691.90662493
   -691.90754090
   -691.89715602
   -691.91216662
   -691.90982376
   -691.91531617
   -691.89834743
   -691.92672391
   -691.92949064
   -691.94318623
   -691.92849645
   -691.92778178
   -691.92425393
   -691.91672140
   -691.91873258
   -691.91289760
   -691.93451379
   -691.92590256
   -691.91402267
   -691.88857213
   -691.92466553
   -691.90258529
   -691.94202327
   -691.94280249
   -691.90681299
   -691.94548685
   -691.93897089
   -691.93469687
   -691.93468043
   -691.92856007
   -691.91663301
   -691.92361786
   -691.94868972
   -691.93643727
   -691.93294321
   -691.93338196
   -691.88479465
   -691.92782142
   -691.92917278
   -691.92789891
   -691.92736340
   -691.90711105
   -691.92483601
   -691.87209473
   -691.93050985
   -691.93657791
   -691.93179464
   -691.92794110
   -691.90714020
   -691.89471870
   -691.93009571
   -691.89728732
   -691.88752523
   -691.90898710
   -691.91901339
   -691.92887914
   -691.92175864
   -691.89235512
   -691.92983898
   -691.92539396
   -691.93472681
   -691.94932804
   -691.92363067
   -691.93973549
   -691.89034714
   -691.93942819
   -691.86855960
   -691.90914688
   -691.87395423
   -691.93917025
   -691.95021827
   -691.96313993
   -691.85073235
   -691.89645141
   -691.89045114
   -691.92990975
   -691.90538749
   -691.92617975
   -691.86201142
   -691.92084044
   -691.85661952
   -691.95450003
   -691.92933035
   -691.93515014
   -691.92725566
   -691.94389424
   -691.91183308
   -691.91800379
   -691.88328478
   -691.92069179
   -691.90483567
   -691.93064285
   -691.94482066
   -691.90224723
   -691.91361218
   -691.92648946
   -691.91079871
   -691.95019588
   -691.92068563
   -691.90747676
   -691.91881659
   -691.93564244
   -691.92894279
   -691.92128169
   -691.92325738
   -691.91463590
   -691.92863544
   -691.91190038
   -691.84974846
   -691.92382189
   -691.91930961
   -691.92274624
   -691.93944719
   -691.92884158
   -691.91423962
   -691.92802054
   -691.93909537
   -691.93563374
   -691.88857486
   -691.90026426
   -691.86475786
   -691.93790856
   -691.82262747
   -691.87101456
   -691.88218726
   -691.87815045
   -691.84969939
   -691.92445204
   -691.94693809
   -691.93620001
   -691.89663735
   -691.92987984
   -691.93490903
   -691.93241138
   -691.93949021
   -691.90994080
   -691.86222611
   -691.95599056
   -691.87367525
   -691.93458531
   -691.92391202
   -691.90157920
   -691.87884641
   -691.91766860
   -691.89523836
   -691.88611130
   -691.90712457
   -691.90695523
   -691.91010492
   -691.91717691
   -691.90293412
   -691.91586197
   -691.82521932
   -691.94883923
   -691.85185433
   -691.88115932
   -691.85265547
   -691.93181293
   -691.92605282
   -691.84114949
   -691.92362603
   -691.92154644
   -691.92747211
   -691.91366148
   -691.91331393
   -691.92120735
   -691.88259304
   -691.91624682
   -691.88315197
   -691.91343087
   -691.89639353
   -691.91570528
   -691.93394202
   -691.92039366
   -691.88801605
   -691.85839362
   -691.94107735
   -691.88501900
   -691.91363268
   -691.90690615
   -691.88886587
   -691.94277891
   -691.93942921
   -691.92169730
   -691.95130635
   -691.94925433
   -691.88830306
   -691.92522336
   -691.88178287
   -691.93697666
   -691.87883027
   -691.91453197
   -691.86633321
   -691.94141390
   -691.92652339
   -691.92522004
   -691.95003569
   -691.90730973
   -691.92914274
   -691.91251421
   -691.91077717
   -691.89526708
   -691.92848984
   -691.90032910
   -691.90120545
   -691.90718512
   -691.94382245
   -691.91404677
   -691.92138970
   -691.93209433
   -691.91660868
   -691.91952585
   -691.92606112
   -691.93209153
   -691.91638377
   -691.92156402
   -691.94052512
   -691.93157413
   -691.91466937
   -691.89239318
   -691.86965574
   -691.91320685
   -691.90559385
   -691.92114188
   -691.87615799
   -691.91791316
   -691.92977406
   -691.93767775
   -691.94051015
   -691.88318823
   -691.87089217
   -691.88405393
   -691.91871500
   -691.92533529
   -691.93389994
   -691.91432544
   -691.92062841
   -691.86808060
   -691.94444424
   -691.94538570
   -691.93896733
   -691.96134321
   -691.94330770
   -691.91105930
   -691.90658894
   -691.91334924
   -691.93160906
   -691.94130833
   -691.92393780
   -691.92560222
   -691.84278863
   -691.90322310
   -691.86804871
   -691.92307203
   -691.90786960
   -691.92374895
   -691.91415823
   -691.91038363
   -691.93861469
   -691.91478986
   -691.92194780
   -691.92103832
   -691.92262173
   -691.93405359
   -691.92969213
   -691.91020997
   -691.93391118
   -691.91080739
   -691.93393144
   -691.92032856
   -691.92617710
   -691.93286950
   -691.89368735
   -691.91181784
   -691.85073989
   -691.93626859
   -691.91190656
   -691.92399350
   -691.93894737
   -691.87390794
   -691.90139260
   -691.91783132
   -691.92998712
   -691.85050562
   -691.91662543
   -691.87536552
   -691.86992110
   -691.91468954
   -691.86274784
   -691.93316540
   -691.94736447
   -691.91464419
   -691.91053394
   -691.89896408
   -691.93306473
   -691.92651378
   -691.91303405
   -691.94073708
   -691.93818751
   -691.93238341
   -691.92144980
   -691.92494122
   -691.86596768
   -691.92452247
   -691.91191197
   -691.92299046
   -691.92623129
   -691.93064834
   -691.87953076
   -691.92203021
   -691.94093489
   -691.85261803
   -691.90091501
   -691.89299855
   -691.88201657
   -691.92451126
   -691.90956515
   -691.94508904
   -691.95851141
   -691.92732194
   -691.89204023
   -691.92286480
   -691.89689370
   -691.90234258
   -691.91781441
   -691.90914741
   -691.88592421
   -691.94541381
   -691.83229200
   -691.91658271
   -691.91359793
   -691.92967449
   -691.92519296
   -691.92727237
   -691.95012119
   -691.80010504
   -691.91233264
   -691.90101522
   -691.93080123
   -691.91596436
   -691.94454955
   -691.89479992
   -691.93288072
   -691.92380473
   -691.88975014
   -691.93934551
   -691.92260704
   -691.90109913
   -691.91924420
   -691.92169917
   -691.93256755
   -691.91131304
   -691.88586617
   -691.93197705
   -691.91510792
   -691.93398505
   -691.86144419
   -691.91407858
   -691.93412542
   -691.92269376
   -691.88450652
   -691.89610257
   -691.88198490
   -691.91733042
   -691.88511689
   -691.95136799
   -691.92177919
   -691.93028669
   -691.91508931
   -691.88416809
   -691.88894696
   -691.93306623
   -691.91695541
   -691.91615668
   -691.94118761
   -691.91272036
   -691.86527169
   -691.93435210
   -691.85600882
   -691.91246824
   -691.89655934
   -691.89243264
   -691.92264487
   -691.91188248
   -691.90130515
   -691.94329155
   -691.89881140
   -691.90473351
   -691.90629928
   -691.91809196
   -691.91166297
   -691.93274608
   -691.90489133
   -691.89421503
   -691.92158242
   -691.91784016
   -691.94176475
   -691.93159921
   -691.92121513
   -691.93852026
   -691.89476605
   -691.91356581
   -691.90116539
   -691.87824964
   -691.93666027
   -691.91375485
   -691.93065269
   -691.93589516
   -691.93225421
   -691.93161934
   -691.91297254
   -691.89598463
   -691.92874852
   -691.93601512
   -691.87096828
   -691.92694451
   -691.88178704
   -691.91465634
   -691.92788469
   -691.89816738
   -691.92481215
   -691.89658376
   -691.92262488
   -691.90864147
   -691.92182974
   -691.90000010
   -691.90117562
   -691.92043948
   -691.91256072
   -691.89056029
   -691.90554467
   -691.90892451
   -691.93488060
   -691.89794000
   -691.87093271
   -691.91652329
   -691.90661824
   -691.90432787
   -691.93796823
   -691.91499892
   -691.91277321
   -691.90593141
   -691.94459502
   -691.92616717
   -691.87894029
   -691.90407415
   -691.92336836
   -691.84550050
   -691.93111719
   -691.90827841
   -691.90381254
   -691.90684168
   -691.91997774
   -691.91905904
   -691.91899952
   -691.93479832
   -691.92723176
   -691.92879882
   -691.90461192
   -691.92007804
   -691.89427302
   -691.86861280
   -691.90477993
   -691.84366867
   -691.90660863
   -691.91609408
   -691.90061535
   -691.91901288
   -691.92951390
   -691.92914655
   -691.85603178
   -691.89219854
   -691.89968999
   -691.91214824
   -691.91705062
   -691.92209439
   -691.93403126
   -691.91751207
   -691.93709024
   -691.92419676
   -691.88228343
   -691.89081668
   -691.93864423
   -691.91274429
   -691.92501893
   -691.93966225
   -691.93941759
   -691.91945689
   -691.92012447
   -691.93063668
   -691.94219231
   -691.94406205
   -691.92245700
   -691.87555870
   -691.91803467
   -691.89127857
   -691.93748016
   -691.88367810
   -691.87136538
   -691.92772597
   -691.93019198
   -691.92874390
   -691.91880419
   -691.90700739
   -691.94060436
   -691.91337490
   -691.90016802
   -691.91900829
   -691.91899872
   -691.91828949
   -691.92279499
   -691.93641970
   -691.92734689
   -691.92646028
   -691.91734236
   -691.86076886
   -691.92284666
   -691.88352898
   -691.92612013
   -691.90151305
   -691.92707321
   -691.78782370
   -691.89247131
   -691.90873715
   -691.93272573
   -691.92000371
   -691.93408497
   -691.88785145
   -691.94842611
   -691.89737128
   -691.89954388
   -691.94072379
   -691.88670391
   -691.91355131
   -691.92734008
   -691.92580954
   -691.93172992
   -691.92803230
   -691.89661854
   -691.89149093
   -691.91190791
   -691.91905172
   -691.89550485
   -691.92020522
   -691.92363660
   -691.91298349
   -691.84235048
   -691.89813675
   -691.92082460
   -691.93218459
   -691.84597120
   -691.91035055
   -691.94462740
   -691.88295096
   -691.91295651
   -691.90901637
   -691.88973180
   -691.92208302
   -691.92000081
   -691.94179000
   -691.90969219
   -691.90349675
   -691.93614032
   -691.90260858
   -691.90380630
   -691.94141307
   -691.84218109
   -691.90630830
   -691.93432512
   -691.88767451
   -691.93180737
   -691.91588980
   -691.92343827
   -691.87776485
   -691.90422941
   -691.82611722
   -691.92292946
   -691.91893066
   -691.87678741
   -691.95462357
   -691.91474710
   -691.92846749
   -691.91898073
   -691.93983553
   -691.94004262
   -691.93381541
   -691.91256498
   -691.86440447
   -691.87926404
   -691.89790821
   -691.89385834
   -691.91729489
   -691.93473683
   -691.84358495
   -691.94073404
   -691.91204548
   -691.82928769
   -691.90626441
   -691.91667221
   -691.93269696
   -691.90513861
   -691.89476585
   -691.92205863
   -691.92211493
   -691.85460886
   -691.91662229
   -691.91865144
   -691.90563166
   -691.92706458
   -691.90170115
   -691.87576678
   -691.92910696
   -691.93361855
   -691.92224098
   -691.91864223
   -691.89313147
   -691.92441850
   -691.94329115
   -691.94307758
   -691.93018333
   -691.95303131
   -691.89653973
   -691.89366926
   -691.89691879
   -691.93746444
   -691.91565480
   -691.91366416
   -691.92399541
   -691.92353532
   -691.93512646
   -691.94777425
   -691.91922472
   -691.93385870
   -691.89812581
   -691.91875197
   -691.91231651
   -691.93333119
   -691.92225551
   -691.90945686
   -691.74492385
   -691.92205424
   -691.89680399
   -691.92397967
   -691.94243097
   -691.92671640
   -691.93949638
   -691.93832412
   -691.92110439
   -691.89535412
   -691.91660791
   -691.94112842
   -691.83982383
   -691.92131824
   -691.88847855
   -691.88317381
   -691.89829882
   -691.93073467
   -691.94262130
   -691.84629945
   -691.87505137
   -691.91979135
   -691.86550820
   -691.90027915
   -691.93137766
   -691.92667469
   -691.90400526
   -691.93302191
   -691.93435046
   -691.93466188
   -691.87753089
   -691.92807422
   -691.94893193
   -691.89744212
   -691.91400194
   -691.89007865
   -691.92523492
   -691.93762795
   -691.91579354
   -691.91765850
   -691.92045343
   -691.93000292
   -691.91355861
   -691.94066749
   -691.91579312
   -691.93548244
   -691.90656417
   -691.92405404
   -691.93178870
   -691.92290580
   -691.94291528
   -691.91666211
   -691.91273958
   -691.96104388
   -691.92266648
   -691.92229719
   -691.92977597
   -691.89454567
   -691.92052359
   -691.89846138
   -691.91485358
   -691.92724119
   -691.94312202
   -691.90495398
   -691.92919716
   -691.89968450
   -691.93019485
   -691.92707722
   -691.92803756
   -691.91629552
   -691.91738111
   -691.90917982
   -691.90571262
   -691.93473219
   -691.93538741
   -691.94783421
   -691.90174588
   -691.91871029
   -691.93301018
   -691.91071166
   -691.91848707
   -691.89883971
   -691.91536144
   -691.90479849
   -691.88962229
   -691.89487859
   -691.91591333
   -691.94415417
   -691.93273931
   -691.91574151
   -691.88878798
   -691.91707707
   -691.88389723
   -691.94110999
   -691.94614571
   -691.89565683
   -691.89512323
   -691.87594803
   -691.91678929
   -691.91578270
   -691.90935598
   -691.93232340
   -691.91761330
   -691.93349286
   -691.92360401
   -691.93119567
   -691.91440142
   -691.92368123
   -691.86557698
   -691.91185524
   -691.93387366
   -691.94459691
   -691.93313975
   -691.93389378
   -691.85968982
   -691.87137594
   -691.85448440
   -691.91520299
   -691.90611372
   -691.90541112
   -691.92796257
   -691.91106335
   -691.92863316
   -691.91584207
   -691.91085014
   -691.89773580
   -691.91544396
   -691.92912704
   -691.87024184
   -691.90236846
   -691.93037922
   -691.92147892
   -691.93708516
   -691.92378668
   -691.91431908
   -691.94075111
   -691.84280215
   -691.87204244
   -691.92357579
   -691.95261474
   -691.90403625
   -691.89777501
   -691.92226557
   -691.93108227
   -691.88439518
   -691.95126023
   -691.88505983
   -691.88068579
   -691.92474687
   -691.91943584
   -691.91506670
   -691.90451210
   -691.93875444
   -691.93559780
   -691.87478356
   -691.93006027
   -691.93309880
   -691.94950235
   -691.91095911
   -691.93881334
   -691.92078871
   -691.91014736
   -691.92170480
   -691.93091086
   -691.95051360
   -691.92486118
   -691.92785662
   -691.92805302
   -691.86141609
   -691.91508073
   -691.93052448
   -691.93398598
   -691.93267807
   -691.87369365
   -691.91538701
   -691.84754198
   -691.91730031
   -691.91394477
   -691.93361510
   -691.88093049
   -691.92974924
   -691.87828994
   -691.92270906
   -691.91785775
   -691.87124417
   -691.89153665
   -691.90905632
   -691.84271943
   -691.89564274
   -691.93393356
   -691.88991297
   -691.94238131
   -691.92932191
   -691.93233301
   -691.86203290
   -691.90888457
   -691.91031654
   -691.90674304
   -691.94601409
   -691.90530769
   -691.87807291
   -691.92082761
   -691.95835384
   -691.91427881
   -691.93326686
   -691.95408558
   -691.90503744
   -691.92549525
   -691.92801774
   -691.91195144
   -691.93651484
   -691.92579253
   -691.92462271
   -691.93996400
   -691.89203953
   -691.85919992
   -691.90022094
   -691.93232626
   -691.88858727
   -691.90904259
   -691.90906368
   -691.90121764
   -691.85056664
   -691.92710795
   -691.94458948
   -691.90640810
   -691.89344676
   -691.91026258
   -691.92856127
   -691.90671283
   -691.92130368
   -691.90141515
   -691.89933589
   -691.92031918
   -691.93023494
   -691.93985210
   -691.93918285
   -691.92379062
   -691.92744806
   -691.94440635
   -691.90980826
   -691.92713575
   -691.91768512
   -691.91039555
   -691.94261127
   -691.87693528
   -691.87114600
   -691.92493237
   -691.93059187
   -691.91530369
   -691.90816866
   -691.89133101
   -691.91551506
   -691.91648135
   -691.92271176
   -691.85504840
   -691.93397538
   -691.90577086
   -691.92693429
   -691.91313388
   -691.90592202
   -691.91867401
   -691.91746748
   -691.91316944
   -691.91909342
   -691.92486724
   -691.91590975
   -691.90863040
   -691.92650865
   -691.93440278
   -691.90508616
   -691.90791377
   -691.92617134
   -691.93720093
   -691.92560820
   -691.94349709
   -691.95541308
   -691.92486456
   -691.90296578
   -691.91000622
   -691.84273007
   -691.92578734
   -691.90255627
   -691.91612469
   -691.88458288
   -691.90994613
   -691.94274969
   -691.87428480
   -691.93004292
   -691.90973833
   -691.91897280
   -691.91503178
   -691.92947249
   -691.90425740
   -691.90997066
   -691.89400664
   -691.93362485
   -691.92431708
   -691.94238831
   -691.93093323
   -691.93578061
   -691.93595380
   -691.93740133
   -691.91251946
   -691.91834459
   -691.88505779
   -691.88549197
   -691.89786554
   -691.88936782
   -691.87882243
   -691.92302755
   -691.93922587
   -691.88609720
   -691.90801824
   -691.89944474
   -691.94305861
   -691.94139422
   -691.91846846
   -691.91473383
   -691.92223379
   -691.94349886
   -691.91337171
   -691.89252584
   -691.89538845
   -691.92709688
   -691.93367214
   -691.95620856
   -691.90795379
   -691.89922563
   -691.84636696
   -691.94198977
   -691.90556663
   -691.90742597
   -691.91762226
   -691.92989671
   -691.92411311
   -691.93279471
   -691.87446926
   -691.93992848
   -691.91611428
   -691.93273585
   -691.91773338
   -691.90575533
   -691.91049703
   -691.93026641
   -691.92483004
   -691.92111842
   -691.90664947
   -691.89373559
   -691.91916792
   -691.89530959
   -691.93609464
   -691.87641728
   -691.91344381
   -691.95028907
   -691.90452112
   -691.92915128
   -691.92006247
   -691.89291215
   -691.92883316
   -691.92247114
   -691.89821113
   -691.92712912
   -691.92519735
   -691.90845677
   -691.92909042
   -691.92442869
   -691.88911316
   -691.92163451
   -691.88551082
   -691.90559383
   -691.92546787
   -691.91398900
   -691.94037298
   -691.89624675
   -691.93220954
   -691.91458882
   -691.86824105
   -691.90183772
   -691.91008783
   -691.94351107
   -691.94357142
   -691.88995897
   -691.91012170
   -691.91872444
   -691.93099717
   -691.87983239
   -691.92977386
   -691.89931246
   -691.91768805
   -691.88422104
   -691.93723764
   -691.93863789
   -691.92822869
   -691.91936430
   -691.93550834
   -691.91378919
   -691.91278947
   -691.88843468
   -691.91683439
   -691.92572126
   -691.92513014
   -691.91348085
   -691.93958920
   -691.94973608
   -691.92413172
   -691.92691858
   -691.93414509
   -691.86783485
   -691.93100938
   -691.92962723
   -691.91837282
   -691.85496725
   -691.90897423
   -691.93629582
   -691.91547391
   -691.89585780
   -691.92097812
   -691.84166898
   -691.91267151
   -691.87574402
   -691.90074390
   -691.89291006
   -691.94146473
   -691.89923652
   -691.94083215
   -691.94956436
   -691.93540312
   -691.90994359
   -691.93073873
   -691.87436808
   -691.93905525
   -691.95067632
   -691.93252605
   -691.91441215
   -691.92017807
   -691.90976872
   -691.92710038
   -691.93034209
   -691.92131827
   -691.88480739
   -691.92693940
   -691.89860102
   -691.92463800
   -691.94327241
   -691.91841560
   -691.89802563
   -691.93539844
   -691.93799170
   -691.83831019
   -691.91051281
   -691.92646144
   -691.88084050
   -691.90796474
   -691.85198927
   -691.92661479
   -691.93432143
   -691.91252672
   -691.92809884
   -691.92973478
   -691.92400136
   -691.91648856
   -691.94789405
   -691.92292957
   -691.94209036
   -691.94584199
   -691.88791987
   -691.90898136
   -691.90391189
   -691.85174080
   -691.90663770
   -691.92956333
   -691.91674909
   -691.95033069
   -691.91007147
   -691.91760866
   -691.90868930
   -691.86275958
   -691.89846290
   -691.89112552
   -691.90825176
   -691.92182187
   -691.88780504
   -691.91478994
   -691.93926543
   -691.89792518
   -691.91390271
   -691.90892698
   -691.90601772
   -691.92208722
   -691.92712646
   -691.90909781
   -691.91881330
   -691.91125765
   -691.90885292
   -691.93198939
   -691.90191535
   -691.86456131
   -691.94446037
   -691.93862873
   -691.89144145
   -691.92632696
   -691.90219791
   -691.93306725
   -691.93004382
   -691.92253284
   -691.93507018
   -691.91716970
   -691.91050001
   -691.91203552
   -691.92125173
   -691.92260804
   -691.91914576
   -691.93689481
   -691.93871080
   -691.90592520
   -691.92859639
   -691.95811837
   -691.91116531
   -691.89536928
   -691.90347106
   -691.91570422
   -691.93830419
   -691.90251379
   -691.90816124
   -691.89515977
   -691.92312556
   -691.91410594
   -691.94010282
   -691.92079624
   -691.94803607
   -691.93896899
   -691.93877121
   -691.89770333
   -691.90759493
   -691.88315257
   -691.93143349
   -691.91874198
   -691.93877408
   -691.91181894
   -691.87929788
   -691.93078923
   -691.92449184
   -691.89390461
   -691.92250295
   -691.93024778
   -691.91028589
   -691.90535528
   -691.91413654
   -691.92936890
   -691.90788831
   -691.88681848
   -691.91717981
   -691.91817530
   -691.90707713
   -691.90787988
   -691.94055181
   -691.89512364
   -691.89450510
   -691.94074167
   -691.86424370
   -691.91633896
   -691.92639494
   -691.93103677
   -691.84501395
   -691.94338861
   -691.93836754
   -691.94151780
   -691.91197917
   -691.92001954
   -691.89456900
   -691.91649468
   -691.92870657
   -691.91020361
   -691.88871699
   -691.93196101
   -691.93531424
   -691.90845840
   -691.93681166
   -691.94281724
   -691.92353701
   -691.91740773
   -691.91201270
   -691.92695392
   -691.90280611
   -691.92230378
   -691.89934719
   -691.88599137
   -691.93555759
   -691.91817223
   -691.94326185
   -691.90988592
   -691.91810151
   -691.92637094
   -691.92868678
   -691.94357725
   -691.81976466
   -691.88968398
   -691.91610007
   -691.92637933
   -691.87517452
   -691.90641618
   -691.91591389
   -691.95160883
   -691.86269694
   -691.91665347
   -691.89657880
   -691.93259850
   -691.93347454
   -691.89953612
   -691.92109137
   -691.89846604
   -691.93413425
   -691.92576565
   -691.89147009
   -691.94354970
   -691.91089074
   -691.91181183
   -691.91706512
   -691.90897248
   -691.91261187
   -691.94522299
   -691.94395294
   -691.91904594
   -691.91271285
   -691.94747463
   -691.93408555
   -691.95283292
   -691.92669124
   -691.92040392
   -691.91236579
   -691.92980256
   -691.92729097
   -691.88828956
   -691.92487766
   -691.92243320
   -691.92367501
   -691.94472355
   -691.89040155
   -691.89802634
   -691.91613172
   -691.91106254
   -691.92094534
   -691.91981901
   -691.88042422
   -691.89184552
   -691.92600714
   -691.92349329
   -691.89677535
   -691.91278375
   -691.91454852
   -691.90366426
   -691.92568915
   -691.89475494
   -691.94561100
   -691.92874136
   -691.90912766
   -691.88942815
   -691.89421301
   -691.87954620
   -691.92887186
   -691.94000063
   -691.91402783
   -691.94279756
   -691.92443533
   -691.93010556
   -691.92498342
   -691.92329807
   -691.91947545
   -691.90067663
   -691.95270927
   -691.90118357
   -691.93332559
   -691.93578960
   -691.89338181
   -691.87215255
   -691.93189607
   -691.90328371
   -691.91650184
   -691.82551203
   -691.91116464
   -691.88514691
   -691.93416462
   -691.94054982
   -691.85692779
   -691.91757150
   -691.87383687
   -691.91874364
   -691.93370975
   -691.93561241
   -691.91815439
   -691.94155922
   -691.93151401
   -691.93390164
   -691.77448866
   -691.90271154
   -691.86064460
   -691.91953713
   -691.89876602
   -691.93387144
   -691.91551095
   -691.91761111
   -691.93788652
   -691.94178607
   -691.90911357
   -691.94980123
   -691.94214413
   -691.84694772
   -691.93861472
   -691.89525643
   -691.90021103
   -691.89823124
   -691.95490129
   -691.90166566
   -691.89532270
   -691.93030722
   -691.89237363
   -691.92992945
   -691.90086920
   -691.91360483
   -691.91921734
   -691.92863293
   -691.94092593
   -691.93808438
   -691.93175482
   -691.93210175
   -691.90255891
   -691.91121594
   -691.90059949
   -691.92296038
   -691.93157076
   -691.92200156
   -691.90833783
   -691.91964229
   -691.93903774
   -691.94325342
   -691.90927528
   -691.92181809
   -691.88323979
   -691.92285741
   -691.93661921
   -691.92654615
   -691.94367726
   -691.92249673
   -691.92882658
   -691.95665387
   -691.87010585
   -691.87502571
   -691.93691919
   -691.92323379
   -691.91577745
   -691.93192985
   -691.90261064
   -691.93582207
   -691.92652843
   -691.93528496
   -691.94543420
   -691.93055221
   -691.91635146
   -691.90870234
   -691.91981203
   -691.93990363
   -691.90441935
   -691.88172261
   -691.90105669
   -691.90182550
   -691.95670529
   -691.91988534
   -691.91221612
   -691.91136909
   -691.87711102
   -691.90641055
   -691.91775728
   -691.91166418
   -691.92980914
   -691.95027709
   -691.90855274
   -691.89301117
   -691.95014198
   -691.83602537
   -691.91752165
   -691.92832971
   -691.96444388
   -691.90627365
   -691.94482663
   -691.87776019
   -691.93513793
   -691.89665463
   -691.91352567
   -691.88509284
   -691.91604674
   -691.89553081
   -691.94540983
   -691.90699251
   -691.92793936
   -691.90444951
   -691.91020071
   -691.92878747
   -691.92257531
   -691.91421715
   -691.93285123
   -691.91634303
   -691.91800152
   -691.92773283
   -691.93189921
   -691.92347098
   -691.92029229
   -691.91946495
   -691.91437756
   -691.92791930
   -691.91396325
   -691.90893978
   -691.89350138
   -691.91878039
   -691.92677411
   -691.90067663
   -691.91973015
   -691.94092375
   -691.94283854
   -691.91224047
   -691.91266760
   -691.92891715
   -691.92431579
   -691.91318419
   -691.92205225
   -691.89798654
   -691.92829291
   -691.90945357
   -691.92908238
   -691.83560293
   -691.90944166
   -691.90607788
   -691.91961831
   -691.90072225
   -691.93203148
   -691.90077794
   -691.91730034
   -691.92796019
   -691.92225574
   -691.92488069
   -691.92046836
   -691.93151877
   -691.93332309
   -691.91532911
   -691.94035396
   -691.90386150
   -691.94171811
   -691.92351231
   -691.89442945
   -691.90732895
   -691.83868762
   -691.89652752
   -691.93845713
   -691.92474044
   -691.92531795
   -691.93380077
   -691.84503670
   -691.93701177
   -691.86104276
   -691.92998490
   -691.90291217
   -691.93602057
   -691.92569143
   -691.93287899
   -691.88742623
   -691.93473352
   -691.91272618
   -691.88765938
   -691.89519286
   -691.92060014
   -691.92427982
   -691.91636484
   -691.92327686
   -691.92240196
   -691.93189527
   -691.91736861
   -691.95607372
   -691.85037487
   -691.94219080
   -691.87766080
   -691.92035904
   -691.90934304
   -691.90950171
   -691.87697872
   -691.90851414
   -691.91903229
   -691.91002765
   -691.94854803
   -691.87367174
   -691.90397339
   -691.90490998
   -691.95150705
   -691.87494038
   -691.91671637
   -691.93856067
   -691.92353539
   -691.84768707
   -691.90538667
   -691.91060569
   -691.90246227
   -691.85657737
   -691.90767864
   -691.89742813
   -691.92307039
   -691.92832336
   -691.89044150
   -691.92285042
   -691.91750893
   -691.90880923
   -691.93940929
   -691.90932757
   -691.89204943
   -691.94048758
   -691.91357474
   -691.94021835
   -691.92018293
   -691.93399341
   -691.93772421
   -691.92777992
   -691.90053088
   -691.90514280
   -691.92322669
   -691.90709582
   -691.91905042
   -691.90237266
   -691.94290912
   -691.89707231
   -691.94847057
   -691.92744399
   -691.93272394
   -691.93198697
   -691.92470510
   -691.92045829
   -691.88996485
   -691.84382446
   -691.90710731
   -691.89821190
   -691.94271959
   -691.91241767
   -691.90000493
   -691.92511052
   -691.88254501
   -691.92738031
   -691.94494533
   -691.92344958
   -691.91779135
   -691.89312811
   -691.88557015
   -691.93443870
   -691.87931070
   -691.93882621
   -691.92254327
   -691.94290610
   -691.91307284
   -691.91583988
   -691.89535650
   -691.90844650
   -691.90752203
   -691.90044696
   -691.95911985
   -691.93421290
   -691.85893199
   -691.91183313
   -691.91904986
   -691.91466760
   -691.91666878
   -691.90994380
   -691.87896245
   -691.89388344
   -691.89749352
   -691.90987622
   -691.93267535
   -691.93473430
   -691.93662712
   -691.88943687
   -691.89543285
   -691.94604637
   -691.89630135
   -691.87944618
   -691.93900402
   -691.94047846
   -691.91272733
   -691.86203976
   -691.94299866
   -691.92515147
   -691.92518375
   -691.93954171
   -691.88082804
   -691.91118316
   -691.92917220
   -691.90628020
   -691.91902608
   -691.90494125
   -691.93715935
   -691.89298440
   -691.94485740
   -691.93077944
   -691.92828573
   -691.93775477
   -691.94249152
   -691.93015570
   -691.92459516
