% The following energies apply to conformations described by the topology 
% R18.top.  Structures are given in trajectory coords.cdf, count: 2672.

% Item 0:
%   Energy -> orca_structures/coor*/Conf*.out
   -876.75265609
   -876.77436111
   -876.80295582
   -876.76611045
   -876.76728494
   -876.79557330
   -876.75645707
   -876.80904049
   -876.78721381
   -876.76075152
   -876.77184722
   -876.79031580
   -876.80897859
   -876.78522197
   -876.70667480
   -876.76892842
   -876.73849517
   -876.79330641
   -876.79384985
   -876.81209710
   -876.76796835
   -876.78603749
   -876.81447246
   -876.77862447
   -876.79120202
   -876.78002559
   -876.79429580
   -876.72416606
   -876.79405989
   -876.77236507
   -876.78567951
   -876.75447652
   -876.69610688
   -876.77169790
   -876.78902274
   -876.76352404
   -876.79773753
   -876.77178461
   -876.78538271
   -876.77695119
   -876.75849224
   -876.78762440
   -876.77406327
   -876.77742287
   -876.76674148
   -876.76554984
   -876.78409544
   -876.75353647
   -876.76344871
   -876.73505585
   -876.76980042
   -876.69300522
   -876.78033068
   -876.79408948
   -876.76353197
   -876.81423075
   -876.76308345
   -876.77553647
   -876.76473570
   -876.75383568
   -876.79980217
   -876.71705752
   -876.75810296
   -876.76722144
   -876.78051414
   -876.76921254
   -876.76677580
   -876.79500662
   -876.76751054
   -876.77903362
   -876.80067818
   -876.66288882
   -876.78338529
   -876.78455616
   -876.77225077
   -876.79647664
   -876.77329606
   -876.78697632
   -876.74858659
   -876.80211990
   -876.79991575
   -876.78826337
   -876.74910507
   -876.77345264
   -876.76277132
   -876.69809147
   -876.78206153
   -876.80057459
   -876.76324897
   -876.76361128
   -876.78763596
   -876.77003900
   -876.77023223
   -876.75430457
   -876.78069370
   -876.77888248
   -876.75308200
   -876.65740871
   -876.78674574
   -876.79162733
   -876.76892005
   -876.80179133
   -876.76063002
   -876.75229862
   -876.77456928
   -876.81889893
   -876.79122329
   -876.79927328
   -876.76517986
   -876.78847960
   -876.79686025
   -876.77264154
   -876.77131391
   -876.78821499
   -876.77877217
   -876.76436237
   -876.79955278
   -876.76578890
   -876.79582368
   -876.79147880
   -876.74825484
   -876.75541125
   -876.74819199
   -876.75174383
   -876.78180391
   -876.76171010
   -876.79435053
   -876.78875309
   -876.80474450
   -876.78418967
   -876.78734353
   -876.77038582
   -876.78876302
   -876.78320190
   -876.75902687
   -876.79648564
   -876.75943140
   -876.75507639
   -876.79483890
   -876.79624175
   -876.79649141
   -876.78701191
   -876.77010562
   -876.77303806
   -876.77533623
   -876.79377044
   -876.79107241
   -876.77225408
   -876.77184441
   -876.77980710
   -876.75650743
   -876.78644383
   -876.79170056
   -876.79920331
   -876.78729421
   -876.77235590
   -876.80056929
   -876.79472679
   -876.79643720
   -876.76700437
   -876.78183264
   -876.77720785
   -876.78864574
   -876.75915392
   -876.74331969
   -876.77187983
   -876.78191757
   -876.80866299
   -876.78655243
   -876.73629884
   -876.80234155
   -876.80554347
   -876.76176731
   -876.77504803
   -876.75505494
   -876.75943635
   -876.76777198
   -876.80982924
   -876.76535534
   -876.77644365
   -876.77614822
   -876.79852618
   -876.68602153
   -876.74857265
   -876.77747064
   -876.76044779
   -876.77756653
   -876.79109741
   -876.75988336
   -876.76979579
   -876.77727778
   -876.77267119
   -876.78466934
   -876.78083058
   -876.72063038
   -876.79809206
   -876.78523881
   -876.76472834
   -876.76567762
   -876.76256825
   -876.77707744
   -876.80818689
   -876.73591868
   -876.77842849
   -876.68628084
   -876.78105285
   -876.78389890
   -876.74092882
   -876.78020221
   -876.73509878
   -876.78735669
   -876.77915787
   -876.78670223
   -876.77622825
   -876.81157470
   -876.76217112
   -876.77981272
   -876.77713887
   -876.78230351
   -876.77244220
   -876.79345830
   -876.77374223
   -876.81176881
   -876.77062812
   -876.78522986
   -876.75239549
   -876.79343015
   -876.76986026
   -876.78537603
   -876.78333483
   -876.75035411
   -876.77579148
   -876.75454813
   -876.78434980
   -876.76768809
   -876.78959126
   -876.78777569
   -876.79464349
   -876.78462978
   -876.75324328
   -876.76788425
   -876.77496282
   -876.76026395
   -876.80115837
   -876.76970034
   -876.79765535
   -876.79609312
   -876.78547659
   -876.76373899
   -876.76848504
   -876.79292282
   -876.80656895
   -876.78941548
   -876.76170830
   -876.76885402
   -876.74961612
   -876.76006575
   -876.75953951
   -876.77746711
   -876.76712404
   -876.76673711
   -876.80863940
   -876.77293326
   -876.73135340
   -876.75501576
   -876.79376450
   -876.80276573
   -876.79332792
   -876.74926558
   -876.79126880
   -876.78835847
   -876.79592521
   -876.80346355
   -876.77929973
   -876.73766295
   -876.79340156
   -876.75799054
   -876.79059719
   -876.79624069
   -876.80148336
   -876.77949662
   -876.78540693
   -876.79084640
   -876.80170962
   -876.76193593
   -876.78575802
   -876.76218380
   -876.76090022
   -876.74990638
   -876.77167003
   -876.77059140
   -876.73825547
   -876.78315151
   -876.77031606
   -876.78081921
   -876.78751084
   -876.80613026
   -876.79886021
   -876.79328134
   -876.77686856
   -876.78449472
   -876.76479061
   -876.79042124
   -876.77083799
   -876.78651298
   -876.75507185
   -876.78888436
   -876.78281157
   -876.77773050
   -876.79263308
   -876.77269899
   -876.78996000
   -876.79100715
   -876.75872575
   -876.78464547
   -876.74132731
   -876.78417811
   -876.76602740
   -876.77242219
   -876.74717855
   -876.79663755
   -876.76435083
   -876.78166983
   -876.76266165
   -876.78113334
   -876.78422082
   -876.78771098
   -876.79990989
   -876.78090999
   -876.76794233
   -876.77797933
   -876.81571617
   -876.80500446
   -876.77612273
   -876.80049198
   -876.70402563
   -876.70114551
   -876.77812725
   -876.80718434
   -876.79981303
   -876.77490189
   -876.79238536
   -876.73927256
   -876.78568355
   -876.75919426
   -876.77400859
   -876.76730180
   -876.80549059
   -876.79688191
   -876.77449563
   -876.75351996
   -876.76395770
   -876.79846127
   -876.80765974
   -876.78301825
   -876.77923400
   -876.80357299
   -876.79765982
   -876.76291575
   -876.79597248
   -876.80330023
   -876.77212987
   -876.80155442
   -876.77967749
   -876.78125771
   -876.77791202
   -876.75642511
   -876.69308934
   -876.79664459
   -876.78390322
   -876.79509925
   -876.77107927
   -876.75935710
   -876.77487213
   -876.78390597
   -876.73275805
   -876.79118510
   -876.77755828
   -876.80395132
   -876.77120429
   -876.78322676
   -876.80215110
   -876.80357469
   -876.80800632
   -876.78435540
   -876.79940847
   -876.78910312
   -876.76873823
   -876.81329856
   -876.79765756
   -876.76471872
   -876.79033292
   -876.76563922
   -876.75685758
   -876.79145905
   -876.79687364
   -876.79539504
   -876.79600217
   -876.78690001
   -876.79684455
   -876.78601903
   -876.81616435
   -876.78055401
   -876.82484295
   -876.73563148
   -876.77706719
   -876.74401987
   -876.77773484
   -876.77622353
   -876.70888214
   -876.76471147
   -876.79215060
   -876.78720419
   -876.76003974
   -876.79868120
   -876.76295903
   -876.80413566
   -876.78694371
   -876.76716470
   -876.76692953
   -876.77098813
   -876.76413061
   -876.80246923
   -876.78746315
   -876.69336218
   -876.76446502
   -876.78716451
   -876.77682881
   -876.79234007
   -876.80520649
   -876.80723384
   -876.82084113
   -876.72803600
   -876.76973132
   -876.77495896
   -876.76002176
   -876.78401661
   -876.78425166
   -876.77517888
   -876.80280002
   -876.77678298
   -876.77298560
   -876.80454735
   -876.79926717
   -876.77170882
   -876.74400449
   -876.78910358
   -876.75470936
   -876.76507777
   -876.75458459
   -876.80312952
   -876.78949380
   -876.77473424
   -876.79185217
   -876.72722158
   -876.76680991
   -876.77581788
   -876.77153915
   -876.76884264
   -876.78395347
   -876.78917228
   -876.79930912
   -876.66745567
   -876.74965789
   -876.77036524
   -876.78296310
   -876.77062602
   -876.79916691
   -876.79563072
   -876.75312803
   -876.77585126
   -876.79112532
   -876.77666593
   -876.78072699
   -876.79695005
   -876.75838665
   -876.77206854
   -876.79824619
   -876.79035806
   -876.78187382
   -876.77334471
   -876.76773330
   -876.80309426
   -876.76208689
   -876.76988518
   -876.78500860
   -876.76132990
   -876.76568232
   -876.76219257
   -876.78394283
   -876.76938605
   -876.76790514
   -876.74173571
   -876.79826787
   -876.75928692
   -876.77668986
   -876.79865323
   -876.80118516
   -876.80829708
   -876.77996523
   -876.79879105
   -876.78616374
   -876.76093417
   -876.78513626
   -876.76981511
   -876.78790774
   -876.78630774
   -876.77371169
   -876.74863539
   -876.77390008
   -876.77902538
   -876.78268065
   -876.74103308
   -876.68003764
   -876.79402543
   -876.72816243
   -876.78668732
   -876.77980662
   -876.76752913
   -876.75268219
   -876.77935135
   -876.76932078
   -876.77116333
   -876.80192798
   -876.78533177
   -876.75432540
   -876.76301837
   -876.78611626
   -876.80463873
   -876.78819247
   -876.76894721
   -876.78758021
   -876.76150631
   -876.80746736
   -876.78742109
   -876.75297996
   -876.76672297
   -876.77173634
   -876.78559721
   -876.76772474
   -876.78878413
   -876.76677425
   -876.72898092
   -876.77754234
   -876.81122892
   -876.75281893
   -876.79729596
   -876.76492635
   -876.78437255
   -876.77723964
   -876.79111612
   -876.76686299
   -876.79553995
   -876.77370256
   -876.76381887
   -876.80703200
   -876.77305627
   -876.75134571
   -876.79760032
   -876.78455771
   -876.74244393
   -876.76900501
   -876.75471345
   -876.74527972
   -876.78037702
   -876.73571239
   -876.79429865
   -876.75412121
   -876.79253458
   -876.77321503
   -876.77750653
   -876.78819376
   -876.78094655
   -876.76399714
   -876.75581354
   -876.75856591
   -876.78293264
   -876.80628976
   -876.77883232
   -876.75644804
   -876.77168188
   -876.78553222
   -876.77215818
   -876.76435048
   -876.78726400
   -876.79835115
   -876.81493039
   -876.76347101
   -876.75366570
   -876.73002599
   -876.76898774
   -876.72114933
   -876.75993609
   -876.75854965
   -876.72594754
   -876.74416549
   -876.79579074
   -876.80825392
   -876.79460961
   -876.72939431
   -876.79848963
   -876.80144426
   -876.74457533
   -876.79398709
   -876.78786216
   -876.75472358
   -876.76887356
   -876.79851145
   -876.77165584
   -876.77076626
   -876.76486982
   -876.76262996
   -876.75290070
   -876.78755924
   -876.79159963
   -876.81368797
   -876.76066531
   -876.74118907
   -876.75402093
   -876.77892004
   -876.76089216
   -876.81171622
   -876.79035651
   -876.76684170
   -876.81427133
   -876.78448441
   -876.75175400
   -876.77327939
   -876.78686974
   -876.77200483
   -876.78589155
   -876.76136146
   -876.78004080
   -876.79050583
   -876.79943153
   -876.81362740
   -876.80532865
   -876.75434827
   -876.78635640
   -876.76950714
   -876.72796917
   -876.78324566
   -876.80625636
   -876.76879537
   -876.58143098
   -876.76976805
   -876.79394064
   -876.74322777
   -876.78559077
   -876.61587121
   -876.75537798
   -876.78267392
   -876.74830318
   -876.77337652
   -876.77461542
   -876.74470109
   -876.78572633
   -876.78865118
   -876.78150692
   -876.77407735
   -876.76507206
   -876.79335454
   -876.75106449
   -876.76386024
   -876.74590040
   -876.77794559
   -876.74895389
   -876.76895713
   -876.80833111
   -876.79940339
   -876.80938240
   -876.80547055
   -876.78986137
   -876.76745506
   -876.78349801
   -876.76714074
   -876.77770072
   -876.79009805
   -876.80855907
   -876.76330003
   -876.63197955
   -876.78550630
   -876.79094015
   -876.76553068
   -876.79092904
   -876.77766908
   -876.76965034
   -876.77147418
   -876.79129271
   -876.75403327
   -876.80478333
   -876.76871720
   -876.81362049
   -876.77130369
   -876.80495990
   -876.80857844
   -876.78950762
   -876.77430870
   -876.78757451
   -876.77629465
   -876.77778035
   -876.79315246
   -876.79104183
   -876.77638209
   -876.80587306
   -876.75993103
   -876.74348877
   -876.80776798
   -876.78663193
   -876.78786207
   -876.77460593
   -876.76532895
   -876.74563317
   -876.76466753
   -876.76999775
   -876.78881603
   -876.70340789
   -876.77360377
   -876.79596253
   -876.73621321
   -876.79130889
   -876.74767505
   -876.79161566
   -876.76342602
   -876.77208087
   -876.79111869
   -876.76640184
   -876.79807496
   -876.80013078
   -876.71902171
   -876.78290305
   -876.71836741
   -876.71706982
   -876.80567119
   -876.80989027
   -876.76523722
   -876.77051255
   -876.78530493
   -876.80605787
   -876.78070116
   -876.79500512
   -876.75835519
   -876.79052356
   -876.77655139
   -876.79329970
   -876.78630123
   -876.79114955
   -876.79121169
   -876.79800665
   -876.79949647
   -876.77744415
   -876.74780186
   -876.78674980
   -876.81307428
   -876.75744358
   -876.78076092
   -876.69993347
   -876.76091077
   -876.74873284
   -876.79480522
   -876.76094085
   -876.79817928
   -876.77884932
   -876.80805367
   -876.78160615
   -876.76615140
   -876.78046962
   -876.76518031
   -876.78574761
   -876.77809553
   -876.78270628
   -876.78707214
   -876.79989008
   -876.80258727
   -876.77167897
   -876.79626599
   -876.77437285
   -876.76719923
   -876.79284027
   -876.77697878
   -876.76333202
   -876.77076026
   -876.77317999
   -876.76736891
   -876.77469982
   -876.81451943
   -876.77161259
   -876.81100771
   -876.74624753
   -876.80473412
   -876.76076590
   -876.76583102
   -876.78848406
   -876.80206031
   -876.77670586
   -876.78580016
   -876.79631107
   -876.78005585
   -876.76633405
   -876.68929191
   -876.77469047
   -876.76548881
   -876.78555895
   -876.77489791
   -876.78564803
   -876.79599508
   -876.78147863
   -876.78926637
   -876.75551353
   -876.77859615
   -876.76775929
   -876.75266106
   -876.80714795
   -876.77296011
   -876.76524224
   -876.80374051
   -876.76034922
   -876.79619775
   -876.79962633
   -876.78692635
   -876.76540832
   -876.78270848
   -876.76720345
   -876.76402141
   -876.78527098
   -876.80435691
   -876.78216899
   -876.77727610
   -876.79565584
   -876.78400231
   -876.79727297
   -876.72816534
   -876.79524829
   -876.78900954
   -876.77965634
   -876.76781731
   -876.77912887
   -876.77877807
   -876.69261946
   -876.79373708
   -876.77163784
   -876.77258037
   -876.78986893
   -876.77546833
   -876.80608917
   -876.74511091
   -876.79121925
   -876.79406817
   -876.77966085
   -876.79921850
   -876.78482726
   -876.79255556
   -876.81379631
   -876.78945150
   -876.75734628
   -876.75779782
   -876.76174617
   -876.77237714
   -876.76376706
   -876.79021513
   -876.77670754
   -876.75895303
   -876.80196182
   -876.80152850
   -876.79541711
   -876.76483761
   -876.76255392
   -876.76772659
   -876.79039583
   -876.78885443
   -876.79193835
   -876.79111032
   -876.74853783
   -876.75307898
   -876.79730723
   -876.81314935
   -876.76904946
   -876.80311973
   -876.79174714
   -876.74960043
   -876.80575499
   -876.75034890
   -876.80350743
   -876.80414994
   -876.78321040
   -876.78277136
   -876.77035453
   -876.78018191
   -876.76218123
   -876.80041795
   -876.77327071
   -876.79949624
   -876.77674674
   -876.77952353
   -876.77981937
   -876.80744609
   -876.81004506
   -876.76710109
   -876.77787719
   -876.77570050
   -876.79801688
   -876.79821953
   -876.77181264
   -876.77394901
   -876.75319512
   -876.76072593
   -876.77935624
   -876.77338132
   -876.77742394
   -876.77808040
   -876.79008181
   -876.75529097
   -876.78918548
   -876.78622696
   -876.79397880
   -876.75823813
   -876.79405214
   -876.74229129
   -876.78290093
   -876.79861858
   -876.78237300
   -876.78915153
   -876.78333217
   -876.76850605
   -876.78536959
   -876.78429908
   -876.67551758
   -876.80581165
   -876.80275165
   -876.79354567
   -876.76431506
   -876.77169015
   -876.78252682
   -876.77385079
   -876.77159272
   -876.77907120
   -876.79916004
   -876.75528057
   -876.80578147
   -876.78327794
   -876.79426923
   -876.80550022
   -876.78001153
   -876.79130748
   -876.78206487
   -876.81399416
   -876.65832261
   -876.78020315
   -876.76741591
   -876.77949059
   -876.78379797
   -876.79912475
   -876.76897719
   -876.78207199
   -876.79146133
   -876.76506715
   -876.69466602
   -876.79480715
   -876.78413137
   -876.76062830
   -876.79931230
   -876.79756417
   -876.76991746
   -876.76505614
   -876.76827886
   -876.77047497
   -876.77153284
   -876.77980827
   -876.80054697
   -876.77036549
   -876.79806881
   -876.79567069
   -876.76254065
   -876.79909684
   -876.81259334
   -876.78209991
   -876.79197851
   -876.77505979
   -876.80162540
   -876.74752979
   -876.76106599
   -876.80883333
   -876.79965082
   -876.81537096
   -876.81796842
   -876.77929896
   -876.75836041
   -876.77961124
   -876.80169745
   -876.76290484
   -876.77736131
   -876.72859144
   -876.76156471
   -876.74991306
   -876.75869712
   -876.81629538
   -876.78307474
   -876.79041924
   -876.75953406
   -876.78703748
   -876.78249757
   -876.80701178
   -876.76887116
   -876.76923142
   -876.75651729
   -876.76894924
   -876.77408553
   -876.78601642
   -876.78847392
   -876.77969261
   -876.79720454
   -876.77034994
   -876.78706353
   -876.81473589
   -876.78668538
   -876.79703107
   -876.77305749
   -876.78811450
   -876.80559732
   -876.77604293
   -876.77205258
   -876.77990622
   -876.78935251
   -876.77843501
   -876.77463220
   -876.72146584
   -876.80448910
   -876.79676371
   -876.77143435
   -876.78979599
   -876.76746736
   -876.77034378
   -876.78862614
   -876.80440087
   -876.79080473
   -876.75640435
   -876.76747835
   -876.75664746
   -876.80603885
   -876.72060765
   -876.72421682
   -876.74974021
   -876.76189034
   -876.76889139
   -876.78356347
   -876.74959584
   -876.80198108
   -876.79343683
   -876.76274671
   -876.79497334
   -876.80003274
   -876.78420516
   -876.80008282
   -876.78260887
   -876.77322504
   -876.70339490
   -876.74599189
   -876.79587315
   -876.74211473
   -876.80000558
   -876.78196070
   -876.77500187
   -876.73918006
   -876.78547173
   -876.77607060
   -876.76108812
   -876.78437940
   -876.74611198
   -876.76782446
   -876.74960142
   -876.76701549
   -876.77952415
   -876.77742703
   -876.77680057
   -876.76619645
   -876.80613219
   -876.71975763
   -876.76760435
   -876.73688866
   -876.77714721
   -876.74681147
   -876.75243752
   -876.77701099
   -876.77081910
   -876.78419870
   -876.77589312
   -876.76834385
   -876.77895112
   -876.75472684
   -876.78601481
   -876.76896369
   -876.78022816
   -876.75545598
   -876.77969756
   -876.80864202
   -876.77122933
   -876.76161707
   -876.74982524
   -876.80567426
   -876.74553102
   -876.77571641
   -876.77747481
   -876.76772517
   -876.66336121
   -876.76005609
   -876.78731534
   -876.80194458
   -876.79454329
   -876.80939264
   -876.80878279
   -876.76366558
   -876.78998116
   -876.77356492
   -876.75592959
   -876.80849410
   -876.75545335
   -876.76387090
   -876.74200640
   -876.81526132
   -876.78186359
   -876.78043571
   -876.81305921
   -876.76497600
   -876.80187542
   -876.77338666
   -876.77969616
   -876.75316625
   -876.79099342
   -876.77193853
   -876.76990414
   -876.75231984
   -876.77812979
   -876.78613525
   -876.77142032
   -876.79811247
   -876.79813517
   -876.78267199
   -876.77921080
   -876.73325130
   -876.78985186
   -876.77106310
   -876.78807798
   -876.80008272
   -876.78719765
   -876.77405183
   -876.77661249
   -876.77822926
   -876.76867211
   -876.77348339
   -876.77625590
   -876.75004613
   -876.78119109
   -876.80096117
   -876.79274513
   -876.81043347
   -876.76759362
   -876.77102016
   -876.73920572
   -876.78643325
   -876.78199233
   -876.75937677
   -876.80118855
   -876.79457443
   -876.74074968
   -876.80316227
   -876.80296419
   -876.80217607
   -876.78016029
   -876.65254314
   -876.76862372
   -876.74613103
   -876.77061558
   -876.76107109
   -876.78845153
   -876.80172803
   -876.79326129
   -876.69258549
   -876.79000010
   -876.74946901
   -876.76773868
   -876.73956542
   -876.79201661
   -876.77248581
   -876.76923007
   -876.68761234
   -876.76387595
   -876.77364604
   -876.79745902
   -876.75920674
   -876.79501311
   -876.78381644
   -876.78817913
   -876.77373630
   -876.77598143
   -876.77744553
   -876.80810483
   -876.76355478
   -876.80291255
   -876.78322107
   -876.77903999
   -876.80970206
   -876.77833810
   -876.78739992
   -876.74181531
   -876.80039977
   -876.75911376
   -876.77741837
   -876.78903864
   -876.77321334
   -876.76789947
   -876.78568663
   -876.78679435
   -876.76982204
   -876.79524710
   -876.74042646
   -876.73697849
   -876.75701776
   -876.74156097
   -876.78992191
   -876.67298712
   -876.80566357
   -876.77683344
   -876.75703277
   -876.74463191
   -876.70911198
   -876.56064564
   -876.78283781
   -876.78794629
   -876.77240692
   -876.79345467
   -876.80481208
   -876.79864113
   -876.78786104
   -876.76494593
   -876.80462532
   -876.72748754
   -876.79373634
   -876.77177277
   -876.77858951
   -876.76457282
   -876.78666530
   -876.79748466
   -876.74686050
   -876.77247875
   -876.79863593
   -876.68833248
   -876.74963484
   -876.76595721
   -876.77025423
   -876.78142776
   -876.79443608
   -876.81499363
   -876.81163632
   -876.80852267
   -876.80727253
   -876.79331783
   -876.78553911
   -876.76783568
   -876.79269688
   -876.76282857
   -876.74675641
   -876.77553463
   -876.77022751
   -876.77773215
   -876.78755667
   -876.79277029
   -876.78009423
   -876.77983700
   -876.80397217
   -876.72238879
   -876.78330058
   -876.77777757
   -876.74277414
   -876.80091078
   -876.76808188
   -876.80090248
   -876.77998973
   -876.80938484
   -876.77299343
   -876.77469754
   -876.76470807
   -876.80655818
   -876.79375772
   -876.70125593
   -876.74229492
   -876.79089549
   -876.79923235
   -876.78343651
   -876.77392178
   -876.77529523
   -876.75646344
   -876.79096140
   -876.78507407
   -876.78656251
   -876.76881436
   -876.77544930
   -876.79146247
   -876.77768918
   -876.74232969
   -876.74210399
   -876.73343847
   -876.76369989
   -876.75942945
   -876.77022423
   -876.80537122
   -876.79313877
   -876.78316647
   -876.80338512
   -876.77690123
   -876.76453269
   -876.78115532
   -876.76736127
   -876.75292434
   -876.79216827
   -876.76703064
   -876.77816626
   -876.79589266
   -876.75441023
   -876.74224284
   -876.77923821
   -876.75674363
   -876.77537071
   -876.77589990
   -876.74568041
   -876.76948506
   -876.76623788
   -876.77379128
   -876.79778339
   -876.76272965
   -876.76188849
   -876.76597429
   -876.78210829
   -876.77710371
   -876.77352406
   -876.78117446
   -876.76731024
   -876.78744027
   -876.78783902
   -876.79785099
   -876.79091726
   -876.76092690
   -876.80718425
   -876.73204070
   -876.75623596
   -876.76387755
   -876.74854152
   -876.77255312
   -876.78824304
   -876.76918150
   -876.79971311
   -876.80047964
   -876.79029048
   -876.79054753
   -876.78019221
   -876.76922771
   -876.79563460
   -876.78110427
   -876.76009691
   -876.78896230
   -876.75817751
   -876.76954977
   -876.79280430
   -876.76452292
   -876.76240264
   -876.77962972
   -876.76273285
   -876.78658459
   -876.77587570
   -876.76394038
   -876.77108849
   -876.75868197
   -876.79177268
   -876.77697701
   -876.77134394
   -876.77020058
   -876.74603128
   -876.78437880
   -876.76597488
   -876.77881617
   -876.73718681
   -876.77812274
   -876.77211980
   -876.78220575
   -876.77124267
   -876.79985897
   -876.76281902
   -876.69174575
   -876.78633947
   -876.78344175
   -876.80249718
   -876.78453254
   -876.74271446
   -876.77981628
   -876.77538592
   -876.75284278
   -876.79988881
   -876.77872711
   -876.77858782
   -876.76096598
   -876.78849551
   -876.75602857
   -876.76445984
   -876.79411062
   -876.77322986
   -876.79544216
   -876.77440651
   -876.76458321
   -876.78550092
   -876.77556037
   -876.77042816
   -876.77360243
   -876.76762932
   -876.77234390
   -876.76799121
   -876.76753785
   -876.80968158
   -876.79395821
   -876.77903269
   -876.75318954
   -876.78071574
   -876.78351347
   -876.77039351
   -876.77088549
   -876.75403600
   -876.78209409
   -876.79053740
   -876.76281500
   -876.79893378
   -876.74026317
   -876.78504140
   -876.72522071
   -876.75231298
   -876.70897661
   -876.79092433
   -876.78563032
   -876.78864812
   -876.81046742
   -876.80083861
   -876.77370394
   -876.77303786
   -876.80077042
   -876.80440677
   -876.81300413
   -876.79504823
   -876.75676107
   -876.79175800
   -876.77781785
   -876.79427610
   -876.76730179
   -876.76023450
   -876.78496105
   -876.78731642
   -876.79574975
   -876.78942389
   -876.78981214
   -876.77411821
   -876.80742900
   -876.76128300
   -876.74906643
   -876.70505074
   -876.77139612
   -876.74704671
   -876.80875734
   -876.77493472
   -876.79793082
   -876.78538519
   -876.79714919
   -876.75137720
   -876.80661512
   -876.75293338
   -876.79751723
   -876.78961692
   -876.80597795
   -876.77704856
   -876.74772964
   -876.77678567
   -876.79767989
   -876.79984144
   -876.79895735
   -876.76120744
   -876.79976321
   -876.77347933
   -876.77016684
   -876.78824942
   -876.80627620
   -876.73771484
   -876.79121412
   -876.78222270
   -876.78530772
   -876.81295818
   -876.77731885
   -876.77402287
   -876.75782196
   -876.77803437
   -876.78958418
   -876.78504811
   -876.76863075
   -876.78321321
   -876.77760519
   -876.72370735
   -876.76277979
   -876.78928750
   -876.74389782
   -876.76512692
   -876.75480156
   -876.79779725
   -876.74254932
   -876.77538565
   -876.76124017
   -876.77251548
   -876.79292302
   -876.78621604
   -876.79950405
   -876.79883414
   -876.77499760
   -876.76128452
   -876.78363623
   -876.78314916
   -876.77542931
   -876.80532361
   -876.73491707
   -876.76332563
   -876.79651419
   -876.79197193
   -876.79840934
   -876.78868202
   -876.78808916
   -876.75329744
   -876.77973283
   -876.77899939
   -876.77422929
   -876.73290941
   -876.75969008
   -876.68688803
   -876.82055829
   -876.78289491
   -876.72471821
   -876.78262103
   -876.78974226
   -876.80573414
   -876.79257632
   -876.76379171
   -876.74213755
   -876.76622196
   -876.77802215
   -876.77559290
   -876.79077297
   -876.78549526
   -876.75077179
   -876.80310509
   -876.69962902
   -876.76640682
   -876.78107099
   -876.79208258
   -876.76999869
   -876.74178237
   -876.77437321
   -876.79363078
   -876.78502507
   -876.77361360
   -876.77849059
   -876.79681826
   -876.76332922
   -876.76800824
   -876.78084888
   -876.77351670
   -876.77125766
   -876.78264625
   -876.70270563
   -876.76950008
   -876.78740525
   -876.78415791
   -876.78238751
   -876.79264306
   -876.81709355
   -876.77930836
   -876.77470483
   -876.77090996
   -876.79964626
   -876.79214336
   -876.76026117
   -876.77283713
   -876.77459997
   -876.77457007
   -876.74926963
   -876.80205769
   -876.79306219
   -876.69979580
   -876.77845167
   -876.76882765
   -876.77481195
   -876.80443649
   -876.76862601
   -876.79004258
   -876.66275877
   -876.75091749
   -876.78195494
   -876.78294426
   -876.76849907
   -876.79341709
   -876.80427174
   -876.76060896
   -876.81258039
   -876.75008317
   -876.75465037
   -876.77028807
   -876.80481021
   -876.74606005
   -876.79719048
   -876.74628406
   -876.77212967
   -876.75340031
   -876.79613445
   -876.78696079
   -876.76118989
   -876.76116808
   -876.77739186
   -876.78622958
   -876.76056085
   -876.76082397
   -876.79464453
   -876.78896453
   -876.76283268
   -876.76562889
   -876.77830226
   -876.81416941
   -876.78287483
   -876.76667029
   -876.80118430
   -876.77825301
   -876.75976282
   -876.76777969
   -876.78123479
   -876.76089315
   -876.80175510
   -876.79482523
   -876.76257746
   -876.77075696
   -876.77860848
   -876.75229772
   -876.80704353
   -876.78827391
   -876.78398559
   -876.79200307
   -876.79724608
   -876.77626813
   -876.78679859
   -876.78434303
   -876.80083391
   -876.76615302
   -876.76385964
   -876.81149184
   -876.78871916
   -876.77088445
   -876.81567009
   -876.78910063
   -876.77410755
   -876.78765535
   -876.76834163
   -876.79182304
   -876.76704738
   -876.78138019
   -876.79011897
   -876.78772766
   -876.78051184
   -876.77836605
   -876.74941330
   -876.77912371
   -876.78751074
   -876.77885662
   -876.78875944
   -876.78367788
   -876.76512845
   -876.76843209
   -876.79797083
   -876.77654965
   -876.81089447
   -876.76411983
   -876.79038943
   -876.78375381
   -876.75185041
   -876.78561199
   -876.74492359
   -876.77249550
   -876.77863127
   -876.76903570
   -876.78757781
   -876.76957994
   -876.80760564
   -876.80640125
   -876.77502525
   -876.76751942
   -876.80512042
   -876.76450607
   -876.79951921
   -876.79845280
   -876.74233616
   -876.75618431
   -876.75041156
   -876.76557970
   -876.76095292
   -876.76044469
   -876.79706237
   -876.78731982
   -876.78653218
   -876.78987656
   -876.78959388
   -876.77613439
   -876.79216726
   -876.74245748
   -876.78581705
   -876.80508720
   -876.78946767
   -876.78507748
   -876.78653506
   -876.73782549
   -876.72885756
   -876.78629791
   -876.74714738
   -876.76308736
   -876.76644594
   -876.79402982
   -876.78203481
   -876.79644882
   -876.78234843
   -876.79252086
   -876.78940749
   -876.77630579
   -876.78251988
   -876.79089492
   -876.73556145
   -876.77412299
   -876.79619258
   -876.77777750
   -876.74317070
   -876.79701137
   -876.76964846
   -876.77936899
   -876.80138030
   -876.79749677
   -876.75178427
   -876.79104756
   -876.81076094
   -876.74610993
   -876.77643747
   -876.79149951
   -876.78690993
   -876.75956967
   -876.79838382
   -876.78341734
   -876.78361934
   -876.75547995
   -876.79323226
   -876.78717387
   -876.77969806
   -876.76755492
   -876.80521386
   -876.80587263
   -876.75057038
   -876.79391023
   -876.78192618
   -876.80231080
   -876.73773434
   -876.79204934
   -876.75123323
   -876.75640582
   -876.79289560
   -876.78548488
   -876.78183794
   -876.78110222
   -876.77810242
   -876.79095016
   -876.80386179
   -876.73152637
   -876.78236726
   -876.80780686
   -876.78532972
   -876.80475149
   -876.75493580
   -876.78546855
   -876.81236880
   -876.77844543
   -876.77317503
   -876.76392160
   -876.76738837
   -876.77604634
   -876.76389748
   -876.80120535
   -876.79408505
   -876.76152587
   -876.75720008
   -876.78087365
   -876.80650371
   -876.78568787
   -876.78303744
   -876.76536433
   -876.79011415
   -876.77150528
   -876.79821994
   -876.80670584
   -876.78046912
   -876.77776419
   -876.78138653
   -876.74672822
   -876.80289585
   -876.75911710
   -876.76015250
   -876.78310523
   -876.81216671
   -876.78574881
   -876.79670895
   -876.80386566
   -876.79988790
   -876.70504956
   -876.80010846
   -876.77090671
   -876.78339203
   -876.79466640
   -876.80429923
   -876.78878030
   -876.76840910
   -876.78608041
   -876.72467568
   -876.78033900
   -876.79587709
   -876.74187140
   -876.76629091
   -876.76148546
   -876.76430706
   -876.74045861
   -876.78838774
   -876.79057684
   -876.73674086
   -876.75751587
   -876.78991012
   -876.77705873
   -876.76868071
   -876.70529727
   -876.78477252
   -876.77391580
   -876.78015243
   -876.75072716
   -876.79702959
   -876.80760816
   -876.79671341
   -876.79017166
   -876.78597157
   -876.80896818
   -876.76572624
   -876.78176421
   -876.78465052
   -876.78302799
   -876.80784937
   -876.77071601
   -876.76306633
   -876.79119302
   -876.77726510
   -876.77114728
   -876.78379973
   -876.78152096
   -876.78869047
   -876.78346092
   -876.77757142
   -876.70421911
   -876.69258478
   -876.77774647
   -876.76202160
   -876.79338197
   -876.75801642
   -876.77342153
   -876.76551750
   -876.78588098
   -876.77738676
   -876.77658797
   -876.76998335
   -876.78934594
   -876.78577789
   -876.76510526
   -876.77450867
   -876.79733618
   -876.79565227
   -876.78098007
   -876.78082487
   -876.78220841
   -876.78368654
   -876.77801650
   -876.78228030
   -876.80951642
   -876.77369110
   -876.75155444
   -876.77833766
   -876.78033878
   -876.76886531
   -876.77689159
   -876.74904724
   -876.77060755
   -876.75462724
   -876.76819259
   -876.81999042
   -876.74300176
   -876.78136497
   -876.79323237
   -876.75560532
   -876.79756515
   -876.77430968
   -876.78997668
   -876.76188218
   -876.77022082
   -876.79141309
   -876.78266630
   -876.79552659
   -876.80640985
   -876.75747825
   -876.80306976
   -876.80082509
   -876.77889790
   -876.77277934
   -876.79198866
   -876.76800519
   -876.74378807
   -876.74526352
   -876.74419462
   -876.75065754
   -876.75256263
   -876.80343244
   -876.74542350
   -876.77484787
   -876.75605506
   -876.79313701
   -876.79831959
   -876.77253865
   -876.77331795
   -876.77319889
   -876.80753656
   -876.79266816
   -876.56657874
   -876.76499842
   -876.74621010
   -876.79305555
   -876.76982912
   -876.81057768
   -876.78398474
   -876.74355793
   -876.75719105
   -876.80663881
   -876.76391428
   -876.76301022
   -876.77616230
   -876.79903856
   -876.77931961
   -876.78788952
   -876.76252059
   -876.77612448
   -876.77772455
   -876.79630945
   -876.77282576
   -876.78072328
   -876.76314229
   -876.75666358
   -876.80013374
   -876.77353088
   -876.80912197
   -876.76402565
   -876.75498445
   -876.77067403
   -876.76587911
   -876.79117022
   -876.73094489
   -876.77054872
   -876.81146387
   -876.77587019
   -876.79019452
   -876.77241414
   -876.76292238
   -876.77227247
   -876.75904822
   -876.76560359
   -876.74960716
   -876.79147130
   -876.79521840
   -876.78728927
   -876.79392239
   -876.79868093
   -876.76561370
   -876.78772484
   -876.76425348
   -876.76258016
   -876.77916914
   -876.77250752
   -876.79621047
   -876.76221634
   -876.79188071
   -876.77675378
   -876.78485080
   -876.76653783
   -876.76077448
   -876.75488976
   -876.80634026
   -876.79615079
   -876.75758874
   -876.77770472
   -876.77819831
   -876.77171208
   -876.79923213
   -876.76097589
   -876.76693100
   -876.76748188
   -876.80080332
   -876.76416322
   -876.79441370
   -876.78945181
   -876.78605343
   -876.76843858
   -876.78475229
   -876.75758104
   -876.77005619
   -876.77861662
   -876.79399293
   -876.79425867
   -876.79063730
   -876.76000679
   -876.80107705
   -876.80172065
   -876.78789396
   -876.78315337
   -876.79249047
   -876.74432938
   -876.78690936
   -876.70248879
   -876.79325881
   -876.77508313
   -876.74292442
   -876.77380648
   -876.79069104
   -876.76508204
   -876.76652663
   -876.79012082
   -876.74101019
   -876.77790808
   -876.74704322
   -876.75248288
   -876.76723024
   -876.81031920
   -876.79527826
   -876.80315492
   -876.80159439
   -876.78015057
   -876.77093392
   -876.74467943
   -876.76485039
   -876.80440028
   -876.80225103
   -876.79391135
   -876.79380692
   -876.79110589
   -876.78201811
   -876.75427786
   -876.77971334
   -876.78901320
   -876.76897894
   -876.70740187
   -876.79865475
   -876.76027454
   -876.77453121
   -876.80172309
   -876.78312785
   -876.76424928
   -876.78936203
   -876.78359847
   -876.77729176
   -876.78315562
   -876.76638360
   -876.76265782
   -876.78914706
   -876.72836005
   -876.79688060
   -876.74591476
   -876.80297991
   -876.78056612
   -876.79478114
   -876.79121597
   -876.78290296
   -876.78036940
   -876.80480790
   -876.78422314
   -876.81335078
   -876.80975260
   -876.76871027
   -876.78065498
   -876.77840870
   -876.74780486
   -876.77348646
   -876.75054037
   -876.76083170
   -876.77527367
   -876.81605446
   -876.75184545
   -876.75957402
   -876.80185663
   -876.75772111
   -876.79818348
   -876.76126695
   -876.77752945
   -876.74950983
   -876.77458946
   -876.76767981
   -876.76766750
   -876.80761802
   -876.77828297
   -876.75921596
   -876.77942553
   -876.77070795
   -876.76940483
   -876.78489628
   -876.79027206
   -876.78769932
   -876.77123294
   -876.78920019
   -876.78471905
   -876.78146373
   -876.79336523
   -876.75713659
   -876.75193862
   -876.76637169
   -876.79234839
   -876.79313228
   -876.76725929
   -876.78905764
   -876.76617262
   -876.80138777
   -876.81871823
   -876.77950511
   -876.80542679
   -876.78878725
   -876.77101164
   -876.76810351
   -876.78427900
   -876.78282606
   -876.79621648
   -876.79145100
   -876.78951668
   -876.76806186
   -876.77725222
   -876.76740942
   -876.81770305
   -876.78272185
   -876.76439709
   -876.76445776
   -876.76075180
   -876.80638251
   -876.74776399
   -876.78448290
   -876.74375114
   -876.70505316
   -876.78433257
   -876.77164739
   -876.80015958
   -876.76429617
   -876.80873734
   -876.77756935
   -876.81138729
   -876.76201648
   -876.77550564
   -876.74354569
   -876.79624655
   -876.77775780
   -876.79163545
   -876.77980128
   -876.74761061
   -876.79230610
   -876.75931586
   -876.77594815
   -876.80006187
   -876.78939630
   -876.77063350
   -876.78850237
   -876.77863995
   -876.74999526
   -876.77513077
   -876.75710527
   -876.77089714
   -876.80194018
   -876.77887423
   -876.75351770
   -876.77038667
   -876.78507131
   -876.77664710
   -876.76632864
   -876.80748910
   -876.75072860
   -876.76873527
   -876.76918916
   -876.77447789
   -876.76426435
   -876.78505520
   -876.78991123
   -876.80753683
   -876.79584365
   -876.81236829
   -876.74607901
   -876.79061815
   -876.77006728
   -876.77621119
   -876.79965012
   -876.77814233
   -876.74577597
   -876.78467213
   -876.79111640
   -876.75080243
   -876.74811628
   -876.80582055
   -876.80041576
   -876.77788828
   -876.77408802
   -876.77102335
   -876.78615046
   -876.77859376
   -876.79661910
   -876.77017718
   -876.77181872
   -876.70350873
   -876.79830141
   -876.75027669
   -876.80325652
   -876.75850503
   -876.78311219
   -876.79349143
   -876.77424530
   -876.79374040
   -876.79021216
   -876.78407430
   -876.76544979
   -876.78329194
   -876.75078116
   -876.76114098
   -876.77708296
   -876.80861305
   -876.72447705
   -876.75580302
   -876.76649194
   -876.80829610
   -876.79706860
   -876.75497706
   -876.78668554
   -876.77018272
   -876.78822780
   -876.77814915
   -876.78478463
   -876.80604892
   -876.77989390
   -876.78015328
   -876.77507196
   -876.75754083
   -876.77729464
   -876.63092647
   -876.80061428
   -876.80929429
   -876.76723288
   -876.78984594
   -876.79736904
   -876.80452647
   -876.81734837
   -876.78420369
   -876.76701377
   -876.77800353
   -876.80346595
   -876.81099788
   -876.75836156
   -876.79123497
   -876.78583248
   -876.76879158
   -876.79676497
   -876.74489632
   -876.78865000
   -876.76721822
   -876.77879452
   -876.76621214
   -876.79016206
   -876.75522056
   -876.77109050
   -876.79086309
   -876.77442975
   -876.75296120
   -876.74392438
   -876.78199542
   -876.77304429
   -876.77822211
   -876.74962096
   -876.78507844
   -876.79020406
   -876.76845682
   -876.73021696
   -876.75573285
   -876.72713693
   -876.78669320
   -876.79155953
   -876.75361524
   -876.79221874
   -876.79333000
   -876.78429293
   -876.80629504
   -876.79589167
   -876.81025495
   -876.77060234
   -876.77556808
   -876.81143463
   -876.77307226
   -876.79310661
   -876.80681035
   -876.79846852
   -876.76621127
   -876.75713573
   -876.78386545
   -876.76390205
   -876.76621076
   -876.76221592
   -876.76494546
   -876.77370658
   -876.80686870
   -876.79418302
   -876.74367863
   -876.78996035
   -876.74348950
   -876.76473717
   -876.79731734
   -876.80130725
   -876.78484289
   -876.79051133
   -876.77932036
   -876.72749362
   -876.70457905
   -876.75823194
   -876.73621428
   -876.78112663
   -876.76547741
   -876.79497852
   -876.78345795
   -876.80165860
   -876.79144070
   -876.80160410
   -876.78066313
   -876.81418371
   -876.79560482
   -876.79941469
   -876.80681418
   -876.75433084
   -876.77191482
   -876.77305641
   -876.81521653
   -876.76218492
   -876.77838532
   -876.78263790
   -876.73735872
   -876.71081996
   -876.78272043
   -876.76931228
   -876.76623912
   -876.79414582
   -876.79757356
   -876.81566782
   -876.77377299
   -876.80751049
   -876.79278285
   -876.79833226
   -876.67931552
   -876.77242763
   -876.79961058
   -876.76276746
   -876.75074503
   -876.81512551
   -876.77576245
   -876.77619983
   -876.77229516
   -876.80745302
   -876.80400381
   -876.75768995
   -876.79127786
   -876.77253304
   -876.76167473
   -876.70474113
   -876.76109660
   -876.79658454
   -876.78407957
   -876.77956335
   -876.79459494
   -876.78157968
   -876.79518024
   -876.81023486
   -876.76401477
   -876.73394818
   -876.79660936
   -876.77897486
   -876.76526957
   -876.78900753
   -876.75559660
   -876.79388084
   -876.79635538
   -876.79112234
   -876.80479407
   -876.77607474
   -876.78151759
   -876.73931707
   -876.75910510
   -876.77161408
   -876.80212852
   -876.76693701
   -876.76699690
   -876.75008711
   -876.80964300
   -876.78985009
   -876.78217747
   -876.76956143
   -876.75999510
   -876.79091224
   -876.78449148
   -876.76354515
   -876.80153667
   -876.81539629
   -876.78458758
   -876.74123711
   -876.81480899
   -876.75349502
   -876.79989216
   -876.78837059
   -876.82218557
   -876.79122312
   -876.70455405
   -876.77022183
   -876.80019856
   -876.74849055
   -876.79945418
   -876.73331223
   -876.76232025
   -876.77447070
   -876.75373694
   -876.64797863
   -876.74215827
   -876.74744207
   -876.80867021
   -876.79163981
   -876.77967473
   -876.78732704
   -876.77058862
   -876.73157443
   -876.70106941
   -876.80415052
   -876.78005011
   -876.77352734
   -876.77760716
   -876.75672408
   -876.79865755
   -876.78546103
   -876.79981298
   -876.78440023
   -876.78272453
   -876.78564359
   -876.80490235
   -876.76875775
   -876.77843780
   -876.79554653
   -876.78136248
   -876.74590972
   -876.78288809
   -876.77429382
   -876.81141426
   -876.77795472
   -876.80406662
   -876.76485033
   -876.74796142
   -876.77296519
   -876.78342350
   -876.77436458
   -876.79097827
   -876.78530078
   -876.74914119
   -876.77520829
   -876.76554933
   -876.78234403
   -876.72791570
   -876.78505778
   -876.77764196
   -876.73559242
   -876.76696760
   -876.73794795
   -876.77063497
   -876.78736770
   -876.75572853
   -876.78444789
   -876.79458795
   -876.78780378
   -876.78281613
   -876.78910185
   -876.78983068
   -876.80378463
   -876.78975790
   -876.80170882
   -876.75156214
   -876.79253441
   -876.79400084
   -876.77226018
   -876.77957702
   -876.75363019
   -876.77394564
   -876.74021480
   -876.77038174
   -876.79432632
   -876.80088016
   -876.76418261
   -876.78810090
   -876.78375077
   -876.78039390
   -876.80194352
   -876.70390312
   -876.78916414
   -876.76411893
   -876.79993585
   -876.79149389
   -876.78667697
   -876.77010873
   -876.79257294
   -876.78235136
   -876.77252558
   -876.74288089
   -876.78485811
   -876.78211288
   -876.75999732
   -876.78530827
   -876.75641218
   -876.79289665
   -876.78627973
   -876.78557399
   -876.80781695
   -876.76313879
   -876.77016468
   -876.79604849
   -876.74847842
   -876.76593892
   -876.77322376
   -876.77919273
   -876.77947723
   -876.77211176
   -876.76399974
   -876.79095711
   -876.76319657
   -876.78476791
   -876.74950952
   -876.72963202
   -876.78664319
   -876.68737412
   -876.80464507
   -876.76482652
   -876.76984643
   -876.80280229
   -876.77925472
   -876.76583620
   -876.77611876
   -876.78129645
   -876.76362357
   -876.74558904
   -876.76395422
   -876.78164419
   -876.78991266
   -876.78516410
   -876.78419349
   -876.79387312
   -876.77697887
   -876.73773359
   -876.77684546
   -876.79350752
   -876.77419935
   -876.76890650
   -876.79270089
   -876.77233314
   -876.78804290
   -876.67658267
   -876.78119798
   -876.80582293
   -876.80974381
   -876.80214612
   -876.76278439
   -876.75084961
   -876.78555281
   -876.80064618
   -876.77229345
   -876.78280342
   -876.78465683
   -876.76023260
   -876.76993189
   -876.80392876
   -876.75292244
   -876.80826037
   -876.78684675
   -876.78594281
   -876.77418117
   -876.76802280
   -876.78586649
   -876.78640524
   -876.70299846
   -876.77994164
   -876.76873654
   -876.77538608
   -876.77721655
   -876.76230095
   -876.79734273
   -876.78347276
   -876.76513769
   -876.79074308
   -876.75908737
   -876.80281157
   -876.80369324
   -876.78774079
   -876.80141434
   -876.75684166
   -876.76924262
   -876.75449714
   -876.75582558
   -876.77925023
   -876.77888923
   -876.80057258
   -876.78948695
   -876.77740880
   -876.76754809
   -876.77749014
   -876.77974480
   -876.76100613
   -876.82066426
   -876.79281969
   -876.74463166
   -876.78539472
   -876.78313423
   -876.76978117
   -876.69563528
   -876.76905508
   -876.75185013
   -876.76910869
   -876.75313876
   -876.77013000
   -876.74046071
   -876.76703640
   -876.76062203
   -876.79533079
   -876.79631981
   -876.79577612
   -876.79901979
   -876.76032609
   -876.75822045
   -876.81253387
   -876.77722535
   -876.75967195
   -876.79001375
   -876.80117480
   -876.75635877
   -876.75352851
   -876.78951538
   -876.79723710
   -876.77087539
   -876.79625643
   -876.74287920
   -876.77314510
   -876.79931147
   -876.74812721
   -876.77506896
   -876.77045027
   -876.79909411
   -876.77068918
   -876.79446464
   -876.79377114
   -876.78810111
   -876.79211090
   -876.80556056
   -876.78299845
   -876.76589064
