% The following energies apply to conformations described by the topology 
% R18_iter1.top.  Structures are given in trajectory coords.cdf, count: 64.

% Item 0:
%   Energy -> orca_structures/coor*/NConf*.out
   -876.82330112
   -876.82708963
   -876.82946734
   -876.83113197
   -876.83178860
   -876.82709643
   -876.82689023
   -876.83181832
   -876.82978024
   -876.84351049
   -876.84338952
   -876.82736141
   -876.82960374
   -876.82770931
   -876.83148850
   -876.82934466
   -876.82954296
   -876.82118324
   -876.82707158
   -876.82282518
   -876.81448622
   -876.82093704
   -876.82227151
   -876.83096234
   -876.82098718
   -876.82937286
   -876.84235576
   -876.82173995
   -876.82337017
   -876.83193626
   -876.82813475
   -876.82928962
   -876.82093945
   -876.82134767
   -876.82985483
   -876.82073848
   -876.84317195
   -876.82183325
   -876.82824890
   -876.82956832
   -876.82829110
   -876.81578465
   -876.82742233
   -876.81941025
   -876.82464201
   -876.82131446
   -876.83205101
   -876.83192033
   -876.82622633
   -876.81971389
   -876.82107146
   -876.80971125
   -876.81171650
   -876.82190864
   -876.83069844
   -876.82127604
   -876.82052299
   -876.81645454
   -876.82981743
   -876.83190422
   -876.81387581
   -876.82658233
   -876.82925572
   -876.83132835
