% The following energies apply to conformations described by the topology 
% R29_iter1.top.  Structures are given in trajectory coords.cdf, count: 126.

% Item 0:
%   Energy -> orca_structures/coor*/NConf*.out
   -964.12162347
   -964.12700418
   -964.12253055
   -964.12168418
   -964.12418607
   -964.12386804
   -964.12381933
   -964.12005438
   -964.12328867
   -964.12275498
   -964.12189297
   -964.12265186
   -964.12428750
   -964.12162811
   -964.12252966
   -964.12304820
   -964.12705446
   -964.12444439
   -964.12176724
   -964.12847091
   -964.12401248
   -964.11918363
   -964.12075286
   -964.12167251
   -964.12043114
   -964.12257613
   -964.11981019
   -964.11297724
   -964.12162609
   -964.12431614
   -964.12381673
   -964.12542071
   -964.12474656
   -964.12185325
   -964.12319493
   -964.12327049
   -964.12212489
   -964.12191484
   -964.12254177
   -964.12828997
   -964.12230970
   -964.12368867
   -964.12140982
   -964.12814019
   -964.12423364
   -964.12846012
   -964.12110549
   -964.12049705
   -964.12229066
   -964.12205107
   -964.12473477
   -964.11794612
   -964.12383413
   -964.12032580
   -964.12638620
   -964.12170958
   -964.11882986
   -964.12438860
   -964.12421924
   -964.12814478
   -964.11836399
   -964.12229876
   -964.11869222
   -964.12011616
   -964.12841916
   -964.12424610
   -964.12723940
   -964.11900608
   -964.12724131
   -964.12405617
   -964.12173895
   -964.12327244
   -964.12371631
   -964.11462572
   -964.11674080
   -964.12713029
   -964.12831702
   -964.11827365
   -964.12293697
   -964.11884049
   -964.11406056
   -964.12291853
   -964.12178546
   -964.11335344
   -964.11855691
   -964.11929530
   -964.12838849
   -964.12076727
   -964.11359124
   -964.12212989
   -964.12079593
   -964.12403453
   -964.12379491
   -964.11872731
   -964.11746119
   -964.12378903
   -964.12845069
   -964.12293781
   -964.12500196
   -964.12856323
   -964.12433149
   -964.11765251
   -964.12866456
   -964.12695912
   -964.12708687
   -964.11978584
   -964.12749580
   -964.12426026
   -964.12859158
   -964.12031307
   -964.12392688
   -964.12447075
   -964.12308366
   -964.11824287
   -964.12445143
   -964.11690373
   -964.12849505
   -964.11861472
   -964.12184198
   -964.12439769
   -964.11291637
   -964.12227023
   -964.12210897
   -964.12216039
   -964.12475260
   -964.12538994
