% The following energies apply to conformations described by the topology 
% R45_iter1.top.  Structures are given in trajectory coords.cdf, count: 107.

% Item 0:
%   Energy -> orca_structures/coor*/NConf*.out
   -649.27611560
   -649.28928467
   -649.28692424
   -649.28903907
   -649.28745018
   -649.27938240
   -649.29154845
   -649.30098850
   -649.27891523
   -649.27713321
   -649.28958844
   -649.29360079
   -649.28175385
   -649.29356466
   -649.28917480
   -649.29228522
   -649.28014188
   -649.28615546
   -649.29108246
   -649.29524950
   -649.29389627
   -649.28868165
   -649.28584208
   -649.28594118
   -649.28986478
   -649.28579682
   -649.28345099
   -649.28516365
   -649.28922678
   -649.29524971
   -649.29425814
   -649.30180979
   -649.28595594
   -649.28645878
   -649.29032629
   -649.28565778
   -649.27967705
   -649.29189819
   -649.28732680
   -649.28844373
   -649.30190666
   -649.29775239
   -649.28023838
   -649.28876500
   -649.28932631
   -649.29714274
   -649.29382024
   -649.29347802
   -649.30105353
   -649.28756604
   -649.29048938
   -649.28748450
   -649.29409746
   -649.30161406
   -649.28631651
   -649.28857219
   -649.29705951
   -649.28791836
   -649.27928825
   -649.30096447
   -649.29132176
   -649.28928265
   -649.28990307
   -649.28599750
   -649.28184967
   -649.28810643
   -649.28345006
   -649.28422936
   -649.28067993
   -649.28880138
   -649.28342457
   -649.30233163
   -649.28346772
   -649.28919333
   -649.28981072
   -649.29171896
   -649.28450706
   -649.28740953
   -649.29189696
   -649.29692984
   -649.27896829
   -649.29327722
   -649.28386950
   -649.28250573
   -649.28769667
   -649.29783499
   -649.28799101
   -649.28071502
   -649.28619351
   -649.28068409
   -649.28771608
   -649.29386305
   -649.28506267
   -649.29267532
   -649.29371209
   -649.29115695
   -649.28603107
   -649.28054560
   -649.30107656
   -649.29214034
   -649.29464993
   -649.28921637
   -649.29240266
   -649.29037325
   -649.28638020
   -649.28813916
   -649.28927873
