% The following energies apply to conformations described by the topology 
% R45.top.  Structures are given in trajectory coords.cdf, count: 2815.

% Item 0:
%   Energy -> orca_structures/coor*/Conf*.out
   -649.22606988
   -649.22244890
   -649.24652989
   -649.26103733
   -649.24866889
   -649.21520127
   -649.24864854
   -649.21374563
   -649.27006013
   -649.23152502
   -649.23150107
   -649.21529392
   -649.24092693
   -649.27192275
   -649.24520204
   -649.17235643
   -649.23836019
   -649.20930010
   -649.25743111
   -649.25352910
   -649.25676846
   -649.24859324
   -649.27296852
   -649.23416987
   -649.25730219
   -649.25462232
   -649.21457621
   -649.22237445
   -649.25058374
   -649.23625996
   -649.24950845
   -649.22929733
   -649.19005716
   -649.25177059
   -649.23498812
   -649.20980542
   -649.25349714
   -649.25629008
   -649.26458894
   -649.24853320
   -649.26074497
   -649.23274360
   -649.21736912
   -649.25486927
   -649.23126771
   -649.23689477
   -649.23301742
   -649.21614739
   -649.26595311
   -649.17880275
   -649.23493360
   -649.23558504
   -649.21360072
   -649.18824251
   -649.19715566
   -649.24536924
   -649.27249508
   -649.23084716
   -649.28845980
   -649.22486971
   -649.21038621
   -649.25401525
   -649.24714623
   -649.18138085
   -649.22342081
   -649.22675651
   -649.24264241
   -649.18588350
   -649.23453667
   -649.22711571
   -649.25383253
   -649.24471123
   -649.22063975
   -649.25606783
   -649.22353683
   -649.24495814
   -649.13345017
   -649.21678603
   -649.23394980
   -649.23773691
   -649.22986611
   -649.23919407
   -649.26178888
   -649.22094684
   -649.27368399
   -649.22384925
   -649.25600078
   -649.24073209
   -649.24502931
   -649.19080023
   -649.25220376
   -649.18687746
   -649.19739218
   -649.25984840
   -649.24365905
   -649.22583848
   -649.25337808
   -649.22386341
   -649.24374123
   -649.21963360
   -649.18051879
   -649.20852311
   -649.24156686
   -649.23890660
   -649.19737626
   -649.20512841
   -649.24814792
   -649.24292769
   -649.26314721
   -649.23928935
   -649.27321642
   -649.22937360
   -649.20989008
   -649.20518181
   -649.28495041
   -649.23461415
   -649.25770772
   -649.22248023
   -649.22960653
   -649.25514093
   -649.23459441
   -649.22794100
   -649.25588406
   -649.19968627
   -649.23565597
   -649.24445154
   -649.23385984
   -649.25125206
   -649.24861199
   -649.20392016
   -649.22128992
   -649.21924566
   -649.20769850
   -649.24224578
   -649.25591126
   -649.22413839
   -649.25612997
   -649.22330025
   -649.23100020
   -649.26124859
   -649.22909999
   -649.25054421
   -649.21563074
   -649.25380990
   -649.23165762
   -649.23283781
   -649.25640973
   -649.22774621
   -649.23008782
   -649.24818637
   -649.22472330
   -649.25276624
   -649.25619866
   -649.21131330
   -649.26645186
   -649.24195777
   -649.23065127
   -649.23352717
   -649.19500441
   -649.22689981
   -649.21843141
   -649.26402559
   -649.20614133
   -649.23676317
   -649.24180360
   -649.22699744
   -649.22761562
   -649.25346526
   -649.25532204
   -649.25719322
   -649.23759124
   -649.23444976
   -649.22434040
   -649.25324025
   -649.25740986
   -649.21678944
   -649.25155250
   -649.25423895
   -649.25555218
   -649.22542043
   -649.24362368
   -649.22780373
   -649.22799717
   -649.20262865
   -649.24308045
   -649.23614092
   -649.24276010
   -649.22253296
   -649.27181630
   -649.25170207
   -649.22139202
   -649.25465512
   -649.25677039
   -649.24013414
   -649.23366669
   -649.26729234
   -649.24154225
   -649.23679598
   -649.23440077
   -649.23223125
   -649.24870761
   -649.20698655
   -649.23611916
   -649.22684907
   -649.23731816
   -649.19233859
   -649.22219459
   -649.22519147
   -649.23215510
   -649.21845018
   -649.24616023
   -649.23780485
   -649.25869973
   -649.24473864
   -649.25910211
   -649.23113087
   -649.20941185
   -649.26225447
   -649.23218001
   -649.22915476
   -649.21012175
   -649.21640214
   -649.24090963
   -649.23389974
   -649.25793917
   -649.20642179
   -649.25245320
   -649.21555630
   -649.21777114
   -649.23244026
   -649.24862664
   -649.20122386
   -649.24934058
   -649.20876964
   -649.26763342
   -649.26713267
   -649.24223281
   -649.25011335
   -649.25767276
   -649.22684146
   -649.23493488
   -649.24373243
   -649.22364816
   -649.24283813
   -649.25308731
   -649.25712093
   -649.23857558
   -649.27308458
   -649.23793536
   -649.25768675
   -649.26116358
   -649.21484499
   -649.24398820
   -649.24126861
   -649.24402369
   -649.23102076
   -649.21865962
   -649.22297973
   -649.25097947
   -649.23798876
   -649.25112055
   -649.23324455
   -649.25086815
   -649.24662777
   -649.20727961
   -649.23731828
   -649.21471936
   -649.24250858
   -649.23996299
   -649.26115350
   -649.23868167
   -649.20379716
   -649.24406192
   -649.26726468
   -649.24722670
   -649.24882233
   -649.22777233
   -649.25773718
   -649.25265418
   -649.27616041
   -649.25689901
   -649.23512507
   -649.23002463
   -649.23224234
   -649.21001729
   -649.24734754
   -649.22704252
   -649.26228783
   -649.23624284
   -649.18645743
   -649.22839976
   -649.25149711
   -649.26002622
   -649.24028396
   -649.22643203
   -649.22150282
   -649.26347887
   -649.25445821
   -649.25010861
   -649.27193217
   -649.20357141
   -649.24066705
   -649.24456299
   -649.21323820
   -649.23093855
   -649.22354307
   -649.24434721
   -649.26102877
   -649.25321849
   -649.24082644
   -649.25494078
   -649.25310381
   -649.25782595
   -649.23945662
   -649.24546679
   -649.23779795
   -649.22533236
   -649.21440707
   -649.23345635
   -649.23891715
   -649.19934474
   -649.25539202
   -649.21122565
   -649.20558619
   -649.23187767
   -649.25630113
   -649.24382712
   -649.25659844
   -649.22522985
   -649.21998731
   -649.25216689
   -649.22990106
   -649.24990195
   -649.26052904
   -649.23923173
   -649.21822913
   -649.24142879
   -649.25379535
   -649.22330859
   -649.24549180
   -649.24058480
   -649.24106332
   -649.24594221
   -649.24069498
   -649.20910086
   -649.24744688
   -649.25185760
   -649.22839695
   -649.24242333
   -649.21433610
   -649.27107485
   -649.23846492
   -649.23807694
   -649.23380051
   -649.25850080
   -649.23583487
   -649.24722896
   -649.25035711
   -649.23728518
   -649.25961817
   -649.23502226
   -649.27293008
   -649.24128513
   -649.25858054
   -649.19254775
   -649.21253701
   -649.23267588
   -649.25841085
   -649.25574988
   -649.21241783
   -649.25179003
   -649.23151922
   -649.24615067
   -649.22423449
   -649.22597811
   -649.23687028
   -649.24860092
   -649.26811475
   -649.24047179
   -649.22940225
   -649.23290611
   -649.26686497
   -649.26520552
   -649.24020282
   -649.24012580
   -649.27364920
   -649.26480793
   -649.25435787
   -649.23032352
   -649.26499812
   -649.21983765
   -649.25812167
   -649.24271844
   -649.23625251
   -649.23367388
   -649.22057274
   -649.21171161
   -649.25257031
   -649.23879273
   -649.24712725
   -649.24260075
   -649.24984877
   -649.24256275
   -649.19126103
   -649.21897255
   -649.22889873
   -649.26322366
   -649.25582883
   -649.11956537
   -649.22536216
   -649.23976975
   -649.19773200
   -649.24580944
   -649.26495707
   -649.26958923
   -649.23481593
   -649.24614304
   -649.24821887
   -649.24486483
   -649.25516380
   -649.28041028
   -649.25783258
   -649.21434487
   -649.25999179
   -649.24172395
   -649.21688891
   -649.19423254
   -649.27531847
   -649.24883745
   -649.25602917
   -649.26027557
   -649.25134959
   -649.24361787
   -649.21819816
   -649.25475546
   -649.24764030
   -649.27485855
   -649.23555941
   -649.27974732
   -649.24537626
   -649.22519341
   -649.18887369
   -649.23930870
   -649.23199381
   -649.15469913
   -649.22821122
   -649.26625638
   -649.25184772
   -649.20236558
   -649.21518700
   -649.24239119
   -649.23200195
   -649.22819554
   -649.27287581
   -649.18596973
   -649.24079473
   -649.20499156
   -649.22961405
   -649.23221175
   -649.23779982
   -649.26856180
   -649.24788649
   -649.19269690
   -649.19431155
   -649.23760450
   -649.25182557
   -649.25661996
   -649.25231800
   -649.26200503
   -649.26818099
   -649.27348104
   -649.20439345
   -649.24269973
   -649.24911117
   -649.22421566
   -649.24663652
   -649.25406711
   -649.23319810
   -649.26319493
   -649.21692659
   -649.23792194
   -649.23233245
   -649.20645255
   -649.24833601
   -649.24201062
   -649.25579145
   -649.20300782
   -649.23192650
   -649.22329056
   -649.21011670
   -649.20508880
   -649.26098769
   -649.25101183
   -649.26005180
   -649.24083631
   -649.22276028
   -649.24623473
   -649.24000931
   -649.24744472
   -649.26241267
   -649.26106479
   -649.26450758
   -649.20888852
   -649.23361395
   -649.23096771
   -649.24590373
   -649.26878405
   -649.23312042
   -649.21365944
   -649.24198578
   -649.25952710
   -649.23683036
   -649.23953308
   -649.20770342
   -649.26181715
   -649.25165321
   -649.24893412
   -649.25121445
   -649.24483032
   -649.23169775
   -649.24235176
   -649.23688473
   -649.22384064
   -649.26039089
   -649.22299779
   -649.22860176
   -649.25377354
   -649.23391995
   -649.24065931
   -649.25468744
   -649.22831648
   -649.24937604
   -649.25415420
   -649.23535842
   -649.19993787
   -649.26697843
   -649.22138976
   -649.23036088
   -649.25988296
   -649.25268387
   -649.25989612
   -649.23768593
   -649.23713387
   -649.21626933
   -649.24746677
   -649.24460544
   -649.22240988
   -649.24884560
   -649.23890398
   -649.24590430
   -649.23189879
   -649.17451441
   -649.26898736
   -649.23952647
   -649.23753993
   -649.25152191
   -649.21142646
   -649.22449134
   -649.25412543
   -649.24094116
   -649.24896576
   -649.23679640
   -649.23019868
   -649.21254460
   -649.23994224
   -649.23796854
   -649.23319960
   -649.12576542
   -649.21510916
   -649.24144153
   -649.24298340
   -649.27516913
   -649.23620821
   -649.22795532
   -649.24890157
   -649.24410752
   -649.26540830
   -649.21629770
   -649.22401195
   -649.20702987
   -649.25290762
   -649.24605603
   -649.22723835
   -649.25655444
   -649.20932228
   -649.25625073
   -649.27473051
   -649.21032622
   -649.27709764
   -649.24142904
   -649.24680435
   -649.23017840
   -649.18903579
   -649.23336224
   -649.25487765
   -649.24106631
   -649.24276751
   -649.26686416
   -649.23583576
   -649.20543983
   -649.25345609
   -649.25268409
   -649.20494888
   -649.23559530
   -649.23852364
   -649.24591217
   -649.23778535
   -649.20281422
   -649.25861262
   -649.25018396
   -649.25458277
   -649.24087348
   -649.22315856
   -649.24964193
   -649.25066499
   -649.22654021
   -649.23658800
   -649.23989212
   -649.24349552
   -649.26336312
   -649.23761782
   -649.22715719
   -649.20082266
   -649.19919468
   -649.25010042
   -649.23814046
   -649.20961111
   -649.21771610
   -649.24032349
   -649.26707738
   -649.28359168
   -649.23960711
   -649.23091121
   -649.20052917
   -649.22806193
   -649.19864711
   -649.21275728
   -649.25384924
   -649.18641481
   -649.22175074
   -649.21203925
   -649.25815815
   -649.27410327
   -649.26594196
   -649.26084031
   -649.23898497
   -649.25459266
   -649.26001899
   -649.21850855
   -649.27201290
   -649.26930441
   -649.21170239
   -649.18827437
   -649.25647473
   -649.24213183
   -649.23601591
   -649.24864937
   -649.22401091
   -649.22784461
   -649.24439494
   -649.25334401
   -649.27117307
   -649.18885563
   -649.24213179
   -649.23458791
   -649.24117408
   -649.19479154
   -649.21558717
   -649.25411356
   -649.19916967
   -649.27436001
   -649.25971077
   -649.25568179
   -649.23961977
   -649.20071699
   -649.23383953
   -649.20680209
   -649.25207347
   -649.21916455
   -649.22657135
   -649.23311651
   -649.23066181
   -649.24385548
   -649.25207260
   -649.26978309
   -649.20867965
   -649.25587961
   -649.23379341
   -649.18489005
   -649.23720805
   -649.26721222
   -649.23602017
   -649.26484276
   -649.23787958
   -649.25128578
   -649.19657226
   -649.25424799
   -649.22903233
   -649.21875503
   -649.23056945
   -649.21239804
   -649.25325594
   -649.24010694
   -649.21063654
   -649.25422150
   -649.24359842
   -649.23775098
   -649.21859267
   -649.26456123
   -649.26189138
   -649.22490034
   -649.22359630
   -649.24724604
   -649.24437152
   -649.21314663
   -649.23239852
   -649.26930944
   -649.25891115
   -649.26396128
   -649.26692148
   -649.27004774
   -649.22360199
   -649.25582412
   -649.24156228
   -649.25300948
   -649.26388575
   -649.22266351
   -649.24643598
   -649.19820098
   -649.24596290
   -649.21914357
   -649.22463193
   -649.24943334
   -649.21751388
   -649.21406895
   -649.23791735
   -649.24501448
   -649.23785240
   -649.25476345
   -649.24420872
   -649.22860221
   -649.26553444
   -649.25312985
   -649.25695418
   -649.20894993
   -649.24932758
   -649.24549483
   -649.22941860
   -649.25393114
   -649.23423570
   -649.24517368
   -649.26780749
   -649.22863699
   -649.21894838
   -649.19856696
   -649.27466162
   -649.25219946
   -649.25012317
   -649.24221157
   -649.23167099
   -649.21598368
   -649.23659035
   -649.24150501
   -649.19882305
   -649.22387826
   -649.21907687
   -649.23420012
   -649.20044903
   -649.26039128
   -649.19058199
   -649.25060053
   -649.19581634
   -649.21401970
   -649.23489204
   -649.19722651
   -649.23866338
   -649.22633193
   -649.21864265
   -649.26135603
   -649.21584694
   -649.25828695
   -649.18462002
   -649.22014398
   -649.20762968
   -649.26255079
   -649.26182333
   -649.23780643
   -649.23876526
   -649.24265143
   -649.27666223
   -649.25086383
   -649.22598799
   -649.25456178
   -649.22442802
   -649.24619265
   -649.25412965
   -649.26967161
   -649.24993729
   -649.25124830
   -649.25657247
   -649.25291938
   -649.21987780
   -649.24389657
   -649.17483811
   -649.22915957
   -649.23186461
   -649.20107172
   -649.17437255
   -649.23714237
   -649.25030232
   -649.22500819
   -649.27270251
   -649.24400517
   -649.26465425
   -649.18600821
   -649.23727130
   -649.24325813
   -649.24527648
   -649.23896055
   -649.23665183
   -649.23506218
   -649.23613681
   -649.25287296
   -649.26144623
   -649.22413317
   -649.26695970
   -649.25432259
   -649.22184902
   -649.25076085
   -649.23040441
   -649.21069197
   -649.24628510
   -649.25477358
   -649.22123261
   -649.20855071
   -649.23983296
   -649.26417449
   -649.23682136
   -649.23307008
   -649.26815946
   -649.23142216
   -649.21514044
   -649.24961557
   -649.26006567
   -649.24118319
   -649.25320664
   -649.26653779
   -649.21941742
   -649.24786998
   -649.21957768
   -649.25669808
   -649.22751226
   -649.23562221
   -649.23494511
   -649.23450450
   -649.24098240
   -649.26023477
   -649.24224934
   -649.20922561
   -649.23733032
   -649.23682019
   -649.21325656
   -649.26650803
   -649.23508932
   -649.22573385
   -649.27073852
   -649.22326863
   -649.23491839
   -649.26535922
   -649.24593674
   -649.25547110
   -649.24227750
   -649.24369249
   -649.22643159
   -649.23583618
   -649.26087144
   -649.24322112
   -649.22572561
   -649.25261817
   -649.23916142
   -649.24718663
   -649.23156298
   -649.25348761
   -649.23685049
   -649.24350365
   -649.22863584
   -649.24775671
   -649.22595675
   -649.20571600
   -649.20923668
   -649.25380273
   -649.24781603
   -649.23873870
   -649.27096165
   -649.26900941
   -649.22350049
   -649.23449250
   -649.25886184
   -649.22503429
   -649.22487759
   -649.26017372
   -649.25236464
   -649.21429884
   -649.24957364
   -649.21788381
   -649.24559552
   -649.27816934
   -649.24846557
   -649.22573178
   -649.23226215
   -649.21968738
   -649.20204593
   -649.24186742
   -649.24123154
   -649.24678033
   -649.20899975
   -649.23680935
   -649.23086507
   -649.26172907
   -649.26713575
   -649.23567040
   -649.20658672
   -649.21735661
   -649.23327092
   -649.21751900
   -649.24180676
   -649.24317751
   -649.24466765
   -649.20738088
   -649.25008825
   -649.22579155
   -649.21302279
   -649.25597827
   -649.27215310
   -649.22548743
   -649.25750161
   -649.25328476
   -649.15283397
   -649.26161634
   -649.21970037
   -649.25328044
   -649.21363522
   -649.25300286
   -649.22600123
   -649.25169449
   -649.23800907
   -649.23982576
   -649.21575266
   -649.25297351
   -649.23852419
   -649.20499842
   -649.25386563
   -649.24217889
   -649.24384412
   -649.24629053
   -649.26381539
   -649.24913678
   -649.26625913
   -649.23385071
   -649.24675881
   -649.23363269
   -649.26969639
   -649.26543611
   -649.22234791
   -649.22587990
   -649.21417989
   -649.23156766
   -649.23941553
   -649.23350553
   -649.17707921
   -649.24326466
   -649.24918515
   -649.22489244
   -649.25206041
   -649.24693082
   -649.25019068
   -649.23626061
   -649.25733469
   -649.24047312
   -649.25186958
   -649.25468288
   -649.25953887
   -649.20456010
   -649.20845958
   -649.23332783
   -649.23551193
   -649.22297650
   -649.26335817
   -649.26706121
   -649.26051341
   -649.26163058
   -649.25444970
   -649.25370240
   -649.25959485
   -649.25842134
   -649.22226648
   -649.25655657
   -649.23532830
   -649.24754077
   -649.25600727
   -649.26251264
   -649.25070109
   -649.23278409
   -649.25104990
   -649.26148980
   -649.19893250
   -649.24679160
   -649.23227788
   -649.23947207
   -649.24734899
   -649.23297395
   -649.25745571
   -649.22918214
   -649.24694829
   -649.25282768
   -649.24686719
   -649.20797167
   -649.24773884
   -649.22876600
   -649.21750764
   -649.24332330
   -649.25209141
   -649.22465356
   -649.22332927
   -649.23490529
   -649.23630118
   -649.25894559
   -649.22203690
   -649.26242931
   -649.23909978
   -649.25884073
   -649.22648003
   -649.26140261
   -649.25439859
   -649.24600643
   -649.23423267
   -649.23105218
   -649.24183695
   -649.26148704
   -649.23356535
   -649.26667029
   -649.22645379
   -649.24281327
   -649.27504253
   -649.26428206
   -649.28134071
   -649.28340747
   -649.22221989
   -649.22145587
   -649.26197939
   -649.23274144
   -649.25628064
   -649.24724557
   -649.20085574
   -649.23367352
   -649.21524463
   -649.24954860
   -649.24641926
   -649.23828372
   -649.24819568
   -649.26310746
   -649.20452833
   -649.26036056
   -649.22545017
   -649.23570702
   -649.25679858
   -649.24035553
   -649.23196424
   -649.23720289
   -649.25530374
   -649.24500434
   -649.27409704
   -649.23667182
   -649.25542498
   -649.22769479
   -649.19955355
   -649.26410191
   -649.23368933
   -649.23897306
   -649.24163839
   -649.24699457
   -649.23905674
   -649.24828875
   -649.24523532
   -649.19691050
   -649.25787657
   -649.25093575
   -649.23877335
   -649.26620115
   -649.24678841
   -649.26207386
   -649.25265285
   -649.21216396
   -649.23149119
   -649.21325114
   -649.26394185
   -649.21273338
   -649.17864522
   -649.20061294
   -649.22160745
   -649.22340322
   -649.23521082
   -649.24007133
   -649.24939733
   -649.27027251
   -649.25331294
   -649.22650442
   -649.26674065
   -649.21627551
   -649.26354968
   -649.25496502
   -649.26174256
   -649.25166525
   -649.16288517
   -649.18624514
   -649.22291034
   -649.27603326
   -649.22012176
   -649.25795182
   -649.24167074
   -649.23193464
   -649.18950364
   -649.24298844
   -649.24190546
   -649.22040824
   -649.25559950
   -649.25019587
   -649.21309413
   -649.24514558
   -649.23355480
   -649.23336513
   -649.24827027
   -649.20100535
   -649.21540611
   -649.23870240
   -649.21310704
   -649.26636906
   -649.19962249
   -649.24152098
   -649.19501181
   -649.25287075
   -649.22991599
   -649.20149775
   -649.24682304
   -649.24140186
   -649.24664095
   -649.20683881
   -649.23569846
   -649.24531043
   -649.22687805
   -649.22984619
   -649.24042673
   -649.24064086
   -649.20260506
   -649.22609734
   -649.21811336
   -649.27029139
   -649.24065059
   -649.22236549
   -649.21875176
   -649.26492242
   -649.20010868
   -649.23356951
   -649.24438556
   -649.22352119
   -649.21511507
   -649.22292327
   -649.25674204
   -649.25272572
   -649.25636954
   -649.27501006
   -649.26992495
   -649.19824718
   -649.21208810
   -649.24816334
   -649.22674249
   -649.19677274
   -649.25348765
   -649.20965627
   -649.22430233
   -649.26891237
   -649.25013679
   -649.23955850
   -649.27086491
   -649.22710751
   -649.25584071
   -649.22645216
   -649.24409033
   -649.19433357
   -649.25447435
   -649.23666565
   -649.22501486
   -649.21625102
   -649.23427508
   -649.26279528
   -649.24813649
   -649.25166446
   -649.24049227
   -649.22670371
   -649.23901220
   -649.23423989
   -649.23879485
   -649.20934989
   -649.20151767
   -649.24523656
   -649.21134379
   -649.25750079
   -649.24572474
   -649.24402785
   -649.24624432
   -649.23197593
   -649.22880175
   -649.22576388
   -649.21646087
   -649.24339406
   -649.21588982
   -649.24018363
   -649.25628533
   -649.26861702
   -649.23073076
   -649.23170577
   -649.21218067
   -649.24316054
   -649.24573604
   -649.21441150
   -649.22868658
   -649.24999198
   -649.24016204
   -649.25114631
   -649.26230783
   -649.26249995
   -649.28008573
   -649.27116912
   -649.25744468
   -649.21145394
   -649.22955023
   -649.22542651
   -649.25261598
   -649.25725263
   -649.25259596
   -649.20591473
   -649.24932410
   -649.20352982
   -649.23050316
   -649.21440905
   -649.26153068
   -649.23256322
   -649.21255999
   -649.23836906
   -649.22308059
   -649.23412866
   -649.24529434
   -649.25342707
   -649.23811203
   -649.25154513
   -649.24731514
   -649.24648213
   -649.24802486
   -649.24177356
   -649.23512107
   -649.26124793
   -649.24152549
   -649.26220250
   -649.23954817
   -649.24429328
   -649.26494379
   -649.18461926
   -649.23076661
   -649.18563873
   -649.25196342
   -649.20016767
   -649.21381021
   -649.25825188
   -649.21529967
   -649.23525307
   -649.25269488
   -649.22866104
   -649.20590370
   -649.27057386
   -649.22738379
   -649.25042004
   -649.23300639
   -649.19973609
   -649.23512319
   -649.19877153
   -649.24771627
   -649.27610228
   -649.22950595
   -649.23506022
   -649.24734154
   -649.21631386
   -649.19184865
   -649.23255603
   -649.25348100
   -649.22907971
   -649.24136668
   -649.26391986
   -649.25988035
   -649.26373256
   -649.25590282
   -649.19169590
   -649.22665849
   -649.23798172
   -649.26591904
   -649.22653948
   -649.24727893
   -649.23261459
   -649.23549579
   -649.23075828
   -649.23618809
   -649.24772445
   -649.23918967
   -649.23238479
   -649.24281302
   -649.19512774
   -649.20736604
   -649.16667145
   -649.24319322
   -649.22907465
   -649.24834301
   -649.25632814
   -649.27214794
   -649.23159109
   -649.26052681
   -649.26915678
   -649.26437638
   -649.26276906
   -649.23752132
   -649.23461903
   -649.25190036
   -649.19764317
   -649.23639763
   -649.22210196
   -649.21504330
   -649.26032433
   -649.22888678
   -649.24418236
   -649.24486141
   -649.24100879
   -649.24488504
   -649.24008655
   -649.17585257
   -649.25809464
   -649.23037811
   -649.22031437
   -649.25847670
   -649.22919185
   -649.25978942
   -649.24177581
   -649.24498202
   -649.25282989
   -649.24837089
   -649.22075697
   -649.21628492
   -649.21537643
   -649.25114737
   -649.21378479
   -649.22437093
   -649.25388517
   -649.24298494
   -649.25104258
   -649.24264513
   -649.23400592
   -649.21433772
   -649.21288797
   -649.24074778
   -649.24620400
   -649.25354639
   -649.22454552
   -649.23964706
   -649.19399371
   -649.23846995
   -649.23546908
   -649.21622905
   -649.13832756
   -649.23644616
   -649.19774192
   -649.22732170
   -649.26057686
   -649.22692347
   -649.19328461
   -649.26502921
   -649.23702054
   -649.20302446
   -649.23994503
   -649.23101367
   -649.22214955
   -649.24935307
   -649.23989366
   -649.24382619
   -649.26463655
   -649.23600540
   -649.24056944
   -649.25298224
   -649.19608756
   -649.23232403
   -649.19284288
   -649.18315184
   -649.19124361
   -649.21283725
   -649.23290413
   -649.20767097
   -649.18584690
   -649.26458794
   -649.22346198
   -649.22712019
   -649.22159977
   -649.24268934
   -649.22531229
   -649.24439599
   -649.23469469
   -649.24672746
   -649.24655507
   -649.25003457
   -649.24979935
   -649.23488034
   -649.27012861
   -649.18311147
   -649.24188108
   -649.22414194
   -649.21182628
   -649.25575939
   -649.23078845
   -649.26323253
   -649.26041311
   -649.23112653
   -649.25095190
   -649.24581113
   -649.21567008
   -649.20174400
   -649.26043318
   -649.25181551
   -649.21500368
   -649.20097453
   -649.23774357
   -649.25253942
   -649.25480715
   -649.22070033
   -649.24042171
   -649.24280650
   -649.21932687
   -649.20405997
   -649.24872621
   -649.23943940
   -649.25160393
   -649.23581405
   -649.23357385
   -649.18208388
   -649.24618889
   -649.24208770
   -649.22777895
   -649.22220650
   -649.23524444
   -649.25161578
   -649.21725830
   -649.19160382
   -649.22575796
   -649.24175332
   -649.23264452
   -649.24055596
   -649.23582302
   -649.22562937
   -649.23304985
   -649.23889189
   -649.26079102
   -649.19897185
   -649.24055370
   -649.23376602
   -649.23657080
   -649.23896005
   -649.27280708
   -649.24273512
   -649.17913571
   -649.21976394
   -649.23722418
   -649.20456778
   -649.21999705
   -649.22576520
   -649.23484613
   -649.22037027
   -649.22827502
   -649.24527866
   -649.24262378
   -649.22705505
   -649.26015110
   -649.23361220
   -649.25514242
   -649.24687083
   -649.21577778
   -649.20439720
   -649.24114176
   -649.24225103
   -649.24271350
   -649.23134407
   -649.23805010
   -649.20805630
   -649.21920356
   -649.22846986
   -649.22457698
   -649.23027500
   -649.21917372
   -649.25592123
   -649.25602725
   -649.24606183
   -649.24797841
   -649.21239980
   -649.20629832
   -649.25519095
   -649.24266198
   -649.25668216
   -649.23807215
   -649.21553728
   -649.24213481
   -649.25331871
   -649.23540799
   -649.26155755
   -649.22009949
   -649.23222421
   -649.16619002
   -649.20377037
   -649.23863902
   -649.26348392
   -649.24780390
   -649.24468869
   -649.25400714
   -649.26680537
   -649.27475921
   -649.24036725
   -649.23748929
   -649.25727445
   -649.26688250
   -649.25918938
   -649.21608673
   -649.22502113
   -649.22847410
   -649.18039025
   -649.24788554
   -649.25949340
   -649.20227808
   -649.20221051
   -649.25346613
   -649.24741567
   -649.24987806
   -649.24502202
   -649.24418147
   -649.27281223
   -649.23881396
   -649.22896869
   -649.21816953
   -649.17180478
   -649.23849054
   -649.23371057
   -649.24822772
   -649.23565644
   -649.24369391
   -649.24108119
   -649.24025544
   -649.23308627
   -649.21463122
   -649.25832796
   -649.21587766
   -649.23516719
   -649.23975294
   -649.23367000
   -649.24866921
   -649.24789628
   -649.21360339
   -649.23455995
   -649.26177873
   -649.24388539
   -649.25775424
   -649.24809932
   -649.27981176
   -649.24080533
   -649.24324188
   -649.26418213
   -649.27759429
   -649.19079519
   -649.24158028
   -649.24269739
   -649.24549948
   -649.24762270
   -649.23205817
   -649.23966258
   -649.24364829
   -649.22082876
   -649.23813659
   -649.23361581
   -649.22530895
   -649.20159360
   -649.23489612
   -649.21762134
   -649.24418691
   -649.21191704
   -649.23454139
   -649.26653547
   -649.22232776
   -649.23936116
   -649.23355497
   -649.23355742
   -649.22815564
   -649.22215718
   -649.25682962
   -649.24438999
   -649.24430111
   -649.24521650
   -649.22964495
   -649.21320343
   -649.23130152
   -649.22640736
   -649.19837476
   -649.20628591
   -649.26889294
   -649.21625589
   -649.16973259
   -649.20697985
   -649.25619107
   -649.20739905
   -649.21121855
   -649.25350207
   -649.20985411
   -649.25083923
   -649.24429729
   -649.22273287
   -649.21970326
   -649.23815828
   -649.25823462
   -649.27135547
   -649.24224320
   -649.19110048
   -649.22919806
   -649.22844324
   -649.27932137
   -649.24621357
   -649.21214521
   -649.25184968
   -649.23860403
   -649.25720781
   -649.26357007
   -649.23536866
   -649.24645940
   -649.23456595
   -649.22526235
   -649.24877399
   -649.23468503
   -649.25040950
   -649.25568503
   -649.20724735
   -649.26385831
   -649.26120679
   -649.20868606
   -649.28262681
   -649.23277231
   -649.23984864
   -649.25677791
   -649.22258476
   -649.21273105
   -649.23627834
   -649.24451164
   -649.23594783
   -649.23452096
   -649.23920140
   -649.23359374
   -649.20978502
   -649.20799974
   -649.24103326
   -649.21608012
   -649.23118640
   -649.17290771
   -649.24227568
   -649.24631015
   -649.18263779
   -649.24385144
   -649.26945041
   -649.25475577
   -649.25293052
   -649.18798643
   -649.23483449
   -649.23985758
   -649.24677318
   -649.26064492
   -649.23388628
   -649.21864133
   -649.23094214
   -649.24405308
   -649.24505944
   -649.21747619
   -649.26236183
   -649.23954179
   -649.26671053
   -649.23876829
   -649.23726021
   -649.22570153
   -649.23758351
   -649.27417434
   -649.24456618
   -649.25207012
   -649.23738478
   -649.26857233
   -649.20402277
   -649.24962279
   -649.24000574
   -649.24905425
   -649.23919413
   -649.25507439
   -649.25934008
   -649.26770792
   -649.24209759
   -649.22902151
   -649.23866943
   -649.25759014
   -649.25675319
   -649.19825812
   -649.19486854
   -649.24814497
   -649.20655841
   -649.22207328
   -649.25619832
   -649.26929381
   -649.26572142
   -649.22093917
   -649.23823611
   -649.23500164
   -649.14484550
   -649.23970963
   -649.21425164
   -649.22932746
   -649.25638247
   -649.25083558
   -649.22411538
   -649.23925980
   -649.25152327
   -649.26366796
   -649.24835206
   -649.23303359
   -649.24933373
   -649.20449965
   -649.26453073
   -649.22709511
   -649.21653939
   -649.24914300
   -649.22290041
   -649.25027780
   -649.26098076
   -649.19165252
   -649.23643386
   -649.22996557
   -649.23835963
   -649.24237826
   -649.26729044
   -649.24513583
   -649.27317654
   -649.25487987
   -649.25753382
   -649.23411096
   -649.22483093
   -649.20636242
   -649.23701767
   -649.20881225
   -649.25898052
   -649.23647038
   -649.20727209
   -649.26588768
   -649.19932909
   -649.24332417
   -649.24169601
   -649.28086219
   -649.24655270
   -649.24493586
   -649.25501956
   -649.22570823
   -649.23156480
   -649.24859293
   -649.22612307
   -649.22187498
   -649.23596983
   -649.24835469
   -649.20746867
   -649.23357820
   -649.23330958
   -649.21978923
   -649.21832723
   -649.23531313
   -649.24631892
   -649.24603302
   -649.26124287
   -649.25309652
   -649.22976492
   -649.21521613
   -649.25244994
   -649.25662021
   -649.24821975
   -649.27092205
   -649.22823357
   -649.20723539
   -649.24854622
   -649.25366264
   -649.24095057
   -649.24255923
   -649.23049609
   -649.24088406
   -649.21447595
   -649.22841626
   -649.22273002
   -649.24735965
   -649.26302811
   -649.26099052
   -649.19138332
   -649.23060199
   -649.25290612
   -649.19682673
   -649.27043932
   -649.25973156
   -649.21197896
   -649.19802606
   -649.20581719
   -649.23270814
   -649.24949389
   -649.18914183
   -649.23028086
   -649.22509167
   -649.23827271
   -649.22811530
   -649.25292890
   -649.25926880
   -649.22954883
   -649.22482217
   -649.21862209
   -649.23944647
   -649.24109110
   -649.24731003
   -649.24860320
   -649.26430093
   -649.25343440
   -649.23021938
   -649.25988741
   -649.23653818
   -649.23845062
   -649.22909151
   -649.21747111
   -649.24577374
   -649.21732990
   -649.22735841
   -649.22690788
   -649.23305873
   -649.24846531
   -649.25333734
   -649.24466241
   -649.23646053
   -649.23772348
   -649.23413161
   -649.23201927
   -649.23979169
   -649.19821884
   -649.24244085
   -649.25015346
   -649.22975710
   -649.21309709
   -649.25926505
   -649.23800798
   -649.24352534
   -649.25919824
   -649.26357679
   -649.23131887
   -649.24923825
   -649.27281283
   -649.22657172
   -649.23286453
   -649.24061131
   -649.22940504
   -649.22547505
   -649.27073104
   -649.22943149
   -649.22695676
   -649.21599731
   -649.25420748
   -649.24713415
   -649.23985562
   -649.22361719
   -649.25789618
   -649.25934487
   -649.25682389
   -649.26436329
   -649.22544493
   -649.24384659
   -649.22597745
   -649.13479270
   -649.23699224
   -649.24987634
   -649.27334582
   -649.24984469
   -649.26153573
   -649.25487032
   -649.25249767
   -649.26650984
   -649.24299085
   -649.25569893
   -649.26416597
   -649.23537119
   -649.23965838
   -649.14461203
   -649.25502478
   -649.24227093
   -649.23281091
   -649.25713678
   -649.20819069
   -649.23130934
   -649.25902222
   -649.22916109
   -649.25286767
   -649.25486795
   -649.22735301
   -649.21632868
   -649.24216761
   -649.24771686
   -649.27211058
   -649.24234685
   -649.24400043
   -649.21912000
   -649.25477791
   -649.25356935
   -649.25051378
   -649.26416401
   -649.23581137
   -649.21639707
   -649.23260112
   -649.22873561
   -649.20500382
   -649.26674073
   -649.22473017
   -649.19235471
   -649.25746299
   -649.28115810
   -649.21626079
   -649.27580022
   -649.15342342
   -649.19277538
   -649.22745343
   -649.19165226
   -649.25657419
   -649.23722064
   -649.25628808
   -649.24988739
   -649.23849840
   -649.23446408
   -649.24698910
   -649.18451692
   -649.20475220
   -649.24152865
   -649.20965402
   -649.23454061
   -649.24328172
   -649.24521935
   -649.20874300
   -649.24899798
   -649.25838329
   -649.23300233
   -649.22748351
   -649.25416421
   -649.22780105
   -649.22510092
   -649.18919040
   -649.22057482
   -649.24467841
   -649.21643453
   -649.21264937
   -649.26507379
   -649.25296224
   -649.26213528
   -649.22923030
   -649.24305851
   -649.19217128
   -649.25205807
   -649.27864047
   -649.23058385
   -649.23775158
   -649.24446302
   -649.24752044
   -649.26794017
   -649.22673493
   -649.22338450
   -649.25396250
   -649.25631901
   -649.19226561
   -649.25187127
   -649.24107252
   -649.23100543
   -649.23605324
   -649.13102511
   -649.18692961
   -649.22078622
   -649.24684380
   -649.21984871
   -649.24823309
   -649.22657244
   -649.20032246
   -649.21335343
   -649.23959671
   -649.22705918
   -649.21384852
   -649.23285550
   -649.19235844
   -649.23479650
   -649.25009500
   -649.25090876
   -649.23782648
   -649.22301990
   -649.24561588
   -649.25844290
   -649.23806432
   -649.23406315
   -649.23376296
   -649.24549001
   -649.23105492
   -649.25617717
   -649.27956343
   -649.24259946
   -649.22272549
   -649.22699506
   -649.23991142
   -649.25215815
   -649.22935481
   -649.20562531
   -649.22569936
   -649.21006176
   -649.21403324
   -649.27159677
   -649.22639248
   -649.19951435
   -649.25512657
   -649.26002645
   -649.25564267
   -649.25321227
   -649.25150560
   -649.24597049
   -649.22817830
   -649.24440059
   -649.25131900
   -649.23653679
   -649.26455570
   -649.25908626
   -649.24958750
   -649.25482936
   -649.27165182
   -649.22983590
   -649.24133365
   -649.22438745
   -649.23195516
   -649.23535399
   -649.21593465
   -649.21229108
   -649.20800701
   -649.25501631
   -649.23405749
   -649.26132484
   -649.23077426
   -649.20385525
   -649.13652579
   -649.26504991
   -649.25711121
   -649.23641390
   -649.25344480
   -649.24632571
   -649.26862711
   -649.23695198
   -649.22984960
   -649.22257236
   -649.24179186
   -649.23347021
   -649.24270315
   -649.19403652
   -649.27117691
   -649.24244847
   -649.21066344
   -649.22451884
   -649.20769132
   -649.26419465
   -649.23525500
   -649.24010961
   -649.25838552
   -649.24995302
   -649.22443025
   -649.22348160
   -649.23231332
   -649.23683742
   -649.24626045
   -649.24041489
   -649.21150566
   -649.19357367
   -649.23206147
   -649.25467360
   -649.23719925
   -649.25033377
   -649.21519579
   -649.21055670
   -649.24133387
   -649.23525360
   -649.25287993
   -649.18721076
   -649.24497428
   -649.27594730
   -649.23745514
   -649.22979145
   -649.19288868
   -649.23213936
   -649.24746796
   -649.21429516
   -649.25386627
   -649.25054170
   -649.22997871
   -649.21125633
   -649.19350537
   -649.23969534
   -649.25895910
   -649.16222412
   -649.24914787
   -649.24682841
   -649.23979674
   -649.21944333
   -649.25770407
   -649.21602964
   -649.25965214
   -649.23542335
   -649.26041936
   -649.22724008
   -649.22649178
   -649.24886876
   -649.24569921
   -649.21393310
   -649.22190495
   -649.26655058
   -649.26139428
   -649.23696147
   -649.23522763
   -649.23243963
   -649.24193885
   -649.25339225
   -649.22760060
   -649.24867175
   -649.23258476
   -649.25795518
   -649.21668857
   -649.26084197
   -649.25421932
   -649.24869498
   -649.24501804
   -649.25924908
   -649.23314940
   -649.19850551
   -649.22601223
   -649.24619847
   -649.24672213
   -649.24679917
   -649.25444737
   -649.23850154
   -649.20307207
   -649.25702064
   -649.26040112
   -649.26291443
   -649.24698504
   -649.24722268
   -649.25891363
   -649.20848099
   -649.25215429
   -649.24201170
   -649.24958988
   -649.24483148
   -649.21244056
   -649.23919367
   -649.25622513
   -649.22810915
   -649.21387815
   -649.23142999
   -649.23725178
   -649.24468803
   -649.21765547
   -649.23079181
   -649.19708929
   -649.26873649
   -649.22313383
   -649.26308607
   -649.26820627
   -649.25815477
   -649.24742113
   -649.21700378
   -649.21753610
   -649.25241810
   -649.25073044
   -649.23949475
   -649.25023419
   -649.25586801
   -649.24537322
   -649.22824475
   -649.24344927
   -649.24426189
   -649.24630835
   -649.22497755
   -649.24859786
   -649.25756639
   -649.22728685
   -649.23658685
   -649.26773523
   -649.20129853
   -649.20152271
   -649.25364869
   -649.24059725
   -649.24388425
   -649.21727489
   -649.20120610
   -649.28360307
   -649.22656326
   -649.22462753
   -649.22084668
   -649.24472496
   -649.19093989
   -649.26571181
   -649.23679734
   -649.25484954
   -649.25218664
   -649.19370220
   -649.12057972
   -649.27056061
   -649.21779890
   -649.25905490
   -649.26582229
   -649.27070981
   -649.22520499
   -649.23858965
   -649.24270071
   -649.21280873
   -649.24961482
   -649.24261896
   -649.24010985
   -649.22687936
   -649.27480767
   -649.22795698
   -649.26016373
   -649.22733238
   -649.26072340
   -649.22719644
   -649.23806929
   -649.21022028
   -649.24677960
   -649.24136404
   -649.23896925
   -649.27350547
   -649.23571655
   -649.21281355
   -649.23583211
   -649.22113576
   -649.23418996
   -649.26685959
   -649.25887776
   -649.24034901
   -649.23505543
   -649.24191755
   -649.22792879
   -649.23231482
   -649.21499572
   -649.22058695
   -649.20138995
   -649.23322793
   -649.25622513
   -649.26466167
   -649.23427066
   -649.25091254
   -649.22723807
   -649.24625324
   -649.25006132
   -649.26202728
   -649.24928089
   -649.23197722
   -649.19788979
   -649.24580145
   -649.19734129
   -649.25258475
   -649.25408457
   -649.20495577
   -649.23077415
   -649.24709874
   -649.23446157
   -649.22028831
   -649.22780643
   -649.24045886
   -649.26755053
   -649.22050311
   -649.23245866
   -649.21628694
   -649.17618414
   -649.24629216
   -649.25899592
   -649.24540228
   -649.26757688
   -649.21793444
   -649.28014479
   -649.21929941
   -649.21907534
   -649.23790110
   -649.19389832
   -649.25566909
   -649.24747984
   -649.23831646
   -649.24072196
   -649.22097814
   -649.25026152
   -649.24099493
   -649.21669971
   -649.25411700
   -649.25558898
   -649.23644005
   -649.17968448
   -649.22926537
   -649.21679875
   -649.25020800
   -649.19199969
   -649.22462987
   -649.20218996
   -649.22072364
   -649.25594239
   -649.24681140
   -649.21999646
   -649.23579563
   -649.24419047
   -649.23649590
   -649.21807862
   -649.23930128
   -649.20288776
   -649.21258223
   -649.23039642
   -649.22520064
   -649.23700538
   -649.25200640
   -649.23788883
   -649.24381580
   -649.26609880
   -649.25625402
   -649.27292928
   -649.20501056
   -649.24724275
   -649.20698865
   -649.23730444
   -649.23004839
   -649.25264328
   -649.23197776
   -649.25139036
   -649.26172147
   -649.22193269
   -649.20094236
   -649.26470401
   -649.25094219
   -649.23882816
   -649.23255477
   -649.19336477
   -649.22544156
   -649.25013974
   -649.22293614
   -649.23236740
   -649.17108427
   -649.25501896
   -649.18404375
   -649.26797987
   -649.23668219
   -649.24321547
   -649.25549568
   -649.24232479
   -649.26219313
   -649.23978000
   -649.23423785
   -649.22168535
   -649.24418846
   -649.23982298
   -649.22546068
   -649.24524181
   -649.27347272
   -649.18086465
   -649.24014739
   -649.20110179
   -649.26841938
   -649.25388731
   -649.22865269
   -649.23262151
   -649.17878647
   -649.25569315
   -649.25211870
   -649.25296363
   -649.22383770
   -649.26012649
   -649.24585261
   -649.23599811
   -649.24661357
   -649.22666132
   -649.22192785
   -649.25948558
   -649.26782257
   -649.26763058
   -649.23544985
   -649.24251738
   -649.27006686
   -649.26073044
   -649.27736879
   -649.26483955
   -649.23816612
   -649.23529104
   -649.26107098
   -649.26737685
   -649.22877491
   -649.23231211
   -649.24893493
   -649.24351967
   -649.24337510
   -649.26369701
   -649.20737398
   -649.24224899
   -649.23650166
   -649.23802083
   -649.22055778
   -649.25067913
   -649.22620560
   -649.23464715
   -649.25053731
   -649.24221377
   -649.22328538
   -649.24577307
   -649.24675219
   -649.21598518
   -649.24716184
   -649.20857707
   -649.26125002
   -649.26234047
   -649.22483171
   -649.23859069
   -649.19223667
   -649.25120012
   -649.26091791
   -649.23803634
   -649.25930875
   -649.24821550
   -649.24845293
   -649.26487547
   -649.25278045
   -649.26076852
   -649.23518607
   -649.21947473
   -649.20478271
   -649.27399498
   -649.22288329
   -649.17123164
   -649.23318271
   -649.26356754
   -649.25765620
   -649.23612400
   -649.22756282
   -649.25633590
   -649.22720237
   -649.23746125
   -649.26420583
   -649.18919827
   -649.24049747
   -649.21049469
   -649.25549251
   -649.25719266
   -649.20609454
   -649.20145056
   -649.24416487
   -649.18779006
   -649.24254350
   -649.25822386
   -649.25811651
   -649.24488379
   -649.25949038
   -649.24797094
   -649.21291358
   -649.22418075
   -649.21599484
   -649.22906819
   -649.23401871
   -649.21886707
   -649.26381478
   -649.23870161
   -649.22183967
   -649.22383023
   -649.26002637
   -649.26210357
   -649.25896641
   -649.24185515
   -649.27073954
   -649.24995305
   -649.25113882
   -649.20980368
   -649.22792200
   -649.22340505
   -649.27394795
   -649.21312336
   -649.24641229
   -649.19095190
   -649.25025408
   -649.19425205
   -649.21901539
   -649.24904997
   -649.23324249
   -649.21059860
   -649.24062876
   -649.24844727
   -649.24533475
   -649.27225557
   -649.22688260
   -649.09150617
   -649.25739942
   -649.21269861
   -649.22669051
   -649.25467863
   -649.21366770
   -649.23566195
   -649.27576825
   -649.25222016
   -649.22778231
   -649.23525125
   -649.26027174
   -649.26232226
   -649.22197963
   -649.23132997
   -649.22943148
   -649.24149083
   -649.17762973
   -649.22178842
   -649.20377016
   -649.22409827
   -649.24873242
   -649.26783449
   -649.23895644
   -649.23349466
   -649.26068091
   -649.22753005
   -649.23865389
   -649.22834140
   -649.22719757
   -649.24240519
   -649.23665952
   -649.25090746
   -649.22560599
   -649.26162919
   -649.24975859
   -649.25159453
   -649.26140445
   -649.24043217
   -649.21255498
   -649.23699836
   -649.23459691
   -649.26289703
   -649.19373234
   -649.21930348
   -649.27746404
   -649.24523711
   -649.24882535
   -649.23872509
   -649.21862445
   -649.24584989
   -649.24627195
   -649.23099098
   -649.26044869
   -649.27327886
   -649.23030212
   -649.22239172
   -649.20627344
   -649.25976982
   -649.23347306
   -649.28827780
   -649.25495288
   -649.22374203
   -649.24484285
   -649.26893563
   -649.18993698
   -649.24798126
   -649.24656875
   -649.22350795
   -649.23908306
   -649.24441775
   -649.27945739
   -649.22251904
   -649.21663022
   -649.21709886
   -649.25413896
   -649.24681493
   -649.24342786
   -649.21954097
   -649.20265907
   -649.22008907
   -649.26437275
   -649.24506539
   -649.25994817
   -649.25035068
   -649.24047907
   -649.26100767
   -649.23018467
   -649.25641965
   -649.25435698
   -649.24745732
   -649.24791960
   -649.24320983
   -649.23874956
   -649.23985138
   -649.22393672
   -649.22246849
   -649.25981328
   -649.24727663
   -649.20205749
   -649.25285707
   -649.21660114
   -649.26817528
   -649.23656536
   -649.25512020
   -649.24711958
   -649.20760979
   -649.24046499
   -649.23145458
   -649.24963832
   -649.26443001
   -649.25392925
   -649.24680400
   -649.22135354
   -649.22430094
   -649.24952147
   -649.24129766
   -649.24959324
   -649.20641224
   -649.23375233
   -649.20978148
   -649.24997981
   -649.21940945
   -649.22827143
   -649.25181743
   -649.23785082
   -649.24796050
   -649.25168788
   -649.24621533
   -649.24041491
   -649.24498742
   -649.27128545
   -649.24466907
   -649.25030474
   -649.26375540
   -649.25320188
   -649.25807710
   -649.21239989
   -649.21616961
   -649.23494787
   -649.19906902
   -649.23286392
   -649.25037630
   -649.25691469
   -649.22196235
   -649.24488175
   -649.23449849
   -649.25796521
   -649.21881127
   -649.18445827
   -649.22189450
   -649.25285246
   -649.25451584
   -649.23160037
   -649.25751396
   -649.22970124
   -649.23268301
   -649.21947384
   -649.24171701
   -649.19976580
   -649.23746446
   -649.22749278
   -649.24126500
   -649.20323246
   -649.24991096
   -649.25738272
   -649.23625077
   -649.27613038
   -649.16967822
   -649.23472375
   -649.25584761
   -649.19581875
   -649.21057391
   -649.24124108
   -649.24245923
   -649.24539541
   -649.24210809
   -649.22945048
   -649.22912974
   -649.22235399
   -649.21997908
   -649.27034994
   -649.23787311
   -649.21824090
   -649.22445429
   -649.19506136
   -649.26556891
   -649.22845781
   -649.23671098
   -649.25571053
   -649.24338183
   -649.22461711
   -649.13674757
   -649.23438843
   -649.23327185
   -649.21327529
   -649.24076750
   -649.23928897
   -649.25614268
   -649.23462070
   -649.25022978
   -649.25053318
   -649.18650749
   -649.23068836
   -649.26056304
   -649.25336500
   -649.25233162
   -649.24807715
   -649.22437328
   -649.19347805
   -649.24822425
   -649.25856586
   -649.18941111
   -649.22512940
   -649.27114818
   -649.26426622
   -649.21066605
   -649.21624228
   -649.25708259
   -649.25402546
   -649.21129529
   -649.25400877
   -649.23882998
   -649.23081948
   -649.20918383
   -649.26695322
   -649.22217470
   -649.27194012
   -649.25480954
   -649.25225185
   -649.25129356
   -649.22641266
   -649.25137561
   -649.23640330
   -649.17949751
   -649.21557495
   -649.23596301
   -649.22618589
   -649.24856182
   -649.21473309
   -649.23396271
   -649.26559368
   -649.24944505
   -649.24606540
   -649.23270255
   -649.23110565
   -649.25787049
   -649.26285637
   -649.22728556
   -649.24555093
   -649.25987313
   -649.20586271
   -649.23525052
   -649.22608317
   -649.27067245
   -649.26078562
   -649.26591141
   -649.23795148
   -649.21826076
   -649.22399091
   -649.23125455
   -649.24622501
   -649.21534624
   -649.27991925
   -649.24986245
   -649.21678153
   -649.23138079
   -649.23473948
   -649.23595792
   -649.19081484
   -649.24071989
   -649.23621999
   -649.23526379
   -649.22274097
   -649.22372719
   -649.22574829
   -649.22989674
   -649.21977652
   -649.24849445
   -649.24241886
   -649.26042749
   -649.26074944
   -649.20677900
   -649.22522347
   -649.20374861
   -649.17217735
   -649.22917761
   -649.22322817
   -649.25247491
   -649.26359752
   -649.21486640
   -649.19549109
   -649.26053446
   -649.25068496
   -649.24340497
   -649.26588289
   -649.22917952
   -649.21576254
   -649.22842625
   -649.24462115
   -649.26050663
   -649.23229431
   -649.24729124
   -649.25640454
   -649.23433184
   -649.24805934
   -649.26336057
   -649.23460211
   -649.23609862
