% The following energies apply to conformations described by the topology 
% R56_iter1.top.  Structures are given in trajectory coords.cdf, count: 132.

% Item 0:
%   Energy -> orca_structures/coor*/NConf*.out
   -958.54020702
   -958.53925709
   -958.54802337
   -958.54320501
   -958.54924490
   -958.54281719
   -958.55152453
   -958.54990960
   -958.53680856
   -958.53959237
   -958.55285198
   -958.54662559
   -958.55126783
   -958.52639891
   -958.55134494
   -958.55747264
   -958.53480684
   -958.55158637
   -958.53633589
   -958.55317513
   -958.54118495
   -958.54441961
   -958.54386840
   -958.55163455
   -958.55088846
   -958.55484204
   -958.55232036
   -958.55287347
   -958.53464626
   -958.55264945
   -958.54999691
   -958.55002349
   -958.54650265
   -958.55169885
   -958.53952102
   -958.55020693
   -958.54837818
   -958.54883274
   -958.55241004
   -958.54574870
   -958.55143092
   -958.53660230
   -958.54208908
   -958.55153427
   -958.55254741
   -958.55141739
   -958.54113155
   -958.55300232
   -958.54192119
   -958.54126507
   -958.55317105
   -958.53959901
   -958.54307754
   -958.55190091
   -958.54503772
   -958.55247039
   -958.54649357
   -958.55091118
   -958.53736928
   -958.54610798
   -958.55516760
   -958.54843450
   -958.54134218
   -958.54698960
   -958.54159374
   -958.54182095
   -958.55169756
   -958.54370323
   -958.53494407
   -958.55382151
   -958.54172639
   -958.53632258
   -958.55681402
   -958.54162292
   -958.54189830
   -958.54937216
   -958.54795065
   -958.54203027
   -958.52933764
   -958.55127161
   -958.54192870
   -958.54806508
   -958.54010068
   -958.55170943
   -958.55220796
   -958.54396867
   -958.55236625
   -958.54899745
   -958.55000319
   -958.55266481
   -958.54332090
   -958.54279850
   -958.54949486
   -958.54164360
   -958.54912503
   -958.54394127
   -958.54854067
   -958.54993828
   -958.54187092
   -958.55345382
   -958.54053705
   -958.55542649
   -958.53770645
   -958.54281464
   -958.55327472
   -958.54544992
   -958.55086540
   -958.54816320
   -958.54845873
   -958.54900699
   -958.55224360
   -958.55086508
   -958.55353806
   -958.54356258
   -958.55308997
   -958.54178271
   -958.54992942
   -958.55226406
   -958.55167817
   -958.54796312
   -958.55242086
   -958.54921641
   -958.54895090
   -958.54133320
   -958.54383135
   -958.54625709
   -958.55027940
   -958.54324814
   -958.55555332
   -958.54908177
   -958.53683058
   -958.55347761
