% The following energies apply to conformations described by the topology 
% R56.top.  Structures are given in trajectory coords.cdf, count: 2138.

% Item 0:
%   Energy -> orca_structures/coor*/Conf*.out
   -958.49348742
   -958.49641772
   -958.51809134
   -958.50621245
   -958.50025515
   -958.40725367
   -958.49099287
   -958.52320587
   -958.45742540
   -958.48768322
   -958.40621136
   -958.48732283
   -958.50739785
   -958.33597554
   -958.49160074
   -958.47942175
   -958.46194595
   -958.49663449
   -958.41105420
   -958.48261277
   -958.50828186
   -958.48996373
   -958.50260209
   -958.51446346
   -958.52146664
   -958.50626742
   -958.44801042
   -958.50783535
   -958.47408314
   -958.49706439
   -958.48306737
   -958.52358237
   -958.50065997
   -958.41872590
   -958.51798860
   -958.51366166
   -958.52354965
   -958.49047379
   -958.46794936
   -958.49288900
   -958.49584906
   -958.50971136
   -958.53383385
   -958.49418600
   -958.48925065
   -958.43977411
   -958.51870019
   -958.50816393
   -958.49888197
   -958.48963692
   -958.42990734
   -958.39012469
   -958.41620688
   -958.51950056
   -958.46706692
   -958.42347511
   -958.50748383
   -958.50137226
   -958.49092338
   -958.50899831
   -958.49339642
   -958.48753670
   -958.50656126
   -958.50958268
   -958.42233480
   -958.48702819
   -958.45613229
   -958.49546052
   -958.46739512
   -958.48351711
   -958.50626424
   -958.48826984
   -958.50425279
   -958.49337122
   -958.49606838
   -958.49076907
   -958.48390579
   -958.48041423
   -958.39230137
   -958.49363601
   -958.48744953
   -958.49792258
   -958.49570610
   -958.48770325
   -958.50291501
   -958.49097882
   -958.48703278
   -958.44820726
   -958.52111568
   -958.49219625
   -958.45766508
   -958.52643007
   -958.42852750
   -958.51587687
   -958.47447969
   -958.51941236
   -958.44844606
   -958.48585746
   -958.50896817
   -958.47295468
   -958.50943601
   -958.50898586
   -958.44984466
   -958.48108592
   -958.45469159
   -958.47416146
   -958.50152056
   -958.48574569
   -958.50591046
   -958.47591381
   -958.53609459
   -958.49513532
   -958.50543675
   -958.40667152
   -958.47889882
   -958.51566370
   -958.38351126
   -958.50320752
   -958.50803167
   -958.49398131
   -958.51462955
   -958.45016212
   -958.48806078
   -958.49960858
   -958.51706543
   -958.50799124
   -958.51349336
   -958.50565080
   -958.47654523
   -958.52228455
   -958.49486209
   -958.43453883
   -958.48847964
   -958.49468682
   -958.51692932
   -958.47639839
   -958.50864366
   -958.51880870
   -958.48830367
   -958.50342898
   -958.47696713
   -958.49262518
   -958.45721265
   -958.49953733
   -958.50595692
   -958.45921305
   -958.49943703
   -958.48238673
   -958.51583887
   -958.51974343
   -958.50352941
   -958.45252363
   -958.48079731
   -958.48484391
   -958.45998789
   -958.49316625
   -958.51314915
   -958.41767328
   -958.43457168
   -958.48498420
   -958.48420136
   -958.52223786
   -958.49532614
   -958.45962100
   -958.49244304
   -958.47080426
   -958.50165065
   -958.43934182
   -958.48128770
   -958.49075078
   -958.52796340
   -958.43285547
   -958.50774923
   -958.47910152
   -958.48664032
   -958.39064713
   -958.48768060
   -958.45244963
   -958.49173909
   -958.52839108
   -958.51855671
   -958.49909729
   -958.47513479
   -958.49643130
   -958.49893488
   -958.50259935
   -958.48778799
   -958.50127501
   -958.44778461
   -958.53552332
   -958.48951930
   -958.51986538
   -958.51366671
   -958.48128405
   -958.49845158
   -958.49018630
   -958.45510945
   -958.48696309
   -958.50338221
   -958.49296848
   -958.52348762
   -958.50704360
   -958.50745377
   -958.47849522
   -958.49568685
   -958.48574946
   -958.50804842
   -958.47950463
   -958.45904809
   -958.49417570
   -958.49042255
   -958.51487537
   -958.49501147
   -958.49028322
   -958.43914198
   -958.48402971
   -958.49899933
   -958.48816495
   -958.50026172
   -958.50766184
   -958.49786971
   -958.49851950
   -958.46660862
   -958.52269846
   -958.50988130
   -958.52600163
   -958.50578763
   -958.42947160
   -958.46854817
   -958.49149121
   -958.48132206
   -958.50142707
   -958.51544780
   -958.43908892
   -958.51846501
   -958.50690341
   -958.51779319
   -958.50289734
   -958.46574675
   -958.49586831
   -958.48545394
   -958.47990742
   -958.50483124
   -958.48342891
   -958.49708649
   -958.48152856
   -958.49883653
   -958.49984293
   -958.49998565
   -958.44754853
   -958.50996246
   -958.51959960
   -958.51119059
   -958.47842772
   -958.49640854
   -958.51273275
   -958.48746669
   -958.48071460
   -958.49686732
   -958.50140807
   -958.52345311
   -958.48804105
   -958.51062393
   -958.48659240
   -958.48834628
   -958.49633179
   -958.51197890
   -958.50437118
   -958.49465872
   -958.50168816
   -958.50209356
   -958.48899589
   -958.54179302
   -958.49434712
   -958.53108716
   -958.38378165
   -958.51970019
   -958.51333781
   -958.47019064
   -958.51235804
   -958.39466514
   -958.50293223
   -958.51512802
   -958.49452022
   -958.48787287
   -958.48709784
   -958.42368591
   -958.52007902
   -958.50489280
   -958.49502431
   -958.48648335
   -958.51006321
   -958.49238790
   -958.51122200
   -958.49455927
   -958.50197527
   -958.49705056
   -958.51714612
   -958.51503092
   -958.49209242
   -958.50242557
   -958.45169138
   -958.50951319
   -958.51353779
   -958.50686146
   -958.49420124
   -958.45615107
   -958.41994933
   -958.40578896
   -958.47956921
   -958.48345961
   -958.49220668
   -958.49572574
   -958.52813643
   -958.41093960
   -958.48625391
   -958.46628225
   -958.52302251
   -958.54958321
   -958.50855511
   -958.36362118
   -958.50468275
   -958.46838224
   -958.53687443
   -958.50830467
   -958.49383034
   -958.50728593
   -958.45140653
   -958.51303755
   -958.50007755
   -958.51869478
   -958.51022950
   -958.48346609
   -958.41871628
   -958.47276892
   -958.50728146
   -958.45119287
   -958.50981249
   -958.48186629
   -958.47882028
   -958.51091977
   -958.50758476
   -958.44808071
   -958.43075522
   -958.44689733
   -958.51605834
   -958.49509228
   -958.47301755
   -958.50565754
   -958.46483649
   -958.51930406
   -958.52713045
   -958.44441008
   -958.50451470
   -958.50391391
   -958.47613207
   -958.48757128
   -958.48431731
   -958.52738315
   -958.49292248
   -958.49374565
   -958.47686649
   -958.46581940
   -958.49425193
   -958.50360775
   -958.47765997
   -958.48450272
   -958.48044937
   -958.51428611
   -958.49307298
   -958.51199041
   -958.45205312
   -958.51368679
   -958.48668058
   -958.47368525
   -958.49848830
   -958.51436450
   -958.42542220
   -958.50312790
   -958.48669562
   -958.48404539
   -958.51497068
   -958.50256205
   -958.48726566
   -958.43999625
   -958.49621760
   -958.48377334
   -958.48987518
   -958.50870580
   -958.47425602
   -958.48918332
   -958.49253719
   -958.52206921
   -958.40137464
   -958.47263709
   -958.47320245
   -958.51772102
   -958.51737647
   -958.49596688
   -958.46215234
   -958.43319627
   -958.49403260
   -958.50335229
   -958.48675665
   -958.52053597
   -958.50623517
   -958.48739498
   -958.49841868
   -958.48405972
   -958.49450818
   -958.45734480
   -958.51521057
   -958.49646348
   -958.50260793
   -958.48976458
   -958.51050891
   -958.47333204
   -958.50601029
   -958.49518681
   -958.47552588
   -958.47849451
   -958.49308302
   -958.50005811
   -958.39444988
   -958.48025212
   -958.50396695
   -958.52608060
   -958.48481514
   -958.43910963
   -958.51024059
   -958.49366698
   -958.52008021
   -958.48212076
   -958.48118703
   -958.43564793
   -958.48825449
   -958.46301024
   -958.51930574
   -958.50451882
   -958.38938284
   -958.50825421
   -958.50956832
   -958.49734403
   -958.50278420
   -958.51379003
   -958.52596346
   -958.47866405
   -958.47981636
   -958.49024508
   -958.41074516
   -958.45739367
   -958.45387625
   -958.48681895
   -958.51596170
   -958.46452159
   -958.51692477
   -958.48732251
   -958.50712204
   -958.50316210
   -958.50190363
   -958.50423726
   -958.48377399
   -958.47144128
   -958.50465505
   -958.49822761
   -958.51656079
   -958.48476211
   -958.44462239
   -958.49186102
   -958.47335411
   -958.38021177
   -958.49315879
   -958.47960071
   -958.46345088
   -958.46935305
   -958.45578411
   -958.45598203
   -958.45575533
   -958.41783187
   -958.46652420
   -958.49782519
   -958.52486686
   -958.51447338
   -958.45156792
   -958.51511959
   -958.49196960
   -958.48020451
   -958.51535176
   -958.51094117
   -958.42437559
   -958.51997592
   -958.49573477
   -958.48624662
   -958.49773047
   -958.47757980
   -958.49814703
   -958.51520359
   -958.53592884
   -958.45464416
   -958.49738966
   -958.48085567
   -958.52241778
   -958.46652643
   -958.52711321
   -958.51435951
   -958.52121515
   -958.47312063
   -958.45677000
   -958.48259968
   -958.48761093
   -958.49883097
   -958.51000808
   -958.50257692
   -958.45404281
   -958.47054590
   -958.53162073
   -958.48250792
   -958.46877479
   -958.49873681
   -958.51020335
   -958.48766705
   -958.51405475
   -958.48773160
   -958.47671962
   -958.46759378
   -958.51043931
   -958.46505500
   -958.51397838
   -958.40060354
   -958.51693646
   -958.40531859
   -958.45755447
   -958.44148368
   -958.50521954
   -958.43614198
   -958.51312937
   -958.49845694
   -958.39274421
   -958.50211069
   -958.52303807
   -958.51926669
   -958.52355564
   -958.39878173
   -958.52186080
   -958.49958429
   -958.51851651
   -958.52732623
   -958.48640044
   -958.49454746
   -958.46000860
   -958.46307831
   -958.39927489
   -958.49869357
   -958.47591010
   -958.48294402
   -958.50628322
   -958.50524222
   -958.48603060
   -958.50153376
   -958.52802328
   -958.51586693
   -958.50230931
   -958.49283519
   -958.44592273
   -958.51939894
   -958.40764414
   -958.50279937
   -958.50116981
   -958.48150659
   -958.52188946
   -958.48494080
   -958.49999892
   -958.48704474
   -958.46388129
   -958.49097730
   -958.46068458
   -958.47098488
   -958.36409984
   -958.45529734
   -958.52452424
   -958.49991277
   -958.48018080
   -958.46069768
   -958.42453654
   -958.50587312
   -958.37968237
   -958.39796859
   -958.51677590
   -958.49925549
   -958.50716081
   -958.50330465
   -958.48601984
   -958.47288400
   -958.39907435
   -958.50919088
   -958.40749211
   -958.46573981
   -958.48553162
   -958.49127058
   -958.49828945
   -958.51508746
   -958.48636233
   -958.47886189
   -958.48973071
   -958.47049382
   -958.39540503
   -958.50336312
   -958.45919366
   -958.46714903
   -958.50812546
   -958.51194380
   -958.50592472
   -958.47817105
   -958.49670758
   -958.49307056
   -958.47875489
   -958.50037900
   -958.47059379
   -958.51324618
   -958.52651802
   -958.44781562
   -958.48698909
   -958.48211036
   -958.50155394
   -958.48020342
   -958.47547964
   -958.43868492
   -958.51806427
   -958.49832998
   -958.50348009
   -958.51044788
   -958.48049493
   -958.48597862
   -958.51122487
   -958.37727808
   -958.49040892
   -958.50707180
   -958.50759928
   -958.51583401
   -958.49192249
   -958.51541740
   -958.50118139
   -958.49562717
   -958.49530414
   -958.49721488
   -958.48448346
   -958.52922744
   -958.47034000
   -958.47827563
   -958.51110015
   -958.44787863
   -958.50149428
   -958.51040297
   -958.48943361
   -958.49236110
   -958.43180124
   -958.49896149
   -958.50127863
   -958.48756012
   -958.51583334
   -958.50046429
   -958.41823325
   -958.41976540
   -958.52022760
   -958.48885688
   -958.42887833
   -958.49847662
   -958.49448187
   -958.49486098
   -958.40066123
   -958.52490609
   -958.50101778
   -958.51535295
   -958.48192947
   -958.50755303
   -958.42848530
   -958.47929437
   -958.50997642
   -958.49806620
   -958.51916758
   -958.51267471
   -958.50186655
   -958.49620254
   -958.52586924
   -958.51650075
   -958.52837419
   -958.49489340
   -958.51896975
   -958.48661763
   -958.48134225
   -958.50899599
   -958.38799259
   -958.49054242
   -958.50552813
   -958.48440449
   -958.43003716
   -958.42849233
   -958.43113273
   -958.45168326
   -958.49153926
   -958.45690887
   -958.50006944
   -958.47587575
   -958.51779012
   -958.48903966
   -958.43824004
   -958.48590572
   -958.52766129
   -958.44171721
   -958.50505182
   -958.46015743
   -958.49546581
   -958.46708203
   -958.48195038
   -958.49514499
   -958.52211619
   -958.50625554
   -958.47732277
   -958.47465400
   -958.43188931
   -958.50081728
   -958.51330885
   -958.50522663
   -958.50135674
   -958.53548909
   -958.50489583
   -958.50392650
   -958.47273100
   -958.53119580
   -958.52464696
   -958.37148913
   -958.48824889
   -958.47378140
   -958.49179154
   -958.49580514
   -958.49757209
   -958.47559339
   -958.47251497
   -958.41830126
   -958.51656520
   -958.51005457
   -958.50760145
   -958.50216742
   -958.48738215
   -958.49642510
   -958.48001220
   -958.45226078
   -958.49625716
   -958.39967258
   -958.48382667
   -958.49889064
   -958.49904103
   -958.50485177
   -958.52960186
   -958.49207399
   -958.49749155
   -958.51174822
   -958.51418830
   -958.49494844
   -958.51367607
   -958.46725404
   -958.50367953
   -958.48010485
   -958.49948884
   -958.51010399
   -958.41771037
   -958.50569193
   -958.48429475
   -958.49454973
   -958.50961348
   -958.49644967
   -958.47161198
   -958.52358939
   -958.48829954
   -958.45161775
   -958.51196174
   -958.50619457
   -958.49593805
   -958.51452461
   -958.47963458
   -958.52210669
   -958.49466715
   -958.50215757
   -958.51903474
   -958.48436516
   -958.47727456
   -958.50222271
   -958.50016840
   -958.51584200
   -958.52595627
   -958.46684405
   -958.48716093
   -958.43880063
   -958.52011682
   -958.49839651
   -958.49688394
   -958.51030450
   -958.45537317
   -958.40802729
   -958.47802531
   -958.47429514
   -958.49066551
   -958.51529163
   -958.53543540
   -958.49178669
   -958.48057664
   -958.51088868
   -958.49554195
   -958.52429581
   -958.45679670
   -958.44057525
   -958.50308466
   -958.49960983
   -958.53974560
   -958.48862066
   -958.49474337
   -958.50457459
   -958.50000355
   -958.47641523
   -958.40484319
   -958.50413302
   -958.50942591
   -958.39098057
   -958.45725968
   -958.52968531
   -958.50717159
   -958.37840699
   -958.49829085
   -958.48125320
   -958.49289456
   -958.46034417
   -958.50107609
   -958.44473407
   -958.52835979
   -958.44291393
   -958.47098146
   -958.45750495
   -958.45632625
   -958.48488940
   -958.48932992
   -958.49918823
   -958.50341772
   -958.51665419
   -958.51473788
   -958.49340082
   -958.50132449
   -958.45486108
   -958.52304035
   -958.35618284
   -958.51761184
   -958.49125447
   -958.49858357
   -958.44421844
   -958.45541288
   -958.48327891
   -958.49516834
   -958.47072386
   -958.50136687
   -958.50981103
   -958.46348100
   -958.50209440
   -958.41427584
   -958.45554244
   -958.46732932
   -958.51209103
   -958.48911337
   -958.46778820
   -958.49006214
   -958.48788186
   -958.50282179
   -958.46977847
   -958.48597913
   -958.47677027
   -958.48322504
   -958.49246831
   -958.46986740
   -958.49388795
   -958.41634251
   -958.50487136
   -958.50632910
   -958.37944455
   -958.46567035
   -958.52597439
   -958.46809290
   -958.44074881
   -958.50027338
   -958.48551876
   -958.47476708
   -958.50815909
   -958.53511077
   -958.42104111
   -958.50544055
   -958.48158326
   -958.43168667
   -958.51736979
   -958.39772143
   -958.47914536
   -958.48154823
   -958.53438032
   -958.46489973
   -958.49272378
   -958.53153048
   -958.49217223
   -958.51044194
   -958.40948202
   -958.47841971
   -958.48641974
   -958.49926536
   -958.50788657
   -958.46859340
   -958.49286817
   -958.48641192
   -958.50191610
   -958.49399525
   -958.50690922
   -958.50701747
   -958.49657251
   -958.51262792
   -958.48505216
   -958.46754038
   -958.49774336
   -958.43638449
   -958.49808254
   -958.47361082
   -958.50502137
   -958.49709580
   -958.53503744
   -958.48842134
   -958.45132800
   -958.47407835
   -958.48083920
   -958.50921736
   -958.50550163
   -958.48368261
   -958.45177758
   -958.49609785
   -958.37701476
   -958.49310772
   -958.48708592
   -958.52645596
   -958.48712725
   -958.49001851
   -958.49190536
   -958.49303718
   -958.49438934
   -958.51146202
   -958.49444552
   -958.46396387
   -958.48863414
   -958.40040673
   -958.51717609
   -958.48455660
   -958.49027685
   -958.49918892
   -958.50561469
   -958.48557938
   -958.51074747
   -958.46316620
   -958.51826171
   -958.50044689
   -958.52447007
   -958.50808472
   -958.52085559
   -958.39916382
   -958.51726383
   -958.48701719
   -958.51262148
   -958.45722469
   -958.47229177
   -958.49498043
   -958.44971157
   -958.37490924
   -958.53455352
   -958.42119676
   -958.48817693
   -958.48370968
   -958.46741749
   -958.49084587
   -958.51328474
   -958.49227655
   -958.49526198
   -958.49273740
   -958.50062189
   -958.49990717
   -958.50371114
   -958.50855751
   -958.50852763
   -958.44817279
   -958.50383953
   -958.49985654
   -958.49332530
   -958.48507519
   -958.49114345
   -958.51523592
   -958.39463349
   -958.48484114
   -958.44184205
   -958.49185001
   -958.51489030
   -958.53081097
   -958.51272709
   -958.50780167
   -958.49613465
   -958.48821459
   -958.50507616
   -958.50811117
   -958.51109164
   -958.43878079
   -958.52437774
   -958.43010171
   -958.51502903
   -958.48620632
   -958.50396914
   -958.51307281
   -958.50409473
   -958.39624708
   -958.42967439
   -958.46551305
   -958.51476345
   -958.49901455
   -958.45959168
   -958.51423402
   -958.48693036
   -958.48123027
   -958.47994318
   -958.48129096
   -958.50910077
   -958.50333370
   -958.48124127
   -958.40854329
   -958.50972911
   -958.50268772
   -958.46216519
   -958.50116140
   -958.45739640
   -958.49163254
   -958.49301816
   -958.46094794
   -958.52907738
   -958.50149176
   -958.39119444
   -958.40262772
   -958.49693323
   -958.49153296
   -958.49242741
   -958.41882196
   -958.49370038
   -958.48994090
   -958.43990979
   -958.48407589
   -958.50191156
   -958.49775338
   -958.48881616
   -958.40696994
   -958.42429871
   -958.49028189
   -958.46853559
   -958.45576197
   -958.39033087
   -958.48483245
   -958.52794656
   -958.48906924
   -958.45401142
   -958.51120634
   -958.48711536
   -958.46769888
   -958.49152028
   -958.50324321
   -958.51478802
   -958.47230516
   -958.49327768
   -958.50580470
   -958.47799304
   -958.50096898
   -958.50804026
   -958.38256886
   -958.51711621
   -958.46985030
   -958.51045686
   -958.51880076
   -958.49637977
   -958.50503905
   -958.48201368
   -958.43797254
   -958.49068095
   -958.44329185
   -958.44889355
   -958.49324352
   -958.50628014
   -958.44511746
   -958.50123443
   -958.48572356
   -958.45392728
   -958.48277831
   -958.51606453
   -958.48402271
   -958.49158893
   -958.49297244
   -958.50428208
   -958.45983761
   -958.48307567
   -958.48792557
   -958.49737090
   -958.49074699
   -958.49756248
   -958.47524274
   -958.48312024
   -958.41475371
   -958.51890261
   -958.48775727
   -958.39968393
   -958.51023125
   -958.53461259
   -958.50815933
   -958.47585772
   -958.47442970
   -958.49090444
   -958.45187485
   -958.49672152
   -958.50156901
   -958.50282428
   -958.42985116
   -958.45438331
   -958.52576012
   -958.45364223
   -958.42938916
   -958.41486089
   -958.50715091
   -958.45755296
   -958.46934243
   -958.49159329
   -958.42655127
   -958.50095397
   -958.47869060
   -958.49772653
   -958.47616789
   -958.46909794
   -958.45586803
   -958.49912829
   -958.35929462
   -958.49132907
   -958.51782627
   -958.49330996
   -958.51283821
   -958.50473315
   -958.45668546
   -958.48474810
   -958.50348341
   -958.46835402
   -958.50857654
   -958.52258693
   -958.51049276
   -958.50768444
   -958.45149434
   -958.51429426
   -958.51725947
   -958.47912154
   -958.49241662
   -958.39578876
   -958.42459678
   -958.47377453
   -958.50021259
   -958.50817910
   -958.49714809
   -958.51181636
   -958.47375563
   -958.47335948
   -958.49214248
   -958.47266510
   -958.50756550
   -958.49218947
   -958.50718789
   -958.40883384
   -958.50163511
   -958.43370054
   -958.47514778
   -958.38931324
   -958.47963080
   -958.43747892
   -958.48995499
   -958.51231691
   -958.38211825
   -958.50688960
   -958.47980539
   -958.50679455
   -958.47204552
   -958.49166118
   -958.49741005
   -958.48972116
   -958.50446222
   -958.51628904
   -958.48579837
   -958.48682927
   -958.44472775
   -958.50596604
   -958.49187320
   -958.45633464
   -958.47075729
   -958.49975334
   -958.48352155
   -958.45742812
   -958.50660704
   -958.52958696
   -958.37200416
   -958.50978075
   -958.50032867
   -958.39208650
   -958.49359917
   -958.50926716
   -958.49917088
   -958.40807140
   -958.49790700
   -958.47824948
   -958.44886600
   -958.44370118
   -958.50580808
   -958.47158741
   -958.50758945
   -958.48937098
   -958.47110373
   -958.48085126
   -958.50883126
   -958.48919112
   -958.50519919
   -958.38912393
   -958.52717021
   -958.50565279
   -958.47480791
   -958.50246682
   -958.53278978
   -958.50432428
   -958.50514407
   -958.51293937
   -958.48075785
   -958.40991312
   -958.43615888
   -958.45397564
   -958.49859331
   -958.44903955
   -958.51542782
   -958.52141107
   -958.48947708
   -958.51175509
   -958.52734798
   -958.48493179
   -958.46419595
   -958.50547508
   -958.49786479
   -958.47189904
   -958.49897337
   -958.49694612
   -958.47645133
   -958.49942115
   -958.46273869
   -958.43754742
   -958.37792299
   -958.51326626
   -958.40236132
   -958.51519406
   -958.48862376
   -958.52293285
   -958.46390799
   -958.49805533
   -958.47176403
   -958.50005699
   -958.48082928
   -958.41534891
   -958.49801247
   -958.48776455
   -958.51210489
   -958.49884303
   -958.51082360
   -958.48411184
   -958.48798657
   -958.48975209
   -958.51482960
   -958.49972861
   -958.43963001
   -958.50688580
   -958.52726030
   -958.49735402
   -958.47164555
   -958.50610510
   -958.50046974
   -958.51130454
   -958.52039090
   -958.53184104
   -958.49765821
   -958.49577449
   -958.49866157
   -958.48784823
   -958.43452824
   -958.49303631
   -958.49243831
   -958.41107758
   -958.48999562
   -958.51290146
   -958.51831234
   -958.51146424
   -958.42934572
   -958.44504118
   -958.43134820
   -958.49795300
   -958.50595420
   -958.49768952
   -958.43689612
   -958.50749152
   -958.42838419
   -958.49642652
   -958.53073232
   -958.47549355
   -958.50679298
   -958.51111273
   -958.50243876
   -958.51798556
   -958.48081445
   -958.53406270
   -958.49997288
   -958.42606487
   -958.50916520
   -958.50717655
   -958.49778761
   -958.48246414
   -958.48414530
   -958.46348411
   -958.52417081
   -958.51582400
   -958.50893070
   -958.45309624
   -958.49375607
   -958.48844457
   -958.50773526
   -958.48168238
   -958.42697025
   -958.48974975
   -958.48606909
   -958.48267347
   -958.50863254
   -958.50089352
   -958.49025322
   -958.47794360
   -958.50729810
   -958.51138744
   -958.49789789
   -958.47557055
   -958.50148074
   -958.51402739
   -958.51927859
   -958.49265118
   -958.48080276
   -958.49386546
   -958.46481829
   -958.51465712
   -958.53645521
   -958.44531759
   -958.48129250
   -958.40020078
   -958.52125663
   -958.50702049
   -958.46759016
   -958.45179322
   -958.37318125
   -958.52170581
   -958.48492901
   -958.50877927
   -958.49130541
   -958.52111798
   -958.47636210
   -958.49916489
   -958.48319307
   -958.51160719
   -958.50439968
   -958.49595077
   -958.50559070
   -958.50371405
   -958.50674846
   -958.44264609
   -958.45090422
   -958.44591431
   -958.49121270
   -958.48552550
   -958.42996083
   -958.49616084
   -958.48885025
   -958.49074847
   -958.39595801
   -958.48971728
   -958.49956611
   -958.47881622
   -958.49664205
   -958.46827154
   -958.41748004
   -958.47846707
   -958.49869339
   -958.49821404
   -958.47457451
   -958.49407109
   -958.47717922
   -958.46994978
   -958.50810399
   -958.44191144
   -958.52660377
   -958.49113918
   -958.44217630
   -958.45520452
   -958.49372688
   -958.49350048
   -958.52365716
   -958.47430661
   -958.48467634
   -958.50430198
   -958.51144836
   -958.48740462
   -958.41213517
   -958.49818959
   -958.50132329
   -958.49088238
   -958.51781317
   -958.51351028
   -958.45960032
   -958.51046790
   -958.51298561
   -958.50832773
   -958.48425283
   -958.50073277
   -958.50768126
   -958.50290955
   -958.46571087
   -958.50255186
   -958.49157931
   -958.51189104
   -958.51352978
   -958.40790115
   -958.48887557
   -958.47980623
   -958.47873283
   -958.50207648
   -958.44923311
   -958.50729634
   -958.50048077
   -958.52102622
   -958.49658202
   -958.49911327
   -958.53305463
   -958.48824936
   -958.52117753
   -958.52413968
   -958.46492090
   -958.51275354
   -958.49063038
   -958.49609074
   -958.51234340
   -958.49695448
   -958.51574858
   -958.50495417
   -958.46063414
   -958.47085175
   -958.40148261
   -958.46942812
   -958.48868464
   -958.45013333
   -958.50202587
   -958.47676736
   -958.50379796
   -958.48119850
   -958.48679359
   -958.43710051
   -958.39874073
   -958.49507605
   -958.47278251
   -958.48255723
   -958.50985357
   -958.52371857
   -958.53062281
   -958.51880698
   -958.51881234
   -958.49164956
   -958.49600636
   -958.49981619
   -958.51019148
   -958.47403150
   -958.45265481
   -958.50607698
   -958.49879558
   -958.38808739
   -958.49596340
   -958.45935631
   -958.49764051
   -958.51300932
   -958.48836461
   -958.46100113
   -958.48569520
   -958.48820390
   -958.50997915
   -958.42959305
   -958.45084019
   -958.49426401
   -958.48917970
   -958.46337266
   -958.48470058
   -958.45268459
   -958.50609211
   -958.51650229
   -958.39938510
   -958.49821066
   -958.49001405
   -958.47799074
   -958.51428579
   -958.53207175
   -958.49060797
   -958.49692453
   -958.49919477
   -958.47876270
   -958.48662977
   -958.36018220
   -958.47446017
   -958.51537794
   -958.51118816
   -958.51276636
   -958.52756725
   -958.50906535
   -958.48226143
   -958.48322781
   -958.48037615
   -958.48855845
   -958.39472823
   -958.50355633
   -958.51676090
   -958.50873787
   -958.48952033
   -958.50115317
   -958.49646763
   -958.44387259
   -958.47809284
   -958.48052498
   -958.46490727
   -958.45569915
   -958.49616803
   -958.49066241
   -958.51224785
   -958.51156046
   -958.50701441
   -958.50268972
   -958.48563088
   -958.52753340
   -958.42689354
   -958.40735300
   -958.48861341
   -958.50757766
   -958.49778144
   -958.49889327
   -958.44294082
   -958.49838545
   -958.41412265
   -958.38417753
   -958.48327453
   -958.50670315
   -958.50414941
   -958.46177898
   -958.48902513
   -958.52517346
   -958.49542693
   -958.41767744
   -958.48302822
   -958.49409959
   -958.50969906
   -958.51123266
   -958.47137211
   -958.48186427
   -958.51124326
   -958.46871556
   -958.45925252
   -958.51765776
   -958.52772317
   -958.50647045
   -958.48215294
   -958.49699734
   -958.50652050
   -958.47788545
   -958.47411269
   -958.50061095
   -958.50457815
   -958.51406122
   -958.48514687
   -958.45115937
   -958.47162476
   -958.50536569
   -958.50142476
   -958.48080619
   -958.48613684
   -958.50380079
   -958.45228327
   -958.49631228
   -958.49498373
   -958.48018956
   -958.50949015
   -958.50013799
   -958.49426203
   -958.50064633
   -958.49619902
   -958.51064675
   -958.49460569
   -958.49286758
   -958.51248646
   -958.45881902
   -958.51119929
   -958.50744163
   -958.48348632
   -958.51378438
   -958.48587149
   -958.47074969
   -958.41149433
   -958.49556912
   -958.50456833
   -958.50717695
   -958.51475911
   -958.48661960
   -958.50672088
   -958.49766949
   -958.50007523
   -958.49140864
   -958.50979057
   -958.51611386
   -958.49883213
   -958.47387822
   -958.50786115
   -958.47316996
   -958.49391989
   -958.39434093
   -958.42334857
   -958.49917293
   -958.39818503
   -958.49661598
   -958.47697985
   -958.53327865
   -958.49030308
   -958.50104798
   -958.51883935
   -958.52194850
   -958.37043398
   -958.50524615
   -958.47472745
   -958.52092056
   -958.51382205
   -958.49769045
   -958.50596007
   -958.48992939
   -958.39411690
   -958.50990229
   -958.51661375
   -958.50583665
   -958.42919853
   -958.43905500
   -958.48496946
   -958.39409180
   -958.50659856
   -958.52427022
   -958.46872009
   -958.46256492
   -958.50667868
   -958.51117389
   -958.46348851
   -958.53075621
   -958.48258984
   -958.42289282
   -958.45351428
   -958.43948384
   -958.51932030
   -958.49138089
   -958.49788697
   -958.50871868
   -958.49804376
   -958.49870783
   -958.50661959
   -958.51248381
   -958.53177379
   -958.46670785
   -958.49305757
   -958.47394782
   -958.40693128
   -958.51522869
   -958.50468211
   -958.54595802
   -958.46819503
   -958.51391991
   -958.48843106
   -958.48142229
   -958.49497790
   -958.39743702
   -958.49983696
   -958.50566783
   -958.50151219
   -958.53530888
   -958.47400317
   -958.46437693
   -958.49020750
   -958.47393982
   -958.50863611
   -958.51063893
   -958.49487264
   -958.49360446
   -958.41577681
   -958.48598013
   -958.48420563
   -958.39702301
   -958.47082617
   -958.52665440
   -958.51657985
   -958.48086781
   -958.44048222
   -958.46467778
   -958.50279076
   -958.50750286
   -958.50988187
   -958.49770465
   -958.49184860
   -958.49327305
   -958.50214478
   -958.46075475
   -958.48318911
   -958.49570094
   -958.46761964
   -958.50821226
   -958.41421721
   -958.50356092
   -958.47607317
   -958.50551258
   -958.48336645
   -958.42388756
   -958.47479845
   -958.51574787
   -958.50462478
   -958.51510477
   -958.48856556
   -958.52724280
   -958.48772764
   -958.53338923
   -958.48370560
   -958.50458958
   -958.52659353
   -958.50214181
   -958.49057869
   -958.42752348
   -958.39246641
   -958.48725912
   -958.48684755
   -958.47619033
   -958.48694527
   -958.52371777
   -958.50330211
   -958.50079293
   -958.47277732
   -958.44735225
   -958.50856964
   -958.48144249
   -958.47204314
   -958.38900628
   -958.51541011
   -958.46303195
   -958.41593292
   -958.45274677
   -958.48886515
   -958.52725930
   -958.52706147
   -958.44464653
   -958.49129928
   -958.49994674
   -958.51750585
   -958.45524330
   -958.50239891
   -958.49869717
   -958.48400607
   -958.50124189
   -958.43707442
   -958.50479090
   -958.47658740
   -958.44355190
   -958.50640168
   -958.51379051
   -958.50290757
   -958.50555997
   -958.49982924
   -958.45028387
   -958.52200592
   -958.48275767
   -958.49720239
   -958.52018786
   -958.50429207
   -958.51867264
   -958.43466955
   -958.47822213
   -958.40292337
   -958.49070974
   -958.50311158
   -958.51095107
   -958.46416940
   -958.48829826
   -958.38821242
   -958.46785907
   -958.48982838
   -958.52310364
   -958.49525288
   -958.43561921
   -958.49154854
   -958.48063151
   -958.52122458
   -958.47855001
   -958.48665733
   -958.51637128
   -958.53077859
   -958.48789846
   -958.50760112
   -958.53856237
   -958.51882061
   -958.48840663
   -958.50175508
   -958.50626116
   -958.50964914
   -958.49729539
   -958.48618127
   -958.44693998
   -958.51315455
   -958.51227258
   -958.50083671
   -958.50293856
   -958.44891141
   -958.51240160
   -958.47117420
   -958.49412401
   -958.49262564
   -958.48846898
   -958.50894609
   -958.52067252
   -958.46835683
   -958.51395425
   -958.49451994
   -958.48759690
   -958.38283639
   -958.52272089
   -958.51591871
   -958.49368096
   -958.51961013
   -958.49588302
   -958.51350392
   -958.48993029
   -958.50112585
   -958.50336594
   -958.41847555
   -958.53749274
   -958.42461290
   -958.50303052
   -958.49969213
   -958.49537240
   -958.47142685
   -958.48247971
   -958.52356637
   -958.48270763
   -958.49041596
   -958.44799281
   -958.46096393
   -958.50547512
   -958.47413479
   -958.48687625
   -958.51115983
   -958.50220849
   -958.51082292
   -958.50533046
   -958.53506892
   -958.50937837
   -958.47557905
   -958.42879557
   -958.47808777
   -958.39091694
   -958.50334113
   -958.40992716
   -958.50889735
   -958.51327051
   -958.48328034
   -958.50930766
   -958.53214835
   -958.49675223
   -958.50840446
   -958.51236836
   -958.46785296
   -958.41088835
   -958.53960966
   -958.47220744
   -958.48690615
   -958.49580130
   -958.47459812
   -958.48644597
   -958.50507698
   -958.51785889
   -958.48483102
   -958.50511083
   -958.37948892
   -958.45836995
   -958.49189903
   -958.49656741
   -958.48553282
   -958.52269924
   -958.49033830
   -958.45948814
   -958.50690154
   -958.45201587
   -958.41290004
   -958.50472672
   -958.42366904
   -958.50079601
   -958.48998096
   -958.47316039
   -958.48718857
   -958.47577643
   -958.38663276
   -958.50968719
   -958.50629055
   -958.47466957
   -958.50346295
   -958.51135030
   -958.50755623
   -958.50158191
   -958.45618194
   -958.52431005
   -958.48833903
   -958.48339274
   -958.48326798
   -958.50022717
   -958.50940110
   -958.49813644
   -958.39508446
   -958.48784420
   -958.50728396
   -958.50301561
   -958.53063633
   -958.53648275
   -958.46739350
   -958.48486925
   -958.44477078
   -958.49190759
   -958.50745019
   -958.52912084
   -958.50252031
   -958.52697077
   -958.51208714
   -958.47092992
   -958.45985928
   -958.46870212
   -958.49363075
   -958.52666397
   -958.49248456
   -958.49014767
   -958.48293942
   -958.44895427
   -958.49541970
   -958.45952583
   -958.52165184
   -958.51364760
   -958.49915837
   -958.48614075
   -958.50107022
   -958.52076896
   -958.50523857
   -958.48913860
   -958.50905377
   -958.49285996
   -958.49657762
   -958.48924354
   -958.45163166
   -958.51772835
   -958.51347423
   -958.50283277
   -958.43930504
   -958.50327184
   -958.50582561
   -958.42774801
   -958.49712679
   -958.50343176
   -958.48124440
   -958.47471820
   -958.51220780
   -958.48312188
   -958.48316578
   -958.51553417
   -958.49276978
   -958.51529728
   -958.41783638
   -958.47908084
   -958.39359589
   -958.43108219
   -958.45809381
   -958.45955232
   -958.52146119
   -958.47726939
   -958.50672356
   -958.50895457
   -958.50774891
   -958.49177584
   -958.51785555
   -958.49307064
   -958.49748436
   -958.51225606
   -958.51646424
   -958.43434123
   -958.50116313
   -958.41192658
   -958.48342708
   -958.50373506
   -958.49622135
   -958.42203980
   -958.50399569
   -958.51836750
   -958.46244544
   -958.38531772
   -958.40319832
   -958.48103499
   -958.41099689
   -958.52020046
   -958.45105466
   -958.50246186
   -958.49404913
   -958.46598786
   -958.49585091
   -958.50592149
   -958.50190331
   -958.49869612
   -958.50579056
   -958.47904139
   -958.49599397
   -958.51346531
   -958.49611035
   -958.45178152
   -958.41977449
   -958.51297853
   -958.44840304
   -958.50514514
   -958.44276012
   -958.48793189
   -958.47967343
   -958.49949473
   -958.53921094
   -958.50390412
   -958.49793896
   -958.50629625
   -958.49601678
   -958.48582069
   -958.50617514
   -958.41872984
   -958.48065941
   -958.43189513
   -958.39996274
   -958.50054935
   -958.48947061
   -958.52296076
   -958.46629220
   -958.43032742
   -958.48878447
   -958.52958262
   -958.48412097
   -958.48279393
   -958.47917341
   -958.48451866
   -958.51754128
   -958.50982955
   -958.51089584
   -958.40959532
   -958.45583859
   -958.48873070
   -958.47445040
   -958.47595811
   -958.48065226
   -958.48889313
   -958.49342077
   -958.50512664
   -958.50847407
   -958.43242882
   -958.49610968
   -958.49422986
   -958.47679123
   -958.50224127
   -958.48459796
   -958.51769890
   -958.51334689
   -958.50859277
   -958.50086873
   -958.42007767
   -958.50723581
   -958.51362322
   -958.50826091
   -958.45882731
   -958.51716734
   -958.46997208
   -958.47976545
   -958.51604943
   -958.47373639
   -958.51230605
   -958.44850602
   -958.47167963
   -958.49732776
   -958.47680139
   -958.48214009
   -958.47663305
   -958.49716925
   -958.46352382
   -958.49159433
   -958.49342504
   -958.47866373
   -958.45220502
   -958.48830340
   -958.49521213
   -958.49943122
   -958.44521373
   -958.48498490
   -958.48612478
   -958.50703722
   -958.51341723
   -958.46217414
   -958.48460594
   -958.39266744
   -958.46500705
   -958.52352592
   -958.46346578
   -958.47448081
   -958.43128351
   -958.53128041
   -958.51325336
   -958.48886708
   -958.39332460
   -958.38699055
   -958.48330402
   -958.50633252
   -958.46131104
   -958.45611395
   -958.51204879
   -958.51533249
   -958.40484882
   -958.51874209
   -958.49639316
   -958.48475678
