   -0.13385765
    0.26844936
   -0.46322858
   -0.10214381
    0.01763745
    0.10205108
   -0.31959663
    0.08250659
    0.00832376
   -0.03224593
   -0.03032995
   -0.03406633
   -0.02995942
   -0.04036666
   -0.06862142
   -0.05965634
   -0.07023331
   -0.01898837
    0.26310538
   -0.46530989
   -0.07068515
   -0.06346125
   -0.05085861
    0.06965412
    0.05391413
    0.05703965
    0.06184085
    0.05419853
    0.05185012
    0.02215358
    0.04996562
    0.02984689
    0.02852350
    0.03003916
    0.02922782
    0.04519357
    0.05390271
    0.03211333
    0.04061132
    0.03976833
    0.04227087
    0.06589147
    0.06062627
    0.04467174
    0.09420340
    0.06356704
    0.08715322
    0.04895987
    0.05434858
