           1           2  0.98596526319970834     
           2           3   1.6492306122498019     
           2           4   1.2485336154952940     
           3           4  0.18830725941203341     
           4           5  0.98488476122227919     
           5           6  0.95132712718511814     
           6           7  0.98300382659344288     
           7           8  0.97854114783639856     
           8           9   1.0042866592560624     
           9          10   1.4171935324513316     
          10          11   1.4399886123505257     
           9          12  0.10947433939431289     
          11          12   1.4432882378181007     
          10          13  0.11008509339794842     
          12          13   1.4325453873927851     
           9          14   1.4068326732238956     
          11          14  0.11196478657897295     
          13          14   1.4520081725331111     
           6          15  0.98733606485610514     
          15          16   1.0086059605966515     
           5          17  0.97880597634204292     
          16          17   1.0056041709913954     
           4          18  0.98085156813618735     
          18          19  0.94444809497407756     
          19          20   1.6348876703441468     
          19          21   1.2911524190245136     
          20          21  0.20131351329014768     
          21          22  0.99653142061584132     
          21          23  0.99539665029507951     
           1          24  0.98220376770914219     
           1          25  0.96918926401754013     
           1          26  0.96554314759344817     
           5          27  0.95818173107346882     
           6          28  0.94953577905101194     
           8          29  0.94757839380626452     
           8          30  0.95686157271531147     
          10          31  0.96681188113681493     
          11          32  0.97114407661765723     
          12          33  0.97162071430785468     
          13          34  0.97118892869365570     
          14          35  0.96982450260260844     
          15          36  0.97816829346636736     
          15          37  0.97555509796600137     
          16          38  0.97701662611852813     
          16          39  0.97869374543132182     
          17          40  0.97812622218881418     
          17          41  0.98075498077224998     
          18          42  0.95610066224085100     
          18          43  0.96367321206345768     
          22          44  0.96291318867132825     
          22          45  0.98119867064587973     
          22          46  0.97696518264872567     
          23          47  0.97282995210210255     
          23          48  0.97789901392320422     
          23          49  0.97571065341177232     
