% The following energies apply to conformations described by the topology 
% R21.top.  Structures are given in trajectory coords.cdf, count: 2696.

% Item 0:
%   Energy -> orca_structures/coor*/Conf*.out
  -1225.19354722
  -1225.20565446
  -1225.22936241
  -1225.20681803
  -1225.20880536
  -1225.21780459
  -1225.19226644
  -1225.23540057
  -1225.19467484
  -1225.20071028
  -1225.19882329
  -1225.18455449
  -1225.23188372
  -1225.20564470
  -1225.15535686
  -1225.19936523
  -1225.16754212
  -1225.22433085
  -1225.22505405
  -1225.24733382
  -1225.19305443
  -1225.22218496
  -1225.24231353
  -1225.20116278
  -1225.23142356
  -1225.22215708
  -1225.22715392
  -1225.14554069
  -1225.20842178
  -1225.20055567
  -1225.21799940
  -1225.20294407
  -1225.21681923
  -1225.22200135
  -1225.20044991
  -1225.23891618
  -1225.20442930
  -1225.23544639
  -1225.18764079
  -1225.21053556
  -1225.22197927
  -1225.20533115
  -1225.21530080
  -1225.20638612
  -1225.18647980
  -1225.22745207
  -1225.17629102
  -1225.18990567
  -1225.18922539
  -1225.18809046
  -1225.22185809
  -1225.24066781
  -1225.19410682
  -1225.25171941
  -1225.20003153
  -1225.20204957
  -1225.20966358
  -1225.17931068
  -1225.22250521
  -1225.19933687
  -1225.17669487
  -1225.19001719
  -1225.22435562
  -1225.18820894
  -1225.19967663
  -1225.23367474
  -1225.20783225
  -1225.17698241
  -1225.22081215
  -1225.19141276
  -1225.21297967
  -1225.21563205
  -1225.19424738
  -1225.19410191
  -1225.18866841
  -1225.20721858
  -1225.17808497
  -1225.22879529
  -1225.23087118
  -1225.21746190
  -1225.17870738
  -1225.20578058
  -1225.21210732
  -1225.22388847
  -1225.22412451
  -1225.21548619
  -1225.17958557
  -1225.21898173
  -1225.19639860
  -1225.21337811
  -1225.18450683
  -1225.21302314
  -1225.21300511
  -1225.20101074
  -1225.21848144
  -1225.21499676
  -1225.23166076
  -1225.19645021
  -1225.24077705
  -1225.19992524
  -1225.20631563
  -1225.20203082
  -1225.25206071
  -1225.21398253
  -1225.22202020
  -1225.16987115
  -1225.22133884
  -1225.22797813
  -1225.21110581
  -1225.20472836
  -1225.22873050
  -1225.20689748
  -1225.20553133
  -1225.22360371
  -1225.20412711
  -1225.22614598
  -1225.22066963
  -1225.15364237
  -1225.19270631
  -1225.16801648
  -1225.18777050
  -1225.21953887
  -1225.21783647
  -1225.19451977
  -1225.22942181
  -1225.21306560
  -1225.23094456
  -1225.20574176
  -1225.21132600
  -1225.21552688
  -1225.20564174
  -1225.19652656
  -1225.19299899
  -1225.22729288
  -1225.21040910
  -1225.22858489
  -1225.20591530
  -1225.19497002
  -1225.22108932
  -1225.22048085
  -1225.24109850
  -1225.21565782
  -1225.19822461
  -1225.20720986
  -1225.18888977
  -1225.23212560
  -1225.20075666
  -1225.21257880
  -1225.21035194
  -1225.19872247
  -1225.22161182
  -1225.22308179
  -1225.24418443
  -1225.21748876
  -1225.18039789
  -1225.21971675
  -1225.21928002
  -1225.22376838
  -1225.16675626
  -1225.21361721
  -1225.21882487
  -1225.22450159
  -1225.18842699
  -1225.22372940
  -1225.18239779
  -1225.18729659
  -1225.21051126
  -1225.20853932
  -1225.24413122
  -1225.22930010
  -1225.17288550
  -1225.24900965
  -1225.23241151
  -1225.18180986
  -1225.21153543
  -1225.19443351
  -1225.19825490
  -1225.19980056
  -1225.22228750
  -1225.20755685
  -1225.19788945
  -1225.21585954
  -1225.23045913
  -1225.19120632
  -1225.19848154
  -1225.16218662
  -1225.20457958
  -1225.22238653
  -1225.18790482
  -1225.19534384
  -1225.22599175
  -1225.19786879
  -1225.23607218
  -1225.21680344
  -1225.22794241
  -1225.21317716
  -1225.16359654
  -1225.23105365
  -1225.19312333
  -1225.18624713
  -1225.19912731
  -1225.17648086
  -1225.21095520
  -1225.23778510
  -1225.15887151
  -1225.22080414
  -1225.20670974
  -1225.20841821
  -1225.21954454
  -1225.14568649
  -1225.21764808
  -1225.15857589
  -1225.21897756
  -1225.21692636
  -1225.21136614
  -1225.20270531
  -1225.19573588
  -1225.21768072
  -1225.20731997
  -1225.21852009
  -1225.21113274
  -1225.21342709
  -1225.22167978
  -1225.23177379
  -1225.19044500
  -1225.25113750
  -1225.20280544
  -1225.22808161
  -1225.23430744
  -1225.20170591
  -1225.22043918
  -1225.19841034
  -1225.21082790
  -1225.22093990
  -1225.19737661
  -1225.20961632
  -1225.18564813
  -1225.21998817
  -1225.19055130
  -1225.21814538
  -1225.20553034
  -1225.21693007
  -1225.21763860
  -1225.18508824
  -1225.20691025
  -1225.20250142
  -1225.21109809
  -1225.20185147
  -1225.23212627
  -1225.20402853
  -1225.22805306
  -1225.23229334
  -1225.21797797
  -1225.21222425
  -1225.19672195
  -1225.21613304
  -1225.22658334
  -1225.23001252
  -1225.19254796
  -1225.19679293
  -1225.18198419
  -1225.19351109
  -1225.18879654
  -1225.21795594
  -1225.19427787
  -1225.21058347
  -1225.22865231
  -1225.19979561
  -1225.14684698
  -1225.20084398
  -1225.22154902
  -1225.22053731
  -1225.23530767
  -1225.17837934
  -1225.23631701
  -1225.22334811
  -1225.23363099
  -1225.22584523
  -1225.22807906
  -1225.21381887
  -1225.18407593
  -1225.21800829
  -1225.19704915
  -1225.19688991
  -1225.22859972
  -1225.24272281
  -1225.21007491
  -1225.22430124
  -1225.21849498
  -1225.22862271
  -1225.21260718
  -1225.21673725
  -1225.21008988
  -1225.19868356
  -1225.18427926
  -1225.20414191
  -1225.20681863
  -1225.16558304
  -1225.22660819
  -1225.20071728
  -1225.20508812
  -1225.22226361
  -1225.23400705
  -1225.21302694
  -1225.22230118
  -1225.22160571
  -1225.22036367
  -1225.18836044
  -1225.22022957
  -1225.22047251
  -1225.22470160
  -1225.18126988
  -1225.21065816
  -1225.19736895
  -1225.21720590
  -1225.21606090
  -1225.20867071
  -1225.22048800
  -1225.22878630
  -1225.18111846
  -1225.21384704
  -1225.18358338
  -1225.22312008
  -1225.20054983
  -1225.21643944
  -1225.20633763
  -1225.22742266
  -1225.20360859
  -1225.20504295
  -1225.19815599
  -1225.22573128
  -1225.21874141
  -1225.22595958
  -1225.21915459
  -1225.21774158
  -1225.22470228
  -1225.21853871
  -1225.25472802
  -1225.20833306
  -1225.20988853
  -1225.23062309
  -1225.20599000
  -1225.22380335
  -1225.23329749
  -1225.21734722
  -1225.21955567
  -1225.19692815
  -1225.21588122
  -1225.18466501
  -1225.19703259
  -1225.20618372
  -1225.23844393
  -1225.22769597
  -1225.17862039
  -1225.19296768
  -1225.18683980
  -1225.24053566
  -1225.23302963
  -1225.21005072
  -1225.20814245
  -1225.23986132
  -1225.23046643
  -1225.19479147
  -1225.22094010
  -1225.23340848
  -1225.20555663
  -1225.22456049
  -1225.21569235
  -1225.20648315
  -1225.21127165
  -1225.16131571
  -1225.23145355
  -1225.21898216
  -1225.21565072
  -1225.21159409
  -1225.22220324
  -1225.19713083
  -1225.20361355
  -1225.14849244
  -1225.23681039
  -1225.20246251
  -1225.22958390
  -1225.17390899
  -1225.21419598
  -1225.20978870
  -1225.24256038
  -1225.23635533
  -1225.20693075
  -1225.22245980
  -1225.21203344
  -1225.21559559
  -1225.25802990
  -1225.22513540
  -1225.17867774
  -1225.22941070
  -1225.21994033
  -1225.18589361
  -1225.13928252
  -1225.23181418
  -1225.22577592
  -1225.22707855
  -1225.22130055
  -1225.21817805
  -1225.22697952
  -1225.22481194
  -1225.24370178
  -1225.21038282
  -1225.24644971
  -1225.20251464
  -1225.19935107
  -1225.16875929
  -1225.21680901
  -1225.19375719
  -1225.13544437
  -1225.19397015
  -1225.23758918
  -1225.21866411
  -1225.18355506
  -1225.22264922
  -1225.20324521
  -1225.21213352
  -1225.24127896
  -1225.20853662
  -1225.20297568
  -1225.19473117
  -1225.18856052
  -1225.19688710
  -1225.23675023
  -1225.22115069
  -1225.18949129
  -1225.21760504
  -1225.22389314
  -1225.19651382
  -1225.23620688
  -1225.23966577
  -1225.21784280
  -1225.15188785
  -1225.21175605
  -1225.21828266
  -1225.19460130
  -1225.21816119
  -1225.22293838
  -1225.20516686
  -1225.23803732
  -1225.21046695
  -1225.21264711
  -1225.21944709
  -1225.22611226
  -1225.20212815
  -1225.20251754
  -1225.19558371
  -1225.22710145
  -1225.21001287
  -1225.20541776
  -1225.17521896
  -1225.24100909
  -1225.21180288
  -1225.24145091
  -1225.19667143
  -1225.21468612
  -1225.20168130
  -1225.21817308
  -1225.20195987
  -1225.21722641
  -1225.23289610
  -1225.23591222
  -1225.21980323
  -1225.16991324
  -1225.20432036
  -1225.20767948
  -1225.21832879
  -1225.23224243
  -1225.22485684
  -1225.18685445
  -1225.21282156
  -1225.23009133
  -1225.20837444
  -1225.21294257
  -1225.23164945
  -1225.17703541
  -1225.19432477
  -1225.23073039
  -1225.21003715
  -1225.21279354
  -1225.21398851
  -1225.20409800
  -1225.18029357
  -1225.20000707
  -1225.20366650
  -1225.20847803
  -1225.21178742
  -1225.19709360
  -1225.21993061
  -1225.19998000
  -1225.22156466
  -1225.21313039
  -1225.19871786
  -1225.17166138
  -1225.23363717
  -1225.18464506
  -1225.18448012
  -1225.23759926
  -1225.22446467
  -1225.23361057
  -1225.22001115
  -1225.22931085
  -1225.20723153
  -1225.19987493
  -1225.22017450
  -1225.22765143
  -1225.20654802
  -1225.23104540
  -1225.21854239
  -1225.20227002
  -1225.20282957
  -1225.22151688
  -1225.23633765
  -1225.21295401
  -1225.20556013
  -1225.18773855
  -1225.20966881
  -1225.22482294
  -1225.13659433
  -1225.23204256
  -1225.21289571
  -1225.18916272
  -1225.16689430
  -1225.20234025
  -1225.20507622
  -1225.21919627
  -1225.22012741
  -1225.21364197
  -1225.18878354
  -1225.21247270
  -1225.20974864
  -1225.23566302
  -1225.20366983
  -1225.18792225
  -1225.21616935
  -1225.19671856
  -1225.24017616
  -1225.19007810
  -1225.18790973
  -1225.17742587
  -1225.21999000
  -1225.21550237
  -1225.19140431
  -1225.21755341
  -1225.19944646
  -1225.17683240
  -1225.19430616
  -1225.24366781
  -1225.16426802
  -1225.24400489
  -1225.21322510
  -1225.22319539
  -1225.21317069
  -1225.21356708
  -1225.20281696
  -1225.22361423
  -1225.20586489
  -1225.20934962
  -1225.23772150
  -1225.21403884
  -1225.17492795
  -1225.21323156
  -1225.22554797
  -1225.16027041
  -1225.20717017
  -1225.18354868
  -1225.19337983
  -1225.21091628
  -1225.15343198
  -1225.22733549
  -1225.18531270
  -1225.22883321
  -1225.20797148
  -1225.20688039
  -1225.21383333
  -1225.21346499
  -1225.19994442
  -1225.19838868
  -1225.20037862
  -1225.21485232
  -1225.23388227
  -1225.20715315
  -1225.16904691
  -1225.20340821
  -1225.21873526
  -1225.20151278
  -1225.18359929
  -1225.22306308
  -1225.24513802
  -1225.24502029
  -1225.20858582
  -1225.18111311
  -1225.15821920
  -1225.19705286
  -1225.15571150
  -1225.17607309
  -1225.16068190
  -1225.15811780
  -1225.22833049
  -1225.23082127
  -1225.24134599
  -1225.23608463
  -1225.21983776
  -1225.22393478
  -1225.18473525
  -1225.23934109
  -1225.21505481
  -1225.17131406
  -1225.21191210
  -1225.22752403
  -1225.21874451
  -1225.18700991
  -1225.21732480
  -1225.18578395
  -1225.18840521
  -1225.21689351
  -1225.22026042
  -1225.23852929
  -1225.21004188
  -1225.15695547
  -1225.23062570
  -1225.20869083
  -1225.21086203
  -1225.24625654
  -1225.22277656
  -1225.21858120
  -1225.24685477
  -1225.22723348
  -1225.22473375
  -1225.19163537
  -1225.21625189
  -1225.22018526
  -1225.18959002
  -1225.22619115
  -1225.22258227
  -1225.19741171
  -1225.20962658
  -1225.22310086
  -1225.22495540
  -1225.24785879
  -1225.24497230
  -1225.19908506
  -1225.22726820
  -1225.18941002
  -1225.13036881
  -1225.20144719
  -1225.23069735
  -1225.20005721
  -1225.23391162
  -1225.20562305
  -1225.21474930
  -1225.20370098
  -1225.22341067
  -1225.22845646
  -1225.19289835
  -1225.20538227
  -1225.18511165
  -1225.19105194
  -1225.20262410
  -1225.17409317
  -1225.21444497
  -1225.21875774
  -1225.23043957
  -1225.20522944
  -1225.19327143
  -1225.23449260
  -1225.22065814
  -1225.19976064
  -1225.16522529
  -1225.22434412
  -1225.21684563
  -1225.16021656
  -1225.21557341
  -1225.21666488
  -1225.21446597
  -1225.23571632
  -1225.23930468
  -1225.18510377
  -1225.22373879
  -1225.21445757
  -1225.22043177
  -1225.23836542
  -1225.23890150
  -1225.21019968
  -1225.18261646
  -1225.22074411
  -1225.18823243
  -1225.17386810
  -1225.22145318
  -1225.19136637
  -1225.19877470
  -1225.20829688
  -1225.21736525
  -1225.17286570
  -1225.22055258
  -1225.19923555
  -1225.24808272
  -1225.20422607
  -1225.23623619
  -1225.22647743
  -1225.22325531
  -1225.20814581
  -1225.21353037
  -1225.20713402
  -1225.18983249
  -1225.22429588
  -1225.21180324
  -1225.21297598
  -1225.22678984
  -1225.20468752
  -1225.16024676
  -1225.23665992
  -1225.21595052
  -1225.22136732
  -1225.19449493
  -1225.20454614
  -1225.19730798
  -1225.19612553
  -1225.21127712
  -1225.21660878
  -1225.19794286
  -1225.24081407
  -1225.15701661
  -1225.22776886
  -1225.19334478
  -1225.21672846
  -1225.19269981
  -1225.20471784
  -1225.21496833
  -1225.22312372
  -1225.17472252
  -1225.19043446
  -1225.23989576
  -1225.15433089
  -1225.11713507
  -1225.20429188
  -1225.22804247
  -1225.22457990
  -1225.20193533
  -1225.21800662
  -1225.22844391
  -1225.24050707
  -1225.20729165
  -1225.22211849
  -1225.18262787
  -1225.21289148
  -1225.18820000
  -1225.21376344
  -1225.22622719
  -1225.23933602
  -1225.22045961
  -1225.22871495
  -1225.21957545
  -1225.22546273
  -1225.17964387
  -1225.21910454
  -1225.23765828
  -1225.18334819
  -1225.20683182
  -1225.20597290
  -1225.22177442
  -1225.19421168
  -1225.21299024
  -1225.19869729
  -1225.23744091
  -1225.21894989
  -1225.22752884
  -1225.22151846
  -1225.21428093
  -1225.21746548
  -1225.21350894
  -1225.20192502
  -1225.21915107
  -1225.21593714
  -1225.22076642
  -1225.22959204
  -1225.18881737
  -1225.23695149
  -1225.19589803
  -1225.19667965
  -1225.22172822
  -1225.20870084
  -1225.19356802
  -1225.19674697
  -1225.22576011
  -1225.19673715
  -1225.21229423
  -1225.20876514
  -1225.22215574
  -1225.21240564
  -1225.22220693
  -1225.18156708
  -1225.22897018
  -1225.20334328
  -1225.19881282
  -1225.21517322
  -1225.22465599
  -1225.20994404
  -1225.22110019
  -1225.23660331
  -1225.19629771
  -1225.20801988
  -1225.22216161
  -1225.20295089
  -1225.21110406
  -1225.21855246
  -1225.22591990
  -1225.20337364
  -1225.21265167
  -1225.21618724
  -1225.20463534
  -1225.20949574
  -1225.21404310
  -1225.17137954
  -1225.24637217
  -1225.20898458
  -1225.19544152
  -1225.23476316
  -1225.20421474
  -1225.17561580
  -1225.22541883
  -1225.23387390
  -1225.21728839
  -1225.22522433
  -1225.21547341
  -1225.21586800
  -1225.18138492
  -1225.21128718
  -1225.21611006
  -1225.21214964
  -1225.19658773
  -1225.21136948
  -1225.20566343
  -1225.15081416
  -1225.23075520
  -1225.21691035
  -1225.22300350
  -1225.19969615
  -1225.21520953
  -1225.19105526
  -1225.22106876
  -1225.20701264
  -1225.20528937
  -1225.23591949
  -1225.21497975
  -1225.23204769
  -1225.19160961
  -1225.17855349
  -1225.22907563
  -1225.22112599
  -1225.22453554
  -1225.22686579
  -1225.22258564
  -1225.21523211
  -1225.25063347
  -1225.21777249
  -1225.19928329
  -1225.19804077
  -1225.19860233
  -1225.21497957
  -1225.21297634
  -1225.20270669
  -1225.20048640
  -1225.24169775
  -1225.21988612
  -1225.22115151
  -1225.18755314
  -1225.18784941
  -1225.19114700
  -1225.21298460
  -1225.22244292
  -1225.21648073
  -1225.22599260
  -1225.22237443
  -1225.18712692
  -1225.18280966
  -1225.22346333
  -1225.23925843
  -1225.18233340
  -1225.24035584
  -1225.22318336
  -1225.15246242
  -1225.21768675
  -1225.19665556
  -1225.22750258
  -1225.22873894
  -1225.21776481
  -1225.22663780
  -1225.21084860
  -1225.20344087
  -1225.21848248
  -1225.21628096
  -1225.17809669
  -1225.23121326
  -1225.21348290
  -1225.21255735
  -1225.21492920
  -1225.24268183
  -1225.20807779
  -1225.22972172
  -1225.20749217
  -1225.21931386
  -1225.19998387
  -1225.23432566
  -1225.23564211
  -1225.19915449
  -1225.20542586
  -1225.19668534
  -1225.20354776
  -1225.21636022
  -1225.20854220
  -1225.21027238
  -1225.21708727
  -1225.21548250
  -1225.18002087
  -1225.20945728
  -1225.21914280
  -1225.22070534
  -1225.19195509
  -1225.23866101
  -1225.20162467
  -1225.22088567
  -1225.22929906
  -1225.22765117
  -1225.21792510
  -1225.21139531
  -1225.20021398
  -1225.21741404
  -1225.20041418
  -1225.20269535
  -1225.23930134
  -1225.22967202
  -1225.23726717
  -1225.21088668
  -1225.21672084
  -1225.22621542
  -1225.22222044
  -1225.23047179
  -1225.21972777
  -1225.21811393
  -1225.22320143
  -1225.21828287
  -1225.23347763
  -1225.21233377
  -1225.20846448
  -1225.22862665
  -1225.22378366
  -1225.21924930
  -1225.21490751
  -1225.22477338
  -1225.22713803
  -1225.21644415
  -1225.20445936
  -1225.20958840
  -1225.23000326
  -1225.22247771
  -1225.19217399
  -1225.21884577
  -1225.22319468
  -1225.21090191
  -1225.21660573
  -1225.20758026
  -1225.18253514
  -1225.22671405
  -1225.22801504
  -1225.21374787
  -1225.18505719
  -1225.19052061
  -1225.20769539
  -1225.22923272
  -1225.19333509
  -1225.23673059
  -1225.18753652
  -1225.21765711
  -1225.19534489
  -1225.20603296
  -1225.21739701
  -1225.17457255
  -1225.22368464
  -1225.25499872
  -1225.21262197
  -1225.23132741
  -1225.19563417
  -1225.23533728
  -1225.19292425
  -1225.18030914
  -1225.23814483
  -1225.22685247
  -1225.24010905
  -1225.25011401
  -1225.18364863
  -1225.18864900
  -1225.20296809
  -1225.22966484
  -1225.19444631
  -1225.21167261
  -1225.23454155
  -1225.15302633
  -1225.18066949
  -1225.18571881
  -1225.17041758
  -1225.25707977
  -1225.23204261
  -1225.22379693
  -1225.21117921
  -1225.20223585
  -1225.22103993
  -1225.22106700
  -1225.20232997
  -1225.21294577
  -1225.18622579
  -1225.20553183
  -1225.22055340
  -1225.23329195
  -1225.22780081
  -1225.19786821
  -1225.21747678
  -1225.21129895
  -1225.20551517
  -1225.24207308
  -1225.21590284
  -1225.21390510
  -1225.21133515
  -1225.23232625
  -1225.23005633
  -1225.20240436
  -1225.21063802
  -1225.21373538
  -1225.22912039
  -1225.21826475
  -1225.21672898
  -1225.20582566
  -1225.13066691
  -1225.19168271
  -1225.21669448
  -1225.19435094
  -1225.22585754
  -1225.20111703
  -1225.22137542
  -1225.21153983
  -1225.22563591
  -1225.22407630
  -1225.18887774
  -1225.20600194
  -1225.17678914
  -1225.22964131
  -1225.16665281
  -1225.17645579
  -1225.18807252
  -1225.18560475
  -1225.18476322
  -1225.21464557
  -1225.18033025
  -1225.21225645
  -1225.22087081
  -1225.23943108
  -1225.22202229
  -1225.18650669
  -1225.23697351
  -1225.23490683
  -1225.21566889
  -1225.22715078
  -1225.22097520
  -1225.19844431
  -1225.18784151
  -1225.23420949
  -1225.16737456
  -1225.24119316
  -1225.22623067
  -1225.20382247
  -1225.17936594
  -1225.21871345
  -1225.19352563
  -1225.18115777
  -1225.22422763
  -1225.20203180
  -1225.19618069
  -1225.17399823
  -1225.19381711
  -1225.21277456
  -1225.20366949
  -1225.21771897
  -1225.17258958
  -1225.22713452
  -1225.16975203
  -1225.21110321
  -1225.17875886
  -1225.21598098
  -1225.18324712
  -1225.15731726
  -1225.22254959
  -1225.21140135
  -1225.21747230
  -1225.20277252
  -1225.19361182
  -1225.21802527
  -1225.19414011
  -1225.19258957
  -1225.21498382
  -1225.17511332
  -1225.20593011
  -1225.16108222
  -1225.20886558
  -1225.23786476
  -1225.21651037
  -1225.18680508
  -1225.17258284
  -1225.24615193
  -1225.18469854
  -1225.18042705
  -1225.20329168
  -1225.19293420
  -1225.19695267
  -1225.18907169
  -1225.22880452
  -1225.21458375
  -1225.23376668
  -1225.23993202
  -1225.21859525
  -1225.18354353
  -1225.21435249
  -1225.18779507
  -1225.18236934
  -1225.22705553
  -1225.17272480
  -1225.20986457
  -1225.21210062
  -1225.19709634
  -1225.23691857
  -1225.20593142
  -1225.21410669
  -1225.22571641
  -1225.20085854
  -1225.21792764
  -1225.20852508
  -1225.20542337
  -1225.19607482
  -1225.22001598
  -1225.19904979
  -1225.15579455
  -1225.20187851
  -1225.20084984
  -1225.23274237
  -1225.21975253
  -1225.21358351
  -1225.21982999
  -1225.21322055
  -1225.19936185
  -1225.20956191
  -1225.21855065
  -1225.20600696
  -1225.21799722
  -1225.22865910
  -1225.21856004
  -1225.22010532
  -1225.19684694
  -1225.19097277
  -1225.18638809
  -1225.19431303
  -1225.21145460
  -1225.17781315
  -1225.21714199
  -1225.22619837
  -1225.23848492
  -1225.24068650
  -1225.18334499
  -1225.18555501
  -1225.18534735
  -1225.21207688
  -1225.22699652
  -1225.23297826
  -1225.20305023
  -1225.21673534
  -1225.16617216
  -1225.22900603
  -1225.23088429
  -1225.23104816
  -1225.20132386
  -1225.23443219
  -1225.21422891
  -1225.18042049
  -1225.21346218
  -1225.16884948
  -1225.21686653
  -1225.22880242
  -1225.21767577
  -1225.21409047
  -1225.16436412
  -1225.21029049
  -1225.16826606
  -1225.21791346
  -1225.20044777
  -1225.21286097
  -1225.21393075
  -1225.20721779
  -1225.19984804
  -1225.22816290
  -1225.19877430
  -1225.23077603
  -1225.21481851
  -1225.22394132
  -1225.19604934
  -1225.22193027
  -1225.20524383
  -1225.22942582
  -1225.20870939
  -1225.22784082
  -1225.21729992
  -1225.21895089
  -1225.23024251
  -1225.18962296
  -1225.20282381
  -1225.16777272
  -1225.23290764
  -1225.20704687
  -1225.20966144
  -1225.21763487
  -1225.19537947
  -1225.20024338
  -1225.22806994
  -1225.18397300
  -1225.21976628
  -1225.17172865
  -1225.17560043
  -1225.20879211
  -1225.16715991
  -1225.19730536
  -1225.24732181
  -1225.23317182
  -1225.20001656
  -1225.21205820
  -1225.18627521
  -1225.22568140
  -1225.21877332
  -1225.22125322
  -1225.22138876
  -1225.23337314
  -1225.21840183
  -1225.23154822
  -1225.19594672
  -1225.22350779
  -1225.19652279
  -1225.21062502
  -1225.15344854
  -1225.21558567
  -1225.18635815
  -1225.20716999
  -1225.22208942
  -1225.21454994
  -1225.21956592
  -1225.18180338
  -1225.21146346
  -1225.22834182
  -1225.15082458
  -1225.20463465
  -1225.20232973
  -1225.20212493
  -1225.21989226
  -1225.19778522
  -1225.25058386
  -1225.24165018
  -1225.24488645
  -1225.23749545
  -1225.21030588
  -1225.19197243
  -1225.19983952
  -1225.22813459
  -1225.20892985
  -1225.18404997
  -1225.21623017
  -1225.17155565
  -1225.20686498
  -1225.21590231
  -1225.21515476
  -1225.20758651
  -1225.21424557
  -1225.22906915
  -1225.23157214
  -1225.12170927
  -1225.23000746
  -1225.20546693
  -1225.18599008
  -1225.21916449
  -1225.20138114
  -1225.22652161
  -1225.20192196
  -1225.23430817
  -1225.21877936
  -1225.22093365
  -1225.18331189
  -1225.22764789
  -1225.18412633
  -1225.19848510
  -1225.21195985
  -1225.22981366
  -1225.21925796
  -1225.22371044
  -1225.20733220
  -1225.18400948
  -1225.22110689
  -1225.21077461
  -1225.22762545
  -1225.18330669
  -1225.20936293
  -1225.21720751
  -1225.21749124
  -1225.16829773
  -1225.19292973
  -1225.15288491
  -1225.21052482
  -1225.18643331
  -1225.19447320
  -1225.24021965
  -1225.22086374
  -1225.21533898
  -1225.22773374
  -1225.20780904
  -1225.18513937
  -1225.18559028
  -1225.17194214
  -1225.18542646
  -1225.22303034
  -1225.21160688
  -1225.20870398
  -1225.22172558
  -1225.18872286
  -1225.15810704
  -1225.20301243
  -1225.17708748
  -1225.20613242
  -1225.20636193
  -1225.19095407
  -1225.22254626
  -1225.20206265
  -1225.17829364
  -1225.23194667
  -1225.18604218
  -1225.19632682
  -1225.19679889
  -1225.21169447
  -1225.20615099
  -1225.21095500
  -1225.20910618
  -1225.19891887
  -1225.21638977
  -1225.21795578
  -1225.23341710
  -1225.22476506
  -1225.19244076
  -1225.22995688
  -1225.19375637
  -1225.18762764
  -1225.21547343
  -1225.19925928
  -1225.20795787
  -1225.22501765
  -1225.20658823
  -1225.22391061
  -1225.23311413
  -1225.22254678
  -1225.22028822
  -1225.22092693
  -1225.20354498
  -1225.22725566
  -1225.22452227
  -1225.18003025
  -1225.21784045
  -1225.17998297
  -1225.21768841
  -1225.22890112
  -1225.22185985
  -1225.20520735
  -1225.20696486
  -1225.19508126
  -1225.21292094
  -1225.20862847
  -1225.21930102
  -1225.20640827
  -1225.20851711
  -1225.21552280
  -1225.20394863
  -1225.19521063
  -1225.18118195
  -1225.20224535
  -1225.22015138
  -1225.19914719
  -1225.21914454
  -1225.15699548
  -1225.20185828
  -1225.20533553
  -1225.19620489
  -1225.21153991
  -1225.23429433
  -1225.20593940
  -1225.20243874
  -1225.21594277
  -1225.23809525
  -1225.21636684
  -1225.19022080
  -1225.21308330
  -1225.22773992
  -1225.14711562
  -1225.23581796
  -1225.20663193
  -1225.21319052
  -1225.19908094
  -1225.21907438
  -1225.22132588
  -1225.21029283
  -1225.23449894
  -1225.21995745
  -1225.22280709
  -1225.19924361
  -1225.17910957
  -1225.23290485
  -1225.19283677
  -1225.21485587
  -1225.19041363
  -1225.20235341
  -1225.17763441
  -1225.20099827
  -1225.20354639
  -1225.19828916
  -1225.22205609
  -1225.22468026
  -1225.20555101
  -1225.16961777
  -1225.20083934
  -1225.19797716
  -1225.20347670
  -1225.22340273
  -1225.20945017
  -1225.20340435
  -1225.21503819
  -1225.22674580
  -1225.19983950
  -1225.23655424
  -1225.16217043
  -1225.21206743
  -1225.17969561
  -1225.18987729
  -1225.23292455
  -1225.22016255
  -1225.22275197
  -1225.22337484
  -1225.22582517
  -1225.22989519
  -1225.20949262
  -1225.20706323
  -1225.22731557
  -1225.25081846
  -1225.23372610
  -1225.21340683
  -1225.18610715
  -1225.21816690
  -1225.20406504
  -1225.23768395
  -1225.18790522
  -1225.18212859
  -1225.21716786
  -1225.20424875
  -1225.21954910
  -1225.21517602
  -1225.19825157
  -1225.23324221
  -1225.19395097
  -1225.19091474
  -1225.20409038
  -1225.17733043
  -1225.22231698
  -1225.20962542
  -1225.22980202
  -1225.22008595
  -1225.21544541
  -1225.20774913
  -1225.17101806
  -1225.21794034
  -1225.17775539
  -1225.22292015
  -1225.16884969
  -1225.21149904
  -1225.22380478
  -1225.21671118
  -1225.17229785
  -1225.20850512
  -1225.22847353
  -1225.21779682
  -1225.22637473
  -1225.18496206
  -1225.24524076
  -1225.20514622
  -1225.20761999
  -1225.22506033
  -1225.24562478
  -1225.18495141
  -1225.21418055
  -1225.22375715
  -1225.21810056
  -1225.22950117
  -1225.21803198
  -1225.21513628
  -1225.20667185
  -1225.21342328
  -1225.21248185
  -1225.18915282
  -1225.19626399
  -1225.21672089
  -1225.20672684
  -1225.18267465
  -1225.19652174
  -1225.19464348
  -1225.17004459
  -1225.17686530
  -1225.20435687
  -1225.23332854
  -1225.18206337
  -1225.21666306
  -1225.21242084
  -1225.18810284
  -1225.22646322
  -1225.22064663
  -1225.22039611
  -1225.22335322
  -1225.20953353
  -1225.18752081
  -1225.22933224
  -1225.20037394
  -1225.19904746
  -1225.22931087
  -1225.18824120
  -1225.19958727
  -1225.23081626
  -1225.18358223
  -1225.21581734
  -1225.20909484
  -1225.21086347
  -1225.14222262
  -1225.19575181
  -1225.23212349
  -1225.22040367
  -1225.21266888
  -1225.14099489
  -1225.18665040
  -1225.24422638
  -1225.20971400
  -1225.16469485
  -1225.22596175
  -1225.23354973
  -1225.23351588
  -1225.21694765
  -1225.20795672
  -1225.19867976
  -1225.18260503
  -1225.19907917
  -1225.20371656
  -1225.21242986
  -1225.22264989
  -1225.19675482
  -1225.17449882
  -1225.24745165
  -1225.22803328
  -1225.22993104
  -1225.25136924
  -1225.19068555
  -1225.22456536
  -1225.23901202
  -1225.19748243
  -1225.18743213
  -1225.21044851
  -1225.20746845
  -1225.15038257
  -1225.21375648
  -1225.21570543
  -1225.20949075
  -1225.22989775
  -1225.19078343
  -1225.18712679
  -1225.22182363
  -1225.23351886
  -1225.21033642
  -1225.21035366
  -1225.18593661
  -1225.21976704
  -1225.20992263
  -1225.22633603
  -1225.22655144
  -1225.24474756
  -1225.19235249
  -1225.20177890
  -1225.19438941
  -1225.22543416
  -1225.21422265
  -1225.16832563
  -1225.20873113
  -1225.22013181
  -1225.22090002
  -1225.17227586
  -1225.24542871
  -1225.20775533
  -1225.23637304
  -1225.20234676
  -1225.20695522
  -1225.20273844
  -1225.24468389
  -1225.20104560
  -1225.21953788
  -1225.17999445
  -1225.23716272
  -1225.20084517
  -1225.21352929
  -1225.20634378
  -1225.22247335
  -1225.22516067
  -1225.22981479
  -1225.22118871
  -1225.21092901
  -1225.24304969
  -1225.21214130
  -1225.19670100
  -1225.21236327
  -1225.21889016
  -1225.23018864
  -1225.16824666
  -1225.22489433
  -1225.17337679
  -1225.18456587
  -1225.18866201
  -1225.22600447
  -1225.24594293
  -1225.23049382
  -1225.17850296
  -1225.19314939
  -1225.21862269
  -1225.18111474
  -1225.20485006
  -1225.22392123
  -1225.22041123
  -1225.20400656
  -1225.18665614
  -1225.21380984
  -1225.22488196
  -1225.21441749
  -1225.18976400
  -1225.20677722
  -1225.22489161
  -1225.19778453
  -1225.18949916
  -1225.20637298
  -1225.18560652
  -1225.22344511
  -1225.24197047
  -1225.20608115
  -1225.21050962
  -1225.21211379
  -1225.24185600
  -1225.20519734
  -1225.23053337
  -1225.21773141
  -1225.23262237
  -1225.20758500
  -1225.21108442
  -1225.21957464
  -1225.23506509
  -1225.22036427
  -1225.17631254
  -1225.22971911
  -1225.21357929
  -1225.21718433
  -1225.24765629
  -1225.21557786
  -1225.22070160
  -1225.22238365
  -1225.20588058
  -1225.23675536
  -1225.17699039
  -1225.20506362
  -1225.23568635
  -1225.22167006
  -1225.21054925
  -1225.21675556
  -1225.19016427
  -1225.22613745
  -1225.22676456
  -1225.21357306
  -1225.23096569
  -1225.21171457
  -1225.20239745
  -1225.20142004
  -1225.22321384
  -1225.22746267
  -1225.22348826
  -1225.25049371
  -1225.19473572
  -1225.21363927
  -1225.22582229
  -1225.20803821
  -1225.22194846
  -1225.19292599
  -1225.19896019
  -1225.20755137
  -1225.19451265
  -1225.20052532
  -1225.21315119
  -1225.24016663
  -1225.23178424
  -1225.20775521
  -1225.19389450
  -1225.21233072
  -1225.18016501
  -1225.22654696
  -1225.22871402
  -1225.17977741
  -1225.19166610
  -1225.17685897
  -1225.20651428
  -1225.23263128
  -1225.19532569
  -1225.20098987
  -1225.22028860
  -1225.18971519
  -1225.20913066
  -1225.22830910
  -1225.21856501
  -1225.21834119
  -1225.22341881
  -1225.21873837
  -1225.15812516
  -1225.22045608
  -1225.23959218
  -1225.22567285
  -1225.20477495
  -1225.23400319
  -1225.19996189
  -1225.16731817
  -1225.19256288
  -1225.21765287
  -1225.14356514
  -1225.19114410
  -1225.19767789
  -1225.20992065
  -1225.21867009
  -1225.22113778
  -1225.21842666
  -1225.20368837
  -1225.21601061
  -1225.19561771
  -1225.22239400
  -1225.23512820
  -1225.18576653
  -1225.20771105
  -1225.21112862
  -1225.19265584
  -1225.18072164
  -1225.23279529
  -1225.19846220
  -1225.21033534
  -1225.22231608
  -1225.23294774
  -1225.16598875
  -1225.21652086
  -1225.23369981
  -1225.20317637
  -1225.18838176
  -1225.21770821
  -1225.22527404
  -1225.18233029
  -1225.22763886
  -1225.18266618
  -1225.20032935
  -1225.18040022
  -1225.21875150
  -1225.21192046
  -1225.21923657
  -1225.18599954
  -1225.22377516
  -1225.24119340
  -1225.12628536
  -1225.22549634
  -1225.22539361
  -1225.23979475
  -1225.16509266
  -1225.22420665
  -1225.19974732
  -1225.19072453
  -1225.21532934
  -1225.22792525
  -1225.18467014
  -1225.19882794
  -1225.19908617
  -1225.22126344
  -1225.22468778
  -1225.22188159
  -1225.20392194
  -1225.21140729
  -1225.23044906
  -1225.22037968
  -1225.19786122
  -1225.21179463
  -1225.22750711
  -1225.22998036
  -1225.20394375
  -1225.22390141
  -1225.19405877
  -1225.21490264
  -1225.19088594
  -1225.21498053
  -1225.22414677
  -1225.17472687
  -1225.18123054
  -1225.21058117
  -1225.23428901
  -1225.20523977
  -1225.22216742
  -1225.19115611
  -1225.22363777
  -1225.22216918
  -1225.23139944
  -1225.23589332
  -1225.20581846
  -1225.20971627
  -1225.22222497
  -1225.19885613
  -1225.24061555
  -1225.19796684
  -1225.18243842
  -1225.23075667
  -1225.25047044
  -1225.21137520
  -1225.23736698
  -1225.23252996
  -1225.19263540
  -1225.23220240
  -1225.24088130
  -1225.21391048
  -1225.21456001
  -1225.23011011
  -1225.22521258
  -1225.21897273
  -1225.21119253
  -1225.18190885
  -1225.15308904
  -1225.20421268
  -1225.22523152
  -1225.17358017
  -1225.20109364
  -1225.20047763
  -1225.22431815
  -1225.15383725
  -1225.21584582
  -1225.23237290
  -1225.23594003
  -1225.21334545
  -1225.18252491
  -1225.20260515
  -1225.21307785
  -1225.19231654
  -1225.21668086
  -1225.20400402
  -1225.20698917
  -1225.21081417
  -1225.22912730
  -1225.24578524
  -1225.23358226
  -1225.22033175
  -1225.22531899
  -1225.21448127
  -1225.24679494
  -1225.20343205
  -1225.21403863
  -1225.21835156
  -1225.21831210
  -1225.22938003
  -1225.18629809
  -1225.18067919
  -1225.22000303
  -1225.22392951
  -1225.21049379
  -1225.20910078
  -1225.20263951
  -1225.20801917
  -1225.21225996
  -1225.21867475
  -1225.20851011
  -1225.18848663
  -1225.21555083
  -1225.19681217
  -1225.21066838
  -1225.19244210
  -1225.21350488
  -1225.21033355
  -1225.20413704
  -1225.21235148
  -1225.20292667
  -1225.21923015
  -1225.19067667
  -1225.20780880
  -1225.22689918
  -1225.23978918
  -1225.20020196
  -1225.21006727
  -1225.20467318
  -1225.22018838
  -1225.16334985
  -1225.22610792
  -1225.25430608
  -1225.21416837
  -1225.19770574
  -1225.20195904
  -1225.21187172
  -1225.22326609
  -1225.19453646
  -1225.20091123
  -1225.18125174
  -1225.18863123
  -1225.23480123
  -1225.16622119
  -1225.22443051
  -1225.23056744
  -1225.22253543
  -1225.22617933
  -1225.22699138
  -1225.21315548
  -1225.20177036
  -1225.19755629
  -1225.22309087
  -1225.21143979
  -1225.23526768
  -1225.22593244
  -1225.20412465
  -1225.22412663
  -1225.24062104
  -1225.20905078
  -1225.20704689
  -1225.20670922
  -1225.18736124
  -1225.17495071
  -1225.18655357
  -1225.17168348
  -1225.18883006
  -1225.22375139
  -1225.17289848
  -1225.20683548
  -1225.19673588
  -1225.21389114
  -1225.22810542
  -1225.22108959
  -1225.21746253
  -1225.21601602
  -1225.24643627
  -1225.21842001
  -1225.22276779
  -1225.18790222
  -1225.19067774
  -1225.20038717
  -1225.21966215
  -1225.21615429
  -1225.24859828
  -1225.21007299
  -1225.19629976
  -1225.17453658
  -1225.22993231
  -1225.20220495
  -1225.20768461
  -1225.20866546
  -1225.23316583
  -1225.21752702
  -1225.22734639
  -1225.18327932
  -1225.21580918
  -1225.20400753
  -1225.22840780
  -1225.21008707
  -1225.19439064
  -1225.20623000
  -1225.22095235
  -1225.21608250
  -1225.22444340
  -1225.18929569
  -1225.18587178
  -1225.20081341
  -1225.19281561
  -1225.20563276
  -1225.16439320
  -1225.20680160
  -1225.25137928
  -1225.21843288
  -1225.19582829
  -1225.21542157
  -1225.21005577
  -1225.20433735
  -1225.21742301
  -1225.22050761
  -1225.20992619
  -1225.20500640
  -1225.16513545
  -1225.22028887
  -1225.20040412
  -1225.20806287
  -1225.22750887
  -1225.22494233
  -1225.18393525
  -1225.21384815
  -1225.20731836
  -1225.19895944
  -1225.20815082
  -1225.20389845
  -1225.22949187
  -1225.20562636
  -1225.22754287
  -1225.20653667
  -1225.21779163
  -1225.17641444
  -1225.19080231
  -1225.18310583
  -1225.22907034
  -1225.23993206
  -1225.18936147
  -1225.21724644
  -1225.21178699
  -1225.21732560
  -1225.21118402
  -1225.18946024
  -1225.21479838
  -1225.19119182
  -1225.22961513
  -1225.18953595
  -1225.22674826
  -1225.22732631
  -1225.23366837
  -1225.21730441
  -1225.22834171
  -1225.20558347
  -1225.22345257
  -1225.19200122
  -1225.21934997
  -1225.22081038
  -1225.20970907
  -1225.22147511
  -1225.20940970
  -1225.23518395
  -1225.23718322
  -1225.23652095
  -1225.22010573
  -1225.22008150
  -1225.22418518
  -1225.17398414
  -1225.22211301
  -1225.21606801
  -1225.20737100
  -1225.17198668
  -1225.21261555
  -1225.19658050
  -1225.21861145
  -1225.19244854
  -1225.21873926
  -1225.17979606
  -1225.21006657
  -1225.17340930
  -1225.19121509
  -1225.20456515
  -1225.23638470
  -1225.19149919
  -1225.23004583
  -1225.24055257
  -1225.23563572
  -1225.19559469
  -1225.22560013
  -1225.18716217
  -1225.20839872
  -1225.23817630
  -1225.22025405
  -1225.22714307
  -1225.21383757
  -1225.21684349
  -1225.20525910
  -1225.20913172
  -1225.21299851
  -1225.20882561
  -1225.19074390
  -1225.16200595
  -1225.21784667
  -1225.18607870
  -1225.20936005
  -1225.24828418
  -1225.21305705
  -1225.18330948
  -1225.21113468
  -1225.22056022
  -1225.18793633
  -1225.20521120
  -1225.22883831
  -1225.18809122
  -1225.25023308
  -1225.19175001
  -1225.20928715
  -1225.16921460
  -1225.22171215
  -1225.15458468
  -1225.22957224
  -1225.20972075
  -1225.22965392
  -1225.22003944
  -1225.21413590
  -1225.21992557
  -1225.24122562
  -1225.21784119
  -1225.23391363
  -1225.24675928
  -1225.19029415
  -1225.21353677
  -1225.20296930
  -1225.16968173
  -1225.21616463
  -1225.19825759
  -1225.20413315
  -1225.21146783
  -1225.25485665
  -1225.20692356
  -1225.20021379
  -1225.22540296
  -1225.19749317
  -1225.23185823
  -1225.19653278
  -1225.20549697
  -1225.21652748
  -1225.19230200
  -1225.20394259
  -1225.24775172
  -1225.20360296
  -1225.18731318
  -1225.20897332
  -1225.20573423
  -1225.20100396
  -1225.22360128
  -1225.21835048
  -1225.21733616
  -1225.20804360
  -1225.21152561
  -1225.20439946
  -1225.22750285
  -1225.18844337
  -1225.17486138
  -1225.18170659
  -1225.23088296
  -1225.22759204
  -1225.19550867
  -1225.21780233
  -1225.17186663
  -1225.22371218
  -1225.19258469
  -1225.21899609
  -1225.23868872
  -1225.21696420
  -1225.20556507
  -1225.20119009
  -1225.21750422
  -1225.19897510
  -1225.21382342
  -1225.22093116
  -1225.22033902
  -1225.20033621
  -1225.21848786
  -1225.20462890
  -1225.24885658
  -1225.21232449
  -1225.19308516
  -1225.19946828
  -1225.19847441
  -1225.22493750
  -1225.23140506
  -1225.18824953
  -1225.21073861
  -1225.18131144
  -1225.21714779
  -1225.21380117
  -1225.23085308
  -1225.21946010
  -1225.23509578
  -1225.21169670
  -1225.25069190
  -1225.19803323
  -1225.20886759
  -1225.20699423
  -1225.18127918
  -1225.22820350
  -1225.21624963
  -1225.21738549
  -1225.19356523
  -1225.16870721
  -1225.21980239
  -1225.22095212
  -1225.19221471
  -1225.21821864
  -1225.22551648
  -1225.19516008
  -1225.20404747
  -1225.22079612
  -1225.21279588
  -1225.22255310
  -1225.19446651
  -1225.21666737
  -1225.17421748
  -1225.21154227
  -1225.20128534
  -1225.19353689
  -1225.20048739
  -1225.21963713
  -1225.20314540
  -1225.21003774
  -1225.19598985
  -1225.23058476
  -1225.16220987
  -1225.17295314
  -1225.18755894
  -1225.20936304
  -1225.22184869
  -1225.21429602
  -1225.18704630
  -1225.23127830
  -1225.22587955
  -1225.23056889
  -1225.18057798
  -1225.22240175
  -1225.19495527
  -1225.20665324
  -1225.21911301
  -1225.21952132
  -1225.18020252
  -1225.21224785
  -1225.22490614
  -1225.17989189
  -1225.17012190
  -1225.23974404
  -1225.24786976
  -1225.21470435
  -1225.20960242
  -1225.19755851
  -1225.22106462
  -1225.19607399
  -1225.21151675
  -1225.19765649
  -1225.19552676
  -1225.23807466
  -1225.20315457
  -1225.24251667
  -1225.20947359
  -1225.20936142
  -1225.22437243
  -1225.21858933
  -1225.23108857
  -1225.20555890
  -1225.19342577
  -1225.20043794
  -1225.21346032
  -1225.17300431
  -1225.19607110
  -1225.22198599
  -1225.23781206
  -1225.15697214
  -1225.20330151
  -1225.19260802
  -1225.23179562
  -1225.22176139
  -1225.19806464
  -1225.21644364
  -1225.24394141
  -1225.19538472
  -1225.22701865
  -1225.22389842
  -1225.20429494
  -1225.23286423
  -1225.22106912
  -1225.19913353
  -1225.21334452
  -1225.19859117
  -1225.20551791
  -1225.22130935
  -1225.23660484
  -1225.23264013
  -1225.22271984
  -1225.20875196
  -1225.24157475
  -1225.23331807
  -1225.23965488
  -1225.22765113
  -1225.20674945
  -1225.21728700
  -1225.21950502
  -1225.21922035
  -1225.19932976
  -1225.13315878
  -1225.22069664
  -1225.21428996
  -1225.21311773
  -1225.23111725
  -1225.18036794
  -1225.19940055
  -1225.20654138
  -1225.21487750
  -1225.19724021
  -1225.22235256
  -1225.19102472
  -1225.19737317
  -1225.22582288
  -1225.21656987
  -1225.18748217
  -1225.18607580
  -1225.21370193
  -1225.22289888
  -1225.21794589
  -1225.19707565
  -1225.23408796
  -1225.23860120
  -1225.18482295
  -1225.19695312
  -1225.17744474
  -1225.23419087
  -1225.23330148
  -1225.20501240
  -1225.23304727
  -1225.21817139
  -1225.22340843
  -1225.24371174
  -1225.22113890
  -1225.23056633
  -1225.20200447
  -1225.20334168
  -1225.24636145
  -1225.20401645
  -1225.23604927
  -1225.22127283
  -1225.23137510
  -1225.19902006
  -1225.18849112
  -1225.22109266
  -1225.19863843
  -1225.20644300
  -1225.17936754
  -1225.20642895
  -1225.19711543
  -1225.23691116
  -1225.22773628
  -1225.15249689
  -1225.21685127
  -1225.18210496
  -1225.20843634
  -1225.21817730
  -1225.22006327
  -1225.21616773
  -1225.23391587
  -1225.21689509
  -1225.16408853
  -1225.17134453
  -1225.19809890
  -1225.17993950
  -1225.21090040
  -1225.19238358
  -1225.23803301
  -1225.21450855
  -1225.21214976
  -1225.23471130
  -1225.23273225
  -1225.22739494
  -1225.21554754
  -1225.23629795
  -1225.22503794
  -1225.21744656
  -1225.23291422
  -1225.20877228
  -1225.20669570
  -1225.19847260
  -1225.24706159
  -1225.19020015
  -1225.20621734
  -1225.21641392
  -1225.18474576
  -1225.21885779
  -1225.19726497
  -1225.20653581
  -1225.22111101
  -1225.22531425
  -1225.23704961
  -1225.20715854
  -1225.23059920
  -1225.23555414
  -1225.20227538
  -1225.21539605
  -1225.19906602
  -1225.19021963
  -1225.22963951
  -1225.22073216
  -1225.20203605
  -1225.20756474
  -1225.23312822
  -1225.23090803
  -1225.20574908
  -1225.22303815
  -1225.19196937
  -1225.20501425
  -1225.18081554
  -1225.17065992
  -1225.22560598
  -1225.21051908
  -1225.22123455
  -1225.23200347
  -1225.21253922
  -1225.21960222
  -1225.23434568
  -1225.18774087
  -1225.16676241
  -1225.22430749
  -1225.21740042
  -1225.20916802
  -1225.22783912
  -1225.18911718
  -1225.22355995
  -1225.22542949
  -1225.23441118
  -1225.23691864
  -1225.23356687
  -1225.21698773
  -1225.20643152
  -1225.21100067
  -1225.20655554
  -1225.24292155
  -1225.19960312
  -1225.18772293
  -1225.19469837
  -1225.19320448
  -1225.24673620
  -1225.20554431
  -1225.21537108
  -1225.20521917
  -1225.17392640
  -1225.21909065
  -1225.22154591
  -1225.20390675
  -1225.23853706
  -1225.24074098
  -1225.21742850
  -1225.19069685
  -1225.23525611
  -1225.15216504
  -1225.22451311
  -1225.21431654
  -1225.25484782
  -1225.22928916
  -1225.19739023
  -1225.25132141
  -1225.17632043
  -1225.20345432
  -1225.17149915
  -1225.19717421
  -1225.20643085
  -1225.18138011
  -1225.25083990
  -1225.17314742
  -1225.19266135
  -1225.23562200
  -1225.22035352
  -1225.20306985
  -1225.21368992
  -1225.20398870
  -1225.20739488
  -1225.22344648
  -1225.20916890
  -1225.20443676
  -1225.21394727
  -1225.22248713
  -1225.24262611
  -1225.18441722
  -1225.22987531
  -1225.23035367
  -1225.21622033
  -1225.20578068
  -1225.20886191
  -1225.20955205
  -1225.22497454
  -1225.20675172
  -1225.18236221
  -1225.18050037
  -1225.22592388
  -1225.21621328
  -1225.19729291
  -1225.21933980
  -1225.20787799
  -1225.23659061
  -1225.19925601
  -1225.22922286
  -1225.21652829
  -1225.16811030
  -1225.20417213
  -1225.22187690
  -1225.22343561
  -1225.23326251
  -1225.22147390
  -1225.22638271
  -1225.19451824
  -1225.22574383
  -1225.19685838
  -1225.22037288
  -1225.15338127
  -1225.20398324
  -1225.20652221
  -1225.21509821
  -1225.19462589
  -1225.15608259
  -1225.18895493
  -1225.22652402
  -1225.18648787
  -1225.22224513
  -1225.23293963
  -1225.22285630
  -1225.21778477
  -1225.21269181
  -1225.22795209
  -1225.24393517
  -1225.21334151
  -1225.22076818
  -1225.20519555
  -1225.23505387
  -1225.21898257
  -1225.21419208
  -1225.19210182
  -1225.20802815
  -1225.20328862
  -1225.15776475
  -1225.20542077
  -1225.22701945
  -1225.22349598
  -1225.18328949
  -1225.21839112
  -1225.22454143
  -1225.18167775
  -1225.23045875
  -1225.18428973
  -1225.22170605
  -1225.19557165
  -1225.22591614
  -1225.22730610
  -1225.23442159
  -1225.19432414
  -1225.21695536
  -1225.20359721
  -1225.19480569
  -1225.20045027
  -1225.20389280
  -1225.21786916
  -1225.20781422
  -1225.22476886
  -1225.16943076
  -1225.22356492
  -1225.22420307
  -1225.20863528
  -1225.24276216
  -1225.17308113
  -1225.19345475
  -1225.22670760
  -1225.17849806
  -1225.20933489
  -1225.22154597
  -1225.20435782
  -1225.20677659
  -1225.19789577
  -1225.19390739
  -1225.21218179
  -1225.19785652
  -1225.23283421
  -1225.18964655
  -1225.16839739
  -1225.21491630
  -1225.24172679
  -1225.16578607
  -1225.21832943
  -1225.22983415
  -1225.21588866
  -1225.17691022
  -1225.21902596
  -1225.20424080
  -1225.19861708
  -1225.14907907
  -1225.20683854
  -1225.20721352
  -1225.21616442
  -1225.21864780
  -1225.21110547
  -1225.21976409
  -1225.21076950
  -1225.15410991
  -1225.20030892
  -1225.23660549
  -1225.19418230
  -1225.19478579
  -1225.22756975
  -1225.20196488
  -1225.22245475
  -1225.21563704
  -1225.22467115
  -1225.23232301
  -1225.22447071
  -1225.17747343
  -1225.18639111
  -1225.22862998
  -1225.22981693
  -1225.20176749
  -1225.22247653
  -1225.21833516
  -1225.20803505
  -1225.20365635
  -1225.22982806
  -1225.19537120
  -1225.23809025
  -1225.22829352
  -1225.22767451
  -1225.22402467
  -1225.18731261
  -1225.22350936
  -1225.21473353
  -1225.19712786
  -1225.19595543
  -1225.21591556
  -1225.22761078
  -1225.20795161
  -1225.23317441
  -1225.21167465
  -1225.20922495
  -1225.21740156
  -1225.20687263
  -1225.13348958
  -1225.23020666
  -1225.23092503
  -1225.20942916
  -1225.22826485
  -1225.19010516
  -1225.19304005
  -1225.19449244
  -1225.19179630
  -1225.22355868
  -1225.19110141
  -1225.23518595
  -1225.20846110
  -1225.21335523
  -1225.20029348
  -1225.19694624
  -1225.21711708
  -1225.19776521
  -1225.24869707
  -1225.22615913
  -1225.17783271
  -1225.20793525
  -1225.19449869
  -1225.20940362
  -1225.20668739
  -1225.20557497
  -1225.21741155
  -1225.19333355
  -1225.18338291
  -1225.18233552
  -1225.19741410
  -1225.20342300
  -1225.22451458
  -1225.23007261
  -1225.23989691
  -1225.23108374
  -1225.18150782
  -1225.18842945
  -1225.23761312
  -1225.19062535
  -1225.17953220
  -1225.23270259
  -1225.22706694
  -1225.19564291
  -1225.18978388
  -1225.23827063
  -1225.23191208
  -1225.21039675
  -1225.23900063
  -1225.17081688
  -1225.20604461
  -1225.22200683
  -1225.17796701
  -1225.21299418
  -1225.20352919
  -1225.22531102
  -1225.19776104
  -1225.23667867
  -1225.22183449
  -1225.21416814
  -1225.22865814
  -1225.23044128
  -1225.21925616
  -1225.20748856
