% The following energies apply to conformations described by the topology 
% R70.top.  Structures are given in trajectory coords.cdf, count: 2594.

% Item 0:
%   Energy -> orca_structures/coor*/Conf*.out
   -742.65383970
   -742.67725597
   -742.69214442
   -742.68434116
   -742.67528711
   -742.68190299
   -742.65382657
   -742.70701112
   -742.64021738
   -742.66463426
   -742.66076659
   -742.64828650
   -742.70483277
   -742.67256971
   -742.61473784
   -742.65259272
   -742.64694540
   -742.68995691
   -742.68432681
   -742.70023347
   -742.66112755
   -742.68919159
   -742.70430348
   -742.65514185
   -742.69829552
   -742.69142473
   -742.68391652
   -742.66893270
   -742.65893938
   -742.68400845
   -742.66517029
   -742.69477870
   -742.68405229
   -742.66593867
   -742.70221087
   -742.66351722
   -742.69367626
   -742.65051563
   -742.67505449
   -742.65517208
   -742.65504212
   -742.65315254
   -742.69426197
   -742.65070228
   -742.67362117
   -742.63906404
   -742.68318669
   -742.68903630
   -742.66015849
   -742.69309237
   -742.66580408
   -742.64617564
   -742.67413970
   -742.67597437
   -742.65473774
   -742.63604406
   -742.62745374
   -742.69272261
   -742.65494517
   -742.65200604
   -742.70201299
   -742.67745434
   -742.66211652
   -742.68150775
   -742.65128785
   -742.67884814
   -742.67509462
   -742.65032753
   -742.66155762
   -742.65444276
   -742.66662325
   -742.64108950
   -742.67465453
   -742.69581087
   -742.69045273
   -742.62340832
   -742.66689020
   -742.65557221
   -742.68420716
   -742.69935462
   -742.67826362
   -742.64135851
   -742.68568036
   -742.66071459
   -742.67517157
   -742.66332462
   -742.66753063
   -742.67499547
   -742.66829840
   -742.67709464
   -742.66489589
   -742.67924754
   -742.63789573
   -742.70520366
   -742.66168022
   -742.66210486
   -742.67131761
   -742.71738150
   -742.67229437
   -742.67175781
   -742.66697469
   -742.67034630
   -742.69550540
   -742.66768201
   -742.66391717
   -742.68140106
   -742.67425267
   -742.66645655
   -742.68390905
   -742.66960835
   -742.68112631
   -742.68131812
   -742.61872354
   -742.66251761
   -742.63302562
   -742.64049137
   -742.64366550
   -742.69021125
   -742.66554464
   -742.68810960
   -742.64440011
   -742.68974759
   -742.67322477
   -742.67937010
   -742.68333174
   -742.66928690
   -742.66468038
   -742.65170251
   -742.68595589
   -742.66432885
   -742.68585949
   -742.68726443
   -742.66440210
   -742.68599318
   -742.67659017
   -742.70194429
   -742.67246876
   -742.64412260
   -742.66568305
   -742.66885666
   -742.64819509
   -742.69874374
   -742.66837022
   -742.68048652
   -742.67136998
   -742.66761379
   -742.68736925
   -742.68532988
   -742.69388183
   -742.67426933
   -742.64748026
   -742.69143977
   -742.67415525
   -742.68414542
   -742.61805995
   -742.67273471
   -742.65301763
   -742.67614384
   -742.65965183
   -742.67351198
   -742.64324785
   -742.67002884
   -742.67644827
   -742.67307178
   -742.70800478
   -742.67469846
   -742.65753253
   -742.69064737
   -742.68333467
   -742.64088946
   -742.67176806
   -742.64544050
   -742.65792840
   -742.66318972
   -742.69754984
   -742.68229524
   -742.66156483
   -742.65646466
   -742.69554255
   -742.64987452
   -742.65606545
   -742.61104490
   -742.66297831
   -742.68219528
   -742.64623263
   -742.66301075
   -742.68928019
   -742.65757037
   -742.69862441
   -742.67764063
   -742.69780390
   -742.68011468
   -742.62192053
   -742.69151316
   -742.67108755
   -742.65881832
   -742.67257973
   -742.62363666
   -742.67096509
   -742.67135821
   -742.70054381
   -742.62295253
   -742.68841029
   -742.67484099
   -742.66478753
   -742.68643360
   -742.62938523
   -742.69087256
   -742.62882148
   -742.69390418
   -742.66703223
   -742.68565495
   -742.66535461
   -742.64622125
   -742.68096473
   -742.66491065
   -742.68461349
   -742.66876948
   -742.67898358
   -742.68558450
   -742.69001526
   -742.65607185
   -742.71010544
   -742.66971944
   -742.69330456
   -742.69618924
   -742.66646048
   -742.67868228
   -742.67151255
   -742.67700668
   -742.66513762
   -742.66216851
   -742.66241996
   -742.67779526
   -742.60033086
   -742.68174376
   -742.66538989
   -742.67904100
   -742.68396292
   -742.64288318
   -742.66921072
   -742.67079796
   -742.68346722
   -742.67464602
   -742.69276779
   -742.66970195
   -742.67929404
   -742.69319609
   -742.68524833
   -742.69176904
   -742.66346339
   -742.67153849
   -742.68265444
   -742.70209017
   -742.66267141
   -742.64216568
   -742.64812725
   -742.63630117
   -742.61869142
   -742.66128816
   -742.63070857
   -742.69012243
   -742.66147196
   -742.65144960
   -742.66234851
   -742.68424653
   -742.69288293
   -742.69940211
   -742.64051975
   -742.69315178
   -742.65180224
   -742.66859113
   -742.69357821
   -742.69372215
   -742.68059522
   -742.64610351
   -742.67824588
   -742.64154718
   -742.67848595
   -742.69156120
   -742.68825180
   -742.67336311
   -742.67069082
   -742.68484447
   -742.68046802
   -742.64914479
   -742.67623887
   -742.67052785
   -742.66469805
   -742.64618161
   -742.66849234
   -742.68685059
   -742.69451914
   -742.66023259
   -742.66968026
   -742.68329572
   -742.69443502
   -742.69041293
   -742.69076099
   -742.69357469
   -742.68100769
   -742.64379839
   -742.67996640
   -742.68683168
   -742.68473464
   -742.64919561
   -742.68276320
   -742.66766610
   -742.67562241
   -742.67352108
   -742.68037297
   -742.67610179
   -742.66528645
   -742.67866861
   -742.65274131
   -742.66448156
   -742.65694675
   -742.68325184
   -742.66701914
   -742.66193248
   -742.67228278
   -742.66329100
   -742.66238286
   -742.68673040
   -742.67046690
   -742.68582748
   -742.67369777
   -742.68092318
   -742.66494433
   -742.67618810
   -742.71709875
   -742.66706730
   -742.65070286
   -742.68886305
   -742.66647943
   -742.68291887
   -742.70098473
   -742.68017806
   -742.68310149
   -742.67136257
   -742.67796343
   -742.64358867
   -742.66003092
   -742.70453117
   -742.68365817
   -742.66656240
   -742.66106731
   -742.63489581
   -742.67606495
   -742.70072896
   -742.67576225
   -742.66806803
   -742.70846186
   -742.70204297
   -742.65917908
   -742.69074981
   -742.69048003
   -742.66853872
   -742.68566469
   -742.67624664
   -742.67112653
   -742.67450107
   -742.69913723
   -742.68797658
   -742.67351574
   -742.68032050
   -742.66912367
   -742.65913504
   -742.61111874
   -742.68805036
   -742.69143451
   -742.63283870
   -742.64742474
   -742.66712997
   -742.70307102
   -742.69758049
   -742.65979161
   -742.68855589
   -742.66582764
   -742.65801168
   -742.72530742
   -742.69178181
   -742.63637338
   -742.68058019
   -742.66135270
   -742.64880128
   -742.70323459
   -742.70215385
   -742.67472958
   -742.69252925
   -742.66416914
   -742.67743921
   -742.66872858
   -742.68257247
   -742.68630566
   -742.71448820
   -742.71391193
   -742.68564444
   -742.66241277
   -742.63749971
   -742.67825044
   -742.67873972
   -742.58367443
   -742.65419572
   -742.70656236
   -742.67900912
   -742.64224247
   -742.68791252
   -742.66950484
   -742.67516877
   -742.67013427
   -742.67443488
   -742.67033596
   -742.65903933
   -742.61699989
   -742.64342196
   -742.69944514
   -742.68531480
   -742.64169321
   -742.68734486
   -742.69347563
   -742.68284363
   -742.69217130
   -742.69851302
   -742.70531607
   -742.61268131
   -742.67597796
   -742.65687824
   -742.65981491
   -742.67880212
   -742.69462971
   -742.66243634
   -742.69965385
   -742.66870167
   -742.67242956
   -742.68676121
   -742.69444216
   -742.67050787
   -742.66934694
   -742.68197412
   -742.69795744
   -742.66071130
   -742.66645462
   -742.64793087
   -742.69439511
   -742.68012196
   -742.68679741
   -742.65268889
   -742.67459505
   -742.66069171
   -742.63898966
   -742.64834333
   -742.67641946
   -742.69119597
   -742.69945379
   -742.68393793
   -742.61494951
   -742.66372589
   -742.64636695
   -742.68766664
   -742.69898752
   -742.67054736
   -742.64495764
   -742.68076683
   -742.69838899
   -742.67512190
   -742.67762836
   -742.69646337
   -742.63762226
   -742.65355340
   -742.68354053
   -742.67207514
   -742.67824634
   -742.68198148
   -742.67307980
   -742.63732291
   -742.68828049
   -742.66424604
   -742.69260741
   -742.67830521
   -742.66063182
   -742.65843185
   -742.66486952
   -742.66025968
   -742.69511775
   -742.66212328
   -742.62473448
   -742.69904159
   -742.64908967
   -742.64615570
   -742.67842279
   -742.68449313
   -742.69748100
   -742.68968289
   -742.70037974
   -742.66686978
   -742.66148322
   -742.67948353
   -742.69660112
   -742.66656625
   -742.69324139
   -742.68369553
   -742.63879207
   -742.68550748
   -742.66802404
   -742.70970385
   -742.64357978
   -742.66743038
   -742.64696854
   -742.67060037
   -742.66819201
   -742.61752322
   -742.68538117
   -742.67021308
   -742.65301415
   -742.62368311
   -742.65930708
   -742.65545939
   -742.65469582
   -742.67605195
   -742.66580370
   -742.65361485
   -742.67818485
   -742.67009527
   -742.69865117
   -742.67487433
   -742.64918593
   -742.68157798
   -742.66012136
   -742.69867609
   -742.65540196
   -742.64999931
   -742.67940468
   -742.64037900
   -742.67046336
   -742.64050246
   -742.63824919
   -742.64417113
   -742.70328967
   -742.62093600
   -742.69661730
   -742.67498357
   -742.68815092
   -742.66865269
   -742.67952910
   -742.66871110
   -742.67713249
   -742.67143124
   -742.66217888
   -742.70318036
   -742.65062986
   -742.63484818
   -742.68734066
   -742.68570734
   -742.62116689
   -742.67272365
   -742.63811157
   -742.65422794
   -742.67392784
   -742.62060631
   -742.69027377
   -742.64819027
   -742.69326861
   -742.65944014
   -742.65116231
   -742.65917952
   -742.67418292
   -742.66530808
   -742.66637001
   -742.68056148
   -742.68168911
   -742.69394289
   -742.66533927
   -742.68593920
   -742.66563958
   -742.64304076
   -742.67908188
   -742.68432304
   -742.71411859
   -742.65174375
   -742.64850954
   -742.61925047
   -742.66337924
   -742.62278929
   -742.60396995
   -742.60641968
   -742.61956197
   -742.69536287
   -742.69287345
   -742.69763309
   -742.68057017
   -742.68775230
   -742.68788779
   -742.66014890
   -742.70021704
   -742.69889526
   -742.62449756
   -742.67127587
   -742.69460279
   -742.67224710
   -742.66945772
   -742.66903568
   -742.64967913
   -742.64925592
   -742.66936374
   -742.67936857
   -742.70364776
   -742.67794609
   -742.61690793
   -742.68698338
   -742.67761243
   -742.68146704
   -742.71255791
   -742.68651991
   -742.68558267
   -742.71358079
   -742.69504948
   -742.68037830
   -742.66569761
   -742.66882639
   -742.66409730
   -742.65381511
   -742.68359645
   -742.68928753
   -742.67281727
   -742.66930235
   -742.68423766
   -742.67039476
   -742.70255254
   -742.69221533
   -742.65121649
   -742.69562582
   -742.65234535
   -742.59280126
   -742.65635067
   -742.70001365
   -742.66857555
   -742.70661235
   -742.67225002
   -742.67709134
   -742.66308112
   -742.66005670
   -742.69260102
   -742.66329165
   -742.64957898
   -742.64525074
   -742.68446300
   -742.65135499
   -742.69281634
   -742.65631733
   -742.68104409
   -742.66195561
   -742.65142154
   -742.70173251
   -742.66679526
   -742.64651537
   -742.61674250
   -742.68210206
   -742.67431860
   -742.61297616
   -742.67465418
   -742.70410235
   -742.67419767
   -742.69767541
   -742.69710485
   -742.64430545
   -742.69091461
   -742.67625842
   -742.69025873
   -742.69545118
   -742.70524150
   -742.67957686
   -742.64947276
   -742.64621477
   -742.64761454
   -742.61767110
   -742.67054459
   -742.64965642
   -742.65894347
   -742.66695450
   -742.67264524
   -742.63488421
   -742.67959402
   -742.65682721
   -742.71633950
   -742.67065155
   -742.70298915
   -742.67428713
   -742.68750636
   -742.67266400
   -742.68283078
   -742.65763882
   -742.63710701
   -742.69290909
   -742.67966614
   -742.67848277
   -742.70302318
   -742.65637229
   -742.70005303
   -742.65758418
   -742.66429664
   -742.64903345
   -742.68254497
   -742.68280033
   -742.65990976
   -742.70153356
   -742.68271825
   -742.65104479
   -742.67848885
   -742.64828708
   -742.66721628
   -742.68044834
   -742.67913358
   -742.62975096
   -742.65175432
   -742.68297044
   -742.60450482
   -742.58358290
   -742.66377189
   -742.70038726
   -742.68044486
   -742.67917414
   -742.68013211
   -742.67562354
   -742.70374632
   -742.65181173
   -742.68637595
   -742.63309214
   -742.67116367
   -742.63344485
   -742.66839255
   -742.69597226
   -742.67785352
   -742.68313826
   -742.68977371
   -742.68465696
   -742.64054339
   -742.67731875
   -742.70655346
   -742.64094373
   -742.66897902
   -742.62770610
   -742.68346824
   -742.67674786
   -742.65040818
   -742.70424707
   -742.67141493
   -742.67050685
   -742.68134927
   -742.67701543
   -742.67426943
   -742.66137249
   -742.68477942
   -742.65309664
   -742.67762564
   -742.69396467
   -742.64051043
   -742.70383449
   -742.65359371
   -742.65909608
   -742.67945065
   -742.66317535
   -742.65497578
   -742.66026988
   -742.69561509
   -742.64878633
   -742.67568375
   -742.67550713
   -742.69889257
   -742.65476451
   -742.68269331
   -742.67196196
   -742.69738155
   -742.66722226
   -742.65921697
   -742.66527378
   -742.67229141
   -742.67302235
   -742.68403604
   -742.70414340
   -742.68615139
   -742.67531913
   -742.69202238
   -742.66199302
   -742.68129586
   -742.66972022
   -742.68402898
   -742.67093504
   -742.66068578
   -742.70069377
   -742.66059186
   -742.66254042
   -742.67073095
   -742.62350983
   -742.70605278
   -742.67288232
   -742.67003486
   -742.70285725
   -742.67250875
   -742.68945406
   -742.69391607
   -742.67424459
   -742.69424568
   -742.65691501
   -742.64415148
   -742.63783969
   -742.66906172
   -742.68353202
   -742.67055355
   -742.66618982
   -742.66103695
   -742.66654840
   -742.60273526
   -742.68886501
   -742.68349834
   -742.66671216
   -742.65449057
   -742.62110399
   -742.68543382
   -742.67960028
   -742.67317191
   -742.67302533
   -742.69833129
   -742.60658592
   -742.69653277
   -742.67591756
   -742.69074758
   -742.68649240
   -742.68307415
   -742.67966086
   -742.68797423
   -742.67481211
   -742.66178889
   -742.67132414
   -742.66977004
   -742.67846356
   -742.67574708
   -742.67111060
   -742.65757717
   -742.68066843
   -742.68858804
   -742.68166190
   -742.64317679
   -742.63222170
   -742.64634600
   -742.67737029
   -742.65292495
   -742.67513537
   -742.68020112
   -742.66183313
   -742.64090335
   -742.67024953
   -742.70772714
   -742.62236576
   -742.69612246
   -742.69337312
   -742.59972670
   -742.68893765
   -742.67726290
   -742.70314349
   -742.64789115
   -742.68241996
   -742.67503688
   -742.67952652
   -742.67601233
   -742.67306281
   -742.63029219
   -742.68924040
   -742.67579561
   -742.67663334
   -742.68152850
   -742.69917591
   -742.63904016
   -742.69831545
   -742.67248904
   -742.68346106
   -742.66365581
   -742.69047510
   -742.67957148
   -742.65253472
   -742.66676157
   -742.66338340
   -742.67173003
   -742.66491847
   -742.65826998
   -742.67390558
   -742.68248535
   -742.67984886
   -742.68065940
   -742.67783419
   -742.68665802
   -742.68754485
   -742.67614530
   -742.67446075
   -742.66579736
   -742.69254237
   -742.65163492
   -742.67530547
   -742.65410674
   -742.67934259
   -742.65389188
   -742.70009242
   -742.69280601
   -742.69468864
   -742.69743912
   -742.63131983
   -742.70087661
   -742.69135898
   -742.69129649
   -742.69692487
   -742.64621347
   -742.68054563
   -742.67822983
   -742.67830020
   -742.70119755
   -742.67711134
   -742.67821193
   -742.69527861
   -742.69185188
   -742.68141723
   -742.67361567
   -742.68001424
   -742.68981300
   -742.68513843
   -742.67241085
   -742.66999029
   -742.67748779
   -742.69001398
   -742.64396122
   -742.68548952
   -742.68911100
   -742.68544559
   -742.68106883
   -742.66618296
   -742.65446669
   -742.66356974
   -742.67261576
   -742.64710722
   -742.65268732
   -742.66927875
   -742.69631014
   -742.65432303
   -742.70281920
   -742.68569457
   -742.68140932
   -742.63190478
   -742.69559578
   -742.67824402
   -742.62963321
   -742.69488506
   -742.72094867
   -742.68090556
   -742.69840554
   -742.65204641
   -742.69651536
   -742.65670528
   -742.66425394
   -742.70499233
   -742.69138686
   -742.70825914
   -742.71908240
   -742.61736663
   -742.65552477
   -742.69529781
   -742.65905794
   -742.67732294
   -742.69556307
   -742.62988723
   -742.67101680
   -742.62177444
   -742.72350778
   -742.67321075
   -742.69073273
   -742.65756415
   -742.67077173
   -742.69351198
   -742.66668728
   -742.67846904
   -742.64808450
   -742.65296262
   -742.66060501
   -742.63735735
   -742.69879762
   -742.64518071
   -742.67947995
   -742.66441023
   -742.70768562
   -742.67048173
   -742.68560845
   -742.64909159
   -742.69421801
   -742.69656710
   -742.66988631
   -742.67864692
   -742.65932170
   -742.66648970
   -742.68157981
   -742.67307702
   -742.59101014
   -742.64706735
   -742.67351249
   -742.67748107
   -742.70400240
   -742.67680667
   -742.67931973
   -742.68983489
   -742.68738993
   -742.65296410
   -742.66914949
   -742.63398269
   -742.69704408
   -742.64800805
   -742.63653787
   -742.64901721
   -742.65466284
   -742.62134775
   -742.68000967
   -742.63712696
   -742.68260584
   -742.70518780
   -742.68333653
   -742.64716348
   -742.69563414
   -742.69586009
   -742.68731294
   -742.66731501
   -742.66553007
   -742.65481322
   -742.71032575
   -742.62233756
   -742.69372888
   -742.69465897
   -742.65422110
   -742.64105994
   -742.68241319
   -742.64547169
   -742.64478604
   -742.68854143
   -742.66981774
   -742.65834216
   -742.65530694
   -742.67312603
   -742.66787975
   -742.68698931
   -742.62614611
   -742.69298197
   -742.62936489
   -742.63928492
   -742.68576012
   -742.66576971
   -742.60482600
   -742.66777973
   -742.67955255
   -742.67218670
   -742.66538099
   -742.66325652
   -742.66917245
   -742.65530796
   -742.65934930
   -742.67971264
   -742.66790109
   -742.65075980
   -742.62592983
   -742.66883422
   -742.68424443
   -742.68036660
   -742.64599163
   -742.63241654
   -742.67868049
   -742.64600289
   -742.66626121
   -742.66249282
   -742.65835993
   -742.65519939
   -742.65054316
   -742.69442776
   -742.69228281
   -742.68119585
   -742.70951175
   -742.68710082
   -742.63137555
   -742.67999801
   -742.63506221
   -742.63769652
   -742.68774957
   -742.63397191
   -742.67265078
   -742.66183840
   -742.65633064
   -742.69624719
   -742.67884455
   -742.68230765
   -742.69210820
   -742.66749841
   -742.69311447
   -742.66215179
   -742.65987495
   -742.64662702
   -742.68299822
   -742.66431608
   -742.66247785
   -742.66454491
   -742.66136312
   -742.70040766
   -742.67907889
   -742.68573178
   -742.68389380
   -742.67289084
   -742.66130583
   -742.67887351
   -742.68549100
   -742.67751072
   -742.66766622
   -742.69414448
   -742.68536148
   -742.68165429
   -742.66652355
   -742.62664925
   -742.66854683
   -742.65486915
   -742.67446415
   -742.64336964
   -742.67233158
   -742.68515535
   -742.66418424
   -742.70908823
   -742.64833450
   -742.63852228
   -742.64363903
   -742.66573261
   -742.68780818
   -742.68831262
   -742.67084624
   -742.67951231
   -742.68881748
   -742.69591474
   -742.68949714
   -742.71242746
   -742.70506160
   -742.69903172
   -742.66682186
   -742.64296470
   -742.68148780
   -742.68829057
   -742.67968117
   -742.67581107
   -742.61230366
   -742.67293880
   -742.63319155
   -742.68529335
   -742.66186868
   -742.67204280
   -742.67072784
   -742.66669831
   -742.66765831
   -742.68953787
   -742.66182354
   -742.68284712
   -742.67263372
   -742.68443312
   -742.65827638
   -742.67929400
   -742.66936311
   -742.69917877
   -742.68729987
   -742.68970696
   -742.67553161
   -742.66342881
   -742.68883033
   -742.64823188
   -742.66747269
   -742.62953083
   -742.68586118
   -742.66838925
   -742.68064838
   -742.68236406
   -742.64531218
   -742.65295899
   -742.69530456
   -742.61387100
   -742.67707602
   -742.62860448
   -742.66488820
   -742.66970405
   -742.62157031
   -742.66404217
   -742.71504749
   -742.69577000
   -742.66813355
   -742.65432732
   -742.68186608
   -742.68865870
   -742.67952697
   -742.68280728
   -742.68934284
   -742.68161956
   -742.68907432
   -742.66260257
   -742.67522116
   -742.69390540
   -742.61395512
   -742.67996958
   -742.66997341
   -742.67723116
   -742.67917986
   -742.68059443
   -742.64414474
   -742.68281335
   -742.69755350
   -742.61977485
   -742.63435101
   -742.64930437
   -742.65275669
   -742.67344707
   -742.66622254
   -742.70560425
   -742.70965392
   -742.70721872
   -742.69390811
   -742.66044305
   -742.65423810
   -742.66286393
   -742.69167801
   -742.66878050
   -742.65187709
   -742.69770709
   -742.60187277
   -742.66660044
   -742.67913562
   -742.68660597
   -742.68288312
   -742.67983630
   -742.65530624
   -742.70575503
   -742.57275978
   -742.66189015
   -742.65542830
   -742.69452629
   -742.66990807
   -742.69828161
   -742.66449585
   -742.70186267
   -742.68429694
   -742.68177797
   -742.63921300
   -742.68892909
   -742.68164405
   -742.65318409
   -742.66555783
   -742.67881281
   -742.68776556
   -742.68286526
   -742.66657476
   -742.65144729
   -742.68849918
   -742.67511373
   -742.69068614
   -742.62110171
   -742.67859687
   -742.68384581
   -742.67472024
   -742.63632831
   -742.65235532
   -742.65391136
   -742.66738604
   -742.64613831
   -742.64859543
   -742.69998199
   -742.67463110
   -742.67102459
   -742.67275753
   -742.66723862
   -742.64414360
   -742.63211145
   -742.65508593
   -742.68354178
   -742.67621035
   -742.67611867
   -742.68936070
   -742.67598029
   -742.61309461
   -742.67114721
   -742.61932637
   -742.66736027
   -742.66786569
   -742.64433964
   -742.67044956
   -742.64056857
   -742.70101383
   -742.64736638
   -742.66662430
   -742.65823908
   -742.66709104
   -742.66811071
   -742.66800320
   -742.66217215
   -742.67437230
   -742.67612910
   -742.69838588
   -742.68231902
   -742.67682660
   -742.66924773
   -742.65168986
   -742.67027137
   -742.67382011
   -742.66146002
   -742.64818630
   -742.69349267
   -742.64308584
   -742.69221825
   -742.69408125
   -742.68655454
   -742.68820031
   -742.67379037
   -742.65063326
   -742.68970257
   -742.64063458
   -742.68405556
   -742.62898903
   -742.66548634
   -742.68234937
   -742.66925740
   -742.67552132
   -742.64944860
   -742.67087924
   -742.66931888
   -742.68775079
   -742.66939053
   -742.66899979
   -742.67953893
   -742.66639165
   -742.63762858
   -742.66070214
   -742.67560868
   -742.69062622
   -742.65622519
   -742.68212219
   -742.62182167
   -742.67148473
   -742.66387390
   -742.64678382
   -742.67240005
   -742.69438368
   -742.67015446
   -742.66508046
   -742.68341168
   -742.70232966
   -742.68239187
   -742.65193163
   -742.65937402
   -742.67417789
   -742.61111501
   -742.69102217
   -742.66516455
   -742.67244788
   -742.66242801
   -742.68372520
   -742.67390135
   -742.67749373
   -742.70257415
   -742.68050998
   -742.68516450
   -742.65646920
   -742.67792236
   -742.65626953
   -742.64574841
   -742.63764131
   -742.66528640
   -742.65953428
   -742.65775290
   -742.68123176
   -742.65368267
   -742.64443912
   -742.67967496
   -742.69270296
   -742.62291998
   -742.65316506
   -742.66287593
   -742.67196194
   -742.69260074
   -742.67801264
   -742.66524966
   -742.68015707
   -742.69111859
   -742.69438578
   -742.67373323
   -742.63898362
   -742.65686886
   -742.69923787
   -742.67458983
   -742.67548434
   -742.69177036
   -742.70258634
   -742.66778045
   -742.67727243
   -742.67291691
   -742.68536194
   -742.69882094
   -742.69718948
   -742.67359009
   -742.64963005
   -742.68105726
   -742.65209263
   -742.68129264
   -742.64963198
   -742.63955017
   -742.69076278
   -742.66951361
   -742.67516071
   -742.67376877
   -742.66431614
   -742.69505200
   -742.65566527
   -742.65980582
   -742.67652172
   -742.68521251
   -742.69702272
   -742.68171806
   -742.67450177
   -742.67611072
   -742.63229505
   -742.67046913
   -742.63374364
   -742.68704469
   -742.60716161
   -742.65302394
   -742.68422122
   -742.67760885
   -742.65529118
   -742.66111337
   -742.68420371
   -742.67010970
   -742.69032381
   -742.64929019
   -742.70842882
   -742.67366921
   -742.66859415
   -742.66719823
   -742.71091038
   -742.64599976
   -742.67151135
   -742.67575959
   -742.68244172
   -742.69259911
   -742.67874429
   -742.65266235
   -742.65845805
   -742.66997615
   -742.67108078
   -742.64791719
   -742.67577734
   -742.67527395
   -742.66270615
   -742.64476385
   -742.66664933
   -742.67828985
   -742.65579389
   -742.61992486
   -742.65870555
   -742.70781029
   -742.63587580
   -742.67662578
   -742.67075736
   -742.64326682
   -742.68936405
   -742.68914637
   -742.69451339
   -742.69131764
   -742.66850023
   -742.63679621
   -742.69110236
   -742.65409725
   -742.66375913
   -742.69988082
   -742.65994400
   -742.65551955
   -742.67528253
   -742.62881450
   -742.68714642
   -742.67678208
   -742.67154968
   -742.60638549
   -742.65563524
   -742.69458800
   -742.70043430
   -742.65534710
   -742.64117117
   -742.64481117
   -742.71195356
   -742.66962264
   -742.65084193
   -742.67712934
   -742.68817226
   -742.67381492
   -742.68496119
   -742.66234519
   -742.65830443
   -742.63708043
   -742.65071784
   -742.66733305
   -742.68587222
   -742.62265775
   -742.61649730
   -742.70934743
   -742.69593027
   -742.68723633
   -742.71929817
   -742.64753397
   -742.67368974
   -742.68290679
   -742.65242951
   -742.64533853
   -742.66811032
   -742.65908815
   -742.61515022
   -742.67068342
   -742.65730555
   -742.66811164
   -742.69530310
   -742.65795385
   -742.64208307
   -742.68466282
   -742.65522775
   -742.67113500
   -742.65517720
   -742.64540567
   -742.68180327
   -742.69597443
   -742.69514016
   -742.67397893
   -742.71276759
   -742.64500711
   -742.66180802
   -742.65893543
   -742.66644941
   -742.67853380
   -742.66302007
   -742.66762215
   -742.67066495
   -742.67004282
   -742.65576342
   -742.71103956
   -742.67853893
   -742.68982764
   -742.65990625
   -742.67150381
   -742.66967193
   -742.68110755
   -742.67344028
   -742.68420727
   -742.60012871
   -742.69863162
   -742.66704595
   -742.67828356
   -742.66668921
   -742.67736270
   -742.67573687
   -742.69521050
   -742.69190697
   -742.69071980
   -742.71041528
   -742.68096147
   -742.66359694
   -742.67840025
   -742.69048497
   -742.68996720
   -742.61284976
   -742.69234219
   -742.64540267
   -742.68689879
   -742.70645628
   -742.70022816
   -742.60983376
   -742.64475232
   -742.68171655
   -742.63466473
   -742.66962315
   -742.68993855
   -742.65183179
   -742.66175803
   -742.68226067
   -742.68886949
   -742.68630491
   -742.65150480
   -742.66808445
   -742.64778782
   -742.65443173
   -742.66684254
   -742.63708772
   -742.68932459
   -742.68348480
   -742.66683535
   -742.67898441
   -742.67995758
   -742.69115221
   -742.66139425
   -742.69667441
   -742.67610329
   -742.68940761
   -742.66319924
   -742.67234381
   -742.69218709
   -742.67648902
   -742.62659829
   -742.69474837
   -742.68150613
   -742.67014659
   -742.71225101
   -742.67683310
   -742.68359383
   -742.68609352
   -742.66917710
   -742.68052312
   -742.64815759
   -742.66927964
   -742.69206456
   -742.64840378
   -742.67959242
   -742.66119441
   -742.69284939
   -742.69029437
   -742.67792499
   -742.67592050
   -742.67300689
   -742.67085856
   -742.66539231
   -742.68612656
   -742.69220652
   -742.68908778
   -742.71757064
   -742.65045645
   -742.67215712
   -742.69400014
   -742.67257036
   -742.67952333
   -742.66154897
   -742.66384361
   -742.66196406
   -742.65440554
   -742.63147602
   -742.68413923
   -742.68304575
   -742.69189130
   -742.67457034
   -742.65564527
   -742.67629677
   -742.62585621
   -742.69287999
   -742.69582217
   -742.64976166
   -742.65584717
   -742.63475638
   -742.66969182
   -742.68654329
   -742.66517082
   -742.64961852
   -742.68084845
   -742.66808831
   -742.67628165
   -742.69677318
   -742.67490089
   -742.68324173
   -742.67117498
   -742.67412008
   -742.63215334
   -742.67608524
   -742.68317027
   -742.69179071
   -742.67672208
   -742.68536635
   -742.66626257
   -742.66874969
   -742.62523249
   -742.64948300
   -742.66238291
   -742.66896054
   -742.67226783
   -742.67190563
   -742.68597207
   -742.67990942
   -742.67035237
   -742.65885787
   -742.67596897
   -742.65084740
   -742.66816611
   -742.67232500
   -742.69423719
   -742.64093583
   -742.66571525
   -742.68529821
   -742.63474812
   -742.64891570
   -742.68619506
   -742.67879119
   -742.67245371
   -742.69083031
   -742.69257649
   -742.62373156
   -742.68015331
   -742.69788760
   -742.65763239
   -742.65849598
   -742.67444717
   -742.67855239
   -742.66125513
   -742.64129930
   -742.64943281
   -742.64521090
   -742.67807054
   -742.67803249
   -742.66887062
   -742.65760194
   -742.68848737
   -742.69165545
   -742.68248811
   -742.68608438
   -742.69131928
   -742.66624308
   -742.67734984
   -742.64235371
   -742.65353582
   -742.64631315
   -742.65633937
   -742.66487519
   -742.67911822
   -742.67290628
   -742.69396123
   -742.65117798
   -742.66853986
   -742.68062044
   -742.69733825
   -742.68417124
   -742.66546944
   -742.66953748
   -742.68791876
   -742.67037676
   -742.66888033
   -742.68645025
   -742.65466281
   -742.67549246
   -742.65039575
   -742.67901159
   -742.68637125
   -742.63702829
   -742.64251009
   -742.67220199
   -742.67358746
   -742.62911442
   -742.68692880
   -742.64731207
   -742.69508120
   -742.68987364
   -742.68925805
   -742.66635921
   -742.66305236
   -742.66868539
   -742.69152025
   -742.66189129
   -742.68315672
   -742.66687731
   -742.64870411
   -742.68592448
   -742.71665695
   -742.67764091
   -742.68219878
   -742.70572934
   -742.66444898
   -742.67415542
   -742.66238092
   -742.67520966
   -742.69558494
   -742.68593210
   -742.67559519
   -742.67287092
   -742.61981704
   -742.67222001
   -742.68453386
   -742.64036371
   -742.66941470
   -742.67046085
   -742.67600680
   -742.61334384
   -742.67961636
   -742.69820396
   -742.66923287
   -742.66021896
   -742.64413015
   -742.65485733
   -742.68419773
   -742.66241724
   -742.67769423
   -742.65996572
   -742.66457086
   -742.67546080
   -742.68641705
   -742.69609352
   -742.69948545
   -742.67781916
   -742.68020025
   -742.68224683
   -742.69520389
   -742.66841209
   -742.67904915
   -742.67929746
   -742.67478955
   -742.70016220
   -742.63792246
   -742.64029258
   -742.68563972
   -742.68481553
   -742.67305160
   -742.67124415
   -742.66013178
   -742.67183283
   -742.67869560
   -742.64066709
   -742.67439758
   -742.61568781
   -742.68095035
   -742.66631200
   -742.65140617
   -742.68432213
   -742.66957133
   -742.66846160
   -742.67347849
   -742.67630063
   -742.67602363
   -742.67877128
   -742.66055417
   -742.68020175
   -742.68944167
   -742.65708616
   -742.67089304
   -742.67867660
   -742.69211690
   -742.67050970
   -742.69549687
   -742.71962108
   -742.67934111
   -742.66287867
   -742.66391006
   -742.67215082
   -742.67889771
   -742.65564404
   -742.66761627
   -742.64117282
   -742.64671974
   -742.69699372
   -742.62606320
   -742.69155417
   -742.69377560
   -742.68723947
   -742.68775685
   -742.68115625
   -742.67185392
   -742.66871498
   -742.65346119
   -742.68685168
   -742.67632230
   -742.66984936
   -742.69757457
   -742.69148145
   -742.68756211
   -742.68845172
   -742.66399074
   -742.67711233
   -742.65354922
   -742.65176109
   -742.64137453
   -742.62357441
   -742.67447161
   -742.69138574
   -742.64021121
   -742.65949524
   -742.64545300
   -742.69836305
   -742.69256682
   -742.67921140
   -742.66535069
   -742.68076253
   -742.69592245
   -742.67460159
   -742.67475583
   -742.64723174
   -742.65748279
   -742.65466796
   -742.67868950
   -742.68683638
   -742.70960942
   -742.67359075
   -742.65768931
   -742.61525631
   -742.69510980
   -742.66531057
   -742.65693552
   -742.67233916
   -742.67891069
   -742.68461927
   -742.68224306
   -742.64404390
   -742.64548605
   -742.66618963
   -742.69730259
   -742.64591244
   -742.66658795
   -742.66982108
   -742.66547686
   -742.67331988
   -742.68863433
   -742.65454022
   -742.65431002
   -742.66379893
   -742.62674529
   -742.66305304
   -742.63577268
   -742.66270678
   -742.70503842
   -742.67467031
   -742.65655962
   -742.68235741
   -742.66931263
   -742.65235965
   -742.62915539
   -742.69105646
   -742.67581142
   -742.66513512
   -742.59381292
   -742.67228765
   -742.68590236
   -742.67454865
   -742.68785893
   -742.68285638
   -742.64590960
   -742.67837925
   -742.65735479
   -742.66677764
   -742.67589138
   -742.66865811
   -742.69088237
   -742.65453114
   -742.68254569
   -742.66355377
   -742.66346363
   -742.62568632
   -742.65767621
   -742.66573414
   -742.69304370
   -742.70530224
   -742.62470963
   -742.67022181
   -742.67592556
   -742.66438369
   -742.68502698
   -742.65029918
   -742.67810816
   -742.67247373
   -742.68917466
   -742.65046301
   -742.68205039
   -742.69345125
   -742.68355750
   -742.68025820
   -742.69648433
   -742.66818779
   -742.68542730
   -742.65768586
   -742.68410272
   -742.68275910
   -742.67610780
   -742.68745417
   -742.66782913
   -742.69002328
   -742.70014062
   -742.70282951
   -742.68467887
   -742.69009333
   -742.68452662
   -742.63054958
   -742.69166791
   -742.68263089
   -742.67448369
   -742.63416730
   -742.68044978
   -742.69067058
   -742.66045132
   -742.64399417
   -742.67813113
   -742.60877745
   -742.66981276
   -742.64361544
   -742.65717114
   -742.70219955
   -742.66012489
   -742.69202549
   -742.70635333
   -742.69113371
   -742.67414142
   -742.65636628
   -742.64965299
   -742.69421471
   -742.70336729
   -742.69168124
   -742.68760444
   -742.67852250
   -742.67273724
   -742.66335259
   -742.62901445
   -742.68633006
   -742.67226893
   -742.63166679
   -742.62151057
   -742.68835667
   -742.64273432
   -742.67980893
   -742.70301170
   -742.68325510
   -742.64411887
   -742.68380909
   -742.68559212
   -742.65540145
   -742.66116758
   -742.66221536
   -742.64932682
   -742.71139988
   -742.66440546
   -742.66444525
   -742.63404583
   -742.68014548
   -742.60271967
   -742.69172084
   -742.66078399
   -742.68930130
   -742.68413342
   -742.62990427
   -742.65402246
   -742.70373107
   -742.68473617
   -742.69844355
   -742.70631949
   -742.64775654
   -742.66568854
   -742.67302185
   -742.61960136
   -742.67818750
   -742.68487924
   -742.67301355
   -742.66486160
   -742.72371850
   -742.66235536
   -742.66963274
   -742.64456676
   -742.67903496
   -742.65732837
   -742.66685608
   -742.67675180
   -742.67315763
   -742.66493475
   -742.71350454
   -742.65761976
   -742.65151150
   -742.66455229
   -742.66349181
   -742.67736863
   -742.69454362
   -742.67440490
   -742.66168964
   -742.67577879
   -742.66474359
   -742.66289137
   -742.68280002
   -742.65646083
   -742.63141732
   -742.65131846
   -742.69803522
   -742.69358144
   -742.65628270
   -742.67696985
   -742.65374869
   -742.68692553
   -742.69083916
   -742.68910928
   -742.68580479
   -742.67551902
   -742.67023489
   -742.65472484
   -742.63249243
   -742.67669131
   -742.68874240
   -742.68989896
   -742.65594758
   -742.71638724
   -742.65575326
   -742.65211043
   -742.66499837
   -742.66405949
   -742.69566954
   -742.66649349
   -742.66159462
   -742.65625581
   -742.65716342
   -742.68303271
   -742.65709449
   -742.69690214
   -742.67883002
   -742.70335261
   -742.65593528
   -742.71628593
   -742.65656381
   -742.67604094
   -742.67518098
   -742.64383649
   -742.68685933
   -742.68082378
   -742.67029147
   -742.65579582
   -742.62223607
   -742.68551045
   -742.67899414
   -742.64760396
   -742.67092541
   -742.69168346
   -742.67255018
   -742.66747715
   -742.68457510
   -742.66780255
   -742.69035143
   -742.66354871
   -742.66838956
   -742.68147370
   -742.66652743
   -742.65560679
   -742.66917856
   -742.66900559
   -742.65875418
   -742.63554328
   -742.65641077
   -742.69470025
   -742.61600038
   -742.63500283
   -742.67681188
   -742.68507549
   -742.69209640
   -742.60782177
   -742.69365137
   -742.69049549
   -742.70278779
   -742.66347758
   -742.67800929
   -742.65863981
   -742.67012389
   -742.67952287
   -742.66311325
   -742.68195224
   -742.68874614
   -742.65951117
   -742.61447658
   -742.69964353
   -742.70993280
   -742.69307491
   -742.66624755
   -742.65940030
   -742.67712982
   -742.64538235
   -742.67829627
   -742.69786767
   -742.66923223
   -742.69498898
   -742.66927763
   -742.66744366
   -742.69093025
   -742.68443082
   -742.69321008
   -742.66724051
   -742.65320881
   -742.66784638
   -742.67415569
   -742.62383607
   -742.66892831
   -742.68099144
   -742.70266320
   -742.62395317
   -742.65007878
   -742.65159853
   -742.69737711
   -742.68630481
   -742.65709811
   -742.67122983
   -742.70052727
   -742.65917685
   -742.68970352
   -742.67037003
   -742.65941108
   -742.69251040
   -742.68035184
   -742.66161167
   -742.67946009
   -742.66158450
   -742.66634959
   -742.67173423
   -742.70353639
   -742.70095882
   -742.66712078
   -742.66270771
   -742.70557421
   -742.68856999
   -742.70393097
   -742.66949828
   -742.67303966
   -742.67660706
   -742.66137834
   -742.69377370
   -742.66362991
   -742.67934631
   -742.66940759
   -742.67920851
   -742.69957580
   -742.64084514
   -742.65184393
   -742.66884637
   -742.67413647
   -742.65131967
   -742.68055009
   -742.65053830
   -742.65743428
   -742.66021907
   -742.68355750
   -742.64549337
   -742.67952294
   -742.66085733
   -742.68031752
   -742.66359510
   -742.68604867
   -742.66452221
   -742.65872936
   -742.64108567
   -742.68371397
   -742.70062671
   -742.67678938
   -742.69747468
   -742.67362233
   -742.68738096
   -742.70045810
   -742.68761723
   -742.69573233
   -742.67365907
   -742.66475853
   -742.71263382
   -742.66649207
   -742.69027735
   -742.68988499
   -742.69756515
   -742.65690740
   -742.64988146
   -742.69631245
   -742.64877875
   -742.67558722
   -742.63579352
   -742.66077349
   -742.63349909
   -742.68294937
   -742.69337333
   -742.60985254
   -742.66282359
   -742.64145075
   -742.67377555
   -742.69283992
   -742.69041310
   -742.67418710
   -742.69356140
   -742.68562096
   -742.65907516
   -742.65993182
   -742.63020832
   -742.67469033
   -742.65690630
   -742.69028795
   -742.69256977
   -742.68160589
   -742.69177255
   -742.69773938
   -742.69102287
   -742.67148674
   -742.70450047
   -742.69000082
   -742.67844882
   -742.69595437
   -742.65682800
   -742.63927238
   -742.65801092
   -742.71813099
   -742.65917866
   -742.65460985
   -742.67822926
   -742.64472979
   -742.65351858
   -742.67407686
   -742.67849685
   -742.67979435
   -742.69482611
   -742.66593693
   -742.69627858
   -742.65904530
   -742.61047009
   -742.65097294
   -742.68738855
   -742.66077188
   -742.65059427
   -742.70643466
   -742.67585735
   -742.64573035
   -742.67324737
   -742.69344087
   -742.69062720
   -742.66307118
   -742.67257891
   -742.65325665
   -742.67137385
   -742.62272033
   -742.60683994
   -742.69400090
   -742.66980394
   -742.68955497
   -742.69476058
   -742.68591994
   -742.67758326
   -742.71225562
   -742.63578519
   -742.63271084
   -742.68909728
   -742.67355204
   -742.66579601
   -742.68575967
   -742.66433437
   -742.69343302
   -742.67916534
   -742.67747715
   -742.69718872
   -742.65671817
   -742.66675912
   -742.67069453
   -742.66354980
   -742.69662685
   -742.63113927
   -742.66185610
   -742.66067787
   -742.71129889
   -742.66919635
   -742.68155340
   -742.66626871
   -742.63223340
   -742.67530280
   -742.68720347
   -742.66965264
   -742.69887327
   -742.70748656
   -742.65842615
   -742.64999336
   -742.70298224
   -742.61921751
   -742.69105925
   -742.67551226
   -742.72237083
   -742.68700621
   -742.70758794
   -742.63830907
   -742.67045089
   -742.67443554
   -742.66132882
   -742.66711132
   -742.64294168
   -742.71942845
   -742.66508124
   -742.65876366
   -742.69781418
   -742.68995588
   -742.65039667
   -742.67902331
   -742.67368443
   -742.66682592
   -742.67004681
   -742.67464708
   -742.70062082
   -742.64428488
   -742.67754636
   -742.69462972
   -742.67203659
   -742.69648894
   -742.67948967
   -742.68060389
   -742.67899867
   -742.67482238
   -742.67341101
   -742.69170716
   -742.67377849
   -742.68639224
   -742.67944174
   -742.65805707
   -742.68798804
   -742.69891852
   -742.64356751
   -742.69642741
   -742.67955367
   -742.61940168
   -742.66534948
   -742.68422394
   -742.69755326
   -742.68645163
   -742.68064813
   -742.65371560
   -742.66111678
   -742.66297056
   -742.68731852
   -742.63826618
   -742.66113822
   -742.66321863
   -742.67457010
   -742.65162230
   -742.63909304
   -742.68076585
   -742.65389897
   -742.68471276
   -742.68724365
   -742.68863362
   -742.68261843
   -742.66888036
   -742.68132128
   -742.69545999
   -742.67251664
   -742.69099684
   -742.65381289
   -742.69249261
   -742.68005249
   -742.67735327
   -742.64590382
   -742.67612542
   -742.66513255
   -742.60655783
   -742.65589232
   -742.67961881
   -742.66784876
   -742.62796226
   -742.67009356
   -742.68380400
   -742.61383919
   -742.69871235
   -742.63690604
   -742.68523075
   -742.64608521
   -742.68509153
   -742.66214891
   -742.69512216
   -742.63005672
   -742.66279110
   -742.67615816
   -742.66093213
   -742.65530741
   -742.67830338
   -742.67574855
   -742.66774803
   -742.67382770
   -742.68036984
   -742.68085881
   -742.65243558
   -742.71024624
   -742.68712503
   -742.64583892
   -742.68197777
   -742.67410706
   -742.67153385
   -742.64329944
   -742.66144969
   -742.68148817
   -742.64374047
   -742.69916437
   -742.64862779
   -742.65663376
   -742.66438983
   -742.70405955
   -742.62337930
   -742.65771973
   -742.67704697
   -742.67927227
   -742.61428796
   -742.64716080
   -742.66475310
   -742.65211284
   -742.59448999
   -742.64754436
   -742.66268006
   -742.67319773
   -742.67779124
   -742.67121184
   -742.68331465
   -742.68025246
   -742.66813717
   -742.70058756
   -742.65752325
   -742.65734448
   -742.69381144
   -742.66940806
   -742.65423397
   -742.68900468
   -742.68733609
   -742.68190407
   -742.61983740
   -742.65546331
   -742.68327045
   -742.67942695
   -742.65807469
   -742.67324461
   -742.67291742
   -742.66385699
   -742.66978293
   -742.69311298
   -742.65811156
   -742.70187369
   -742.68093427
   -742.69453818
   -742.69055443
   -742.63552034
   -742.67753210
   -742.67392626
   -742.59856120
   -742.65770374
   -742.64256901
   -742.67608886
   -742.66570199
   -742.69829648
   -742.67356514
   -742.65905205
   -742.68619912
   -742.66402637
   -742.64522051
   -742.68929138
   -742.69837069
   -742.67228562
   -742.69049258
   -742.65057000
   -742.65396853
   -742.64674512
   -742.65353157
   -742.68841378
   -742.64447109
   -742.69670686
   -742.67294262
   -742.67694975
   -742.63349893
   -742.66271617
   -742.65786995
   -742.65313884
   -742.71110289
   -742.64906189
   -742.63859737
   -742.65966624
   -742.67254043
   -742.67406090
   -742.67493001
   -742.66743019
   -742.65262168
   -742.64022422
   -742.63788577
   -742.65853048
   -742.66949348
   -742.67992811
   -742.68681909
   -742.70625794
   -742.69249406
   -742.64006751
   -742.64952524
   -742.70181238
   -742.64731375
   -742.64491939
   -742.68681257
   -742.69190249
   -742.65993298
   -742.64597604
   -742.69284626
   -742.66341474
   -742.68253338
   -742.69318857
   -742.62986711
   -742.66624766
   -742.69021089
   -742.66808637
   -742.68209874
   -742.66783492
   -742.68991682
   -742.66055149
   -742.70484358
   -742.68522084
   -742.68323485
   -742.69350117
   -742.69513337
   -742.68576395
