% The following energies apply to conformations described by the topology 
% R70_iter1.top.  Structures are given in trajectory coords.cdf, count: 149.

% Item 0:
%   Energy -> orca_structures/coor*/NConf*.out
   -742.72771486
   -742.72352131
   -742.72447406
   -742.72870195
   -742.72605954
   -742.72473232
   -742.72768282
   -742.73067062
   -742.72868972
   -742.72791313
   -742.72686900
   -742.72689988
   -742.71430763
   -742.72445956
   -742.72456207
   -742.72478785
   -742.72891553
   -742.72902868
   -742.71712654
   -742.72543052
   -742.72849635
   -742.72101394
   -742.72679679
   -742.72749742
   -742.73218691
   -742.72124606
   -742.72600845
   -742.72620201
   -742.72059913
   -742.72336517
   -742.72447798
   -742.73117880
   -742.71416625
   -742.73000915
   -742.72911161
   -742.72464018
   -742.72684779
   -742.72440386
   -742.72443525
   -742.72832004
   -742.73101091
   -742.73311543
   -742.71582291
   -742.72760738
   -742.72615040
   -742.72895180
   -742.72882700
   -742.72957633
   -742.72469840
   -742.72176327
   -742.73749216
   -742.72458172
   -742.72684081
   -742.73309699
   -742.72459954
   -742.72358032
   -742.73069968
   -742.72688287
   -742.72484356
   -742.72839321
   -742.73049294
   -742.73222734
   -742.72563316
   -742.72549248
   -742.72001257
   -742.72097629
   -742.72588613
   -742.71994174
   -742.72546553
   -742.73057568
   -742.72891582
   -742.72049560
   -742.73125536
   -742.71585066
   -742.72471226
   -742.72981169
   -742.72954429
   -742.72472375
   -742.72894403
   -742.72845085
   -742.72435328
   -742.71531208
   -742.72543735
   -742.71969620
   -742.71521655
   -742.72773317
   -742.72790476
   -742.71783589
   -742.72307951
   -742.73162980
   -742.72377623
   -742.72778537
   -742.72392762
   -742.72432833
   -742.72486781
   -742.72686703
   -742.72983348
   -742.72447894
   -742.72710831
   -742.72527098
   -742.71479665
   -742.72145978
   -742.72148581
   -742.72617670
   -742.72314067
   -742.72639496
   -742.73294349
   -742.72835551
   -742.72710986
   -742.72392489
   -742.72812159
   -742.72767175
   -742.71970466
   -742.73343871
   -742.72862806
   -742.72767385
   -742.73244606
   -742.72345490
   -742.72432677
   -742.71273251
   -742.73035322
   -742.72696008
   -742.72624346
   -742.72743758
   -742.71711147
   -742.72394522
   -742.72832856
   -742.72597340
   -742.72725425
   -742.72805228
   -742.72924448
   -742.71478306
   -742.71149278
   -742.72171971
   -742.73744979
   -742.72167854
   -742.72710542
   -742.72770733
   -742.72410289
   -742.71537346
   -742.72758268
   -742.73239096
   -742.72404213
   -742.71587148
   -742.72914265
   -742.72345134
   -742.72635957
   -742.71341974
   -742.72257623
