% The following energies apply to conformations described by the topology 
% R21_iter1.top.  Structures are given in trajectory coords.cdf, count: 124.

% Item 0:
%   Energy -> orca_structures/coor*/NConf*.out
  -1225.25467195
  -1225.25737525
  -1225.25660666
  -1225.26081030
  -1225.26104471
  -1225.25873248
  -1225.25409302
  -1225.25416851
  -1225.25909446
  -1225.26239896
  -1225.26044617
  -1225.25867447
  -1225.25228578
  -1225.25535837
  -1225.25419436
  -1225.25743128
  -1225.25944642
  -1225.26146892
  -1225.26006852
  -1225.25384040
  -1225.25525183
  -1225.25476292
  -1225.26075871
  -1225.25431797
  -1225.25768546
  -1225.25491924
  -1225.25554898
  -1225.25687758
  -1225.25465022
  -1225.25967712
  -1225.25415768
  -1225.26177681
  -1225.26064130
  -1225.25917472
  -1225.25463841
  -1225.25693148
  -1225.25556654
  -1225.25237003
  -1225.25984455
  -1225.25693272
  -1225.25931630
  -1225.25447143
  -1225.25863469
  -1225.25990396
  -1225.25487298
  -1225.25638568
  -1225.26086969
  -1225.26014096
  -1225.26182800
  -1225.25340752
  -1225.26185757
  -1225.25545992
  -1225.25587100
  -1225.25654710
  -1225.25781579
  -1225.25984617
  -1225.26041335
  -1225.26230281
  -1225.25904019
  -1225.25438635
  -1225.25479024
  -1225.25876191
  -1225.25834942
  -1225.25926943
  -1225.26069625
  -1225.25791026
  -1225.25974183
  -1225.25688820
  -1225.25779802
  -1225.26013536
  -1225.25447783
  -1225.25764656
  -1225.25994374
  -1225.25708415
  -1225.26250176
  -1225.25517289
  -1225.25639884
  -1225.25630224
  -1225.25566447
  -1225.25486893
  -1225.25862960
  -1225.25453177
  -1225.25499585
  -1225.25513483
  -1225.25820998
  -1225.25930119
  -1225.25971304
  -1225.26042834
  -1225.26036800
  -1225.25697306
  -1225.25995404
  -1225.25819429
  -1225.25868222
  -1225.25545550
  -1225.24857937
  -1225.25892648
  -1225.25553592
  -1225.25573177
  -1225.26090621
  -1225.25835956
  -1225.26040457
  -1225.26047864
  -1225.25476791
  -1225.24883137
  -1225.25705747
  -1225.25516906
  -1225.25983113
  -1225.25950146
  -1225.25650566
  -1225.25514795
  -1225.25771935
  -1225.25991696
  -1225.25938899
  -1225.24835509
  -1225.25944889
  -1225.25934633
  -1225.25979613
  -1225.25860320
  -1225.26081051
  -1225.24628422
  -1225.26102308
  -1225.25539732
  -1225.26041716
  -1225.25882765
