% The following energies apply to conformations described by the topology 
% R65.top.  Structures are given in trajectory coords.cdf, count: 2696.

% Item 0:
%   Energy -> orca_structures/coor*/Conf*.out
   -932.89219370
   -932.91336785
   -932.93392679
   -932.90730807
   -932.89744612
   -932.92360807
   -932.88203297
   -932.94171753
   -932.90632721
   -932.88813190
   -932.90385793
   -932.90838267
   -932.93711786
   -932.90354628
   -932.87979977
   -932.89328597
   -932.87005515
   -932.92556275
   -932.92728665
   -932.93709036
   -932.90489603
   -932.91385929
   -932.93675866
   -932.90309080
   -932.93141707
   -932.92146640
   -932.91882698
   -932.85996808
   -932.91058921
   -932.89980560
   -932.92740515
   -932.89867248
   -932.91896876
   -932.92698819
   -932.90611301
   -932.93548445
   -932.90904741
   -932.93024817
   -932.89613398
   -932.90114523
   -932.91252330
   -932.90638760
   -932.91491469
   -932.90017703
   -932.89109199
   -932.92760314
   -932.88982739
   -932.88584271
   -932.89690585
   -932.89297395
   -932.91681522
   -932.94037411
   -932.91501999
   -932.94167806
   -932.89619537
   -932.90434782
   -932.90692947
   -932.89951032
   -932.93370848
   -932.89963437
   -932.88812333
   -932.89723576
   -932.91556388
   -932.90176740
   -932.89755552
   -932.93083478
   -932.90550046
   -932.87260029
   -932.90528709
   -932.90110551
   -932.91041152
   -932.90427197
   -932.89885319
   -932.91132970
   -932.90375394
   -932.90174764
   -932.89368034
   -932.93116240
   -932.93334002
   -932.92212992
   -932.89014620
   -932.89524160
   -932.91505567
   -932.92517589
   -932.92991016
   -932.91634406
   -932.90325123
   -932.92008838
   -932.89679494
   -932.91716460
   -932.88616657
   -932.91172873
   -932.90849427
   -932.90419918
   -932.91632987
   -932.91249712
   -932.92753895
   -932.90272112
   -932.93309181
   -932.89396049
   -932.90497313
   -932.91290562
   -932.94488821
   -932.90951180
   -932.93346335
   -932.90411181
   -932.92143161
   -932.90000397
   -932.90043060
   -932.92761842
   -932.91539893
   -932.89629053
   -932.91906008
   -932.89893803
   -932.92616637
   -932.91613502
   -932.89194542
   -932.88323188
   -932.88049326
   -932.88721410
   -932.90774562
   -932.92037146
   -932.88899473
   -932.92956746
   -932.89847710
   -932.91595906
   -932.93761005
   -932.91396191
   -932.91538596
   -932.91159388
   -932.92479119
   -932.90221640
   -932.89379491
   -932.92325805
   -932.91082423
   -932.92016716
   -932.90885823
   -932.88779816
   -932.92631240
   -932.90351326
   -932.93522368
   -932.92221327
   -932.90769335
   -932.90457114
   -932.88403337
   -932.91366897
   -932.94055021
   -932.90228450
   -932.91175738
   -932.90984155
   -932.89839243
   -932.92470459
   -932.91386471
   -932.93420164
   -932.90805688
   -932.90766101
   -932.91568183
   -932.91716806
   -932.92266294
   -932.88917918
   -932.90292003
   -932.91562409
   -932.92928006
   -932.90432035
   -932.90099414
   -932.87715291
   -932.89750670
   -932.90935777
   -932.94205972
   -932.92205184
   -932.89710564
   -932.94125845
   -932.91947442
   -932.88983034
   -932.87773008
   -932.92438472
   -932.90377765
   -932.90715366
   -932.92836123
   -932.90784011
   -932.89978713
   -932.90424237
   -932.92105754
   -932.90201126
   -932.89893210
   -932.88431882
   -932.89777796
   -932.91962075
   -932.88995955
   -932.90208294
   -932.92035262
   -932.89048662
   -932.93072927
   -932.92828601
   -932.92421885
   -932.91900784
   -932.88378862
   -932.92828074
   -932.90777244
   -932.87624379
   -932.88947697
   -932.88578120
   -932.90661539
   -932.90038623
   -932.94355032
   -932.87228140
   -932.92911210
   -932.89977324
   -932.92005646
   -932.88686566
   -932.92309773
   -932.89126047
   -932.91877870
   -932.92544602
   -932.90841236
   -932.91423090
   -932.89180813
   -932.91913020
   -932.91143330
   -932.92245591
   -932.90676059
   -932.91732121
   -932.92018269
   -932.93357198
   -932.89458218
   -932.94540609
   -932.90334413
   -932.93190123
   -932.92920127
   -932.90733949
   -932.92067182
   -932.91242663
   -932.90401762
   -932.92039873
   -932.88528130
   -932.90563685
   -932.88120819
   -932.92530348
   -932.90435097
   -932.92413252
   -932.90558997
   -932.91860955
   -932.91541101
   -932.88505859
   -932.89819571
   -932.91432087
   -932.90781299
   -932.92172453
   -932.90018720
   -932.92926891
   -932.92965234
   -932.92389904
   -932.92743591
   -932.89276939
   -932.91880506
   -932.92162363
   -932.93689803
   -932.93286606
   -932.89773774
   -932.90025170
   -932.90082109
   -932.88975908
   -932.88471865
   -932.90427189
   -932.89473201
   -932.91111593
   -932.93885244
   -932.89610386
   -932.88401364
   -932.90147696
   -932.92556742
   -932.93150383
   -932.93541010
   -932.88986082
   -932.93477680
   -932.92177654
   -932.93026972
   -932.93485560
   -932.91606413
   -932.91847595
   -932.88028173
   -932.92160716
   -932.89013040
   -932.92444420
   -932.93266361
   -932.93945813
   -932.90473764
   -932.93010289
   -932.91723163
   -932.93369473
   -932.90455189
   -932.91616139
   -932.89891779
   -932.90251781
   -932.88481124
   -932.92018179
   -932.91013391
   -932.89759063
   -932.91858176
   -932.88949720
   -932.90332195
   -932.91940068
   -932.92996661
   -932.92542572
   -932.92612449
   -932.91443121
   -932.91441746
   -932.90108768
   -932.92073251
   -932.93798078
   -932.93000368
   -932.90560851
   -932.92168299
   -932.90407017
   -932.90652597
   -932.91585285
   -932.89835966
   -932.92288324
   -932.91911215
   -932.89510970
   -932.92523392
   -932.88920945
   -932.91669121
   -932.89791236
   -932.91126782
   -932.89792748
   -932.93092207
   -932.90265556
   -932.90850810
   -932.89635937
   -932.92177435
   -932.91613309
   -932.91095761
   -932.92110829
   -932.90975337
   -932.91927647
   -932.90921255
   -932.94658571
   -932.92292278
   -932.90051048
   -932.92114472
   -932.89816049
   -932.91486442
   -932.92992175
   -932.91428486
   -932.91305890
   -932.90287203
   -932.91037878
   -932.89642178
   -932.89079727
   -932.90053216
   -932.93152400
   -932.93569686
   -932.89856295
   -932.89816283
   -932.89655208
   -932.93949081
   -932.93589006
   -932.92809157
   -932.90396740
   -932.93931156
   -932.93441844
   -932.89840497
   -932.93124520
   -932.93509473
   -932.90776441
   -932.91895154
   -932.92154245
   -932.90879122
   -932.90214419
   -932.88375283
   -932.93150813
   -932.92697464
   -932.91039414
   -932.92385348
   -932.91639540
   -932.91067634
   -932.90717909
   -932.93195414
   -932.93069037
   -932.92109543
   -932.88275667
   -932.91040804
   -932.90740451
   -932.93495909
   -932.92957600
   -932.91038529
   -932.92552765
   -932.92088020
   -932.90651655
   -932.94916675
   -932.92764547
   -932.89698573
   -932.92685494
   -932.91488271
   -932.90298881
   -932.93576391
   -932.93647841
   -932.92645581
   -932.93568562
   -932.91794339
   -932.90620215
   -932.91856997
   -932.91791802
   -932.94082476
   -932.84936521
   -932.94629967
   -932.90372298
   -932.89877001
   -932.89602326
   -932.90047658
   -932.90528399
   -932.85658685
   -932.88297164
   -932.92981530
   -932.92287347
   -932.90247280
   -932.93225072
   -932.89580184
   -932.90910768
   -932.92951417
   -932.91755268
   -932.89574020
   -932.90464140
   -932.90764104
   -932.90694016
   -932.94100450
   -932.91787385
   -932.89910569
   -932.91559737
   -932.92291586
   -932.92671230
   -932.93572169
   -932.93100564
   -932.93497587
   -932.86522154
   -932.91437435
   -932.93314752
   -932.89248123
   -932.91187904
   -932.92329938
   -932.89977980
   -932.93851507
   -932.91554879
   -932.90186494
   -932.93153431
   -932.89629384
   -932.90651501
   -932.90115147
   -932.92489372
   -932.89344690
   -932.90080938
   -932.87834091
   -932.93979154
   -932.91027875
   -932.93726334
   -932.90307763
   -932.90705476
   -932.89126530
   -932.91464123
   -932.90463765
   -932.90772487
   -932.92883117
   -932.93848604
   -932.91267924
   -932.87865199
   -932.89600527
   -932.91506917
   -932.92512864
   -932.93376949
   -932.92073278
   -932.89100021
   -932.90985381
   -932.93148693
   -932.90715219
   -932.89765912
   -932.93544163
   -932.89583610
   -932.89898064
   -932.92542105
   -932.91442640
   -932.91203878
   -932.90732568
   -932.91421819
   -932.88911171
   -932.91812125
   -932.90068915
   -932.89873931
   -932.91494136
   -932.91097191
   -932.89926781
   -932.91466260
   -932.90434659
   -932.91852539
   -932.92116581
   -932.90030084
   -932.88647884
   -932.92287459
   -932.89737383
   -932.90318389
   -932.93724301
   -932.92523333
   -932.93494104
   -932.91956184
   -932.90512588
   -932.89877577
   -932.91740236
   -932.90373491
   -932.94276166
   -932.92162648
   -932.90163106
   -932.90923475
   -932.91355137
   -932.93760222
   -932.90300589
   -932.90856067
   -932.89822025
   -932.90196227
   -932.92513182
   -932.89242182
   -932.93399860
   -932.90576131
   -932.89305323
   -932.87703057
   -932.89539263
   -932.91636257
   -932.91012563
   -932.92638085
   -932.92146287
   -932.87691192
   -932.90932859
   -932.90607148
   -932.93132336
   -932.91034526
   -932.89206070
   -932.90502499
   -932.90562899
   -932.92664088
   -932.89604610
   -932.89293449
   -932.89019271
   -932.90765315
   -932.91129944
   -932.89476668
   -932.92889356
   -932.90760201
   -932.88846559
   -932.92730277
   -932.93871221
   -932.87965877
   -932.94146504
   -932.91034605
   -932.90917034
   -932.90418980
   -932.91703231
   -932.90201397
   -932.92844315
   -932.90209871
   -932.92493928
   -932.93023738
   -932.90339208
   -932.89330572
   -932.92135935
   -932.92118747
   -932.91478265
   -932.90652515
   -932.90484303
   -932.89668172
   -932.90718194
   -932.85949596
   -932.93365430
   -932.90421969
   -932.93022794
   -932.90403952
   -932.90082072
   -932.90718475
   -932.90408942
   -932.88963047
   -932.88768973
   -932.90475923
   -932.91943478
   -932.93053996
   -932.89494931
   -932.89713288
   -932.88268392
   -932.92773343
   -932.89605014
   -932.90042483
   -932.92427141
   -932.93770949
   -932.94230118
   -932.90054717
   -932.89569569
   -932.87295960
   -932.90307636
   -932.88467124
   -932.90479614
   -932.87763640
   -932.87326313
   -932.92699416
   -932.93009695
   -932.92838878
   -932.93280351
   -932.85458367
   -932.92080689
   -932.92521992
   -932.87789067
   -932.93837444
   -932.91408437
   -932.87394970
   -932.89361194
   -932.92332962
   -932.92644605
   -932.90411548
   -932.91060620
   -932.90429374
   -932.88716838
   -932.91598223
   -932.92584625
   -932.93184860
   -932.91316054
   -932.92062618
   -932.92035693
   -932.90747605
   -932.90781750
   -932.94415533
   -932.92269266
   -932.91904681
   -932.94062085
   -932.93038771
   -932.91730421
   -932.89845259
   -932.90038756
   -932.91213072
   -932.90481214
   -932.91442997
   -932.91985214
   -932.89075416
   -932.90378140
   -932.92218455
   -932.93370719
   -932.94488603
   -932.93744868
   -932.89762915
   -932.93011675
   -932.90029449
   -932.86851874
   -932.90457086
   -932.93442963
   -932.91314298
   -932.93536289
   -932.90346747
   -932.92604585
   -932.90203916
   -932.92560742
   -932.92227426
   -932.88559921
   -932.91287310
   -932.88141069
   -932.89827773
   -932.89768184
   -932.88065777
   -932.92701019
   -932.91775314
   -932.92072877
   -932.90253866
   -932.89554214
   -932.93845587
   -932.92327256
   -932.88035654
   -932.88358672
   -932.92927489
   -932.91410339
   -932.88687813
   -932.91221174
   -932.94228722
   -932.91912739
   -932.93662424
   -932.94138259
   -932.90271621
   -932.92478895
   -932.91137193
   -932.92211537
   -932.93269769
   -932.93748468
   -932.92745743
   -932.90134965
   -932.91605382
   -932.88741578
   -932.89537337
   -932.92008088
   -932.89806813
   -932.89716793
   -932.90350814
   -932.92211520
   -932.91088823
   -932.93362167
   -932.89872363
   -932.94053292
   -932.88769083
   -932.93918938
   -932.92865642
   -932.92066895
   -932.90266897
   -932.91773355
   -932.90373137
   -932.90050951
   -932.92661636
   -932.91898763
   -932.92115883
   -932.93431682
   -932.90258166
   -932.89505573
   -932.94051077
   -932.86332385
   -932.92354541
   -932.90310920
   -932.89087469
   -932.89310824
   -932.88815387
   -932.90928990
   -932.92405037
   -932.90709664
   -932.93668443
   -932.87042608
   -932.92318766
   -932.89582924
   -932.91798320
   -932.89826698
   -932.90421547
   -932.91993253
   -932.90890854
   -932.88942750
   -932.91741107
   -932.93222491
   -932.89378818
   -932.85669015
   -932.90356171
   -932.93475030
   -932.92551823
   -932.90498635
   -932.91238875
   -932.91484062
   -932.93968867
   -932.90323134
   -932.92458238
   -932.89477434
   -932.91248493
   -932.89602691
   -932.92018271
   -932.92385557
   -932.93071446
   -932.90910332
   -932.91746980
   -932.92676909
   -932.91656986
   -932.89445030
   -932.91686273
   -932.93969061
   -932.90511550
   -932.90461934
   -932.91077977
   -932.91067527
   -932.89288893
   -932.91612652
   -932.90125878
   -932.92547578
   -932.90505669
   -932.93484297
   -932.92285830
   -932.91667031
   -932.91525791
   -932.91290272
   -932.89674331
   -932.89542070
   -932.91951714
   -932.92034627
   -932.92848339
   -932.88854804
   -932.93961322
   -932.90704716
   -932.90804609
   -932.90912167
   -932.90948045
   -932.89063907
   -932.91084929
   -932.90878132
   -932.91333539
   -932.92014993
   -932.92939608
   -932.90490155
   -932.93377220
   -932.89336826
   -932.93609462
   -932.91654414
   -932.89432121
   -932.91435366
   -932.92599094
   -932.90812172
   -932.91677728
   -932.93652343
   -932.92612589
   -932.91158552
   -932.92406800
   -932.89871666
   -932.92295641
   -932.90956445
   -932.92059138
   -932.90881074
   -932.90875215
   -932.92429269
   -932.90681105
   -932.88818265
   -932.90332876
   -932.91221308
   -932.88500050
   -932.93513752
   -932.92071654
   -932.90325699
   -932.94166856
   -932.89741283
   -932.87996765
   -932.93274378
   -932.92717259
   -932.91961433
   -932.92293415
   -932.90726231
   -932.90459820
   -932.89978184
   -932.90823203
   -932.93419966
   -932.91228318
   -932.91296946
   -932.91039662
   -932.91120749
   -932.93135032
   -932.86702585
   -932.93279111
   -932.92398649
   -932.90182441
   -932.89124409
   -932.90817824
   -932.89301530
   -932.91867870
   -932.90403738
   -932.91978589
   -932.93132617
   -932.90553493
   -932.93617290
   -932.90934917
   -932.92730360
   -932.91908926
   -932.93039417
   -932.93099865
   -932.91982955
   -932.92038520
   -932.94498978
   -932.91561691
   -932.89701692
   -932.89503868
   -932.90412324
   -932.91072516
   -932.92437730
   -932.91909238
   -932.90656252
   -932.89720136
   -932.93379533
   -932.93277696
   -932.92147464
   -932.90041538
   -932.90061562
   -932.90387779
   -932.91746722
   -932.91565795
   -932.92098464
   -932.92033843
   -932.91102400
   -932.88488513
   -932.87379805
   -932.93019318
   -932.94353621
   -932.89613719
   -932.93282523
   -932.92346453
   -932.88487996
   -932.92706675
   -932.89122755
   -932.93128540
   -932.92936187
   -932.88094010
   -932.92579459
   -932.92214348
   -932.91482021
   -932.90831294
   -932.93203646
   -932.89676554
   -932.92282172
   -932.90776862
   -932.92374667
   -932.91308661
   -932.93430524
   -932.89921184
   -932.93851364
   -932.91715439
   -932.92926766
   -932.89387640
   -932.92463339
   -932.92519214
   -932.89620588
   -932.91862816
   -932.89033946
   -932.90800459
   -932.91121637
   -932.90447780
   -932.90378962
   -932.91043965
   -932.91497243
   -932.89068927
   -932.92639553
   -932.90926674
   -932.91830321
   -932.89789059
   -932.93226033
   -932.90815753
   -932.92076010
   -932.92322703
   -932.92708417
   -932.86589091
   -932.92129085
   -932.90242163
   -932.91541912
   -932.90680824
   -932.92835743
   -932.94159116
   -932.93161435
   -932.92426638
   -932.90818947
   -932.92009266
   -932.93245013
   -932.90913468
   -932.92630846
   -932.91857154
   -932.88886063
   -932.91816456
   -932.90611353
   -932.93268347
   -932.91240665
   -932.91158398
   -932.93001963
   -932.92734879
   -932.91189222
   -932.90996014
   -932.91754460
   -932.92412664
   -932.91505777
   -932.90640073
   -932.90869791
   -932.93027812
   -932.92401362
   -932.89932696
   -932.91888785
   -932.93131292
   -932.88092955
   -932.91654780
   -932.91599224
   -932.87079816
   -932.92291575
   -932.93078029
   -932.90589555
   -932.89581887
   -932.90255938
   -932.91401170
   -932.92804071
   -932.91839055
   -932.94193620
   -932.91100779
   -932.92582156
   -932.91514230
   -932.93193393
   -932.90341346
   -932.92645675
   -932.91853126
   -932.94678317
   -932.90681891
   -932.93426874
   -932.90121821
   -932.92204048
   -932.89947660
   -932.91796452
   -932.93788009
   -932.92314028
   -932.94377418
   -932.94659134
   -932.90438632
   -932.90574197
   -932.91170440
   -932.92763030
   -932.89202942
   -932.91245865
   -932.93133390
   -932.87197916
   -932.89430020
   -932.89274586
   -932.89847038
   -932.94874837
   -932.92132818
   -932.92005715
   -932.91065342
   -932.90704321
   -932.92796678
   -932.92934232
   -932.89282277
   -932.91115237
   -932.89783379
   -932.90593109
   -932.90893944
   -932.93509184
   -932.92239351
   -932.90681095
   -932.92176790
   -932.91072951
   -932.92129711
   -932.93562392
   -932.91892656
   -932.92041321
   -932.88934823
   -932.93069685
   -932.92535500
   -932.90623152
   -932.89967385
   -932.91292148
   -932.92330359
   -932.90982791
   -932.92822372
   -932.91037112
   -932.85678517
   -932.88569884
   -932.91386215
   -932.91799771
   -932.92551187
   -932.91223098
   -932.91626169
   -932.92423534
   -932.92784684
   -932.91594981
   -932.88471315
   -932.90160769
   -932.88504490
   -932.93033792
   -932.88170822
   -932.88762712
   -932.88485518
   -932.89519067
   -932.90677230
   -932.92091589
   -932.90467109
   -932.89671827
   -932.92642381
   -932.92983747
   -932.90971182
   -932.89318829
   -932.93407021
   -932.93466584
   -932.91580611
   -932.93592298
   -932.90366923
   -932.83102823
   -932.93845548
   -932.87207905
   -932.94082974
   -932.92425134
   -932.90859388
   -932.88015789
   -932.90829308
   -932.89841090
   -932.89632867
   -932.92053658
   -932.88985342
   -932.91295439
   -932.88422160
   -932.90066747
   -932.91420472
   -932.91022722
   -932.91896430
   -932.87882345
   -932.93298116
   -932.88073677
   -932.89940459
   -932.89005421
   -932.91140261
   -932.88052751
   -932.88675463
   -932.92691612
   -932.91007383
   -932.92168275
   -932.90675437
   -932.90193840
   -932.90653132
   -932.89417165
   -932.88443436
   -932.91747052
   -932.90986908
   -932.90704754
   -932.88452703
   -932.90333386
   -932.94083853
   -932.92281674
   -932.88773373
   -932.89478640
   -932.93970127
   -932.89512140
   -932.91683912
   -932.90352578
   -932.88305462
   -932.89842937
   -932.87960923
   -932.93703598
   -932.92440843
   -932.93433807
   -932.94417310
   -932.93850324
   -932.89816550
   -932.91595952
   -932.89008468
   -932.86810553
   -932.92528867
   -932.88221006
   -932.91035657
   -932.88947634
   -932.90619436
   -932.92897811
   -932.91829003
   -932.90798543
   -932.93942451
   -932.89728472
   -932.92449160
   -932.90462066
   -932.90518738
   -932.90057733
   -932.91744516
   -932.89824027
   -932.90941969
   -932.90912239
   -932.89699525
   -932.93285927
   -932.91073655
   -932.92578836
   -932.92163471
   -932.91596680
   -932.91178105
   -932.90788665
   -932.91698188
   -932.90995278
   -932.92785258
   -932.93075120
   -932.91802164
   -932.91666877
   -932.90148305
   -932.89590832
   -932.89127271
   -932.91456329
   -932.90357658
   -932.88290831
   -932.90811980
   -932.92577772
   -932.93933369
   -932.93541021
   -932.90582703
   -932.89781186
   -932.89010538
   -932.91645817
   -932.93446191
   -932.91916985
   -932.90500740
   -932.90842042
   -932.87289497
   -932.92173298
   -932.92988124
   -932.93407127
   -932.94119060
   -932.93203511
   -932.92127256
   -932.89137888
   -932.91706706
   -932.89679911
   -932.90952673
   -932.92061576
   -932.91164817
   -932.91200461
   -932.86637410
   -932.90071561
   -932.89222766
   -932.93371781
   -932.91647939
   -932.90094828
   -932.91061871
   -932.90191500
   -932.90112995
   -932.92290206
   -932.90480489
   -932.93427186
   -932.90814063
   -932.92738589
   -932.91878273
   -932.92013880
   -932.90994339
   -932.93981291
   -932.91772249
   -932.91321380
   -932.91536200
   -932.92410029
   -932.93925669
   -932.90165827
   -932.91122830
   -932.88256327
   -932.92711507
   -932.90326998
   -932.90807429
   -932.91707721
   -932.90051920
   -932.90559764
   -932.92667998
   -932.94252178
   -932.89715370
   -932.92742230
   -932.87171567
   -932.88662990
   -932.90187468
   -932.89317337
   -932.91606672
   -932.94317256
   -932.93647034
   -932.89135432
   -932.90510127
   -932.88698049
   -932.92878144
   -932.93112212
   -932.91689364
   -932.91896760
   -932.92333179
   -932.91601978
   -932.92299287
   -932.92109133
   -932.91883454
   -932.90265528
   -932.93227556
   -932.86498447
   -932.91638917
   -932.89626381
   -932.89958737
   -932.91911105
   -932.92757371
   -932.91745376
   -932.89519015
   -932.91031042
   -932.90294023
   -932.88892847
   -932.90408146
   -932.90059166
   -932.90203198
   -932.93023140
   -932.91324100
   -932.93506048
   -932.94152407
   -932.93797982
   -932.93305970
   -932.91702094
   -932.89919364
   -932.90519250
   -932.91948450
   -932.89396375
   -932.88288826
   -932.92153564
   -932.89912307
   -932.89880843
   -932.91617890
   -932.90420028
   -932.92550284
   -932.91116914
   -932.93142830
   -932.93946216
   -932.87019158
   -932.92421749
   -932.90806416
   -932.87317774
   -932.92772981
   -932.93089362
   -932.90323203
   -932.93700677
   -932.91791338
   -932.91885498
   -932.89426608
   -932.93082427
   -932.91482866
   -932.88125305
   -932.92115171
   -932.92731897
   -932.91371090
   -932.91803244
   -932.91054277
   -932.89691195
   -932.92033366
   -932.90883474
   -932.93143526
   -932.89679588
   -932.90680571
   -932.91948869
   -932.90966445
   -932.90666494
   -932.88702668
   -932.90584916
   -932.89917921
   -932.88751422
   -932.89829502
   -932.93097551
   -932.91161716
   -932.91182023
   -932.92366451
   -932.90858957
   -932.89948352
   -932.90467129
   -932.89702989
   -932.89125800
   -932.91533372
   -932.91885495
   -932.91026355
   -932.92772556
   -932.89197723
   -932.87139059
   -932.91489622
   -932.87774320
   -932.90254876
   -932.90680505
   -932.89174705
   -932.91701028
   -932.90619821
   -932.89932662
   -932.93180277
   -932.89348772
   -932.89321259
   -932.89351643
   -932.91062977
   -932.90740442
   -932.91804862
   -932.90369365
   -932.89228723
   -932.92133443
   -932.91397096
   -932.93347334
   -932.91369890
   -932.89236183
   -932.93415472
   -932.89012811
   -932.88988926
   -932.91234953
   -932.89388060
   -932.90462297
   -932.92786180
   -932.85720346
   -932.93261023
   -932.93117573
   -932.90894502
   -932.93075603
   -932.91664296
   -932.89819474
   -932.91326698
   -932.92486869
   -932.88275922
   -932.92360447
   -932.87315603
   -932.90942016
   -932.92679374
   -932.92242552
   -932.90127613
   -932.92134880
   -932.89214202
   -932.92763210
   -932.90362273
   -932.91201784
   -932.90054780
   -932.90879794
   -932.92147658
   -932.90394094
   -932.90147562
   -932.86936528
   -932.90200906
   -932.92090730
   -932.89268126
   -932.92349616
   -932.86161158
   -932.90927581
   -932.89888565
   -932.90555601
   -932.90098159
   -932.92764035
   -932.90149489
   -932.92104376
   -932.92652680
   -932.92989455
   -932.88805408
   -932.91014049
   -932.90881578
   -932.87414354
   -932.93587729
   -932.89908893
   -932.90938955
   -932.89307607
   -932.91002717
   -932.91814073
   -932.90403613
   -932.93436072
   -932.90468472
   -932.92248308
   -932.90468036
   -932.89405675
   -932.93322182
   -932.90501332
   -932.92946277
   -932.89675628
   -932.89572612
   -932.90574369
   -932.90203295
   -932.89708279
   -932.89840401
   -932.90592658
   -932.92424321
   -932.92211869
   -932.89175134
   -932.90535937
   -932.90651469
   -932.89958882
   -932.92056736
   -932.91045419
   -932.92075394
   -932.91789359
   -932.92492851
   -932.90429755
   -932.92664739
   -932.89223398
   -932.90295170
   -932.88525740
   -932.87690668
   -932.93287738
   -932.91216402
   -932.91959355
   -932.93043374
   -932.93457061
   -932.92506650
   -932.91021605
   -932.90274671
   -932.93067773
   -932.94349348
   -932.93437939
   -932.91956023
   -932.88913393
   -932.92384121
   -932.90157147
   -932.93798348
   -932.90236487
   -932.89309220
   -932.92395135
   -932.91547201
   -932.91147769
   -932.91410454
   -932.93424822
   -932.92892552
   -932.89579867
   -932.89333293
   -932.91087097
   -932.86938064
   -932.93568905
   -932.90797212
   -932.92991685
   -932.91006249
   -932.91962560
   -932.90965934
   -932.88309471
   -932.92675469
   -932.88749995
   -932.92462294
   -932.89311473
   -932.92037646
   -932.92125726
   -932.91290460
   -932.89041487
   -932.89979715
   -932.93079372
   -932.92686559
   -932.92335573
   -932.90479736
   -932.93002102
   -932.90026091
   -932.90428578
   -932.92373150
   -932.93955196
   -932.88862725
   -932.91534691
   -932.91746131
   -932.91817181
   -932.92076739
   -932.92223521
   -932.90951466
   -932.90823163
   -932.90424114
   -932.91508797
   -932.87743481
   -932.89663021
   -932.90490013
   -932.91217079
   -932.86308596
   -932.89037270
   -932.89782468
   -932.88904843
   -932.89175926
   -932.91163356
   -932.92335321
   -932.88397647
   -932.91333866
   -932.90577338
   -932.89588828
   -932.92016947
   -932.92220411
   -932.92364486
   -932.92948965
   -932.90958623
   -932.89196545
   -932.91675592
   -932.91004898
   -932.90792199
   -932.93385051
   -932.90288636
   -932.90770277
   -932.93225043
   -932.91187153
   -932.92442902
   -932.89943175
   -932.90570841
   -932.86117581
   -932.90495851
   -932.92836748
   -932.92217077
   -932.90368854
   -932.87251107
   -932.89095589
   -932.94510161
   -932.90033795
   -932.86106668
   -932.91774253
   -932.93074244
   -932.93297407
   -932.92162002
   -932.91228918
   -932.91007096
   -932.88141217
   -932.90231645
   -932.90153697
   -932.91676872
   -932.91980719
   -932.90212241
   -932.88729332
   -932.94168343
   -932.92928192
   -932.92732259
   -932.94487724
   -932.89678480
   -932.91228716
   -932.93669876
   -932.88938933
   -932.88954457
   -932.90347847
   -932.91585326
   -932.89642514
   -932.90864641
   -932.90459137
   -932.90700710
   -932.92377846
   -932.89592354
   -932.90498721
   -932.91560935
   -932.93156879
   -932.89776305
   -932.90698304
   -932.89201736
   -932.91472973
   -932.91182692
   -932.93032111
   -932.93037612
   -932.94209292
   -932.90171942
   -932.89978270
   -932.91017137
   -932.92872594
   -932.89563578
   -932.90532432
   -932.91182952
   -932.93002233
   -932.91268433
   -932.87156168
   -932.94349790
   -932.93663411
   -932.90032706
   -932.90552373
   -932.91302788
   -932.93396047
   -932.90376627
   -932.91563743
   -932.91259476
   -932.93988740
   -932.91458909
   -932.91005664
   -932.90548088
   -932.91252864
   -932.92593756
   -932.91648216
   -932.92964198
   -932.91736045
   -932.94092600
   -932.90798521
   -932.89057572
   -932.91343674
   -932.92766886
   -932.92972905
   -932.88256144
   -932.91028198
   -932.87437535
   -932.89989913
   -932.90227380
   -932.91805408
   -932.94326130
   -932.93387496
   -932.89246207
   -932.90459353
   -932.90869523
   -932.89185150
   -932.90409594
   -932.91888865
   -932.92553119
   -932.90438744
   -932.89868561
   -932.92200678
   -932.91514495
   -932.91272494
   -932.89627923
   -932.91555465
   -932.91880402
   -932.90099431
   -932.90193083
   -932.91098211
   -932.89376853
   -932.93587760
   -932.93728571
   -932.90176138
   -932.90996411
   -932.90793482
   -932.94043961
   -932.90584022
   -932.94246668
   -932.92724694
   -932.92451506
   -932.90178587
   -932.91619235
   -932.91721502
   -932.93348924
   -932.91307518
   -932.88659168
   -932.93456075
   -932.91672344
   -932.92156912
   -932.94115621
   -932.89789900
   -932.91698151
   -932.92080923
   -932.89475306
   -932.93544652
   -932.89336289
   -932.92072875
   -932.92577484
   -932.87209561
   -932.91831835
   -932.89129672
   -932.89833644
   -932.91656176
   -932.92447675
   -932.90896762
   -932.92963912
   -932.90524365
   -932.90324041
   -932.89672078
   -932.91850608
   -932.92409566
   -932.91639409
   -932.94100917
   -932.89879842
   -932.92003352
   -932.92174215
   -932.90629411
   -932.91094920
   -932.89043339
   -932.90402044
   -932.89403501
   -932.88729173
   -932.91297811
   -932.91541129
   -932.94231126
   -932.94098900
   -932.90587762
   -932.89245991
   -932.90620711
   -932.89771951
   -932.93943990
   -932.93520417
   -932.87285741
   -932.88156408
   -932.89083036
   -932.90310253
   -932.92751728
   -932.90166329
   -932.89208093
   -932.90727343
   -932.91992683
   -932.92988367
   -932.91872725
   -932.92394213
   -932.91523902
   -932.91350312
   -932.85748151
   -932.91966124
   -932.93816898
   -932.92614771
   -932.88946828
   -932.93185496
   -932.90171062
   -932.89457396
   -932.88853689
   -932.89917847
   -932.92482222
   -932.90654040
   -932.90462486
   -932.89797489
   -932.90863515
   -932.92302916
   -932.91299064
   -932.90739980
   -932.90565116
   -932.91209216
   -932.90042853
   -932.89423655
   -932.91998035
   -932.93582858
   -932.87889633
   -932.89633875
   -932.91893178
   -932.89800364
   -932.87908948
   -932.93443386
   -932.90876068
   -932.90841243
   -932.93101739
   -932.92982994
   -932.89132265
   -932.92835826
   -932.93594111
   -932.89730858
   -932.89318510
   -932.91290301
   -932.93019535
   -932.88961066
   -932.93892033
   -932.90174657
   -932.90275654
   -932.89409560
   -932.91593027
   -932.92273734
   -932.91299012
   -932.88517853
   -932.93241555
   -932.93197168
   -932.87170192
   -932.92266922
   -932.90725693
   -932.93325922
   -932.89689574
   -932.91604241
   -932.89098262
   -932.89265428
   -932.92550428
   -932.93389732
   -932.90637861
   -932.92538113
   -932.94115818
   -932.91618803
   -932.93023423
   -932.93533208
   -932.90886381
   -932.90913439
   -932.92215032
   -932.93316975
   -932.93151046
   -932.90511668
   -932.91184335
   -932.92446165
   -932.91799161
   -932.88999661
   -932.93046638
   -932.89884544
   -932.91269082
   -932.90085953
   -932.91707463
   -932.92097222
   -932.89955863
   -932.90527507
   -932.91734806
   -932.93840276
   -932.91352397
   -932.93073908
   -932.87968687
   -932.92780091
   -932.92471740
   -932.92659073
   -932.93961185
   -932.90466981
   -932.89770562
   -932.92320539
   -932.89204842
   -932.93975690
   -932.90912713
   -932.89682419
   -932.92761404
   -932.94407683
   -932.91813942
   -932.93850886
   -932.93387373
   -932.83961827
   -932.92906534
   -932.93578846
   -932.91359390
   -932.90713186
   -932.92447347
   -932.91730263
   -932.91447348
   -932.91718050
   -932.91065563
   -932.88328795
   -932.90361818
   -932.91786927
   -932.87861231
   -932.89660689
   -932.89926237
   -932.92087586
   -932.92635138
   -932.92763033
   -932.92761266
   -932.90278922
   -932.89850491
   -932.91576271
   -932.90959629
   -932.90657108
   -932.90828110
   -932.89828630
   -932.90443286
   -932.90444500
   -932.92665287
   -932.93589262
   -932.93613249
   -932.91622044
   -932.91623463
   -932.91678932
   -932.94141087
   -932.89568200
   -932.91088805
   -932.92237628
   -932.91262684
   -932.93587458
   -932.89036381
   -932.88831644
   -932.92649546
   -932.92815019
   -932.90550861
   -932.90828287
   -932.89664201
   -932.90835346
   -932.91639601
   -932.92672590
   -932.90566291
   -932.90915623
   -932.92825059
   -932.88941407
   -932.91490700
   -932.89667790
   -932.91587846
   -932.90512535
   -932.91548318
   -932.90355055
   -932.90888111
   -932.91676685
   -932.90457498
   -932.90265781
   -932.93733692
   -932.93724238
   -932.90018689
   -932.90523962
   -932.91555885
   -932.91144693
   -932.89096347
   -932.92539888
   -932.94813340
   -932.90749345
   -932.89461212
   -932.91345038
   -932.92261468
   -932.91696207
   -932.89895018
   -932.87106165
   -932.90672414
   -932.87734509
   -932.89877820
   -932.93386650
   -932.88490734
   -932.92746705
   -932.92493029
   -932.92444915
   -932.92404352
   -932.92921426
   -932.91002323
   -932.90308962
   -932.89828587
   -932.91633133
   -932.91684770
   -932.93290050
   -932.93740140
   -932.91070176
   -932.92347902
   -932.93767317
   -932.91042780
   -932.89998986
   -932.88666363
   -932.89335817
   -932.88522134
   -932.87913290
   -932.91377792
   -932.89097485
   -932.92923756
   -932.89507240
   -932.91158736
   -932.89717356
   -932.93284039
   -932.93566500
   -932.92672340
   -932.92060907
   -932.90790235
   -932.94130717
   -932.91421341
   -932.91739093
   -932.88881740
   -932.88845902
   -932.91042994
   -932.90897702
   -932.91177098
   -932.93479255
   -932.91449164
   -932.89842483
   -932.88695990
   -932.93463009
   -932.89493086
   -932.90491132
   -932.90575542
   -932.93138649
   -932.90727016
   -932.92567851
   -932.88563011
   -932.88155780
   -932.89745750
   -932.93007880
   -932.92186456
   -932.91087615
   -932.89760949
   -932.90990397
   -932.92083829
   -932.90328146
   -932.93552514
   -932.90149258
   -932.88836600
   -932.89470263
   -932.89813227
   -932.91730758
   -932.87505700
   -932.90037745
   -932.94609718
   -932.90607243
   -932.89217279
   -932.92360476
   -932.89789746
   -932.89967107
   -932.90211670
   -932.91459863
   -932.90873569
   -932.89948274
   -932.88614919
   -932.91302824
   -932.92647877
   -932.89417265
   -932.92550312
   -932.93291911
   -932.89508798
   -932.92254676
   -932.91873237
   -932.89274962
   -932.92033814
   -932.89515143
   -932.92841062
   -932.90107643
   -932.92529270
   -932.89526311
   -932.92552029
   -932.88983821
   -932.90434671
   -932.88450392
   -932.92940569
   -932.94193048
   -932.88973470
   -932.90744545
   -932.88745296
   -932.90661848
   -932.91680907
   -932.89514179
   -932.90982787
   -932.89808702
   -932.92570491
   -932.90010530
   -932.92744249
   -932.92837196
   -932.93154876
   -932.90789445
   -932.93224193
   -932.89508674
   -932.90860786
   -932.90577594
   -932.92262457
   -932.92756975
   -932.90696692
   -932.91806996
   -932.89929156
   -932.93918268
   -932.93641627
   -932.93328696
   -932.92776795
   -932.91958150
   -932.92306399
   -932.89437645
   -932.91713620
   -932.92186288
   -932.90954412
   -932.88526276
   -932.90486453
   -932.92582790
   -932.92058785
   -932.89632166
   -932.91262799
   -932.90705726
   -932.90933173
   -932.90387925
   -932.90198262
   -932.90171286
   -932.93474662
   -932.90066502
   -932.93767709
   -932.94353979
   -932.92567403
   -932.91486044
   -932.91622201
   -932.87946519
   -932.94128502
   -932.91650225
   -932.92094323
   -932.92985508
   -932.91258133
   -932.90246924
   -932.90182859
   -932.91266813
   -932.89703503
   -932.90388650
   -932.88840309
   -932.92562475
   -932.88989238
   -932.91555377
   -932.94581825
   -932.91549112
   -932.89350523
   -932.91395425
   -932.92344801
   -932.89930616
   -932.89474501
   -932.92986487
   -932.90045740
   -932.94389636
   -932.91011393
   -932.90881712
   -932.90353729
   -932.92354680
   -932.88551635
   -932.92932830
   -932.90024043
   -932.91999394
   -932.91540225
   -932.89021522
   -932.92282832
   -932.93749070
   -932.93577408
   -932.92978777
   -932.94160325
   -932.88908800
   -932.91570240
   -932.90805689
   -932.90190413
   -932.90786206
   -932.89975843
   -932.89866584
   -932.90284403
   -932.94723503
   -932.88894398
   -932.90658705
   -932.92107585
   -932.89647954
   -932.93825980
   -932.90703788
   -932.89667356
   -932.90411816
   -932.91466847
   -932.90792266
   -932.89428059
   -932.94403013
   -932.90446423
   -932.86712203
   -932.90727578
   -932.90515275
   -932.90197177
   -932.93436943
   -932.91152952
   -932.91473758
   -932.89806583
   -932.91037322
   -932.89926759
   -932.92884291
   -932.92926059
   -932.90276394
   -932.89290027
   -932.89728553
   -932.91659110
   -932.94000343
   -932.88995406
   -932.91659320
   -932.89923076
   -932.92719988
   -932.92943296
   -932.91612744
   -932.94327008
   -932.90816969
   -932.91473777
   -932.88331122
   -932.90957386
   -932.90875186
   -932.92692353
   -932.92749624
   -932.92294521
   -932.90320927
   -932.92464920
   -932.91334242
   -932.94617149
   -932.92320122
   -932.89795618
   -932.89225448
   -932.90322830
   -932.93326573
   -932.92956079
   -932.87922168
   -932.91076188
   -932.87497863
   -932.90815858
   -932.91337092
   -932.93443372
   -932.91292423
   -932.93738208
   -932.87594517
   -932.94542458
   -932.89381708
   -932.91466734
   -932.90729895
   -932.88758048
   -932.92274766
   -932.91009984
   -932.91075634
   -932.91814519
   -932.88520626
   -932.92142605
   -932.90845625
   -932.90388412
   -932.92031886
   -932.93007189
   -932.90065968
   -932.89963254
   -932.91666581
   -932.90723883
   -932.91922374
   -932.88514555
   -932.92220265
   -932.89416442
   -932.90853017
   -932.91136268
   -932.89964583
   -932.91281480
   -932.92043707
   -932.90824745
   -932.90360957
   -932.89007195
   -932.93165644
   -932.88551363
   -932.89361720
   -932.88822719
   -932.91478410
   -932.91117827
   -932.92844966
   -932.91837875
   -932.93057833
   -932.92906060
   -932.93793770
   -932.88572191
   -932.92236494
   -932.90575989
   -932.90793202
   -932.92050596
   -932.91312672
   -932.88559088
   -932.92425104
   -932.93296616
   -932.87586105
   -932.88923699
   -932.94260154
   -932.94261731
   -932.91635691
   -932.90166372
   -932.90019961
   -932.91580022
   -932.89457226
   -932.90326066
   -932.90457403
   -932.90212016
   -932.93710832
   -932.89678831
   -932.94031709
   -932.89481660
   -932.90485364
   -932.91985689
   -932.91595668
   -932.93044413
   -932.91847680
   -932.91074434
   -932.90190952
   -932.90887117
   -932.88093079
   -932.88681203
   -932.91872721
   -932.93658845
   -932.88179041
   -932.89917575
   -932.88531025
   -932.92269156
   -932.92273299
   -932.90484720
   -932.91641779
   -932.93844773
   -932.91096695
   -932.91986076
   -932.93428088
   -932.91399736
   -932.92763935
   -932.91879836
   -932.90476041
   -932.91733889
   -932.90078238
   -932.88787652
   -932.92597329
   -932.94433454
   -932.93334820
   -932.91681700
   -932.90154450
   -932.93352274
   -932.92338327
   -932.93630653
   -932.92836235
   -932.91931150
   -932.90727750
   -932.92274837
   -932.92810230
   -932.88759793
   -932.91843722
   -932.90347083
   -932.90643200
   -932.93283053
   -932.87693903
   -932.90732756
   -932.91070097
   -932.91082621
   -932.91296832
   -932.91817968
   -932.88681727
   -932.90052291
   -932.92047186
   -932.91956060
   -932.87776707
   -932.90489852
   -932.90650470
   -932.91763113
   -932.92039132
   -932.88734975
   -932.92643230
   -932.93987236
   -932.88176103
   -932.89062259
   -932.88634388
   -932.87858420
   -932.92782754
   -932.93279835
   -932.91068542
   -932.92436406
   -932.92474703
   -932.91440772
   -932.93197862
   -932.92060829
   -932.93353071
   -932.90150068
   -932.90531621
   -932.94363672
   -932.90212273
   -932.93025497
   -932.93494178
   -932.89852878
   -932.89864880
   -932.91934025
   -932.90105339
   -932.91427418
   -932.92178383
   -932.89367310
   -932.89435249
   -932.92569142
   -932.92676872
   -932.87522981
   -932.91781114
   -932.89586721
   -932.90417751
   -932.93262247
   -932.92802195
   -932.91619937
   -932.93112077
   -932.91907229
   -932.87496837
   -932.91111353
   -932.89348422
   -932.88367684
   -932.90200796
   -932.89231182
   -932.93869465
   -932.92128848
   -932.90160616
   -932.93111898
   -932.92265640
   -932.92953485
   -932.91380474
   -932.93368619
   -932.93096787
   -932.92961223
   -932.93033790
   -932.90797057
   -932.91443543
   -932.89450546
   -932.94445808
   -932.89599669
   -932.89860271
   -932.90584982
   -932.88839981
   -932.91534593
   -932.89995187
   -932.90588484
   -932.92922706
   -932.91964481
   -932.92422698
   -932.89750640
   -932.93360714
   -932.91917830
   -932.93290627
   -932.89814966
   -932.92548849
   -932.89783293
   -932.90302622
   -932.92911239
   -932.93763880
   -932.90882483
   -932.89887748
   -932.92659023
   -932.92504610
   -932.90412512
   -932.92178896
   -932.89644630
   -932.90927751
   -932.90183536
   -932.88903620
   -932.91658894
   -932.91807797
   -932.91504250
   -932.93080710
   -932.90848609
   -932.92572219
   -932.93930073
   -932.88916886
   -932.87856989
   -932.92439206
   -932.91698044
   -932.90612323
   -932.92261276
   -932.88177134
   -932.93135077
   -932.92337285
   -932.93643829
   -932.92913540
   -932.93570019
   -932.90341008
   -932.91778399
   -932.90555597
   -932.90290977
   -932.93924370
   -932.89385039
   -932.89561803
   -932.89112041
   -932.89617440
   -932.94494684
   -932.91948373
   -932.90446682
   -932.89832509
   -932.89472783
   -932.92757337
   -932.91112633
   -932.89434502
   -932.94173400
   -932.93836816
   -932.91113462
   -932.89134129
   -932.94300508
   -932.90108593
   -932.92485955
   -932.89168675
   -932.94785937
   -932.92627654
   -932.90709718
   -932.94189327
   -932.87867979
   -932.92856235
   -932.89701513
   -932.90080511
   -932.91584239
   -932.90046402
   -932.94822483
   -932.89706946
   -932.88867038
   -932.93118449
   -932.91750938
   -932.91672820
   -932.91771954
   -932.91476866
   -932.91363534
   -932.92852587
   -932.90535180
   -932.92359204
   -932.88464527
   -932.91910950
   -932.93272042
   -932.88991453
   -932.92079260
   -932.93227522
   -932.91337765
   -932.90982764
   -932.89740788
   -932.91914641
   -932.92999633
   -932.90304839
   -932.89311430
   -932.89230835
   -932.91668680
   -932.91863422
   -932.89717726
   -932.91318347
   -932.91877957
   -932.93717212
   -932.89883612
   -932.92948253
   -932.90818334
   -932.88701674
   -932.89959647
   -932.92004316
   -932.91639542
   -932.93400110
   -932.91863117
   -932.92014783
   -932.89448587
   -932.91789718
   -932.89450695
   -932.92241811
   -932.88593842
   -932.89929028
   -932.89837197
   -932.91573390
   -932.90506175
   -932.85943354
   -932.89004042
   -932.93469678
   -932.88984251
   -932.91469066
   -932.92660161
   -932.91337152
   -932.92101735
   -932.91838669
   -932.92410901
   -932.94116023
   -932.91613093
   -932.92334917
   -932.90340292
   -932.92801244
   -932.91885103
   -932.88414605
   -932.90593592
   -932.90821955
   -932.89148869
   -932.85593517
   -932.90267918
   -932.91599627
   -932.92735986
   -932.88754564
   -932.92099191
   -932.93315950
   -932.90460529
   -932.93802930
   -932.90315100
   -932.92372074
   -932.88952480
   -932.92704291
   -932.92822644
   -932.92615734
   -932.89910068
   -932.91719187
   -932.90587662
   -932.90498696
   -932.89077910
   -932.91183401
   -932.91534128
   -932.91717089
   -932.92289132
   -932.89171525
   -932.91592386
   -932.92967183
   -932.90167264
   -932.94185533
   -932.88448925
   -932.89823859
   -932.92644573
   -932.90669085
   -932.90167757
   -932.91502724
   -932.91066127
   -932.90287714
   -932.89577092
   -932.89676861
   -932.89847918
   -932.91008094
   -932.93415223
   -932.90147061
   -932.89484586
   -932.92107961
   -932.93022207
   -932.88431517
   -932.90594354
   -932.92350176
   -932.91468375
   -932.89446995
   -932.92494915
   -932.91411030
   -932.90465888
   -932.88156226
   -932.90074906
   -932.89394093
   -932.90663976
   -932.91461403
   -932.90089485
   -932.92487451
   -932.91575570
   -932.87143140
   -932.88821809
   -932.93657166
   -932.90682915
   -932.90400603
   -932.92064088
   -932.89828518
   -932.86367414
   -932.91723697
   -932.92241977
   -932.93513744
   -932.91634236
   -932.88175675
   -932.89818069
   -932.92737568
   -932.92482845
   -932.90342395
   -932.91621043
   -932.90601331
   -932.90532690
   -932.90258297
   -932.93030208
   -932.88902238
   -932.92705131
   -932.92138519
   -932.92528828
   -932.91680611
   -932.89876060
   -932.92697642
   -932.90437993
   -932.91577491
   -932.89440268
   -932.91285881
   -932.91852557
   -932.91275095
   -932.93704318
   -932.90429752
   -932.90944811
   -932.91366310
   -932.90598778
   -932.90164282
   -932.91564598
   -932.93853560
   -932.91123834
   -932.92827432
   -932.88605775
   -932.89781378
   -932.91395764
   -932.89076386
   -932.93769763
   -932.92207206
   -932.93418818
   -932.92166425
   -932.91491113
   -932.91646940
   -932.89980536
   -932.91287601
   -932.88643844
   -932.94179523
   -932.92032655
   -932.89322012
   -932.90663847
   -932.89409079
   -932.91043765
   -932.90037377
   -932.89835066
   -932.91213606
   -932.89736162
   -932.89205968
   -932.89328441
   -932.89235694
   -932.89855851
   -932.91505156
   -932.92841649
   -932.94460914
   -932.92486085
   -932.88156569
   -932.89655500
   -932.93033406
   -932.89802660
   -932.88669776
   -932.93066011
   -932.91851843
   -932.88992443
   -932.87720345
   -932.93648533
   -932.92330848
   -932.90765025
   -932.93714634
   -932.89753801
   -932.91168906
   -932.93807398
   -932.89181109
   -932.90994664
   -932.89699595
   -932.92772419
   -932.90253827
   -932.92581518
   -932.92036551
   -932.91385077
   -932.92578376
   -932.93110208
   -932.93065550
   -932.89848170
