% The following energies apply to conformations described by the topology 
% R29.top.  Structures are given in trajectory coords.cdf, count: 2736.

% Item 0:
%   Energy -> orca_structures/coor*/Conf*.out
   -964.06130727
   -964.06873927
   -964.09455473
   -964.07011653
   -964.04894998
   -964.08249429
   -964.05706667
   -964.10073490
   -964.04362133
   -964.06543563
   -964.05893288
   -964.07425836
   -964.09737595
   -964.07181412
   -964.04680163
   -964.06178820
   -964.07101049
   -964.03069162
   -964.08476039
   -964.08498551
   -964.11202588
   -964.07309242
   -964.08618996
   -964.10845792
   -964.06991444
   -964.09614162
   -964.08631951
   -964.08934200
   -964.04217231
   -964.08205102
   -964.06097815
   -964.08082201
   -964.06886123
   -964.08025205
   -964.08775195
   -964.05638320
   -964.10259235
   -964.07912495
   -964.09973158
   -964.06182361
   -964.07541232
   -964.08388518
   -964.06755990
   -964.07710293
   -964.06966656
   -964.05059644
   -964.09017019
   -964.01581287
   -964.05412356
   -964.06389807
   -964.04160301
   -964.08455652
   -964.10183784
   -964.06589652
   -964.10615982
   -964.05731825
   -964.03159347
   -964.07545657
   -964.05899085
   -964.08538016
   -964.06207015
   -964.03964028
   -964.03692236
   -964.08746624
   -964.00723565
   -964.06610326
   -964.06317438
   -964.09189678
   -964.07976011
   -964.04546667
   -964.08504890
   -964.04978558
   -964.07777823
   -964.07952622
   -964.04857087
   -964.05934497
   -964.04902167
   -964.07316277
   -964.01498666
   -964.04140807
   -964.08495823
   -964.05851451
   -964.08512050
   -964.04326502
   -964.06978804
   -964.07582042
   -964.09049054
   -963.97698664
   -964.09055424
   -964.07948096
   -964.02241436
   -964.08513653
   -964.04688799
   -964.06908041
   -964.04860953
   -964.00001261
   -963.99145852
   -964.07684106
   -964.07644071
   -964.07229727
   -964.08222530
   -964.07290521
   -964.08633930
   -964.06214489
   -964.10599566
   -964.06447129
   -964.07047676
   -964.02163605
   -964.11772876
   -964.07616060
   -964.09636905
   -964.02764123
   -964.09285934
   -964.09217886
   -964.05443590
   -964.06635563
   -964.09236970
   -964.02654715
   -964.07067991
   -964.08088137
   -964.06912264
   -964.09107170
   -964.08350448
   -964.05404579
   -964.05821765
   -964.04009035
   -964.04588779
   -964.08247880
   -964.05985372
   -964.09145949
   -964.06975038
   -964.07945806
   -964.09154094
   -964.05922903
   -964.05623157
   -964.06926627
   -964.08957803
   -964.05995070
   -964.06546282
   -964.09104445
   -964.07352872
   -964.05378927
   -964.07104049
   -964.05911611
   -964.08279579
   -964.08990262
   -963.98351518
   -964.10397898
   -964.07666459
   -964.06428037
   -964.07135115
   -963.99338637
   -964.07447012
   -964.09688876
   -963.94022402
   -964.06685847
   -964.08482998
   -964.07016215
   -964.06450502
   -964.08603507
   -964.08544713
   -964.10502625
   -964.07606284
   -964.05548349
   -964.05328287
   -964.08621972
   -964.08764859
   -964.02085224
   -964.07842588
   -964.08532173
   -964.04983074
   -964.08441201
   -964.05046231
   -964.05063478
   -964.07516466
   -964.07243912
   -964.07097288
   -964.08815778
   -964.06061406
   -964.10730346
   -964.09440695
   -964.06101264
   -964.07488153
   -964.08377145
   -964.07265155
   -964.06133526
   -964.08776826
   -964.07377366
   -964.05645920
   -964.05990251
   -964.08115315
   -964.04795939
   -964.06234173
   -964.01883407
   -964.06454520
   -964.08775408
   -964.05277294
   -964.04727756
   -964.08480255
   -964.07930074
   -964.10548665
   -964.08178322
   -964.09319040
   -964.05140516
   -964.05588124
   -964.09569348
   -964.04603256
   -964.05068498
   -964.06277400
   -964.02839889
   -964.07742210
   -964.04621452
   -964.10039232
   -964.01952022
   -964.08525730
   -964.07932307
   -964.06998869
   -964.06915264
   -964.08709091
   -964.00473505
   -964.08281394
   -964.02358004
   -964.09964676
   -964.07777730
   -964.07617037
   -964.07199511
   -964.08162785
   -964.05452558
   -964.07026616
   -964.08358977
   -964.07412804
   -964.07657610
   -964.08506845
   -964.08935343
   -964.04506763
   -964.11469501
   -964.06454557
   -964.09301902
   -964.09999801
   -964.05244055
   -964.08369671
   -964.07778296
   -964.07451145
   -964.08212759
   -964.06778631
   -964.07087172
   -964.04897945
   -964.08457193
   -964.06846686
   -964.08927047
   -964.07493819
   -964.08210507
   -964.08073864
   -964.05432526
   -964.07009856
   -964.05352971
   -964.07475678
   -964.06743499
   -964.09712875
   -964.06532489
   -963.99618015
   -964.09039921
   -964.09590114
   -964.08276460
   -964.07503478
   -964.06142456
   -964.08033829
   -964.08793322
   -964.11044771
   -964.09123627
   -964.06696323
   -964.05028475
   -964.06520011
   -964.05353312
   -964.05396663
   -964.08042273
   -964.05665185
   -964.05758642
   -964.09283561
   -964.05811204
   -964.07687017
   -964.06312600
   -964.08286202
   -964.07841205
   -964.04521636
   -964.10155993
   -964.08896476
   -964.09016978
   -964.09924673
   -963.99591085
   -964.07292813
   -964.08359539
   -964.05050748
   -964.06295154
   -964.06212259
   -964.07974119
   -964.09272175
   -964.09340066
   -964.07513729
   -964.08972437
   -964.08129162
   -964.09398257
   -964.07387502
   -964.07935966
   -964.07504431
   -964.06361524
   -964.05852084
   -964.07037011
   -964.07424121
   -964.09157085
   -964.06388894
   -964.07034894
   -964.08436293
   -964.09832065
   -964.07810065
   -964.08037958
   -964.08523507
   -964.08356541
   -964.05087187
   -964.08458243
   -964.09964660
   -964.08820551
   -963.96544943
   -964.07790254
   -964.07559214
   -964.07635369
   -964.07976023
   -964.06960815
   -964.07276129
   -964.08469071
   -964.09253797
   -964.07001629
   -964.07685906
   -964.04841238
   -964.08537334
   -964.05946917
   -964.08240661
   -964.07424095
   -964.09187350
   -964.06898210
   -964.07196133
   -964.06707059
   -964.09209640
   -964.08181650
   -964.08885147
   -964.08166120
   -964.08267935
   -964.08133282
   -964.07582881
   -964.11380627
   -964.07351528
   -964.06174149
   -964.09074759
   -964.06517274
   -964.08770891
   -964.09718735
   -964.07923617
   -964.08380741
   -964.05592599
   -964.08001753
   -964.03670260
   -964.06181958
   -964.06860536
   -964.08429966
   -964.08305629
   -964.04127704
   -964.05843494
   -964.05257670
   -964.10523167
   -964.10394804
   -964.08813805
   -964.06134058
   -964.09992538
   -964.09544964
   -964.06323171
   -964.06214055
   -964.09130727
   -964.07432055
   -964.08508801
   -964.07928324
   -964.06453818
   -964.07414146
   -964.02569362
   -964.09057943
   -964.07936656
   -964.07977353
   -964.08155261
   -964.08101337
   -964.04480302
   -963.98760745
   -964.01581950
   -964.07440543
   -964.09905429
   -964.08887228
   -964.09554226
   -964.05157352
   -964.07413990
   -964.07265584
   -964.10240067
   -964.09927660
   -964.07329242
   -964.08888384
   -964.06792407
   -964.05646593
   -964.07963879
   -964.12722815
   -964.09480891
   -964.03779030
   -964.09637347
   -964.08079360
   -964.05501236
   -964.10493447
   -964.08535480
   -964.08119481
   -964.08920923
   -964.07215566
   -964.08201152
   -964.07665040
   -964.08842521
   -964.08718734
   -964.11062284
   -964.07474008
   -964.11599401
   -964.06536774
   -964.06322960
   -964.01039063
   -964.08012857
   -964.07813447
   -964.00200448
   -964.05132576
   -964.10366088
   -964.08114133
   -964.04429365
   -964.04387492
   -964.06791326
   -964.06603790
   -964.09743066
   -964.07521626
   -964.06707027
   -964.02790506
   -964.04717152
   -964.06006951
   -964.06548683
   -964.10214199
   -964.08536540
   -964.05078431
   -964.08281329
   -964.08776505
   -964.08091448
   -964.10204171
   -964.10349400
   -964.09565376
   -964.01880118
   -964.06516719
   -964.08870288
   -964.05499577
   -964.08262865
   -964.07960176
   -964.06516501
   -964.10363785
   -964.07073304
   -964.07370386
   -964.08360853
   -964.09495760
   -964.06608117
   -964.07608559
   -964.05780943
   -964.09169232
   -964.07640657
   -964.06888681
   -964.03984499
   -964.09774665
   -964.07500248
   -964.06138806
   -964.10809346
   -964.06559650
   -964.07537188
   -964.06357208
   -964.08142958
   -964.06725091
   -964.07815772
   -964.09534401
   -964.08434938
   -964.09472437
   -964.01276910
   -964.06690667
   -964.06988132
   -964.08272573
   -964.09557055
   -964.08762810
   -964.04969589
   -964.07674761
   -964.09736847
   -964.07340239
   -964.07504157
   -964.09802415
   -964.05539175
   -964.07539077
   -964.09344334
   -964.06271337
   -964.06351301
   -964.08848381
   -964.07017887
   -964.03689946
   -964.06449937
   -964.07077024
   -964.06727664
   -964.07294147
   -964.07872618
   -964.06087904
   -964.08131982
   -964.06632498
   -964.08208986
   -964.07568690
   -964.06002570
   -964.03115608
   -964.09810686
   -964.04628152
   -964.02475964
   -964.09614018
   -964.08736333
   -964.09720483
   -964.08805603
   -964.09393742
   -964.07016577
   -964.06659911
   -964.08261471
   -964.09073684
   -964.05294253
   -964.10220625
   -964.08537796
   -964.05983230
   -964.06590847
   -964.05267954
   -964.07539542
   -964.06306041
   -964.07215306
   -964.07411245
   -964.08917868
   -964.05971116
   -964.09207371
   -964.07245742
   -964.05052763
   -964.02300092
   -964.06590004
   -964.06774651
   -964.07611219
   -964.08301819
   -964.07161398
   -964.05359888
   -964.07499253
   -964.07446876
   -964.10043631
   -964.06304597
   -964.03320823
   -964.07894016
   -964.06350781
   -964.10312322
   -964.04787813
   -964.05179487
   -964.02919666
   -964.08398643
   -964.07740570
   -964.03915670
   -964.09010344
   -964.07416312
   -964.04803968
   -964.08374222
   -964.10312949
   -964.02040324
   -964.10072446
   -964.05802163
   -964.07648542
   -964.07695986
   -964.08998245
   -964.08048638
   -964.06355805
   -964.09972082
   -964.07079222
   -964.08416377
   -964.10064449
   -964.07630445
   -964.03604103
   -964.07665806
   -964.09099071
   -964.07801534
   -964.07058942
   -964.04552552
   -964.06542644
   -964.07412149
   -964.01334004
   -964.07987054
   -964.06959259
   -964.09463985
   -964.08184783
   -964.04325845
   -964.07074967
   -964.07852972
   -964.06397895
   -964.06354955
   -964.06382536
   -964.07869119
   -964.09961884
   -964.06713389
   -964.02323165
   -964.06805016
   -964.08558586
   -964.06477426
   -964.04235496
   -964.10215136
   -964.10508837
   -964.07668786
   -964.04596602
   -964.02105468
   -964.06263003
   -964.02476657
   -964.03306688
   -964.07523665
   -964.01900503
   -963.94428474
   -964.03844904
   -964.09555538
   -964.10867261
   -964.10288972
   -964.09449119
   -964.04816193
   -964.08240954
   -964.08853376
   -964.05005823
   -964.10627308
   -964.09927115
   -964.02553654
   -964.07522762
   -964.09092335
   -964.08173105
   -964.05080292
   -964.05434424
   -964.05036809
   -964.06409056
   -964.07617672
   -964.08227547
   -964.10530796
   -964.01921946
   -964.08546509
   -964.08799348
   -964.06541513
   -964.05258612
   -964.08681480
   -964.03306250
   -964.11287238
   -964.09221409
   -964.08797108
   -964.06068588
   -964.04151065
   -964.06348036
   -964.08795386
   -964.06939026
   -964.05165052
   -964.07531338
   -964.08711876
   -964.08161850
   -964.10633112
   -964.11149914
   -964.06075281
   -964.09202500
   -964.06967926
   -963.97828087
   -964.05602800
   -964.09617179
   -964.07689713
   -964.09836063
   -964.06987811
   -964.09882104
   -964.07623882
   -964.08172420
   -964.07344875
   -964.05712021
   -964.06906538
   -964.03604893
   -964.08994614
   -964.06688598
   -964.04368055
   -964.09729395
   -964.07940733
   -964.09185162
   -964.06013852
   -964.04067529
   -964.09915496
   -964.06913618
   -964.02987073
   -964.07910049
   -964.07425535
   -964.01262843
   -964.07651673
   -964.09486557
   -964.09574140
   -964.10082654
   -964.10188883
   -964.09583356
   -964.04187201
   -964.08755855
   -964.07957597
   -964.08713860
   -964.10262472
   -964.10595309
   -964.07979763
   -964.05466562
   -964.08334659
   -964.05321878
   -964.02212203
   -964.08703117
   -964.05423876
   -964.05454498
   -964.06269526
   -964.08039579
   -964.07695481
   -964.09183360
   -964.07348409
   -964.11544964
   -964.06835282
   -964.10639015
   -964.09202411
   -964.08997144
   -964.07184459
   -964.07929518
   -964.07119833
   -964.04005280
   -964.09150706
   -964.07934531
   -964.07589809
   -964.09336671
   -964.06913886
   -963.92143602
   -964.10090644
   -964.07923493
   -964.08367835
   -964.07854259
   -964.06729141
   -964.06058175
   -964.05479198
   -964.08103410
   -964.08034294
   -964.07580173
   -964.10118017
   -964.04504571
   -963.97376603
   -964.09289004
   -964.05476147
   -964.08010816
   -964.05387278
   -963.95648572
   -964.06642691
   -964.02900153
   -964.05025152
   -964.08658530
   -964.09382650
   -964.01478212
   -963.99095037
   -964.00676590
   -964.09283773
   -964.08816690
   -964.06529749
   -964.08196833
   -964.08886053
   -964.10105363
   -964.07607724
   -964.08768512
   -964.03347191
   -964.07474126
   -964.04132546
   -964.07493752
   -964.08921644
   -964.10182306
   -964.08100103
   -964.09399890
   -964.08684655
   -964.09140905
   -964.04331676
   -964.08087357
   -964.10487881
   -964.04004704
   -964.06830321
   -964.06669286
   -964.08465406
   -964.05765011
   -964.07620429
   -964.06635987
   -964.08723384
   -964.07057727
   -964.07285153
   -964.08513055
   -964.06392842
   -964.08295317
   -964.08597963
   -964.07809318
   -964.06244098
   -964.06796887
   -964.08137521
   -964.08549947
   -964.09524832
   -964.04296263
   -964.10304654
   -964.08248109
   -964.05942550
   -964.08264674
   -964.06853761
   -964.05533952
   -964.06096473
   -964.09036596
   -964.05518220
   -964.08472822
   -964.10188093
   -964.07442660
   -964.09370874
   -964.05967964
   -964.09571593
   -964.07411651
   -964.06050983
   -964.07712270
   -964.08346021
   -964.07181616
   -964.08300005
   -964.10091718
   -964.08130439
   -964.07605997
   -964.08576943
   -964.07421169
   -964.08231188
   -964.07606910
   -964.08652583
   -964.06877437
   -964.06263931
   -964.07944798
   -964.04974341
   -964.05243937
   -964.06586599
   -964.07584100
   -964.02116057
   -964.11237540
   -964.07312228
   -964.05916718
   -964.09900773
   -964.05378708
   -964.01215891
   -964.06583143
   -964.07695445
   -964.08019173
   -964.09073753
   -964.08087019
   -964.08523905
   -964.02493678
   -964.06866148
   -964.09736983
   -964.07781735
   -964.07138828
   -964.07676116
   -964.06900227
   -964.09383106
   -964.01847768
   -964.09310909
   -964.06883386
   -964.08744299
   -964.06459358
   -964.07438084
   -964.02507783
   -964.08943187
   -964.07030312
   -964.06939392
   -964.08993425
   -964.06670786
   -964.08432261
   -964.05665446
   -964.06270695
   -964.09680661
   -964.08358783
   -964.09353329
   -964.09143575
   -964.08487266
   -964.07939710
   -964.00315573
   -964.10908510
   -964.08151846
   -964.06674352
   -964.07453793
   -963.94286721
   -964.06514251
   -964.08163762
   -964.08464002
   -964.07705271
   -964.06889849
   -964.06662824
   -964.10754564
   -964.10239606
   -964.04697786
   -964.04929922
   -964.05469253
   -964.07721675
   -964.08424921
   -964.07734393
   -964.09001497
   -964.08890285
   -964.05061501
   -964.04180166
   -964.07118230
   -964.10249105
   -964.03011066
   -964.10257724
   -964.09019144
   -964.08191203
   -964.06027306
   -964.08294424
   -964.09252846
   -964.07954645
   -964.08274364
   -964.07450363
   -964.06378857
   -964.05326473
   -963.94577482
   -964.05957161
   -964.07208326
   -964.07889388
   -964.07818328
   -964.07883928
   -964.10206925
   -964.09542912
   -964.07339368
   -964.08431444
   -964.05380816
   -964.09750710
   -964.09873928
   -964.05630711
   -964.06942737
   -964.05225415
   -964.07295133
   -964.08261179
   -964.07284154
   -964.06663789
   -964.08259297
   -964.08017289
   -964.04538779
   -964.08845965
   -964.07873120
   -964.08453513
   -964.05482046
   -964.10019577
   -964.06460542
   -964.06898404
   -964.09004597
   -964.09507539
   -964.08135909
   -964.02965012
   -964.06874331
   -964.07736669
   -964.06541337
   -964.10397355
   -964.10428625
   -964.09158225
   -964.10043312
   -964.07276024
   -964.08035862
   -964.09095692
   -964.06510062
   -964.09707936
   -964.08231413
   -964.08535802
   -964.07554117
   -964.09027437
   -964.07082557
   -964.08351514
   -964.09470515
   -964.08701076
   -964.07943208
   -964.07567058
   -964.08648413
   -964.09265234
   -964.06942770
   -964.08039843
   -964.06985751
   -964.07416665
   -964.09063198
   -964.08884560
   -964.04207061
   -964.08405715
   -964.08688664
   -964.07437692
   -964.08110965
   -964.06993070
   -964.05009366
   -964.08912242
   -964.09127276
   -964.07763224
   -964.05247494
   -964.04414863
   -964.07279120
   -964.09492978
   -964.05633563
   -964.09576696
   -964.07914506
   -964.09231713
   -964.06976095
   -964.08875494
   -964.08090055
   -964.08505440
   -964.04812191
   -964.11761900
   -964.07216048
   -964.09933448
   -964.07029842
   -964.10055779
   -964.07310601
   -964.05741425
   -964.09921720
   -964.09096987
   -964.10785416
   -964.11887884
   -964.02819176
   -964.05730141
   -964.09097889
   -964.06710968
   -964.07029662
   -964.05490170
   -964.03329593
   -964.04830155
   -964.02309015
   -964.12356031
   -964.09065508
   -964.08828591
   -964.07243782
   -964.08370786
   -964.08294798
   -964.08254179
   -964.06647652
   -964.07127518
   -964.07135249
   -964.08146130
   -964.07293312
   -964.09350569
   -964.09162904
   -964.08527103
   -964.07566309
   -964.08051893
   -964.10652701
   -964.07586716
   -964.07419232
   -964.07447209
   -964.09883751
   -964.09837490
   -964.07834343
   -964.06950140
   -964.08000892
   -964.06587506
   -964.08013770
   -964.07472358
   -964.00549766
   -964.08215275
   -964.06131191
   -964.08819350
   -964.08968701
   -964.06565096
   -964.08058453
   -964.07692144
   -964.08931573
   -964.08644304
   -964.03972217
   -964.07206771
   -964.03110404
   -964.09298579
   -964.04672608
   -964.05603663
   -964.03763368
   -964.04513621
   -964.03150846
   -964.06204336
   -964.04552750
   -964.07617514
   -964.07579226
   -964.10441756
   -964.08575651
   -964.06125840
   -964.10075042
   -964.09889841
   -964.07759684
   -964.09185270
   -964.08389431
   -964.06506101
   -964.04062321
   -964.10971134
   -964.01443563
   -964.10058493
   -964.07976825
   -964.06805316
   -964.04617954
   -964.06080757
   -964.08047791
   -964.03271802
   -964.08792802
   -964.04857173
   -964.06852306
   -964.04160463
   -964.06965878
   -964.08573164
   -963.96281958
   -964.03743824
   -964.06553066
   -964.02363459
   -964.10286448
   -964.04002498
   -964.07435819
   -964.04401527
   -964.07869572
   -964.04665352
   -964.00906666
   -964.08279201
   -964.07146874
   -964.07935882
   -964.03799606
   -964.07575374
   -964.08369142
   -964.05589668
   -964.05576524
   -964.05640613
   -964.06625395
   -964.06444227
   -964.05600627
   -964.05977079
   -964.11273917
   -964.08140483
   -964.06270850
   -964.03076816
   -964.10875892
   -964.04893894
   -964.03979451
   -964.07015373
   -964.05815486
   -964.06130662
   -964.04879301
   -964.09317463
   -964.09296515
   -964.08904361
   -964.10341358
   -964.10262848
   -964.01309232
   -964.07993073
   -964.04154161
   -964.02598644
   -964.09154500
   -964.05628592
   -964.07460858
   -964.07730326
   -964.06262945
   -964.10117246
   -964.07008054
   -964.07711019
   -964.10827864
   -964.06563631
   -964.08202780
   -964.07186939
   -964.06676247
   -964.06051633
   -964.07952249
   -964.05321520
   -964.06524459
   -964.06565595
   -964.06367641
   -964.09726950
   -964.07868674
   -964.07742280
   -964.08147471
   -964.07886386
   -964.06482323
   -964.07510607
   -964.06920038
   -964.07328632
   -963.97029468
   -964.09478003
   -964.09399340
   -964.08262477
   -964.08580385
   -964.06614403
   -964.04318442
   -964.04993323
   -964.04737090
   -964.05983888
   -964.07280002
   -964.04919321
   -964.08137305
   -964.08917167
   -964.09970088
   -964.10098940
   -964.06455833
   -964.04567235
   -964.05079041
   -964.07573937
   -964.10031999
   -964.09579373
   -964.05317592
   -964.08217593
   -964.04354344
   -964.09142871
   -964.09565638
   -964.09210404
   -964.11261009
   -964.09995777
   -964.07734829
   -964.04340168
   -964.07671944
   -964.06286011
   -964.08056486
   -964.09246724
   -964.07992715
   -964.07664041
   -964.01708130
   -964.06792571
   -964.03450295
   -964.09880126
   -964.05739793
   -964.07472769
   -964.07915706
   -964.07295715
   -964.06470896
   -964.09179298
   -964.06037475
   -964.09142756
   -964.07673958
   -964.08670737
   -964.08667607
   -964.08544362
   -964.06858008
   -964.09435770
   -964.07533472
   -964.09229792
   -964.07862569
   -964.08324791
   -964.09159092
   -964.00700390
   -964.06296242
   -964.08733020
   -964.02867662
   -964.09374375
   -964.04612659
   -964.08185885
   -964.09305659
   -964.05077109
   -964.06077844
   -964.08077399
   -964.09896879
   -964.03594439
   -964.07558121
   -964.06540526
   -964.03660063
   -964.07617903
   -964.03295060
   -964.07980879
   -964.11248656
   -964.05751772
   -964.06338062
   -964.07307411
   -964.05169104
   -964.07659827
   -964.08237209
   -964.08686090
   -964.08265705
   -964.09623629
   -964.08373206
   -964.06296618
   -964.06051574
   -964.10119645
   -964.05944896
   -964.07937644
   -964.03763869
   -964.07035189
   -964.08673860
   -964.06861606
   -964.08358339
   -964.05874559
   -964.07764754
   -964.09286098
   -964.01356247
   -964.06649427
   -964.06730207
   -964.05711298
   -964.07890409
   -964.06286709
   -964.11443865
   -964.10187790
   -964.10301499
   -964.09660841
   -964.06086098
   -964.05930411
   -964.06454719
   -964.08759811
   -963.97044013
   -964.06714621
   -964.04820518
   -964.07982803
   -964.01527024
   -964.06982108
   -964.07994508
   -964.05800212
   -964.08603294
   -964.07717937
   -964.10003772
   -963.96646338
   -964.09177918
   -964.05905477
   -964.05100480
   -964.08375020
   -964.06579843
   -964.09097096
   -964.06173351
   -964.08469080
   -964.08235839
   -964.08772916
   -964.03982937
   -964.05517084
   -964.07158541
   -964.06379071
   -964.06111571
   -964.08489511
   -964.08737585
   -964.07339015
   -964.05042107
   -964.08826290
   -964.07580569
   -964.09129840
   -964.03472613
   -964.07409630
   -964.02641601
   -964.08390849
   -964.08519688
   -964.03553314
   -964.03080630
   -964.07447966
   -964.04461376
   -964.05049839
   -964.10362060
   -964.07107212
   -964.07589755
   -964.08284068
   -964.06673023
   -964.04547909
   -964.03402953
   -964.05886076
   -964.04765176
   -964.08780620
   -964.07522018
   -964.07069857
   -964.08689426
   -964.05112857
   -964.06933355
   -964.08244492
   -964.00854536
   -964.06980849
   -963.99162626
   -963.99167883
   -964.01215897
   -964.05481074
   -964.08376148
   -964.06175283
   -964.06219801
   -963.97126973
   -964.10114592
   -964.06078821
   -964.06017176
   -964.06337741
   -964.06754110
   -964.06617271
   -964.07492203
   -964.06735887
   -964.06034997
   -964.07853631
   -964.08031054
   -964.08472297
   -964.08906877
   -964.05538129
   -964.08718013
   -964.06350202
   -964.05237057
   -964.08010319
   -964.06070385
   -964.06820905
   -964.09242814
   -964.07129448
   -964.06675584
   -964.09869417
   -964.06685186
   -964.08637783
   -964.08597526
   -964.06750214
   -963.97473647
   -964.09316515
   -964.08813683
   -964.03523978
   -964.03171836
   -964.06598154
   -964.07769568
   -964.09497304
   -964.08337222
   -964.06840440
   -964.07470869
   -964.05584896
   -964.07104751
   -964.06385446
   -964.07315172
   -964.08400855
   -964.06827360
   -964.07207173
   -963.99787788
   -964.06923499
   -964.06542402
   -964.05589162
   -964.04437460
   -964.06688391
   -964.08665266
   -964.05797598
   -963.95961431
   -964.06936490
   -964.05306934
   -964.06778977
   -964.07034566
   -964.06180930
   -964.07310782
   -964.09744600
   -964.07227552
   -964.07727954
   -964.08030578
   -964.10325738
   -964.08093444
   -964.05527796
   -964.07837716
   -964.09145778
   -964.03969853
   -964.09578422
   -964.06046799
   -964.07114878
   -964.06621593
   -964.08549047
   -964.08715449
   -964.07326672
   -964.09976468
   -964.08232545
   -964.08421444
   -964.05591229
   -964.00680754
   -964.09121845
   -964.05225538
   -964.04236446
   -964.06157619
   -963.98151052
   -964.03257134
   -964.06161912
   -964.06931128
   -964.05835562
   -964.07916351
   -964.07276351
   -964.08836472
   -964.03040437
   -964.06818888
   -964.05819851
   -964.06786397
   -964.08836409
   -964.07483279
   -964.06465222
   -964.07897039
   -964.09198779
   -964.06336588
   -964.09877101
   -964.02260351
   -964.07610779
   -964.04266424
   -964.04022619
   -964.10048403
   -964.08114898
   -964.09120559
   -964.08836233
   -964.08555195
   -964.08899567
   -964.07263604
   -964.07070239
   -964.09373211
   -964.11151974
   -964.10069808
   -964.03998378
   -964.04974300
   -964.07921842
   -963.94129100
   -964.06465717
   -964.10057306
   -964.04937643
   -964.04059721
   -964.08540086
   -964.08034675
   -964.07679951
   -964.08050690
   -964.07652619
   -964.10229181
   -964.07664597
   -964.07135824
   -964.05636052
   -964.07206440
   -964.04008014
   -964.08553421
   -964.07185124
   -964.08254678
   -964.08127044
   -964.07198089
   -964.06979240
   -964.03067802
   -964.05823579
   -964.00953422
   -964.06127534
   -964.02314761
   -964.05717094
   -964.08197480
   -964.05741749
   -964.06064555
   -964.10423018
   -964.08328210
   -964.08857735
   -964.06087100
   -964.11066934
   -964.07094665
   -964.06551811
   -964.05683521
   -964.08775487
   -964.05060840
   -964.07675031
   -964.08864009
   -964.08334512
   -964.09512755
   -964.08090962
   -964.07795218
   -964.06612523
   -964.07911817
   -964.07182153
   -964.05489360
   -964.05998478
   -964.07163353
   -964.06704878
   -963.98223970
   -964.04550771
   -964.05112117
   -964.07687769
   -964.03255280
   -964.02703133
   -964.07527012
   -964.09744033
   -964.03891949
   -964.07809207
   -964.07589901
   -964.04558621
   -964.06625590
   -964.08649565
   -964.08336756
   -964.09175959
   -964.07190073
   -964.06660529
   -964.09261612
   -964.03979662
   -964.02624300
   -963.99977328
   -964.09390192
   -964.04958548
   -964.06021028
   -963.96287401
   -964.09723261
   -964.08806026
   -964.08072531
   -964.07871046
   -964.07508688
   -963.99221158
   -964.04258404
   -964.08061013
   -964.09949017
   -964.08603678
   -964.07317993
   -963.99795009
   -964.04546116
   -964.11231904
   -964.07644158
   -964.02752227
   -964.08394006
   -964.09559470
   -964.09780643
   -964.07510981
   -964.07032404
   -964.06411713
   -964.03883526
   -964.05795098
   -964.06811158
   -964.07404121
   -964.08623968
   -964.02635883
   -964.10204092
   -964.09387482
   -964.06636304
   -964.09196812
   -964.11347553
   -964.05344024
   -964.08605112
   -964.09790422
   -964.05884136
   -964.05445903
   -964.07527265
   -964.07008103
   -964.05533814
   -964.07480812
   -964.07235316
   -964.07064159
   -963.98707368
   -963.99132703
   -964.08284650
   -964.03445332
   -964.04930293
   -964.08487058
   -964.09456213
   -964.07334464
   -964.07191278
   -964.05697479
   -964.09763047
   -964.09313755
   -964.08815202
   -964.11177187
   -964.04278070
   -964.06298284
   -964.05848414
   -964.09110212
   -964.05728058
   -964.02674882
   -964.07093028
   -964.07822121
   -964.08271724
   -964.03512123
   -964.09961278
   -964.07284759
   -964.07814195
   -964.06332968
   -964.05821705
   -964.06589180
   -964.10375603
   -964.07732928
   -964.08371789
   -964.03576283
   -964.09391112
   -964.06531188
   -964.07623152
   -964.06273655
   -964.05997831
   -964.08620482
   -964.07080357
   -964.06229094
   -964.07241335
   -964.10959780
   -964.07720181
   -964.06077522
   -964.07689534
   -964.08102978
   -964.02577653
   -963.95003273
   -964.07728736
   -964.03730867
   -964.06225765
   -964.05316904
   -964.08880905
   -964.07766494
   -964.09797679
   -964.03228333
   -964.06887472
   -964.05148716
   -964.08223868
   -964.03525706
   -964.07082081
   -964.08590398
   -964.08561291
   -964.06708859
   -964.04064975
   -964.08219206
   -964.08922343
   -964.08111019
   -964.04921124
   -964.06984840
   -964.08908376
   -964.06072063
   -964.05454191
   -964.07312460
   -964.05824838
   -964.08889369
   -964.10030334
   -964.00017926
   -964.06600397
   -964.06700204
   -964.07763852
   -964.07534944
   -964.10668785
   -964.06837496
   -964.10531814
   -964.08940585
   -964.09548935
   -964.06632929
   -964.07079967
   -964.08382596
   -964.09882532
   -964.08241111
   -964.03049545
   -964.09514791
   -963.95748245
   -964.05943212
   -964.08380339
   -964.11104093
   -964.07964283
   -964.08454671
   -964.08800431
   -964.06912018
   -964.08886344
   -964.04431078
   -964.05445627
   -964.09518714
   -964.01482957
   -964.06881199
   -964.08010655
   -964.05211170
   -964.05060918
   -964.08006156
   -964.07901446
   -964.08773303
   -964.07250095
   -964.06836299
   -964.05217198
   -964.08619937
   -964.09020372
   -964.09090974
   -964.08412243
   -964.06911493
   -964.07691380
   -964.09163181
   -964.07126339
   -964.08438420
   -964.05402610
   -964.07667291
   -964.06609287
   -964.05293242
   -964.07992211
   -964.10237309
   -964.09291816
   -964.01229828
   -964.05486796
   -964.07703101
   -963.99667991
   -964.10387253
   -964.09319149
   -964.05129035
   -964.05818727
   -964.07135015
   -964.09235628
   -964.06410805
   -964.06548136
   -964.08417793
   -964.05400474
   -964.08799866
   -964.09323906
   -964.07840852
   -964.05001151
   -964.08605628
   -964.08003522
   -964.06561642
   -964.08425920
   -964.10537297
   -964.08977392
   -964.06988616
   -964.09642962
   -964.05994481
   -964.06517811
   -964.02905122
   -964.06012184
   -964.07907523
   -964.06310774
   -964.05778082
   -964.05877989
   -964.07846141
   -964.08428693
   -964.07961555
   -964.08386673
   -964.05197397
   -964.07256784
   -964.05273746
   -964.04848368
   -964.08018184
   -964.09647618
   -964.03413076
   -964.06892480
   -964.07441207
   -964.04026830
   -964.04424824
   -964.09453061
   -964.07182514
   -964.07178103
   -964.08717244
   -964.09739022
   -964.03395523
   -964.08583058
   -964.10604043
   -964.06975694
   -964.05787814
   -964.07805558
   -964.08748180
   -964.02949634
   -964.10962575
   -964.06374650
   -964.05435647
   -964.03594970
   -964.08434703
   -964.07682493
   -964.07253820
   -964.05962822
   -964.09028153
   -964.10482838
   -964.04985829
   -964.08967046
   -964.08974634
   -964.10140980
   -964.02868662
   -964.09049460
   -964.06367211
   -964.05520292
   -964.07627570
   -964.07266521
   -964.08531998
   -964.10599429
   -964.08812789
   -964.09071096
   -964.08624554
   -964.05921765
   -964.09635466
   -964.07852298
   -964.09550017
   -964.09675211
   -964.08108381
   -964.07194900
   -964.09242545
   -964.08900625
   -964.06810946
   -964.08924921
   -964.05333543
   -964.08776732
   -964.04924338
   -964.07893080
   -964.08403801
   -964.07091040
   -964.06161315
   -964.06702718
   -964.06371984
   -964.09178168
   -964.06609132
   -964.07751052
   -964.05117766
   -964.09040913
   -964.08757565
   -964.09210782
   -964.10106147
   -964.07125789
   -964.07335157
   -964.07093849
   -964.07030502
   -963.98540894
   -964.10460605
   -964.06310352
   -964.02587225
   -964.09520040
   -964.11529474
   -964.04331105
   -964.08955204
   -964.10012803
   -964.05731305
   -964.09775971
   -964.10301774
   -964.09469062
   -964.07370982
   -964.07050529
   -964.08959062
   -964.07933919
   -964.07453688
   -964.07360762
   -964.02160863
   -964.03429903
   -964.08641988
   -964.04293945
   -964.06569442
   -964.06888617
   -964.08844782
   -964.04383286
   -964.08239003
   -964.09629054
   -964.07913161
   -964.05944152
   -964.08257991
   -964.06123852
   -964.09319527
   -964.06276708
   -964.06487325
   -964.07536974
   -964.08634703
   -964.11085317
   -964.09313549
   -964.09344705
   -964.04999780
   -964.07859728
   -964.09983425
   -964.06725657
   -964.07976864
   -964.08277304
   -964.07966941
   -964.09648784
   -964.04324083
   -964.03818827
   -964.07098831
   -964.09137264
   -964.00403782
   -964.07730778
   -964.06932521
   -964.05960491
   -964.07192627
   -964.08588151
   -964.06508686
   -964.07246403
   -964.04619470
   -964.08704632
   -964.06166023
   -964.07510277
   -964.06359246
   -964.06556450
   -964.07199741
   -964.02119907
   -964.08090614
   -964.06805927
   -964.08020086
   -964.05611510
   -964.06970430
   -964.08775428
   -964.10150266
   -964.05748941
   -964.06044052
   -964.08726866
   -964.08710446
   -964.07636960
   -964.09292799
   -964.12132817
   -964.07886146
   -964.06300936
   -964.06621654
   -964.07797005
   -964.08966381
   -964.06968917
   -964.03974478
   -964.05790673
   -964.04956180
   -964.05348849
   -964.09918938
   -964.07330579
   -964.08924721
   -964.09504823
   -963.94259036
   -964.08414874
   -964.08927836
   -964.09353385
   -964.07117549
   -964.06619030
   -964.06381858
   -964.08577546
   -964.06241439
   -964.10103930
   -964.09044658
   -964.06597297
   -964.08597704
   -964.09501518
   -964.06402112
   -964.07056209
   -964.07124895
   -964.04084091
   -964.05224934
   -964.03839673
   -964.04826271
   -964.05501716
   -964.05189285
   -964.08520464
   -964.06881330
   -964.06746649
   -964.07027363
   -964.08818590
   -964.08955820
   -964.08278575
   -964.06484359
   -964.07830371
   -964.07096564
   -964.10940676
   -964.08136362
   -964.06997679
   -964.04498292
   -964.06212220
   -964.06422414
   -964.08069964
   -964.11219938
   -964.06159321
   -964.05966046
   -964.02873059
   -964.10011179
   -964.06658005
   -964.06619815
   -964.07523807
   -964.09963005
   -964.08168709
   -964.09146498
   -964.04249610
   -964.07915087
   -964.06864275
   -964.06454897
   -964.07628735
   -964.07497752
   -964.06336847
   -963.96566816
   -964.07431611
   -964.08378466
   -964.08090305
   -964.08756879
   -964.04292742
   -964.05274787
   -964.07710986
   -964.05806563
   -964.09291169
   -964.02368075
   -964.06971102
   -964.11524944
   -964.08091284
   -964.05966079
   -964.06382641
   -964.07202167
   -964.07038972
   -964.08493478
   -964.07447194
   -964.04863899
   -964.02242132
   -964.08354538
   -964.06176925
   -964.07260632
   -964.09329513
   -964.08966825
   -964.07519498
   -964.05526282
   -964.05711097
   -964.03535037
   -964.09302517
   -964.06889246
   -964.09069553
   -964.07010556
   -964.09008063
   -964.08906351
   -964.08185333
   -964.02330353
   -964.05578693
   -964.04691031
   -964.09485185
   -964.09932764
   -964.05395104
   -964.07503359
   -964.07567133
   -964.05301048
   -964.08435102
   -964.04907484
   -964.07939181
   -964.05085329
   -964.09410018
   -964.05024160
   -964.07587552
   -964.09259499
   -964.09147681
   -964.08291566
   -964.09323384
   -964.07124548
   -964.03534036
   -964.05405148
   -964.08292516
   -964.08308274
   -964.07287153
   -964.08720088
   -964.07679965
   -963.96267311
   -964.09282547
   -964.09685654
   -964.08317186
   -964.08521470
   -964.08894953
   -964.03613269
   -964.08613603
   -963.94388521
   -964.07936669
   -964.06522214
   -964.03502155
   -964.06815545
   -964.08208031
   -964.06506600
   -964.01066118
   -964.07916568
   -964.03161973
   -964.07195545
   -964.03980784
   -964.05608425
   -964.06885947
   -964.10089651
   -964.04635253
   -964.09780509
   -964.10687321
   -964.09991235
   -964.06397885
   -964.09121294
   -964.05010817
   -964.07114126
   -964.08592269
   -964.06251426
   -964.08630075
   -964.08747355
   -964.08203554
   -964.06603865
   -964.07292242
   -964.07730786
   -964.07648366
   -964.05752487
   -964.04934521
   -964.08097931
   -964.07330254
   -964.11055916
   -964.08281633
   -964.03060216
   -964.08457801
   -964.08432345
   -964.05580107
   -964.06171457
   -964.09000225
   -964.04829460
   -964.11658415
   -964.06198798
   -964.06511112
   -964.03123774
   -964.08080545
   -963.99467106
   -964.09381963
   -964.07308281
   -964.09082665
   -964.08559340
   -964.07822446
   -964.07765057
   -964.10730026
   -964.08666353
   -964.09834080
   -964.11047711
   -964.05246397
   -964.07279401
   -964.05887918
   -964.03002903
   -964.07820200
   -964.06068502
   -964.06853617
   -964.07397695
   -964.12136884
   -964.06866756
   -964.06463597
   -964.08741304
   -964.05834810
   -964.09785664
   -964.06212031
   -964.05892167
   -964.01080015
   -964.08024661
   -964.07293936
   -964.06854950
   -964.11384582
   -964.06298336
   -964.05116148
   -964.06943838
   -964.05609682
   -964.06528697
   -964.10555641
   -964.08052921
   -964.08410601
   -964.07329455
   -964.06654101
   -964.06048526
   -964.08076896
   -964.08954120
   -964.05291394
   -964.03482139
   -964.05189861
   -964.09591889
   -964.09897191
   -964.05652803
   -964.07550105
   -964.05285518
   -964.07810130
   -964.09623644
   -964.08459522
   -964.09541863
   -964.07675766
   -964.07047370
   -964.06566574
   -964.07964189
   -964.03775109
   -964.07668350
   -964.08738460
   -964.03376624
   -964.06055230
   -964.08045057
   -964.06882482
   -964.11811806
   -964.07488216
   -964.05350953
   -964.06462416
   -964.06442277
   -964.08788170
   -964.05302076
   -964.07217272
   -964.04131472
   -964.08019014
   -964.07741891
   -964.09231396
   -964.08590557
   -964.09921069
   -964.07497129
   -964.09813597
   -964.06107207
   -964.07260942
   -964.07260341
   -964.04630558
   -964.08795433
   -964.07915738
   -964.08197042
   -964.07175227
   -964.01093250
   -964.08623156
   -964.08276321
   -964.05759503
   -964.08129611
   -964.08973692
   -964.05897736
   -964.06994527
   -964.08641306
   -964.07438655
   -964.08610608
   -964.05953574
   -964.03350466
   -964.08471594
   -964.08086486
   -964.05722773
   -964.06341296
   -964.08242391
   -964.06378013
   -964.05281544
   -964.08260694
   -964.01894430
   -963.98257814
   -964.02113924
   -964.03256318
   -964.07349629
   -964.08552780
   -964.07723043
   -964.04139360
   -964.09555788
   -964.08990749
   -964.10216974
   -964.04208783
   -964.08345282
   -964.05644193
   -964.07140916
   -964.05635839
   -964.06791614
   -964.05676369
   -964.08710168
   -964.08800863
   -964.04237184
   -964.02800444
   -964.10431002
   -964.11092257
   -964.08339337
   -964.07115932
   -964.06281672
   -964.08223780
   -964.02387628
   -964.07624859
   -964.06132535
   -964.05971050
   -963.95738308
   -964.10091392
   -964.06602527
   -964.10762577
   -964.07505107
   -964.07187582
   -964.09012869
   -964.08253821
   -964.09443076
   -964.00944004
   -964.03320851
   -964.05373589
   -964.07684978
   -964.06234255
   -964.08624067
   -964.10268438
   -964.02719386
   -964.06641845
   -964.04872899
   -964.09771881
   -964.08278774
   -964.05706041
   -964.07663562
   -964.10170871
   -964.07398886
   -964.09107721
   -964.08829129
   -964.06361888
   -964.09632158
   -964.08692764
   -964.06253037
   -964.07803530
   -964.06378236
   -964.05111459
   -964.08580815
   -964.10075741
   -964.09860184
   -964.08011988
   -964.07110388
   -964.10618767
   -964.09640885
   -964.10472697
   -964.08287712
   -964.06984077
   -964.07990330
   -964.07660672
   -964.09718287
   -964.06409597
   -964.03691008
   -964.08469426
   -964.07758553
   -964.07910307
   -964.09704697
   -964.05556998
   -964.04346804
   -964.07196433
   -964.07669830
   -964.05762117
   -964.08536873
   -964.05510160
   -964.05221324
   -964.01545668
   -964.08105912
   -964.05081217
   -964.07733721
   -964.08772791
   -964.08055293
   -964.06012401
   -964.09736931
   -964.09505343
   -964.04808464
   -964.05550070
   -964.07878260
   -963.99520490
   -964.09871425
   -964.09850253
   -964.06970149
   -964.09728611
   -964.07945790
   -964.08835354
   -964.11076779
   -964.08452264
   -964.09310632
   -964.06730294
   -964.06292787
   -964.11332345
   -964.06711460
   -964.09237320
   -964.08591305
   -964.09541162
   -964.10543233
   -964.05674889
   -964.05290738
   -964.08579130
   -964.06381716
   -964.07490578
   -964.06033904
   -964.06788572
   -964.05598804
   -964.10023818
   -964.09130152
   -964.00842696
   -964.08317107
   -964.06012032
   -964.07028394
   -964.08508190
   -964.08523337
   -964.07998720
   -964.09643017
   -964.08056845
   -964.02779558
   -964.03060649
   -964.06315587
   -964.02344008
   -964.07489393
   -964.05365440
   -964.10388309
   -964.07949575
   -964.07343984
   -964.09327576
   -964.09654473
   -964.07945446
   -964.10434232
   -964.09001698
   -963.98842814
   -964.09628205
   -964.06890268
   -964.07361906
   -964.05431155
   -964.11230311
   -964.05345795
   -964.06499020
   -963.99557295
   -964.07656877
   -964.05765690
   -964.08075673
   -964.06523796
   -964.07662009
   -964.08276128
   -964.08729945
   -964.10247350
   -964.06476697
   -964.09656002
   -964.09036428
   -964.09864418
   -964.06372835
   -964.07769589
   -964.05556114
   -964.05434654
   -964.10768278
   -964.09275528
   -964.05634965
   -964.07280047
   -964.09367859
   -964.09467692
   -964.07261116
   -964.07791102
   -964.04775766
   -964.06789966
   -964.02922742
   -964.00882699
   -964.08996792
   -964.06706102
   -964.08659749
   -964.07901474
   -964.06638596
   -964.08143170
   -964.09944106
   -964.04611871
   -964.05857304
   -963.96354933
   -964.08975037
   -964.08082928
   -964.06731344
   -964.09199812
   -964.05274942
   -964.09355344
   -964.08694895
   -964.08667946
   -964.10008714
   -964.09403031
   -964.06639610
   -964.08043726
   -964.07184782
   -964.07138459
   -964.10672185
   -964.06000937
   -964.05432214
   -964.11363494
   -964.08215590
   -964.08067098
   -964.06811236
   -964.03057625
   -964.08287162
   -964.08260231
   -964.06778387
   -964.09092938
   -964.10727581
   -964.06321113
   -964.05005130
   -964.10196076
   -964.00849901
   -964.08666842
   -964.07841117
   -964.11663929
   -964.09068162
   -964.05924676
   -964.11504937
   -964.03651505
   -964.07956611
   -964.06662140
   -964.06235591
   -964.06670137
   -964.06591997
   -964.11333434
   -964.03535504
   -964.05924957
   -964.09704741
   -964.08263951
   -964.07964687
   -964.06897252
   -964.07874200
   -964.06037052
   -964.06981097
   -964.09460367
   -964.07372812
   -964.06809562
   -964.07767280
   -964.08334001
   -964.04754814
   -964.09392087
   -964.09167088
   -964.08043075
   -964.07044213
   -964.07208323
   -964.07286925
   -964.09153814
   -964.07269818
   -964.04595693
   -964.03030574
   -964.09065104
   -964.08151141
   -964.06338309
   -964.08525382
   -964.07220066
   -964.10008177
   -964.04757328
   -964.09335345
   -964.07959318
   -964.02430091
   -964.07012561
   -964.08637767
   -964.04000696
   -964.09611190
   -964.08720570
   -964.08995170
   -964.06031833
   -964.09042803
   -964.06728982
   -964.08380714
   -964.01279309
   -964.06470246
   -964.06640319
   -964.00532316
   -964.05052347
   -964.02903809
   -964.03190925
   -964.09111090
   -964.06568259
   -964.08567613
   -964.09149021
   -964.08321566
   -964.08193924
   -964.07159946
   -964.08915059
   -964.10823979
   -964.07308250
   -964.08507714
   -964.07003935
   -964.09694287
   -964.08270950
   -964.07871057
   -964.02348892
   -964.06277507
   -964.06156243
   -964.01041241
   -964.06925525
   -964.09008409
   -964.08430212
   -964.03573578
   -964.08236976
   -964.08547067
   -964.02467669
   -964.09718069
   -964.04713213
   -964.08880332
   -964.06470805
   -964.08895424
   -964.08728531
   -964.09293318
   -964.05566709
   -964.08060178
   -964.07088123
   -964.05425672
   -964.06264589
   -964.07457747
   -964.08289062
   -964.06001509
   -964.08020076
   -964.00874718
   -964.08436331
   -964.08618712
   -964.06520054
   -964.11086627
   -964.02376057
   -964.06206175
   -964.08844505
   -964.04741882
   -964.07113358
   -964.08524699
   -964.07333874
   -964.06919973
   -964.05268542
   -964.05763621
   -964.04019676
   -964.06130095
   -964.09463133
   -964.05089473
   -964.03217654
   -964.07719911
   -964.10553114
   -964.05765364
   -964.07737008
   -964.09167796
   -964.07924052
   -964.02721193
   -964.06345610
   -964.06856409
   -964.06486559
   -964.03182923
   -964.06924696
   -964.06727213
   -964.07470240
   -964.08081485
   -964.06996530
   -964.08210213
   -964.08099606
   -964.00373964
   -964.06490090
   -964.10130836
   -964.08269730
   -964.07087271
   -964.08861417
   -964.04783146
   -964.06827508
   -964.09025933
   -963.96200107
   -964.09482239
   -964.09592397
   -964.02399602
   -964.05283898
   -964.09156886
   -964.06305410
   -964.08507432
   -964.07847281
   -964.07522135
   -964.04225916
   -964.09338087
   -964.05890009
   -964.10304365
   -964.09240132
   -964.09336071
   -964.08950663
   -964.03853981
   -964.08660742
   -964.07273284
   -964.06588918
   -964.05885926
   -964.07564676
   -964.08911498
   -964.07303000
   -964.10619340
   -964.06622906
   -964.07100056
   -964.05824872
   -964.06493544
   -964.06250517
   -964.08953547
   -964.09200967
   -964.07419127
   -964.09234863
   -964.05301047
   -964.05749520
   -964.05568943
   -964.05842822
   -964.05415640
   -964.10415976
   -964.05539319
   -964.10141535
   -964.07182851
   -964.04794806
   -964.06744264
   -964.06033691
   -964.06442940
   -964.04740333
   -964.11586593
   -964.09065800
   -964.04453653
   -964.06743038
   -964.04038809
   -964.07499389
   -964.07088881
   -964.07008732
   -964.08467350
   -964.05785589
   -964.03503830
   -964.05933223
   -964.05738776
   -964.06502950
   -964.09009423
   -964.09171920
   -964.09826279
   -964.09359780
   -964.04915778
   -964.05056505
   -964.10533628
   -964.04776112
   -964.04738986
   -964.08835765
   -964.09300971
   -964.04024425
   -964.05121498
   -964.09565217
   -964.09858479
   -964.07371274
   -964.10521136
   -963.98540699
   -964.08724192
   -964.05799292
   -964.08026406
   -964.08484501
   -964.05703518
   -964.08547718
   -964.08969368
   -964.08118847
   -964.09194143
   -964.09395855
   -964.07021435
   -964.07154712
