% The following energies apply to conformations described by the topology 
% R17.top.  Structures are given in trajectory coords.cdf, count: 2675.

% Item 0:
%   Energy -> orca_structures/coor*/Conf*.out
   -844.20297263
   -844.22266128
   -844.24686017
   -844.21620168
   -844.20995090
   -844.23496243
   -844.19268533
   -844.25084242
   -844.22631855
   -844.20964973
   -844.21972937
   -844.21844671
   -844.25111736
   -844.22663831
   -844.21015248
   -844.21769139
   -844.19747063
   -844.23388675
   -844.24235313
   -844.26102208
   -844.21552787
   -844.22478402
   -844.25399798
   -844.21890164
   -844.23764967
   -844.22987857
   -844.24551296
   -844.18125330
   -844.23100094
   -844.22343756
   -844.23794716
   -844.22479976
   -844.22946333
   -844.23773428
   -844.22026710
   -844.24071119
   -844.22187094
   -844.23372592
   -844.20139049
   -844.21825568
   -844.21141120
   -844.21401995
   -844.22860213
   -844.21072502
   -844.21996638
   -844.23044577
   -844.21825792
   -844.21555205
   -844.20117460
   -844.21467043
   -844.22668924
   -844.24400433
   -844.22760736
   -844.20552367
   -844.22356903
   -844.21431514
   -844.21660196
   -844.24982110
   -844.22738086
   -844.21524335
   -844.21421409
   -844.23202623
   -844.21180639
   -844.20604089
   -844.22844597
   -844.22529457
   -844.19647380
   -844.22377678
   -844.21139040
   -844.21802150
   -844.23324392
   -844.22039780
   -844.22903374
   -844.22285830
   -844.21610884
   -844.24148222
   -844.21883342
   -844.24331889
   -844.24324629
   -844.23012945
   -844.21581200
   -844.22123484
   -844.22718137
   -844.24005824
   -844.23852529
   -844.23503772
   -844.21908036
   -844.23719780
   -844.21257796
   -844.22838759
   -844.21417715
   -844.22404143
   -844.21832529
   -844.21463081
   -844.22056588
   -844.22709948
   -844.24000870
   -844.22297500
   -844.20537327
   -844.22521246
   -844.22489395
   -844.23555202
   -844.24472825
   -844.23504637
   -844.23415947
   -844.23631131
   -844.21471997
   -844.22873987
   -844.23621073
   -844.23035212
   -844.21148294
   -844.24032868
   -844.21793250
   -844.23704348
   -844.22673487
   -844.21439800
   -844.20345191
   -844.18435872
   -844.19403380
   -844.22786727
   -844.23085654
   -844.20806155
   -844.24032616
   -844.21601421
   -844.23269064
   -844.25066825
   -844.22081412
   -844.22429692
   -844.22057720
   -844.23737319
   -844.23529170
   -844.20439627
   -844.24717522
   -844.23196555
   -844.23187872
   -844.22082109
   -844.21114850
   -844.24498290
   -844.24432084
   -844.25495981
   -844.24233316
   -844.22517162
   -844.21655845
   -844.21317620
   -844.21395378
   -844.24429734
   -844.21905018
   -844.22438100
   -844.23079827
   -844.21781118
   -844.24042878
   -844.23126626
   -844.24365101
   -844.23151827
   -844.22383771
   -844.23449707
   -844.24412640
   -844.24211128
   -844.21222925
   -844.22367768
   -844.22767163
   -844.23641775
   -844.20933466
   -844.23013466
   -844.21532969
   -844.21060002
   -844.22368225
   -844.21996570
   -844.25156232
   -844.22935992
   -844.21969928
   -844.25064381
   -844.24419564
   -844.21434123
   -844.23235307
   -844.23645024
   -844.21741721
   -844.23148337
   -844.24662408
   -844.21526016
   -844.22709748
   -844.23091779
   -844.22045857
   -844.20825312
   -844.20765856
   -844.22032742
   -844.23700084
   -844.21303599
   -844.21349098
   -844.21761548
   -844.21447342
   -844.24353897
   -844.23999542
   -844.23208173
   -844.23149628
   -844.20668952
   -844.24642148
   -844.22918858
   -844.19735028
   -844.21120859
   -844.21465844
   -844.21679002
   -844.21945302
   -844.25028261
   -844.20005273
   -844.23409651
   -844.23027829
   -844.22899593
   -844.23572894
   -844.21980317
   -844.22909558
   -844.21425096
   -844.21892064
   -844.23583689
   -844.23395405
   -844.23491959
   -844.21938386
   -844.22263322
   -844.23662794
   -844.21720394
   -844.22914518
   -844.23801323
   -844.24110139
   -844.21881795
   -844.25196239
   -844.21540641
   -844.23322213
   -844.24512988
   -844.20624651
   -844.23590563
   -844.21084001
   -844.22935553
   -844.24783969
   -844.20114405
   -844.23348704
   -844.20313846
   -844.23065403
   -844.21194268
   -844.23293355
   -844.22994177
   -844.23452590
   -844.22824681
   -844.20568625
   -844.20941107
   -844.22267188
   -844.22677066
   -844.21719973
   -844.23657836
   -844.21096812
   -844.24200089
   -844.23911462
   -844.23321499
   -844.20467340
   -844.22155485
   -844.24896647
   -844.24809487
   -844.20874322
   -844.21495268
   -844.19937583
   -844.21657536
   -844.19508425
   -844.21688021
   -844.19827205
   -844.22396129
   -844.25310454
   -844.21495836
   -844.22391098
   -844.21004636
   -844.24309122
   -844.24449662
   -844.24009993
   -844.21537610
   -844.24240870
   -844.24630340
   -844.21927770
   -844.23364032
   -844.20483392
   -844.23620817
   -844.20268584
   -844.23989369
   -844.23739567
   -844.24706206
   -844.22638762
   -844.23102798
   -844.22593281
   -844.24538411
   -844.22403907
   -844.23323077
   -844.21397683
   -844.21548849
   -844.19008150
   -844.22660803
   -844.22354069
   -844.23466725
   -844.23599769
   -844.21208942
   -844.21126323
   -844.23744454
   -844.25413594
   -844.24352107
   -844.23487299
   -844.22431332
   -844.22433400
   -844.22787634
   -844.23151485
   -844.23815749
   -844.23852121
   -844.21452565
   -844.22837920
   -844.21140661
   -844.22027525
   -844.23167958
   -844.22524536
   -844.23483823
   -844.23494749
   -844.21082344
   -844.23348097
   -844.20714059
   -844.22925580
   -844.20742151
   -844.21959369
   -844.20264764
   -844.23863632
   -844.21524461
   -844.22696321
   -844.21784094
   -844.22652292
   -844.22418763
   -844.23804502
   -844.23261419
   -844.22925777
   -844.22909772
   -844.22929565
   -844.25343560
   -844.24509318
   -844.21093921
   -844.24164287
   -844.21851419
   -844.22891235
   -844.24095476
   -844.22619272
   -844.23196905
   -844.23344032
   -844.22115301
   -844.21533752
   -844.21486941
   -844.20722985
   -844.24374777
   -844.24934755
   -844.21195257
   -844.19899054
   -844.21594291
   -844.23842770
   -844.23912642
   -844.21549290
   -844.24810164
   -844.24336768
   -844.20516428
   -844.24067444
   -844.24626631
   -844.21912015
   -844.23581264
   -844.23207953
   -844.22468497
   -844.21726351
   -844.20849489
   -844.23997218
   -844.23779196
   -844.23196858
   -844.23363801
   -844.22470293
   -844.23381890
   -844.23323254
   -844.24190807
   -844.23705209
   -844.23897557
   -844.20129259
   -844.22407332
   -844.22703583
   -844.24217897
   -844.24800077
   -844.22856223
   -844.23755558
   -844.23282616
   -844.22968841
   -844.25316193
   -844.22911367
   -844.21586806
   -844.22860887
   -844.21282049
   -844.24388476
   -844.24353384
   -844.24232414
   -844.23079871
   -844.23164043
   -844.22784155
   -844.24555993
   -844.22837784
   -844.24762987
   -844.21546013
   -844.25084637
   -844.21846088
   -844.22216843
   -844.21912667
   -844.21949612
   -844.22452483
   -844.18224317
   -844.20706569
   -844.24572126
   -844.24301297
   -844.22617396
   -844.24364413
   -844.22044856
   -844.21791857
   -844.24440401
   -844.23304737
   -844.21919801
   -844.20731011
   -844.22667271
   -844.22533484
   -844.21532634
   -844.24567138
   -844.23519198
   -844.22306126
   -844.22378061
   -844.23032113
   -844.23903144
   -844.24432217
   -844.25051008
   -844.24276911
   -844.18689034
   -844.22235308
   -844.23980074
   -844.20375121
   -844.23426500
   -844.23149329
   -844.22335481
   -844.24861569
   -844.23673689
   -844.21682288
   -844.23195022
   -844.24034578
   -844.21412094
   -844.22331413
   -844.21828723
   -844.23379421
   -844.21263144
   -844.21257186
   -844.20730778
   -844.25138934
   -844.22677188
   -844.24565795
   -844.23849838
   -844.21223252
   -844.21744844
   -844.22492682
   -844.21029878
   -844.21763685
   -844.23483515
   -844.24559716
   -844.22311780
   -844.19735144
   -844.21615570
   -844.22588895
   -844.23109969
   -844.23368430
   -844.24211641
   -844.20594140
   -844.23011562
   -844.23693670
   -844.22410342
   -844.23106030
   -844.23457972
   -844.21735691
   -844.21365963
   -844.23654010
   -844.22733049
   -844.22544844
   -844.23517905
   -844.22952460
   -844.21091510
   -844.23593275
   -844.21203413
   -844.22661143
   -844.22975617
   -844.19895140
   -844.22086647
   -844.21896218
   -844.23067286
   -844.22791943
   -844.21854540
   -844.20556022
   -844.24504844
   -844.22102814
   -844.22474387
   -844.24972480
   -844.24412012
   -844.24967794
   -844.22686627
   -844.22543104
   -844.21190957
   -844.23430843
   -844.24130181
   -844.21801620
   -844.24605041
   -844.23486893
   -844.21587911
   -844.21797588
   -844.22163037
   -844.24688607
   -844.22172548
   -844.23006236
   -844.22425887
   -844.21328878
   -844.23416919
   -844.21974938
   -844.23684730
   -844.21976947
   -844.21774487
   -844.19587043
   -844.21381666
   -844.22388686
   -844.25048126
   -844.24246471
   -844.19476324
   -844.21559557
   -844.22659903
   -844.24882580
   -844.22926691
   -844.21760308
   -844.21944341
   -844.21605540
   -844.25296211
   -844.21050951
   -844.21321810
   -844.21810612
   -844.22829052
   -844.22934105
   -844.21413883
   -844.21866136
   -844.22263361
   -844.21745976
   -844.23950927
   -844.24866272
   -844.21043642
   -844.24714053
   -844.21981869
   -844.22754816
   -844.22469521
   -844.23569496
   -844.21432417
   -844.23295393
   -844.22766128
   -844.23729118
   -844.25147162
   -844.21659265
   -844.21323561
   -844.23372729
   -844.23703853
   -844.23123611
   -844.21929939
   -844.23209148
   -844.22273464
   -844.22826040
   -844.18386118
   -844.23600210
   -844.23118066
   -844.24016670
   -844.22289239
   -844.22315710
   -844.22225828
   -844.22762692
   -844.20077251
   -844.21160400
   -844.22084916
   -844.23008639
   -844.24437134
   -844.21922711
   -844.22686869
   -844.21125500
   -844.24161988
   -844.21626399
   -844.21875587
   -844.25150659
   -844.25310323
   -844.21584763
   -844.21220443
   -844.19582458
   -844.22281627
   -844.20841259
   -844.23149050
   -844.22533625
   -844.18737401
   -844.19772627
   -844.23258141
   -844.24419316
   -844.24946057
   -844.24173160
   -844.18290273
   -844.23762231
   -844.24147828
   -844.20345330
   -844.24648490
   -844.22830204
   -844.20011514
   -844.22060810
   -844.23885995
   -844.23326419
   -844.21396222
   -844.21560048
   -844.19527197
   -844.23880292
   -844.24446221
   -844.25140345
   -844.22024179
   -844.23235645
   -844.22064061
   -844.22232436
   -844.21371535
   -844.25031963
   -844.22979917
   -844.21720828
   -844.25048317
   -844.23047408
   -844.23169875
   -844.19767992
   -844.21920795
   -844.22992860
   -844.23575734
   -844.23113249
   -844.23255039
   -844.20648242
   -844.21902514
   -844.23338615
   -844.24911623
   -844.25471887
   -844.24840605
   -844.22357759
   -844.23546822
   -844.21077830
   -844.19675590
   -844.23117156
   -844.25038430
   -844.21644698
   -844.25152226
   -844.21244987
   -844.24155449
   -844.23209158
   -844.24041023
   -844.23289570
   -844.21178941
   -844.22398675
   -844.20150816
   -844.21850383
   -844.22538717
   -844.19350712
   -844.23470455
   -844.22825729
   -844.22774872
   -844.22147767
   -844.21430508
   -844.24258227
   -844.23971707
   -844.21036168
   -844.20432512
   -844.23740077
   -844.22045717
   -844.21498716
   -844.22931325
   -844.24838791
   -844.23876442
   -844.25145396
   -844.24309536
   -844.21937443
   -844.23970401
   -844.22608273
   -844.23158609
   -844.23831337
   -844.24603749
   -844.22781563
   -844.23056318
   -844.23609672
   -844.20679537
   -844.20394023
   -844.23264075
   -844.22101755
   -844.21243996
   -844.21832696
   -844.23852146
   -844.22873508
   -844.24791931
   -844.20592282
   -844.24569641
   -844.21665849
   -844.24958110
   -844.24327072
   -844.23494877
   -844.21557529
   -844.21683299
   -844.21799372
   -844.23707352
   -844.23385003
   -844.22788621
   -844.20989120
   -844.22651492
   -844.24396345
   -844.23244180
   -844.24190900
   -844.21826437
   -844.20931899
   -844.20573511
   -844.21491284
   -844.22183993
   -844.23197677
   -844.22458237
   -844.24337086
   -844.19261741
   -844.23425215
   -844.21308468
   -844.23921918
   -844.22258160
   -844.22162470
   -844.23145977
   -844.21543277
   -844.21358421
   -844.24491310
   -844.21920831
   -844.23817048
   -844.17461485
   -844.23147843
   -844.25025901
   -844.24268053
   -844.22608628
   -844.22410032
   -844.23108420
   -844.24759840
   -844.22296775
   -844.23616728
   -844.20430127
   -844.23109938
   -844.22463676
   -844.23367210
   -844.23410790
   -844.23725249
   -844.23235435
   -844.24142447
   -844.24512015
   -844.22650278
   -844.21787378
   -844.24028591
   -844.25086907
   -844.21251904
   -844.22269018
   -844.23682274
   -844.23847878
   -844.21700834
   -844.23142359
   -844.20948841
   -844.21953077
   -844.24761729
   -844.22812547
   -844.23227310
   -844.22275143
   -844.23336978
   -844.22413638
   -844.21029861
   -844.23716505
   -844.23373647
   -844.24369032
   -844.22176126
   -844.23707370
   -844.22689944
   -844.21768507
   -844.23178612
   -844.23179249
   -844.21106781
   -844.21747892
   -844.24096968
   -844.22770554
   -844.22880609
   -844.22213696
   -844.23922354
   -844.21626831
   -844.24349451
   -844.20580786
   -844.24326795
   -844.22355191
   -844.21265360
   -844.23127309
   -844.23787106
   -844.21637693
   -844.23071665
   -844.23631270
   -844.22736770
   -844.22321818
   -844.23298326
   -844.21001668
   -844.23842845
   -844.21357640
   -844.22434323
   -844.23153431
   -844.21708270
   -844.23695180
   -844.19925460
   -844.22034168
   -844.22709701
   -844.20492982
   -844.25121000
   -844.22327865
   -844.22210565
   -844.25419838
   -844.21301453
   -844.21082104
   -844.24190950
   -844.23941418
   -844.23445167
   -844.22616269
   -844.21664891
   -844.21128798
   -844.22761358
   -844.24669796
   -844.23723048
   -844.22649417
   -844.22440142
   -844.23053761
   -844.23887432
   -844.18617078
   -844.24414757
   -844.23109738
   -844.23134697
   -844.21120475
   -844.21607245
   -844.21956376
   -844.23761482
   -844.22513048
   -844.22417896
   -844.24047782
   -844.22614861
   -844.24914610
   -844.22116829
   -844.23438905
   -844.22938064
   -844.22823066
   -844.24109379
   -844.24371106
   -844.23399116
   -844.24042747
   -844.25461404
   -844.22825819
   -844.20709859
   -844.20884804
   -844.21902998
   -844.22172347
   -844.24041070
   -844.22300287
   -844.21151605
   -844.24730733
   -844.23695862
   -844.24323866
   -844.21536931
   -844.21741666
   -844.23277906
   -844.22647825
   -844.24579013
   -844.23620520
   -844.24084753
   -844.23551127
   -844.20953700
   -844.19950144
   -844.24470195
   -844.25581078
   -844.22670095
   -844.25497887
   -844.23211839
   -844.20983449
   -844.24420257
   -844.21312316
   -844.24729302
   -844.24281611
   -844.20722546
   -844.23583886
   -844.21936545
   -844.24024962
   -844.22803286
   -844.24610073
   -844.21947009
   -844.23133605
   -844.21858849
   -844.23725240
   -844.22855245
   -844.25562220
   -844.22328628
   -844.25691941
   -844.22721009
   -844.23197427
   -844.21809528
   -844.24387537
   -844.23884007
   -844.21768514
   -844.23611860
   -844.19347617
   -844.21530685
   -844.21925443
   -844.21768502
   -844.22300295
   -844.21831293
   -844.23067512
   -844.21194209
   -844.23964479
   -844.22535867
   -844.23551433
   -844.20423104
   -844.24551093
   -844.21604567
   -844.22545582
   -844.24456379
   -844.23799385
   -844.19852042
   -844.23010956
   -844.21163259
   -844.22841088
   -844.23225883
   -844.24292235
   -844.25585241
   -844.25156081
   -844.23879685
   -844.22014662
   -844.22909323
   -844.23215434
   -844.22147626
   -844.23367265
   -844.23348939
   -844.23095953
   -844.24338055
   -844.21630540
   -844.24248144
   -844.23062896
   -844.22573463
   -844.23414033
   -844.24410160
   -844.22174034
   -844.22958995
   -844.22735786
   -844.25032496
   -844.22079274
   -844.22040110
   -844.23413310
   -844.23932030
   -844.23675934
   -844.21791966
   -844.23583007
   -844.23365408
   -844.22057647
   -844.23416024
   -844.23460978
   -844.19762005
   -844.23501261
   -844.24427278
   -844.21409531
   -844.21089095
   -844.21872762
   -844.22965878
   -844.22944169
   -844.23055114
   -844.24722354
   -844.22602249
   -844.24853576
   -844.22314324
   -844.24660146
   -844.22487962
   -844.21003048
   -844.23680964
   -844.25196949
   -844.21896505
   -844.24161040
   -844.23235514
   -844.24821673
   -844.22565617
   -844.21007585
   -844.24969595
   -844.23648394
   -844.24810359
   -844.25103540
   -844.22868167
   -844.21836008
   -844.22825061
   -844.24711033
   -844.20155129
   -844.22492118
   -844.23528892
   -844.23314657
   -844.21226065
   -844.20619224
   -844.21091527
   -844.25282983
   -844.23429054
   -844.23972008
   -844.22932693
   -844.22742198
   -844.24021998
   -844.24532507
   -844.20903536
   -844.21992337
   -844.21078844
   -844.22298479
   -844.21371750
   -844.24635562
   -844.23642863
   -844.23035391
   -844.23469942
   -844.22591506
   -844.23311548
   -844.25360812
   -844.24252923
   -844.23497638
   -844.20843852
   -844.23817317
   -844.23929328
   -844.21542411
   -844.22731210
   -844.24004837
   -844.22903903
   -844.23298132
   -844.21773750
   -844.17683321
   -844.21867876
   -844.23043565
   -844.23001430
   -844.23599059
   -844.22475048
   -844.22375932
   -844.22805657
   -844.24482307
   -844.22669964
   -844.19353216
   -844.21461763
   -844.20546342
   -844.25435876
   -844.20359221
   -844.20597371
   -844.19140056
   -844.22098957
   -844.22675804
   -844.23118149
   -844.22467321
   -844.22047305
   -844.24115001
   -844.24660538
   -844.23271428
   -844.21559324
   -844.24525340
   -844.24347032
   -844.22358206
   -844.25328376
   -844.23261041
   -844.22652306
   -844.20906016
   -844.23331230
   -844.19555169
   -844.24556412
   -844.22866082
   -844.21651395
   -844.20079482
   -844.22152023
   -844.22108082
   -844.21424791
   -844.23555036
   -844.22146991
   -844.19824019
   -844.20386776
   -844.20261083
   -844.21423037
   -844.21968882
   -844.22565470
   -844.22819511
   -844.21194838
   -844.23665907
   -844.20889031
   -844.21106130
   -844.21715624
   -844.23098877
   -844.20237040
   -844.20943788
   -844.23628594
   -844.21369908
   -844.23406164
   -844.21717566
   -844.20880574
   -844.22050323
   -844.21226981
   -844.20014179
   -844.22815304
   -844.21816926
   -844.22581163
   -844.20334092
   -844.22474876
   -844.25399428
   -844.22973011
   -844.21394947
   -844.21550301
   -844.25353701
   -844.21900961
   -844.23904657
   -844.21821857
   -844.20847379
   -844.22485743
   -844.20113724
   -844.22433970
   -844.23716096
   -844.24687941
   -844.25381023
   -844.24883773
   -844.21840971
   -844.23544499
   -844.22045215
   -844.19886751
   -844.24075266
   -844.21068575
   -844.20118233
   -844.22613234
   -844.24833177
   -844.21646333
   -844.21738128
   -844.24827449
   -844.21707425
   -844.23817821
   -844.22178196
   -844.22522134
   -844.21713438
   -844.22742136
   -844.20106269
   -844.23732843
   -844.22136044
   -844.22470419
   -844.23323924
   -844.21468429
   -844.24521798
   -844.23828265
   -844.22037750
   -844.23501259
   -844.20030441
   -844.22948426
   -844.22011779
   -844.23659041
   -844.23733252
   -844.22436914
   -844.22922849
   -844.21693021
   -844.22262635
   -844.21820390
   -844.21641268
   -844.23681434
   -844.21102195
   -844.19584188
   -844.22835605
   -844.23973811
   -844.24607480
   -844.26019660
   -844.21989793
   -844.22927559
   -844.20902643
   -844.23139706
   -844.24271433
   -844.24222816
   -844.23973828
   -844.22589970
   -844.18923092
   -844.24318824
   -844.24523404
   -844.24704558
   -844.24980340
   -844.24176403
   -844.23298185
   -844.21128418
   -844.23303630
   -844.21129224
   -844.22544194
   -844.24291046
   -844.23202815
   -844.22588919
   -844.19313529
   -844.21584731
   -844.21804418
   -844.23170571
   -844.22660677
   -844.21275097
   -844.22568076
   -844.22341683
   -844.21845908
   -844.24211264
   -844.21777064
   -844.24539056
   -844.22422598
   -844.23908985
   -844.22624470
   -844.24245279
   -844.22404162
   -844.25431316
   -844.22693906
   -844.24092890
   -844.23121937
   -844.23376220
   -844.25418355
   -844.22721138
   -844.22568667
   -844.20619499
   -844.25218059
   -844.22199707
   -844.21542316
   -844.23251798
   -844.22588804
   -844.22793933
   -844.24307196
   -844.24627625
   -844.21859213
   -844.24168692
   -844.19813332
   -844.18882495
   -844.21790054
   -844.21424978
   -844.22957108
   -844.24243611
   -844.24818902
   -844.21066259
   -844.22684249
   -844.20796302
   -844.25215696
   -844.23726727
   -844.23853307
   -844.23353068
   -844.24370446
   -844.22879233
   -844.24449094
   -844.23312105
   -844.21485281
   -844.22060458
   -844.23878626
   -844.18287228
   -844.23091381
   -844.22053953
   -844.22357030
   -844.22366275
   -844.23622371
   -844.22857107
   -844.22147607
   -844.22592334
   -844.23845517
   -844.21717607
   -844.21713946
   -844.22549599
   -844.21911501
   -844.24402506
   -844.22920325
   -844.25886903
   -844.24812915
   -844.24788849
   -844.25767603
   -844.22840416
   -844.22020583
   -844.22190103
   -844.23163604
   -844.21595826
   -844.19816444
   -844.23205715
   -844.22791958
   -844.16481542
   -844.23702593
   -844.21737091
   -844.22823114
   -844.21515768
   -844.24582644
   -844.24823379
   -844.19980803
   -844.22835805
   -844.22320042
   -844.19302188
   -844.23943433
   -844.22014910
   -844.24238071
   -844.23247505
   -844.24407475
   -844.24186777
   -844.22797179
   -844.21192615
   -844.24563602
   -844.23240060
   -844.20241336
   -844.25427121
   -844.22844083
   -844.23327657
   -844.21671602
   -844.20442640
   -844.23322889
   -844.22185298
   -844.22308864
   -844.21912228
   -844.21338521
   -844.23102036
   -844.21435000
   -844.21430923
   -844.19913126
   -844.22094962
   -844.22068710
   -844.21085909
   -844.21920973
   -844.25168312
   -844.23372195
   -844.23875310
   -844.23843550
   -844.22024716
   -844.21855180
   -844.22541386
   -844.21982353
   -844.20495999
   -844.23589477
   -844.23190716
   -844.21946619
   -844.24647187
   -844.21261446
   -844.19465241
   -844.22212472
   -844.19607538
   -844.21624698
   -844.22427558
   -844.21611436
   -844.23029865
   -844.21541304
   -844.22447530
   -844.22454049
   -844.21644406
   -844.20537319
   -844.21216912
   -844.22068787
   -844.22714656
   -844.22468826
   -844.22586642
   -844.21229459
   -844.24269681
   -844.22172129
   -844.24253830
   -844.23332433
   -844.21499600
   -844.25157684
   -844.22306643
   -844.21629138
   -844.21619601
   -844.21196504
   -844.23138447
   -844.23678997
   -844.18090570
   -844.23990759
   -844.24184342
   -844.23003756
   -844.23280003
   -844.23361844
   -844.22790171
   -844.24420086
   -844.23310612
   -844.20568611
   -844.23646256
   -844.19369511
   -844.22061550
   -844.23970370
   -844.24041195
   -844.21489643
   -844.22844684
   -844.21195047
   -844.23891398
   -844.21544975
   -844.22968626
   -844.21946063
   -844.22100088
   -844.23439118
   -844.22125501
   -844.23002466
   -844.19112636
   -844.20678136
   -844.22865437
   -844.20546010
   -844.23274689
   -844.18188232
   -844.22339803
   -844.21203872
   -844.22700269
   -844.21332269
   -844.24681349
   -844.21812092
   -844.23358405
   -844.23693973
   -844.24786942
   -844.21699939
   -844.21146749
   -844.22856176
   -844.22883260
   -844.19935604
   -844.24885731
   -844.21918712
   -844.22241702
   -844.21093253
   -844.21756456
   -844.23360643
   -844.21457724
   -844.24290022
   -844.21495777
   -844.23490365
   -844.22348308
   -844.21742041
   -844.23626971
   -844.22536275
   -844.23416649
   -844.21717700
   -844.21758008
   -844.22949240
   -844.22175147
   -844.20979192
   -844.22238976
   -844.23062276
   -844.23613978
   -844.22439056
   -844.22291471
   -844.22266692
   -844.22696280
   -844.21617745
   -844.22529510
   -844.22550982
   -844.23792116
   -844.22546832
   -844.23809632
   -844.21084390
   -844.25318467
   -844.21654654
   -844.22924125
   -844.21070681
   -844.19342455
   -844.24044117
   -844.24059105
   -844.24668941
   -844.23592308
   -844.24650133
   -844.23236385
   -844.22193577
   -844.21911055
   -844.24001433
   -844.25199024
   -844.24628383
   -844.23782903
   -844.21167699
   -844.24196852
   -844.22545770
   -844.25271513
   -844.22723936
   -844.20984484
   -844.23655160
   -844.22652773
   -844.22979287
   -844.23545974
   -844.23039131
   -844.24669947
   -844.24455380
   -844.21787712
   -844.21311307
   -844.22098428
   -844.19645336
   -844.25197568
   -844.22152705
   -844.24492540
   -844.22942566
   -844.23734513
   -844.22382366
   -844.20570797
   -844.24447857
   -844.20518102
   -844.23800450
   -844.21341388
   -844.24138081
   -844.23520394
   -844.22491806
   -844.21118174
   -844.22307049
   -844.23736642
   -844.24289311
   -844.23643675
   -844.23289981
   -844.25087617
   -844.21992522
   -844.21418533
   -844.24866743
   -844.20577894
   -844.22908972
   -844.22703392
   -844.23291600
   -844.24362191
   -844.23793615
   -844.22770115
   -844.22991919
   -844.21656012
   -844.23093858
   -844.20342905
   -844.21696186
   -844.22166525
   -844.22841385
   -844.18068334
   -844.19736611
   -844.22924630
   -844.20532160
   -844.21809601
   -844.21334969
   -844.24356726
   -844.20380471
   -844.22044645
   -844.21875249
   -844.21602769
   -844.23304849
   -844.22505140
   -844.24042101
   -844.23812075
   -844.22671259
   -844.20371648
   -844.23607867
   -844.22817832
   -844.22530577
   -844.24871663
   -844.22375674
   -844.22608022
   -844.23892951
   -844.20232084
   -844.24552427
   -844.22877639
   -844.22682713
   -844.20636004
   -844.22091410
   -844.23921716
   -844.23019711
   -844.21791214
   -844.21249631
   -844.21220188
   -844.25122506
   -844.22675889
   -844.18326415
   -844.22699167
   -844.24152911
   -844.24872969
   -844.23056205
   -844.23142241
   -844.22798421
   -844.20682117
   -844.21873882
   -844.22508040
   -844.23138936
   -844.23753010
   -844.21220532
   -844.21069851
   -844.25071373
   -844.24879910
   -844.25233757
   -844.25405181
   -844.21205608
   -844.22170281
   -844.24467258
   -844.21528105
   -844.22292277
   -844.21732826
   -844.23090528
   -844.22380612
   -844.23597072
   -844.21927505
   -844.23192594
   -844.23390197
   -844.21242925
   -844.23149681
   -844.24457823
   -844.24016856
   -844.21911441
   -844.22213254
   -844.21979473
   -844.22977985
   -844.21773303
   -844.22278015
   -844.24391978
   -844.25081233
   -844.22270853
   -844.22202196
   -844.22010188
   -844.22402598
   -844.22978111
   -844.22183080
   -844.23678169
   -844.22378425
   -844.19993931
   -844.24959194
   -844.21481990
   -844.23996079
   -844.22478973
   -844.21875988
   -844.22253273
   -844.24377417
   -844.21657710
   -844.22599573
   -844.23843354
   -844.25260381
   -844.23310966
   -844.21978870
   -844.23099462
   -844.22366144
   -844.23718918
   -844.23237238
   -844.24800434
   -844.23311016
   -844.24398691
   -844.21534134
   -844.19819098
   -844.21606730
   -844.24484228
   -844.25464879
   -844.20310443
   -844.23026548
   -844.20706905
   -844.21963041
   -844.21711635
   -844.23789080
   -844.24153273
   -844.20960073
   -844.23364203
   -844.22342991
   -844.21397815
   -844.21370750
   -844.22819092
   -844.24606136
   -844.22044917
   -844.22077159
   -844.23316189
   -844.23426296
   -844.22695508
   -844.21682699
   -844.22791666
   -844.23373177
   -844.22466481
   -844.22484041
   -844.21394814
   -844.25128229
   -844.25096962
   -844.22126719
   -844.21809681
   -844.22807909
   -844.22355500
   -844.24524930
   -844.22059529
   -844.24669839
   -844.23854208
   -844.24400003
   -844.22226209
   -844.23938662
   -844.23092433
   -844.24265046
   -844.22429124
   -844.21038127
   -844.24918065
   -844.23027870
   -844.23002412
   -844.25355747
   -844.22894564
   -844.23983303
   -844.20502216
   -844.24108424
   -844.21484634
   -844.23222749
   -844.23223951
   -844.23927615
   -844.22871101
   -844.21508535
   -844.21314368
   -844.22358177
   -844.23172199
   -844.22164040
   -844.23743476
   -844.22626248
   -844.21914043
   -844.20783126
   -844.22805871
   -844.23982241
   -844.22447871
   -844.24849200
   -844.21362913
   -844.23367589
   -844.22671425
   -844.21809296
   -844.23164308
   -844.19649401
   -844.22351700
   -844.22130047
   -844.21597070
   -844.23488044
   -844.22485011
   -844.24937097
   -844.25370399
   -844.22235767
   -844.21406363
   -844.22835215
   -844.21800867
   -844.24091529
   -844.24141746
   -844.18917132
   -844.19949438
   -844.21776285
   -844.21988332
   -844.24874383
   -844.20477280
   -844.20355225
   -844.23089873
   -844.20802979
   -844.23573274
   -844.23729718
   -844.24137926
   -844.23231467
   -844.22992760
   -844.24255455
   -844.16973307
   -844.23447652
   -844.25171332
   -844.23750452
   -844.20951520
   -844.24252993
   -844.22017982
   -844.20913234
   -844.20768794
   -844.23713990
   -844.24195517
   -844.23218595
   -844.21859866
   -844.21705212
   -844.22737639
   -844.22149313
   -844.23626076
   -844.22446306
   -844.22147985
   -844.22282301
   -844.21987719
   -844.21175572
   -844.22991506
   -844.23812042
   -844.19437391
   -844.21901043
   -844.23785386
   -844.21807104
   -844.19833603
   -844.24450929
   -844.22319233
   -844.21755810
   -844.25078243
   -844.24944657
   -844.21147610
   -844.23430154
   -844.24620992
   -844.20911909
   -844.21080073
   -844.23529616
   -844.23909077
   -844.20915292
   -844.21952468
   -844.22601193
   -844.21303763
   -844.22642674
   -844.24139912
   -844.22954598
   -844.20126007
   -844.24214145
   -844.25160898
   -844.20290872
   -844.22865505
   -844.23502819
   -844.24545918
   -844.19185657
   -844.23290990
   -844.20894928
   -844.21552663
   -844.23025411
   -844.24835842
   -844.21851557
   -844.23533373
   -844.25014636
   -844.23079979
   -844.23685640
   -844.25182456
   -844.23889998
   -844.24151064
   -844.23580326
   -844.24541816
   -844.23126217
   -844.23555985
   -844.25373021
   -844.23170380
   -844.21217543
   -844.23364466
   -844.21380966
   -844.21980828
   -844.21963590
   -844.23762255
   -844.23490004
   -844.23491504
   -844.21204169
   -844.22783485
   -844.22381526
   -844.25267440
   -844.24349725
   -844.22779126
   -844.20336896
   -844.23928981
   -844.22636992
   -844.23966437
   -844.22200286
   -844.22274286
   -844.22792110
   -844.20891173
   -844.24775962
   -844.22692971
   -844.22500174
   -844.21958748
   -844.25266014
   -844.22981906
   -844.24543959
   -844.21934939
   -844.24435974
   -844.22685627
   -844.22897823
   -844.23681135
   -844.24691919
   -844.23772837
   -844.21862834
   -844.22474032
   -844.20950119
   -844.21235199
   -844.23888969
   -844.18448863
   -844.20815622
   -844.23028179
   -844.20163567
   -844.24193477
   -844.23317853
   -844.24343685
   -844.22039259
   -844.20541862
   -844.23147368
   -844.22904742
   -844.22602241
   -844.23278036
   -844.12383715
   -844.22952987
   -844.21497793
   -844.25119476
   -844.25532748
   -844.24322135
   -844.23158999
   -844.22495737
   -844.23327395
   -844.21840636
   -844.22276300
   -844.23343572
   -844.24006171
   -844.24391390
   -844.21134473
   -844.20033663
   -844.23362865
   -844.23885226
   -844.21678519
   -844.23111076
   -844.22326547
   -844.22910762
   -844.23303336
   -844.24214491
   -844.21499209
   -844.22896777
   -844.23761422
   -844.21249541
   -844.23026195
   -844.21019579
   -844.23020065
   -844.22245028
   -844.22252926
   -844.22058495
   -844.22432646
   -844.23383463
   -844.21681258
   -844.23118240
   -844.24906044
   -844.24425835
   -844.22185505
   -844.21814340
   -844.22349834
   -844.22719866
   -844.21512600
   -844.23475250
   -844.25099879
   -844.23010087
   -844.20606553
   -844.23665147
   -844.24000316
   -844.23241981
   -844.22261305
   -844.19121930
   -844.21967842
   -844.19766085
   -844.22106457
   -844.24474810
   -844.22427530
   -844.23350319
   -844.23380677
   -844.23531378
   -844.23775784
   -844.23751307
   -844.23605294
   -844.22365198
   -844.22560902
   -844.22813422
   -844.22588934
   -844.24720972
   -844.25251756
   -844.22542792
   -844.24240190
   -844.24920117
   -844.22586185
   -844.21364340
   -844.22795362
   -844.21383658
   -844.22035608
   -844.21177010
   -844.19894341
   -844.23616723
   -844.20945666
   -844.24791126
   -844.19895143
   -844.23463268
   -844.21624377
   -844.23545575
   -844.22551424
   -844.23416344
   -844.22941219
   -844.21515686
   -844.25014868
   -844.23455150
   -844.24226541
   -844.21636943
   -844.19062994
   -844.22340159
   -844.23496281
   -844.22274046
   -844.25309644
   -844.22777026
   -844.21584181
   -844.20965195
   -844.24093145
   -844.21497983
   -844.21476754
   -844.22412451
   -844.24101610
   -844.21829129
   -844.24474896
   -844.20715141
   -844.23092961
   -844.22136507
   -844.24293537
   -844.21437009
   -844.21620768
   -844.23803517
   -844.22284536
   -844.25125253
   -844.21426472
   -844.20452457
   -844.21992023
   -844.21795100
   -844.23366488
   -844.20607937
   -844.22647610
   -844.25412619
   -844.22635341
   -844.21925156
   -844.22876410
   -844.23260635
   -844.21849439
   -844.22252027
   -844.21973117
   -844.22660779
   -844.20995321
   -844.21238026
   -844.23660084
   -844.23700483
   -844.21956737
   -844.23531526
   -844.24558040
   -844.21030110
   -844.23390685
   -844.23936558
   -844.21027445
   -844.21224976
   -844.21033871
   -844.23726214
   -844.21629854
   -844.24638772
   -844.22136149
   -844.23352636
   -844.21024377
   -844.21614301
   -844.21187657
   -844.24548680
   -844.24326024
   -844.20599539
   -844.21712959
   -844.22212305
   -844.21699538
   -844.24401045
   -844.21819675
   -844.22312435
   -844.20730356
   -844.23653062
   -844.23091914
   -844.23970235
   -844.23476036
   -844.23895989
   -844.22089719
   -844.23794621
   -844.21190225
   -844.20637279
   -844.22364740
   -844.23270959
   -844.24411873
   -844.23483356
   -844.23028332
   -844.21157016
   -844.25138222
   -844.24459674
   -844.23381878
   -844.23763442
   -844.22630151
   -844.23517794
   -844.21372879
   -844.23079201
   -844.24461043
   -844.21460641
   -844.20977092
   -844.21513456
   -844.22020233
   -844.22463099
   -844.21990582
   -844.23534797
   -844.21396423
   -844.21828457
   -844.22189326
   -844.22098658
   -844.21202396
   -844.25918142
   -844.22015564
   -844.25046350
   -844.24403040
   -844.24321098
   -844.22639428
   -844.23039097
   -844.20119653
   -844.22357961
   -844.24962068
   -844.23120156
   -844.23966912
   -844.23510874
   -844.22437339
   -844.22508844
   -844.22572195
   -844.23439724
   -844.22516222
   -844.22330021
   -844.20753393
   -844.23904974
   -844.21635476
   -844.22961650
   -844.25212482
   -844.22878336
   -844.20978845
   -844.22416097
   -844.23027522
   -844.22642183
   -844.22073224
   -844.23945669
   -844.22791250
   -844.25297082
   -844.22382668
   -844.23465609
   -844.22406131
   -844.23750333
   -844.21790036
   -844.24100767
   -844.21153715
   -844.24081625
   -844.23017372
   -844.21292737
   -844.23121091
   -844.24447522
   -844.24081147
   -844.24863822
   -844.25021577
   -844.21347751
   -844.23771491
   -844.22088763
   -844.22038486
   -844.22260371
   -844.21813985
   -844.21534909
   -844.25401643
   -844.21086531
   -844.21677204
   -844.24319517
   -844.21248123
   -844.21429565
   -844.22183915
   -844.23047254
   -844.22389881
   -844.22025624
   -844.21370296
   -844.24536833
   -844.23342135
   -844.21104664
   -844.23053352
   -844.23085256
   -844.22664547
   -844.23941512
   -844.23530319
   -844.22374818
   -844.21717434
   -844.23487530
   -844.22963499
   -844.24383520
   -844.25282001
   -844.20829534
   -844.21760370
   -844.21392958
   -844.23704286
   -844.24160628
   -844.21222242
   -844.22895401
   -844.20769165
   -844.24281176
   -844.24432182
   -844.23100077
   -844.25448362
   -844.22997579
   -844.22927829
   -844.20929643
   -844.23717697
   -844.24283045
   -844.22673722
   -844.23884073
   -844.21410537
   -844.23454796
   -844.22588967
   -844.25605546
   -844.23797177
   -844.21707455
   -844.21851596
   -844.21563692
   -844.24871054
   -844.24457605
   -844.20578149
   -844.22542734
   -844.19534193
   -844.23099815
   -844.22612582
   -844.23584828
   -844.22853785
   -844.24977871
   -844.20478480
   -844.25130791
   -844.21908264
   -844.23484340
   -844.21728953
   -844.21048532
   -844.23315685
   -844.21828528
   -844.23260471
   -844.22912718
   -844.20724775
   -844.23381709
   -844.23197826
   -844.22780701
   -844.23713968
   -844.24609247
   -844.22298779
   -844.21850207
   -844.23222021
   -844.22496451
   -844.22546749
   -844.20948661
   -844.23760406
   -844.21713474
   -844.23220548
   -844.21667213
   -844.21025959
   -844.22602936
   -844.24090449
   -844.23694630
   -844.21566666
   -844.20556309
   -844.24332687
   -844.21744692
   -844.22000855
   -844.21356895
   -844.23007999
   -844.23147461
   -844.23384025
   -844.21677473
   -844.24453557
   -844.23636837
   -844.24536163
   -844.20426002
   -844.24550733
   -844.23045617
   -844.21916530
   -844.24047522
   -844.22088272
   -844.19775450
   -844.23534599
   -844.24218871
   -844.19938345
   -844.21498724
   -844.25251038
   -844.24294073
   -844.23285408
   -844.21630097
   -844.22359210
   -844.24321504
   -844.22238843
   -844.23066381
   -844.22195276
   -844.22496527
   -844.24771307
   -844.21736783
   -844.25378416
   -844.20655119
   -844.22455937
   -844.23181923
   -844.21946371
   -844.24111052
   -844.23807736
   -844.22355883
   -844.21790322
   -844.22373825
   -844.20557418
   -844.20971075
   -844.23490046
   -844.24823555
   -844.20503808
   -844.20477108
   -844.21156564
   -844.24181368
   -844.24357680
   -844.20878047
   -844.23879863
   -844.24795800
   -844.23648750
   -844.23346820
   -844.24152598
   -844.23128649
   -844.24867278
   -844.23286193
   -844.21783113
   -844.23032032
   -844.22049616
   -844.20231592
   -844.24595660
   -844.24485047
   -844.25357938
   -844.22510450
   -844.22188480
   -844.24903721
   -844.24956106
   -844.25312401
   -844.23697829
   -844.23448855
   -844.21688036
   -844.24146966
   -844.20872646
   -844.23254416
   -844.22586249
   -844.22305730
   -844.23162237
   -844.19059658
   -844.22832200
   -844.22895725
   -844.23548710
   -844.23014769
   -844.22892325
   -844.20820541
   -844.22313807
   -844.24083237
   -844.23207235
   -844.21226873
   -844.22461714
   -844.21762677
   -844.20463604
   -844.23490584
   -844.20478564
   -844.23580792
   -844.24367993
   -844.21117555
   -844.21858021
   -844.22224105
   -844.21172698
   -844.23861198
   -844.24790445
   -844.21574843
   -844.23648808
   -844.24224553
   -844.22421734
   -844.25286907
   -844.23729605
   -844.24884392
   -844.22765489
   -844.22574857
   -844.25214993
   -844.21959278
   -844.25235226
   -844.24581195
   -844.21834537
   -844.22200366
   -844.23871046
   -844.21481612
   -844.22433068
   -844.24264020
   -844.21356045
   -844.21936273
   -844.25311216
   -844.23392472
   -844.19581834
   -844.23659758
   -844.21039054
   -844.22178892
   -844.24652531
   -844.24258610
   -844.23492848
   -844.24270469
   -844.22815845
   -844.18114678
   -844.23139436
   -844.20452351
   -844.20501807
   -844.22664532
   -844.21003634
   -844.24754213
   -844.22719445
   -844.22276630
   -844.24075396
   -844.23990247
   -844.25031307
   -844.23468132
   -844.24051188
   -844.24211104
   -844.24526015
   -844.25890772
   -844.21242212
   -844.22219475
   -844.21499611
   -844.25432901
   -844.21536845
   -844.22677004
   -844.22605187
   -844.21720627
   -844.22801734
   -844.22249762
   -844.21349298
   -844.24548219
   -844.24739874
   -844.24544049
   -844.21370450
   -844.25282028
   -844.23418733
   -844.24219321
   -844.22095834
   -844.24246756
   -844.21088546
   -844.20270257
   -844.24782749
   -844.24282810
   -844.22667970
   -844.21963752
   -844.24065271
   -844.24135212
   -844.21409133
   -844.24674856
   -844.21992921
   -844.22864289
   -844.22061720
   -844.21190126
   -844.23735826
   -844.23680852
   -844.22850404
   -844.23367720
   -844.21686492
   -844.24591323
   -844.24287971
   -844.21146948
   -844.19047637
   -844.23015177
   -844.23450288
   -844.22373608
   -844.24165212
   -844.20187445
   -844.23913202
   -844.25223416
   -844.24274120
   -844.24710953
   -844.24382456
   -844.21606547
   -844.24328066
   -844.22041753
   -844.23272811
   -844.25024198
   -844.22023845
   -844.21734042
   -844.20200365
   -844.21590832
   -844.25455043
   -844.23269222
   -844.22517721
   -844.21451261
   -844.21630084
   -844.24397604
   -844.22157781
   -844.20840079
   -844.25125546
   -844.25802009
   -844.22679708
   -844.20816757
   -844.25848068
   -844.20957537
   -844.24293341
   -844.22473568
   -844.25367738
   -844.24342354
   -844.22354736
   -844.24961127
   -844.20312245
   -844.23758192
   -844.22867023
   -844.21135891
   -844.23650402
   -844.22482649
   -844.25085940
   -844.21077909
   -844.19819324
   -844.24452166
   -844.23327062
   -844.23296017
   -844.23841398
   -844.21839317
   -844.23347087
   -844.23809081
   -844.22178300
   -844.22995824
   -844.22953193
   -844.22285052
   -844.25123417
   -844.21389332
   -844.23086361
   -844.24113401
   -844.23407076
   -844.22188376
   -844.21771718
   -844.23960995
   -844.24836388
   -844.21070039
   -844.21572158
   -844.22078003
   -844.23328126
   -844.23590218
   -844.21227244
   -844.22381387
   -844.22924644
   -844.25160431
   -844.21625985
   -844.23564199
   -844.21791765
   -844.20571414
   -844.22381055
   -844.22990066
   -844.22030048
   -844.25009020
   -844.22776256
   -844.23448587
   -844.21461608
   -844.23148735
   -844.20563454
   -844.23206602
   -844.21110847
   -844.22585294
   -844.22436277
   -844.23556521
   -844.22604633
   -844.18285507
   -844.21620451
   -844.24019462
   -844.19882846
   -844.22424389
   -844.23737645
   -844.22809837
   -844.22964217
   -844.22966100
   -844.24689638
   -844.25033241
   -844.23007969
   -844.24509868
   -844.21866142
   -844.23740196
   -844.17962509
   -844.21906331
   -844.22528855
   -844.21014861
   -844.17864396
   -844.21328341
   -844.24001963
   -844.24406626
   -844.20790154
   -844.23470424
   -844.24371575
   -844.23077192
   -844.24843629
   -844.22853106
   -844.23278873
   -844.20118821
   -844.24587746
   -844.23976629
   -844.22202001
   -844.23034199
   -844.21857696
   -844.23102907
   -844.20125379
   -844.22771962
   -844.22197270
   -844.22417080
   -844.23443416
   -844.21110168
   -844.23942986
   -844.23970086
   -844.22229158
   -844.24744635
   -844.21199502
   -844.22034538
   -844.24468696
   -844.22681147
   -844.21324511
   -844.22958992
   -844.22698940
   -844.21149968
   -844.21963858
   -844.20864116
   -844.21704861
   -844.21680869
   -844.24320685
   -844.21591660
   -844.21454742
   -844.22988652
   -844.24626859
   -844.20889972
   -844.21849986
   -844.24480531
   -844.22575646
   -844.22168685
   -844.24151447
   -844.23110832
   -844.22276574
   -844.19250690
   -844.21151032
   -844.22071151
   -844.22745084
   -844.22575757
   -844.22485320
   -844.24196752
   -844.22851969
   -844.19734784
   -844.21098863
   -844.23988610
   -844.22256970
   -844.21507682
   -844.24255430
   -844.20967768
   -844.22893072
   -844.23942030
   -844.24902232
   -844.24255322
   -844.20228741
   -844.21290741
   -844.25068425
   -844.22901987
   -844.23375412
   -844.22109747
   -844.23814460
   -844.21313515
   -844.24644357
   -844.21099997
   -844.24744499
   -844.23565838
   -844.23865600
   -844.22753182
   -844.21047401
   -844.24465133
   -844.22574835
   -844.22993779
   -844.21769188
   -844.21695807
   -844.23448303
   -844.22577309
   -844.23802918
   -844.22144066
   -844.22206537
   -844.23105598
   -844.22429125
   -844.22211511
   -844.23955534
   -844.24190699
   -844.22488681
   -844.24443243
   -844.20489558
   -844.21931504
   -844.22155785
   -844.22932337
   -844.21006102
   -844.23865571
   -844.23183702
   -844.24411516
   -844.23984694
   -844.22834371
   -844.22218698
   -844.21700520
   -844.22252001
   -844.20036222
   -844.25756409
   -844.23436790
   -844.21643189
   -844.22968204
   -844.22632188
   -844.22681247
   -844.21706914
   -844.21033361
   -844.22576411
   -844.21025506
   -844.20988507
   -844.21629773
   -844.21289465
   -844.20747356
   -844.23363654
   -844.24999347
   -844.24614612
   -844.24078289
   -844.20926985
   -844.21116098
   -844.24323681
   -844.22125514
   -844.20983743
   -844.24056210
   -844.23328958
   -844.20542646
   -844.21850348
   -844.24688963
   -844.23484937
   -844.22044341
   -844.24448753
   -844.22388072
   -844.23228696
   -844.25098813
   -844.20944041
   -844.22469054
   -844.21574936
   -844.23936088
   -844.22672391
   -844.24300645
   -844.23517977
   -844.22985328
   -844.23816979
   -844.23738136
   -844.23528594
   -844.21222643
