% The following energies apply to conformations described by the topology 
% R38_iter1.top.  Structures are given in trajectory coords.cdf, count: 140.

% Item 0:
%   Energy -> orca_structures/coor*/NConf*.out
   -691.97323538
   -691.97562852
   -691.96849601
   -691.96960755
   -691.97150539
   -691.96749338
   -691.97282675
   -691.96917811
   -691.97048074
   -691.97337135
   -691.96940958
   -691.96337399
   -691.97089697
   -691.97068003
   -691.97211222
   -691.97159967
   -691.97127626
   -691.96296336
   -691.96830783
   -691.96900941
   -691.97442661
   -691.97101553
   -691.97141671
   -691.97457959
   -691.97237699
   -691.96969196
   -691.96511561
   -691.97106680
   -691.96199080
   -691.97178573
   -691.96840237
   -691.97452963
   -691.97337818
   -691.97197037
   -691.96514946
   -691.97455413
   -691.97036115
   -691.97100972
   -691.96982123
   -691.97569667
   -691.97238640
   -691.97556549
   -691.96374453
   -691.96669952
   -691.96788169
   -691.97322422
   -691.96688122
   -691.97351946
   -691.97059919
   -691.97072502
   -691.95703075
   -691.97118452
   -691.97343445
   -691.97496993
   -691.97384329
   -691.96985579
   -691.96740081
   -691.95977564
   -691.97329899
   -691.96991043
   -691.97205397
   -691.97479972
   -691.97005400
   -691.96762228
   -691.96700730
   -691.97493831
   -691.97222308
   -691.96911385
   -691.96563315
   -691.97497533
   -691.97174103
   -691.97298204
   -691.96768037
   -691.96357050
   -691.97152805
   -691.97093189
   -691.97316936
   -691.96725239
   -691.96353558
   -691.96544067
   -691.97187627
   -691.96203729
   -691.97204228
   -691.96780765
   -691.97376003
   -691.96698843
   -691.96972078
   -691.96989193
   -691.96690539
   -691.97186373
   -691.96576141
   -691.97298025
   -691.97276222
   -691.97284959
   -691.97369733
   -691.97195712
   -691.97412251
   -691.97402622
   -691.97203625
   -691.97039030
   -691.97004424
   -691.97332483
   -691.95747731
   -691.96700229
   -691.96837087
   -691.97583938
   -691.96988715
   -691.97183066
   -691.96415773
   -691.97279664
   -691.97546757
   -691.96400408
   -691.97168059
   -691.96721484
   -691.97590606
   -691.97262027
   -691.97473485
   -691.96772747
   -691.97569475
   -691.97314281
   -691.97361459
   -691.97352416
   -691.96087491
   -691.97068627
   -691.96685651
   -691.97318110
   -691.96931251
   -691.97043771
   -691.96917051
   -691.96766612
   -691.97201059
   -691.97228815
   -691.97225298
   -691.96955816
   -691.97001902
   -691.96997485
   -691.96995895
   -691.96730800
   -691.97092834
   -691.97421466
