-0.2926970000
0.6439150000
-0.5950980000
-0.3832990000
0.2447500000
0.2043430000
-0.0303080000
-0.1648060000
-0.2856310000
0.2301500000
-0.2618600000
0.1992030000
0.2494540000
-0.3976560000
0.3479420000
-0.2863280000
0.1276630000
0.5835740000
-0.5516890000
-0.3159570000
0.1689950000
0.1689950000
0.0814540000
0.0910440000
0.0713830000
-0.0359950000
-0.0359950000
-0.0283250000
-0.0283250000
0.1031030000
0.1607570000
-0.0059100000
-0.0059100000
-0.0059100000
-0.0391420000
-0.0391420000
-0.0391420000
0.1454840000
0.0144750000
0.0144750000
-0.0036720000
-0.0036720000
-0.0036720000
-0.0036720000
-0.0036720000
-0.0036720000
