% The following energies apply to conformations described by the topology 
% R09.top.  Structures are given in trajectory coords.cdf, count: 2534.

% Item 0:
%   Energy -> orca_structures/coor*/Conf*.out
  -1009.36319013
  -1009.38302086
  -1009.37232771
  -1009.30526306
  -1009.37141217
  -1009.33781249
  -1009.39238774
  -1009.38140336
  -1009.37348659
  -1009.36338750
  -1009.37181380
  -1009.40022636
  -1009.36995252
  -1009.32667487
  -1009.37226737
  -1009.32718860
  -1009.38356383
  -1009.36378600
  -1009.38778122
  -1009.38689712
  -1009.39009281
  -1009.40581026
  -1009.36600857
  -1009.38269013
  -1009.38359108
  -1009.39704071
  -1009.32156236
  -1009.38411279
  -1009.36872010
  -1009.36541566
  -1009.37567429
  -1009.31495440
  -1009.39043735
  -1009.36031423
  -1009.39512820
  -1009.37576776
  -1009.38928877
  -1009.34883663
  -1009.36244380
  -1009.34615384
  -1009.33964055
  -1009.34231517
  -1009.35317931
  -1009.33942913
  -1009.29448206
  -1009.36597049
  -1009.35488613
  -1009.39197989
  -1009.35502193
  -1009.29400390
  -1009.36007220
  -1009.36445263
  -1009.38084608
  -1009.35443409
  -1009.35010367
  -1009.33332364
  -1009.36153050
  -1009.36732709
  -1009.38379891
  -1009.37109551
  -1009.35755646
  -1009.38426708
  -1009.37537624
  -1009.33382266
  -1009.38165673
  -1009.36672367
  -1009.37932294
  -1009.39006176
  -1009.36610013
  -1009.34907749
  -1009.37654267
  -1009.36596941
  -1009.36385289
  -1009.37260657
  -1009.39677712
  -1009.38022277
  -1009.32029162
  -1009.36958372
  -1009.38844963
  -1009.37153427
  -1009.35151598
  -1009.39124772
  -1009.34398683
  -1009.36054066
  -1009.33457065
  -1009.36438601
  -1009.34967824
  -1009.33941262
  -1009.36657011
  -1009.36687165
  -1009.37797384
  -1009.37430338
  -1009.39509697
  -1009.36850899
  -1009.35258470
  -1009.38071267
  -1009.35510786
  -1009.38086457
  -1009.37015061
  -1009.35771859
  -1009.35177905
  -1009.34610675
  -1009.36600203
  -1009.36992537
  -1009.37292779
  -1009.36432908
  -1009.39073120
  -1009.37099002
  -1009.37919760
  -1009.37798948
  -1009.35790482
  -1009.34416061
  -1009.35588278
  -1009.35536304
  -1009.36703168
  -1009.39129238
  -1009.34939699
  -1009.37060068
  -1009.33765549
  -1009.37149711
  -1009.36727645
  -1009.37536617
  -1009.36886717
  -1009.35841130
  -1009.36927548
  -1009.36315304
  -1009.36673251
  -1009.38116360
  -1009.36464188
  -1009.37074095
  -1009.37948276
  -1009.34535258
  -1009.38372496
  -1009.38068997
  -1009.33487974
  -1009.37768063
  -1009.37636418
  -1009.34130158
  -1009.35942454
  -1009.40779847
  -1009.36767727
  -1009.38369421
  -1009.35710379
  -1009.37411003
  -1009.36401155
  -1009.37038856
  -1009.35802493
  -1009.36882917
  -1009.35820926
  -1009.38753461
  -1009.35275126
  -1009.36309263
  -1009.36352432
  -1009.37573614
  -1009.34754437
  -1009.37808808
  -1009.35729621
  -1009.35828460
  -1009.37467138
  -1009.36551496
  -1009.40739844
  -1009.38957962
  -1009.36711601
  -1009.39038559
  -1009.36904873
  -1009.32171009
  -1009.32998733
  -1009.34452006
  -1009.35897240
  -1009.37920756
  -1009.38852487
  -1009.35225957
  -1009.37510966
  -1009.36648513
  -1009.39350562
  -1009.36054985
  -1009.35643041
  -1009.34808891
  -1009.36902844
  -1009.39868325
  -1009.36616585
  -1009.35642970
  -1009.38238936
  -1009.35714989
  -1009.37097833
  -1009.36891729
  -1009.38933037
  -1009.38980468
  -1009.35775834
  -1009.36300761
  -1009.33337112
  -1009.33626002
  -1009.35650520
  -1009.37446057
  -1009.34509080
  -1009.39569943
  -1009.33673654
  -1009.37670500
  -1009.34719067
  -1009.36153381
  -1009.38599094
  -1009.32176587
  -1009.38067624
  -1009.35838000
  -1009.38077641
  -1009.35999077
  -1009.34583919
  -1009.38280864
  -1009.37507792
  -1009.39550466
  -1009.36036946
  -1009.36635667
  -1009.36719826
  -1009.32639359
  -1009.38405579
  -1009.37489343
  -1009.36499097
  -1009.40002838
  -1009.36474915
  -1009.39029273
  -1009.37544296
  -1009.35524865
  -1009.37763724
  -1009.34827517
  -1009.39627668
  -1009.34351871
  -1009.37398627
  -1009.33039687
  -1009.38217439
  -1009.31287212
  -1009.37505497
  -1009.35665999
  -1009.36776348
  -1009.36065858
  -1009.31031452
  -1009.37361056
  -1009.34770800
  -1009.32797645
  -1009.35081686
  -1009.36787277
  -1009.35715954
  -1009.37803771
  -1009.38711168
  -1009.37187245
  -1009.36227106
  -1009.36171033
  -1009.39489324
  -1009.39948075
  -1009.40303756
  -1009.37329147
  -1009.36495930
  -1009.36240163
  -1009.30757401
  -1009.34584663
  -1009.36075597
  -1009.37031720
  -1009.35074082
  -1009.36778826
  -1009.35596323
  -1009.37930051
  -1009.36485969
  -1009.35600986
  -1009.38772008
  -1009.39705767
  -1009.38911623
  -1009.36692711
  -1009.36894859
  -1009.37959643
  -1009.37152729
  -1009.35088572
  -1009.35387957
  -1009.39628627
  -1009.39849026
  -1009.37815798
  -1009.38452319
  -1009.38419052
  -1009.39594384
  -1009.37734064
  -1009.35990430
  -1009.35090371
  -1009.35536622
  -1009.36927098
  -1009.37091123
  -1009.34506747
  -1009.38157816
  -1009.36292294
  -1009.36926756
  -1009.36648536
  -1009.26612803
  -1009.37678683
  -1009.38570147
  -1009.36387487
  -1009.38354715
  -1009.36792186
  -1009.36723147
  -1009.39957071
  -1009.38017658
  -1009.34808325
  -1009.37263533
  -1009.35841716
  -1009.38600313
  -1009.37191649
  -1009.35016201
  -1009.38508954
  -1009.36724534
  -1009.37933079
  -1009.25283960
  -1009.36638343
  -1009.37069936
  -1009.35627754
  -1009.34701741
  -1009.38928810
  -1009.36924471
  -1009.35771193
  -1009.36344230
  -1009.38419215
  -1009.38580447
  -1009.39120371
  -1009.38054205
  -1009.33269681
  -1009.37148245
  -1009.37542825
  -1009.40614576
  -1009.27469838
  -1009.37321503
  -1009.37590295
  -1009.35912622
  -1009.37177122
  -1009.39410683
  -1009.33601317
  -1009.36409470
  -1009.37054733
  -1009.36418479
  -1009.35577509
  -1009.34296149
  -1009.39614205
  -1009.36696359
  -1009.36104562
  -1009.34047697
  -1009.36417664
  -1009.40217048
  -1009.38024929
  -1009.35551718
  -1009.37351497
  -1009.40371399
  -1009.37675957
  -1009.35731548
  -1009.39265282
  -1009.39960510
  -1009.37176578
  -1009.36028773
  -1009.37081053
  -1009.37251242
  -1009.36280882
  -1009.36539594
  -1009.38943540
  -1009.37675476
  -1009.37845575
  -1009.38008142
  -1009.36196549
  -1009.37868852
  -1009.36079257
  -1009.36760503
  -1009.38354115
  -1009.36728029
  -1009.38393198
  -1009.36632036
  -1009.36897592
  -1009.36094494
  -1009.37083145
  -1009.37706421
  -1009.38270604
  -1009.34667016
  -1009.41721202
  -1009.36580715
  -1009.34302198
  -1009.39817842
  -1009.35838231
  -1009.35602759
  -1009.36256150
  -1009.38369348
  -1009.36520337
  -1009.37293537
  -1009.37496856
  -1009.35894117
  -1009.39199096
  -1009.37186633
  -1009.40654173
  -1009.32128787
  -1009.42061043
  -1009.37651749
  -1009.34822891
  -1009.34607661
  -1009.37950339
  -1009.34576206
  -1009.31220794
  -1009.36367750
  -1009.38971966
  -1009.39792958
  -1009.36232452
  -1009.39450588
  -1009.36400676
  -1009.38184185
  -1009.39426181
  -1009.36629213
  -1009.34572894
  -1009.34909266
  -1009.37423223
  -1009.37771603
  -1009.40021034
  -1009.36338207
  -1009.38167822
  -1009.37914725
  -1009.38332173
  -1009.37696292
  -1009.38768442
  -1009.39299282
  -1009.35218996
  -1009.38166076
  -1009.38645976
  -1009.36230509
  -1009.37573951
  -1009.37909797
  -1009.38195638
  -1009.37193262
  -1009.35851498
  -1009.39501793
  -1009.35178571
  -1009.37501164
  -1009.37377858
  -1009.36881465
  -1009.35864777
  -1009.36131885
  -1009.32935676
  -1009.37608099
  -1009.37862966
  -1009.39764090
  -1009.35498730
  -1009.36567499
  -1009.36019959
  -1009.37609330
  -1009.34547954
  -1009.35954406
  -1009.38715171
  -1009.37656749
  -1009.39114551
  -1009.34969089
  -1009.35157411
  -1009.37109733
  -1009.37489996
  -1009.38902227
  -1009.34956003
  -1009.36495492
  -1009.36890667
  -1009.35325005
  -1009.38714719
  -1009.36491321
  -1009.35553349
  -1009.36326068
  -1009.38608655
  -1009.36161483
  -1009.38025604
  -1009.37651186
  -1009.36385546
  -1009.37213851
  -1009.37190332
  -1009.36252651
  -1009.38198563
  -1009.36359867
  -1009.36200910
  -1009.35147845
  -1009.34234331
  -1009.36297191
  -1009.38765286
  -1009.37634936
  -1009.33044479
  -1009.39821137
  -1009.36164024
  -1009.35666419
  -1009.38750389
  -1009.38691213
  -1009.37414692
  -1009.39323232
  -1009.36306267
  -1009.36435329
  -1009.36575215
  -1009.35958893
  -1009.38857406
  -1009.37439737
  -1009.37248007
  -1009.29458651
  -1009.36733153
  -1009.39079711
  -1009.37187698
  -1009.37433001
  -1009.38777013
  -1009.37256181
  -1009.37242221
  -1009.37064257
  -1009.38879834
  -1009.36067269
  -1009.36791412
  -1009.35038296
  -1009.36850379
  -1009.36937906
  -1009.37465167
  -1009.37284463
  -1009.37987141
  -1009.35046506
  -1009.36323358
  -1009.35241910
  -1009.38283272
  -1009.35666284
  -1009.35876538
  -1009.38183706
  -1009.37106740
  -1009.41257793
  -1009.34445930
  -1009.36667271
  -1009.35317048
  -1009.37747837
  -1009.37409414
  -1009.36652772
  -1009.36096420
  -1009.34965683
  -1009.34133681
  -1009.40088364
  -1009.35269829
  -1009.38427087
  -1009.37186752
  -1009.34992248
  -1009.37664683
  -1009.37356622
  -1009.37365012
  -1009.37919512
  -1009.36417704
  -1009.33229563
  -1009.37452343
  -1009.35920745
  -1009.34655367
  -1009.37277001
  -1009.36946795
  -1009.37133678
  -1009.37646634
  -1009.36955012
  -1009.32544200
  -1009.34269210
  -1009.39447372
  -1009.38508799
  -1009.38150587
  -1009.35577754
  -1009.33864183
  -1009.38400805
  -1009.36682985
  -1009.35118316
  -1009.36459150
  -1009.37066422
  -1009.36916541
  -1009.40407926
  -1009.37104624
  -1009.35794227
  -1009.32609512
  -1009.38119210
  -1009.38007332
  -1009.36144650
  -1009.37794742
  -1009.39201763
  -1009.31649153
  -1009.37844006
  -1009.32130836
  -1009.34525862
  -1009.35817963
  -1009.34417646
  -1009.37116492
  -1009.34032305
  -1009.29834694
  -1009.37981389
  -1009.36949533
  -1009.40264450
  -1009.38724331
  -1009.31754434
  -1009.37624376
  -1009.38207198
  -1009.34920586
  -1009.40853389
  -1009.38442976
  -1009.34785840
  -1009.37412481
  -1009.37224506
  -1009.34177866
  -1009.36222735
  -1009.36204350
  -1009.34929846
  -1009.37392492
  -1009.37260390
  -1009.36874689
  -1009.37609838
  -1009.35815506
  -1009.35976462
  -1009.37541648
  -1009.40636412
  -1009.37729427
  -1009.36342703
  -1009.40418315
  -1009.38407734
  -1009.35267481
  -1009.35323476
  -1009.36800937
  -1009.35337973
  -1009.39647003
  -1009.33466040
  -1009.34954668
  -1009.37543089
  -1009.36957129
  -1009.37465762
  -1009.38150861
  -1009.39520824
  -1009.36587425
  -1009.38373446
  -1009.35499909
  -1009.32655523
  -1009.37714309
  -1009.37467984
  -1009.35499015
  -1009.38585633
  -1009.37293716
  -1009.39391846
  -1009.35120749
  -1009.35044035
  -1009.37410921
  -1009.35256726
  -1009.37443376
  -1009.34833747
  -1009.35084104
  -1009.35225281
  -1009.33016241
  -1009.35915829
  -1009.37536895
  -1009.36257002
  -1009.36969866
  -1009.35423356
  -1009.39947751
  -1009.39277351
  -1009.34699404
  -1009.33974172
  -1009.36144615
  -1009.36366024
  -1009.35382812
  -1009.36952046
  -1009.39571838
  -1009.36933214
  -1009.37976830
  -1009.39553155
  -1009.37150988
  -1009.32390132
  -1009.37551244
  -1009.38363677
  -1009.39064286
  -1009.40281268
  -1009.38003806
  -1009.35595408
  -1009.32817449
  -1009.34641492
  -1009.36548817
  -1009.37034667
  -1009.34715325
  -1009.35512144
  -1009.36137071
  -1009.35462870
  -1009.35856713
  -1009.36494948
  -1009.41089829
  -1009.34892622
  -1009.40386691
  -1009.37051148
  -1009.39077395
  -1009.37641387
  -1009.38779445
  -1009.37643862
  -1009.38484371
  -1009.36993673
  -1009.38052614
  -1009.39053923
  -1009.36965362
  -1009.36214416
  -1009.38546588
  -1009.30970334
  -1009.35359594
  -1009.35310753
  -1009.34873303
  -1009.36978165
  -1009.37773560
  -1009.37878653
  -1009.39513385
  -1009.33058646
  -1009.36334460
  -1009.35811193
  -1009.34904686
  -1009.31875449
  -1009.37760672
  -1009.37228405
  -1009.33936194
  -1009.35839834
  -1009.36805684
  -1009.32939851
  -1009.35038796
  -1009.38118156
  -1009.37798814
  -1009.37912561
  -1009.36779790
  -1009.39424558
  -1009.36704430
  -1009.39012574
  -1009.36659106
  -1009.34701213
  -1009.36972595
  -1009.37071951
  -1009.38344265
  -1009.38065783
  -1009.36525802
  -1009.38274505
  -1009.36504144
  -1009.38863364
  -1009.40693644
  -1009.37859009
  -1009.36142168
  -1009.35053688
  -1009.39324732
  -1009.34532877
  -1009.37343664
  -1009.34519697
  -1009.38943927
  -1009.37497514
  -1009.35935059
  -1009.33255695
  -1009.38630604
  -1009.36345256
  -1009.36170240
  -1009.37331211
  -1009.37354702
  -1009.37838138
  -1009.37440480
  -1009.37504226
  -1009.36321626
  -1009.39408347
  -1009.35467509
  -1009.35300594
  -1009.38102241
  -1009.33277248
  -1009.36034363
  -1009.34264278
  -1009.36647227
  -1009.37195558
  -1009.32289661
  -1009.37276680
  -1009.37370278
  -1009.35782441
  -1009.37465516
  -1009.32705962
  -1009.39815576
  -1009.37133692
  -1009.33166161
  -1009.37855663
  -1009.37725645
  -1009.37385946
  -1009.37096948
  -1009.39261563
  -1009.34967301
  -1009.37717465
  -1009.38714172
  -1009.36217695
  -1009.38588501
  -1009.37201799
  -1009.38967169
  -1009.37039329
  -1009.38121820
  -1009.33228692
  -1009.36273658
  -1009.35276449
  -1009.37474252
  -1009.35690613
  -1009.39615902
  -1009.36479206
  -1009.35706327
  -1009.32379158
  -1009.34237102
  -1009.35825306
  -1009.39072167
  -1009.36486840
  -1009.36343077
  -1009.38414247
  -1009.37692642
  -1009.38819298
  -1009.36009655
  -1009.37596849
  -1009.39807994
  -1009.38415854
  -1009.37070938
  -1009.36986944
  -1009.33374759
  -1009.29978624
  -1009.35384480
  -1009.39150454
  -1009.34737789
  -1009.35652054
  -1009.36842343
  -1009.36802030
  -1009.38698275
  -1009.37066983
  -1009.37597836
  -1009.32763009
  -1009.28572693
  -1009.34247512
  -1009.37680854
  -1009.36848040
  -1009.36144994
  -1009.38720526
  -1009.37137309
  -1009.33530934
  -1009.36450131
  -1009.39038905
  -1009.36947743
  -1009.35494009
  -1009.33474242
  -1009.36406485
  -1009.37178375
  -1009.34391594
  -1009.37365903
  -1009.36399806
  -1009.37578212
  -1009.38713097
  -1009.37739540
  -1009.35455559
  -1009.36760340
  -1009.36992297
  -1009.36723805
  -1009.38788883
  -1009.36437950
  -1009.38009066
  -1009.34569753
  -1009.35221307
  -1009.35213142
  -1009.37657317
  -1009.38237885
  -1009.36854669
  -1009.38723409
  -1009.34973428
  -1009.36899192
  -1009.34768538
  -1009.38105054
  -1009.39668061
  -1009.34549220
  -1009.36064060
  -1009.35680152
  -1009.37937906
  -1009.33926262
  -1009.38798690
  -1009.37516221
  -1009.36235347
  -1009.38593072
  -1009.40066095
  -1009.36821017
  -1009.36524854
  -1009.36959038
  -1009.37017607
  -1009.36639727
  -1009.35792764
  -1009.36132300
  -1009.34394698
  -1009.33890180
  -1009.36054387
  -1009.37758453
  -1009.37250350
  -1009.34444923
  -1009.38219839
  -1009.36885736
  -1009.37933014
  -1009.35576052
  -1009.38740185
  -1009.35724081
  -1009.36401144
  -1009.27794841
  -1009.36992012
  -1009.35959226
  -1009.38724655
  -1009.39065762
  -1009.33721234
  -1009.37436461
  -1009.36352937
  -1009.36896244
  -1009.35869411
  -1009.39098318
  -1009.39263634
  -1009.38595479
  -1009.37209049
  -1009.31830196
  -1009.36301626
  -1009.34970806
  -1009.38584879
  -1009.38649075
  -1009.34272375
  -1009.37397703
  -1009.37551974
  -1009.39945790
  -1009.34112288
  -1009.36610785
  -1009.39595532
  -1009.37676019
  -1009.37591596
  -1009.33279906
  -1009.37963208
  -1009.37647381
  -1009.37660002
  -1009.38317196
  -1009.38054605
  -1009.37994995
  -1009.36550648
  -1009.38504981
  -1009.32581517
  -1009.36619695
  -1009.32913461
  -1009.33475853
  -1009.36024004
  -1009.37306961
  -1009.35750944
  -1009.37684046
  -1009.38629563
  -1009.37717050
  -1009.38109755
  -1009.38435673
  -1009.38108239
  -1009.35642460
  -1009.35288518
  -1009.38029806
  -1009.37204989
  -1009.35969193
  -1009.41593731
  -1009.38160998
  -1009.38967408
  -1009.37384999
  -1009.39731374
  -1009.36775242
  -1009.37405110
  -1009.29858729
  -1009.39318002
  -1009.41218398
  -1009.41881237
  -1009.36814707
  -1009.31492079
  -1009.36681266
  -1009.36292188
  -1009.35237993
  -1009.35906680
  -1009.37849084
  -1009.32242041
  -1009.34542894
  -1009.35534561
  -1009.36867686
  -1009.41865209
  -1009.38161328
  -1009.35755134
  -1009.36956754
  -1009.36061435
  -1009.37411191
  -1009.35596819
  -1009.37605149
  -1009.38601105
  -1009.33087068
  -1009.36924024
  -1009.35328913
  -1009.35708101
  -1009.37866090
  -1009.39133182
  -1009.32153313
  -1009.34603202
  -1009.38558481
  -1009.33371184
  -1009.36009210
  -1009.35064306
  -1009.39704921
  -1009.37861738
  -1009.36641298
  -1009.38203156
  -1009.37128313
  -1009.37003638
  -1009.38299800
  -1009.38064756
  -1009.32150974
  -1009.36375453
  -1009.34285945
  -1009.36439155
  -1009.33936030
  -1009.30981533
  -1009.37916157
  -1009.37612838
  -1009.38393863
  -1009.37397266
  -1009.36141591
  -1009.36329429
  -1009.35927342
  -1009.35626433
  -1009.35471377
  -1009.32814256
  -1009.35280095
  -1009.36126594
  -1009.37468645
  -1009.38542837
  -1009.32702286
  -1009.35584587
  -1009.36420243
  -1009.37730962
  -1009.31478113
  -1009.38698905
  -1009.39376194
  -1009.38555864
  -1009.39053207
  -1009.37184845
  -1009.35235021
  -1009.39498735
  -1009.32113863
  -1009.39718135
  -1009.38592867
  -1009.37193305
  -1009.34181492
  -1009.37700731
  -1009.31728376
  -1009.35476635
  -1009.38318287
  -1009.36520620
  -1009.37623481
  -1009.34443512
  -1009.35965195
  -1009.37028526
  -1009.34969371
  -1009.35003835
  -1009.35554529
  -1009.38884313
  -1009.33931676
  -1009.36024505
  -1009.31892188
  -1009.31928665
  -1009.35629840
  -1009.36194362
  -1009.37365225
  -1009.35220506
  -1009.35826152
  -1009.37001571
  -1009.36963662
  -1009.39120681
  -1009.35945171
  -1009.33632918
  -1009.35952619
  -1009.35187706
  -1009.39045122
  -1009.36833145
  -1009.34269053
  -1009.36924851
  -1009.38746093
  -1009.35420727
  -1009.37755946
  -1009.36488304
  -1009.34961547
  -1009.35866125
  -1009.37940037
  -1009.37597771
  -1009.36351596
  -1009.33458735
  -1009.38814203
  -1009.35699450
  -1009.34327750
  -1009.36767713
  -1009.33439330
  -1009.36110551
  -1009.31206146
  -1009.35963389
  -1009.36405868
  -1009.37673467
  -1009.36911996
  -1009.35614277
  -1009.40360591
  -1009.35686247
  -1009.38381741
  -1009.38176422
  -1009.36942890
  -1009.35919406
  -1009.38242247
  -1009.34336822
  -1009.37722783
  -1009.36830359
  -1009.38603311
  -1009.37943942
  -1009.36895734
  -1009.38420635
  -1009.37442403
  -1009.34637613
  -1009.37159841
  -1009.37560620
  -1009.37027131
  -1009.37447911
  -1009.36339048
  -1009.37699982
  -1009.38175222
  -1009.37065813
  -1009.37928008
  -1009.31969781
  -1009.36761135
  -1009.36618619
  -1009.37831878
  -1009.35537318
  -1009.35317124
  -1009.38830966
  -1009.38157681
  -1009.36027736
  -1009.34080700
  -1009.37342600
  -1009.34455841
  -1009.37530243
  -1009.38098997
  -1009.37180342
  -1009.34725346
  -1009.38269539
  -1009.32657720
  -1009.38164162
  -1009.39703643
  -1009.40568566
  -1009.38441152
  -1009.30622707
  -1009.29831066
  -1009.35472728
  -1009.36583040
  -1009.38356542
  -1009.39260294
  -1009.37546274
  -1009.33996486
  -1009.36228840
  -1009.39890409
  -1009.37648023
  -1009.37132145
  -1009.36967167
  -1009.37037762
  -1009.36127093
  -1009.39041517
  -1009.37021859
  -1009.36617670
  -1009.37257130
  -1009.34808288
  -1009.36166304
  -1009.37111577
  -1009.37081191
  -1009.38677533
  -1009.38196209
  -1009.37962286
  -1009.36662875
  -1009.37414008
  -1009.35732433
  -1009.38702862
  -1009.36333825
  -1009.38004924
  -1009.37785532
  -1009.37756748
  -1009.39945536
  -1009.36376078
  -1009.36871185
  -1009.28673584
  -1009.34441824
  -1009.37121203
  -1009.33974321
  -1009.37742634
  -1009.40599656
  -1009.40566004
  -1009.35526726
  -1009.36880331
  -1009.35851578
  -1009.36908760
  -1009.37425124
  -1009.39989820
  -1009.38415853
  -1009.37852293
  -1009.38769683
  -1009.34067075
  -1009.38878236
  -1009.28395973
  -1009.36641276
  -1009.37412311
  -1009.36380305
  -1009.35875247
  -1009.37689361
  -1009.37653278
  -1009.37569433
  -1009.35597376
  -1009.33957625
  -1009.35111253
  -1009.37011384
  -1009.38152452
  -1009.37433502
  -1009.37263059
  -1009.39204287
  -1009.38589501
  -1009.40375018
  -1009.38885733
  -1009.34293057
  -1009.36379571
  -1009.35867985
  -1009.37585468
  -1009.37203697
  -1009.34970322
  -1009.35610305
  -1009.33423037
  -1009.37098086
  -1009.35281815
  -1009.35501923
  -1009.31741225
  -1009.33286528
  -1009.38025235
  -1009.39141302
  -1009.37415830
  -1009.32788263
  -1009.38037228
  -1009.38686001
  -1009.35578571
  -1009.39088058
  -1009.38003082
  -1009.39725894
  -1009.37643195
  -1009.35324177
  -1009.40131828
  -1009.36099361
  -1009.34921446
  -1009.35987662
  -1009.35429651
  -1009.36220029
  -1009.36571027
  -1009.35349848
  -1009.36754025
  -1009.36541769
  -1009.39200934
  -1009.37870953
  -1009.37993327
  -1009.36303001
  -1009.33608506
  -1009.34759044
  -1009.36974120
  -1009.34601116
  -1009.35602591
  -1009.38887251
  -1009.37468316
  -1009.34112623
  -1009.39318834
  -1009.37612609
  -1009.36397466
  -1009.35011999
  -1009.35919167
  -1009.38532673
  -1009.33238660
  -1009.35961611
  -1009.34015307
  -1009.29529136
  -1009.34196558
  -1009.35893352
  -1009.36576519
  -1009.38374666
  -1009.36004796
  -1009.37314514
  -1009.32785878
  -1009.39733239
  -1009.32164520
  -1009.35080761
  -1009.36718727
  -1009.37666291
  -1009.35431986
  -1009.31966403
  -1009.38651522
  -1009.37365077
  -1009.37520336
  -1009.37755997
  -1009.38177920
  -1009.38203977
  -1009.34786231
  -1009.38441855
  -1009.33756692
  -1009.32498440
  -1009.37337440
  -1009.34195934
  -1009.37305230
  -1009.38509763
  -1009.33431981
  -1009.38015199
  -1009.37935021
  -1009.39416282
  -1009.37180012
  -1009.38815053
  -1009.37248786
  -1009.39610043
  -1009.38594817
  -1009.35528171
  -1009.38279640
  -1009.35080841
  -1009.39260632
  -1009.35711321
  -1009.26343098
  -1009.36646183
  -1009.33342417
  -1009.37601122
  -1009.36003381
  -1009.37914101
  -1009.37996765
  -1009.36962027
  -1009.31776731
  -1009.36840083
  -1009.38270814
  -1009.34398059
  -1009.39278102
  -1009.32354035
  -1009.37568404
  -1009.37071265
  -1009.36639204
  -1009.37204482
  -1009.37721423
  -1009.36410561
  -1009.37399673
  -1009.38822297
  -1009.36931641
  -1009.37777772
  -1009.34871884
  -1009.34667438
  -1009.37134361
  -1009.33316153
  -1009.36177009
  -1009.35722882
  -1009.36946063
  -1009.37985387
  -1009.37528165
  -1009.39165425
  -1009.36162834
  -1009.37999344
  -1009.36802410
  -1009.35675065
  -1009.38883269
  -1009.37677485
  -1009.27663788
  -1009.38146864
  -1009.37143157
  -1009.37872545
  -1009.34044764
  -1009.36792383
  -1009.37402123
  -1009.39101277
  -1009.35525391
  -1009.35267115
  -1009.33998056
  -1009.38418029
  -1009.37575147
  -1009.38429322
  -1009.35518137
  -1009.41800842
  -1009.37145823
  -1009.29793474
  -1009.40810328
  -1009.36027291
  -1009.32830471
  -1009.32171704
  -1009.38902146
  -1009.38536826
  -1009.37708981
  -1009.37728723
  -1009.38562046
  -1009.38172598
  -1009.34627623
  -1009.36246019
  -1009.38363222
  -1009.39434551
  -1009.37681102
  -1009.38833812
  -1009.36998981
  -1009.37917584
  -1009.38378025
  -1009.36367593
  -1009.34810105
  -1009.38076301
  -1009.36749960
  -1009.37553504
  -1009.36228910
  -1009.39925897
  -1009.34312618
  -1009.34913974
  -1009.37855118
  -1009.32555825
  -1009.35706930
  -1009.38436651
  -1009.37829900
  -1009.37361086
  -1009.38114549
  -1009.32814770
  -1009.35348555
  -1009.35310670
  -1009.33688447
  -1009.36992259
  -1009.37484286
  -1009.38155630
  -1009.37211346
  -1009.37847182
  -1009.35494120
  -1009.38170830
  -1009.35433018
  -1009.36910999
  -1009.37942087
  -1009.40260466
  -1009.37303437
  -1009.37572720
  -1009.40379320
  -1009.34842285
  -1009.37203031
  -1009.38470104
  -1009.36677296
  -1009.39399174
  -1009.36979984
  -1009.31655815
  -1009.36812451
  -1009.37882077
  -1009.37772278
  -1009.35341422
  -1009.32326941
  -1009.35528513
  -1009.36871203
  -1009.36957878
  -1009.35129845
  -1009.35871205
  -1009.28703625
  -1009.36329010
  -1009.33783116
  -1009.35424450
  -1009.33831816
  -1009.34716210
  -1009.36664435
  -1009.35555863
  -1009.37617258
  -1009.39233506
  -1009.37713613
  -1009.37114495
  -1009.33354367
  -1009.35525735
  -1009.34091113
  -1009.35899088
  -1009.35824862
  -1009.39959613
  -1009.35612820
  -1009.31711534
  -1009.38689603
  -1009.34559562
  -1009.36624022
  -1009.37144171
  -1009.37012936
  -1009.37086280
  -1009.39937316
  -1009.37433943
  -1009.33558075
  -1009.37185056
  -1009.41157652
  -1009.36383137
  -1009.32114261
  -1009.37592981
  -1009.35283209
  -1009.38992641
  -1009.37255914
  -1009.34925518
  -1009.36675556
  -1009.36618687
  -1009.37011485
  -1009.38571637
  -1009.37022091
  -1009.30057971
  -1009.35880914
  -1009.36015892
  -1009.41216232
  -1009.37895651
  -1009.36722087
  -1009.40676176
  -1009.36392805
  -1009.37071165
  -1009.37806151
  -1009.35051571
  -1009.37513314
  -1009.37533329
  -1009.32379304
  -1009.37751937
  -1009.35888902
  -1009.37445425
  -1009.39266230
  -1009.35597296
  -1009.37312295
  -1009.37708862
  -1009.38248714
  -1009.33283074
  -1009.35024310
  -1009.37677182
  -1009.37150571
  -1009.36056000
  -1009.40860802
  -1009.37195222
  -1009.38480716
  -1009.36802449
  -1009.38550128
  -1009.36995041
  -1009.36506208
  -1009.36705009
  -1009.35798713
  -1009.37228166
  -1009.32112236
  -1009.39349044
  -1009.34188746
  -1009.37514245
  -1009.36416412
  -1009.38458989
  -1009.36256346
  -1009.37874497
  -1009.37408806
  -1009.38226591
  -1009.29364127
  -1009.37385834
  -1009.37840212
  -1009.35763416
  -1009.34398374
  -1009.37862856
  -1009.37813204
  -1009.35865314
  -1009.40329472
  -1009.32457443
  -1009.36398400
  -1009.38224559
  -1009.38556040
  -1009.35654417
  -1009.35200776
  -1009.38227942
  -1009.34056710
  -1009.36627220
  -1009.29427389
  -1009.39048809
  -1009.39671188
  -1009.35533027
  -1009.37790387
  -1009.37415806
  -1009.36221720
  -1009.36479456
  -1009.39088638
  -1009.39367180
  -1009.33561843
  -1009.37261979
  -1009.37556108
  -1009.38529879
  -1009.37541737
  -1009.37059836
  -1009.37336599
  -1009.33886061
  -1009.37749974
  -1009.35892935
  -1009.32175800
  -1009.35502854
  -1009.37217109
  -1009.36087943
  -1009.38127689
  -1009.34172500
  -1009.40255339
  -1009.35623300
  -1009.40507988
  -1009.36036347
  -1009.37704004
  -1009.34830692
  -1009.36909041
  -1009.33814710
  -1009.38527496
  -1009.36521513
  -1009.35589190
  -1009.39013720
  -1009.37214601
  -1009.37487619
  -1009.41197582
  -1009.37624501
  -1009.37453548
  -1009.37918317
  -1009.35752000
  -1009.39252475
  -1009.35055140
  -1009.37494368
  -1009.39556084
  -1009.29355417
  -1009.38681384
  -1009.33933037
  -1009.34984768
  -1009.38141953
  -1009.39748958
  -1009.37517503
  -1009.38710787
  -1009.37128947
  -1009.35163010
  -1009.36661102
  -1009.38581912
  -1009.37151014
  -1009.36622654
  -1009.40771134
  -1009.35797648
  -1009.36392492
  -1009.39447608
  -1009.34310159
  -1009.38023675
  -1009.36254435
  -1009.38006720
  -1009.33585472
  -1009.36690664
  -1009.37418178
  -1009.40106788
  -1009.36259118
  -1009.37299446
  -1009.37287150
  -1009.36928782
  -1009.35910364
  -1009.39865197
  -1009.35128817
  -1009.35025187
  -1009.33161932
  -1009.37144782
  -1009.36466317
  -1009.35290945
  -1009.34673920
  -1009.36004791
  -1009.34183403
  -1009.35873196
  -1009.38845408
  -1009.36013157
  -1009.37601154
  -1009.35680337
  -1009.37610079
  -1009.36103774
  -1009.38166703
  -1009.33799639
  -1009.38410617
  -1009.29074238
  -1009.34068942
  -1009.36410906
  -1009.35304547
  -1009.37665456
  -1009.31871450
  -1009.35784528
  -1009.37723016
  -1009.37673573
  -1009.39273028
  -1009.37989010
  -1009.35954582
  -1009.37638252
  -1009.36542800
  -1009.33777684
  -1009.36470306
  -1009.39399747
  -1009.37443274
  -1009.37032107
  -1009.36049834
  -1009.28858487
  -1009.38871100
  -1009.37933187
  -1009.37353898
  -1009.25937042
  -1009.34382043
  -1009.37479915
  -1009.39971702
  -1009.35400739
  -1009.36115923
  -1009.35561805
  -1009.35375178
  -1009.35535658
  -1009.39615873
  -1009.35532877
  -1009.37105121
  -1009.35910427
  -1009.37866690
  -1009.35287338
  -1009.37505085
  -1009.36226811
  -1009.38042373
  -1009.37642378
  -1009.32912231
  -1009.36987923
  -1009.33946717
  -1009.28268973
  -1009.37841967
  -1009.34487832
  -1009.36712568
  -1009.27745664
  -1009.37502025
  -1009.37118211
  -1009.39634253
  -1009.38824468
  -1009.36729768
  -1009.37386479
  -1009.38081651
  -1009.38202066
  -1009.37518487
  -1009.38777198
  -1009.38941002
  -1009.37694369
  -1009.37236191
  -1009.27587983
  -1009.38145632
  -1009.32330053
  -1009.39079068
  -1009.36702772
  -1009.37258626
  -1009.36865301
  -1009.38916988
  -1009.37627695
  -1009.36514000
  -1009.37697562
  -1009.38628698
  -1009.30016392
  -1009.38178938
  -1009.37648322
  -1009.34809286
  -1009.39128383
  -1009.38766967
  -1009.37701348
  -1009.26898694
  -1009.35615795
  -1009.34703553
  -1009.38049262
  -1009.35761816
  -1009.39557410
  -1009.35525230
  -1009.37975798
  -1009.40908822
  -1009.38847453
  -1009.37916023
  -1009.39831629
  -1009.34528062
  -1009.39339277
  -1009.38364696
  -1009.39169412
  -1009.36946387
  -1009.39674919
  -1009.35805139
  -1009.30882716
  -1009.36946088
  -1009.33051509
  -1009.36387800
  -1009.36168010
  -1009.33962874
  -1009.36802451
  -1009.36922459
  -1009.37639228
  -1009.34759430
  -1009.37906223
  -1009.38371904
  -1009.37622325
  -1009.36910333
  -1009.38458086
  -1009.36255300
  -1009.36290704
  -1009.38453605
  -1009.38196915
  -1009.36566694
  -1009.36295411
  -1009.37714183
  -1009.39339483
  -1009.37289177
  -1009.37519806
  -1009.34300139
  -1009.38132834
  -1009.35924778
  -1009.36188473
  -1009.36761432
  -1009.38846278
  -1009.40328930
  -1009.37157486
  -1009.36886604
  -1009.36372762
  -1009.38898247
  -1009.37506850
  -1009.38797900
  -1009.38148300
  -1009.36203841
  -1009.36052744
  -1009.26793878
  -1009.36923682
  -1009.37561471
  -1009.38641392
  -1009.35529439
  -1009.32624031
  -1009.35834325
  -1009.37169029
  -1009.36916626
  -1009.37874294
  -1009.35880725
  -1009.37532437
  -1009.35350870
  -1009.35728739
  -1009.39360570
  -1009.37065513
  -1009.37288502
  -1009.37058372
  -1009.37315297
  -1009.35069255
  -1009.39004476
  -1009.41335463
  -1009.37307852
  -1009.35890142
  -1009.38871585
  -1009.32241747
  -1009.34828957
  -1009.33250953
  -1009.34820325
  -1009.38684500
  -1009.27899094
  -1009.38510066
  -1009.35496082
  -1009.35472884
  -1009.37190479
  -1009.37960855
  -1009.38392363
  -1009.35711377
  -1009.37469855
  -1009.36997975
  -1009.35922619
  -1009.40068659
  -1009.38276842
  -1009.38604839
  -1009.38775546
  -1009.38104512
  -1009.35807799
  -1009.34851348
  -1009.34127748
  -1009.34690078
  -1009.36136725
  -1009.33945333
  -1009.35981467
  -1009.32780554
  -1009.34360945
  -1009.39960110
  -1009.38365989
  -1009.37965664
  -1009.37366430
  -1009.37054058
  -1009.38784655
  -1009.37841035
  -1009.36291656
  -1009.35745523
  -1009.35763606
  -1009.36064743
  -1009.36397226
  -1009.33315406
  -1009.39393183
  -1009.38361194
  -1009.29737859
  -1009.35372525
  -1009.39965115
  -1009.36634274
  -1009.37257803
  -1009.38111597
  -1009.38557718
  -1009.38638568
  -1009.37105938
  -1009.30323172
  -1009.35933109
  -1009.38266785
  -1009.36191749
  -1009.36679594
  -1009.38461420
  -1009.35212601
  -1009.36178999
  -1009.36512462
  -1009.36020099
  -1009.36437650
  -1009.36111986
  -1009.37626659
  -1009.32849062
  -1009.39439988
  -1009.35822808
  -1009.38497657
  -1009.35140863
  -1009.36362797
  -1009.36513176
  -1009.35530063
  -1009.36250799
  -1009.34587896
  -1009.36477010
  -1009.37760834
  -1009.37848222
  -1009.34654903
  -1009.35054411
  -1009.37754088
  -1009.38586523
  -1009.36789696
  -1009.38801554
  -1009.36199015
  -1009.36048549
  -1009.33822698
  -1009.35864846
  -1009.37722217
  -1009.36514367
  -1009.35578767
  -1009.34010427
  -1009.39606902
  -1009.39367107
  -1009.35889129
  -1009.37807353
  -1009.36860250
  -1009.35745341
  -1009.34066705
  -1009.37102989
  -1009.34475034
  -1009.35932618
  -1009.38293251
  -1009.36335590
  -1009.39204684
  -1009.38335577
  -1009.37816393
  -1009.38474256
  -1009.37075109
  -1009.37939428
  -1009.36115569
  -1009.37766949
  -1009.35855657
  -1009.36583734
  -1009.37737922
  -1009.37415599
  -1009.30752055
  -1009.39046211
  -1009.39486196
  -1009.38149644
  -1009.37496809
  -1009.39284601
  -1009.33336130
  -1009.38601550
  -1009.34421568
  -1009.35936944
  -1009.35772143
  -1009.37928075
  -1009.37513475
  -1009.35696541
  -1009.35746561
  -1009.36316407
  -1009.37718296
  -1009.37066670
  -1009.36597701
  -1009.32899132
  -1009.36603983
  -1009.35442108
  -1009.35244831
  -1009.39485148
  -1009.39583408
  -1009.37559269
  -1009.37364151
  -1009.38618851
  -1009.38613281
  -1009.40494002
  -1009.35112850
  -1009.37529550
  -1009.36241830
  -1009.37620899
  -1009.35972949
  -1009.35583211
  -1009.35022627
  -1009.37450642
  -1009.36713582
  -1009.34098185
  -1009.38598819
  -1009.35232459
  -1009.33488131
  -1009.39891974
  -1009.38703282
  -1009.37825353
  -1009.36588576
  -1009.37604855
  -1009.35449142
  -1009.38129591
  -1009.41199822
  -1009.36401738
  -1009.36253523
  -1009.36688217
  -1009.37857204
  -1009.34839480
  -1009.38275043
  -1009.37213374
  -1009.40063591
  -1009.34579130
  -1009.36986396
  -1009.39587602
  -1009.38444193
  -1009.38601434
  -1009.39162794
  -1009.35269546
  -1009.37363823
  -1009.37527781
  -1009.35560879
  -1009.37665492
  -1009.37763637
  -1009.37542364
  -1009.41081661
  -1009.34913791
  -1009.35707070
  -1009.26618584
  -1009.38198600
  -1009.35371769
  -1009.37788662
  -1009.37174613
  -1009.37651783
  -1009.41056717
  -1009.37351368
  -1009.33167679
  -1009.37004008
  -1009.24474499
  -1009.33828838
  -1009.39925044
  -1009.36505696
  -1009.38011220
  -1009.37688599
  -1009.36903070
  -1009.35410846
  -1009.37132115
  -1009.36234183
  -1009.36230532
  -1009.35747717
  -1009.34976656
  -1009.38994080
  -1009.37093318
  -1009.38369896
  -1009.35650860
  -1009.39563230
  -1009.35785409
  -1009.38418191
  -1009.36793728
  -1009.38349913
  -1009.33936653
  -1009.33307459
  -1009.37763280
  -1009.33182611
  -1009.37258506
  -1009.38612810
  -1009.38896741
  -1009.36305457
  -1009.40314604
  -1009.33552988
  -1009.36579589
  -1009.33984983
  -1009.37345803
  -1009.38812883
  -1009.38893609
  -1009.35150012
  -1009.36963168
  -1009.34710538
  -1009.36842575
  -1009.36269210
  -1009.38666258
  -1009.38105517
  -1009.38201499
  -1009.31398820
  -1009.40818865
  -1009.36419191
  -1009.34230780
  -1009.37311453
  -1009.34841511
  -1009.36990556
  -1009.38447584
  -1009.37463720
  -1009.37836109
  -1009.32427578
  -1009.37916031
  -1009.35188641
  -1009.37535689
  -1009.35532264
  -1009.32547412
  -1009.37040565
  -1009.38114313
  -1009.35204647
  -1009.37284956
  -1009.35930334
  -1009.37778317
  -1009.38513180
  -1009.36336801
  -1009.36139517
  -1009.35173175
  -1009.36987040
  -1009.37626262
  -1009.35836725
  -1009.37284936
  -1009.34535589
  -1009.37231968
  -1009.36710436
  -1009.35872566
  -1009.35970895
  -1009.35989625
  -1009.38678868
  -1009.38814624
  -1009.37206674
  -1009.39316868
  -1009.29748866
  -1009.39071499
  -1009.33516519
  -1009.39096586
  -1009.37369816
  -1009.34929315
  -1009.37069383
  -1009.38672356
  -1009.34455134
  -1009.35670442
  -1009.38633113
  -1009.40328429
  -1009.38586645
  -1009.36119451
  -1009.36410702
  -1009.34319814
  -1009.34936443
  -1009.37174423
  -1009.29037464
  -1009.37382992
  -1009.38424399
  -1009.36982976
  -1009.38592384
  -1009.36970715
  -1009.35198101
  -1009.38111556
  -1009.37434170
  -1009.36970085
  -1009.36834466
  -1009.38051789
  -1009.36335959
  -1009.35126111
  -1009.37085509
  -1009.40669124
  -1009.31900090
  -1009.35759051
  -1009.35479412
  -1009.38270062
  -1009.38679391
  -1009.37396819
  -1009.36246227
  -1009.38425317
  -1009.37137357
  -1009.35846147
  -1009.37121573
  -1009.36692730
  -1009.39413951
  -1009.37757106
  -1009.36730353
  -1009.38490680
  -1009.36549350
  -1009.39328119
  -1009.37189637
  -1009.37513575
  -1009.36953416
  -1009.39109757
  -1009.39609904
  -1009.40705775
  -1009.37706099
  -1009.23187645
  -1009.36305908
  -1009.37514869
  -1009.38279618
  -1009.36863703
  -1009.36902847
  -1009.38280784
  -1009.38110486
  -1009.38980762
  -1009.34181450
  -1009.37465787
  -1009.35941441
  -1009.38227866
  -1009.33372877
  -1009.37872034
  -1009.37588041
  -1009.35815729
  -1009.33604260
  -1009.31490048
  -1009.37240378
  -1009.36427315
  -1009.39018122
  -1009.32865341
  -1009.37517033
  -1009.33023770
  -1009.33986154
  -1009.38064317
  -1009.38110704
  -1009.36968053
  -1009.36567654
  -1009.36609524
  -1009.35735132
  -1009.34206013
  -1009.38474243
  -1009.36358071
  -1009.33237885
  -1009.36585564
  -1009.40561191
  -1009.36779311
  -1009.38289226
  -1009.36316974
  -1009.39389704
  -1009.37247552
  -1009.37277204
  -1009.33881858
  -1009.36244027
  -1009.35585351
  -1009.39497964
  -1009.34164241
  -1009.37671368
  -1009.37188196
  -1009.34164422
  -1009.34886641
  -1009.33319775
  -1009.34026748
  -1009.37010883
  -1009.35143929
  -1009.36570862
  -1009.36239530
  -1009.32480847
  -1009.32933070
  -1009.36896985
  -1009.35895448
  -1009.32143353
  -1009.33916587
  -1009.36562331
  -1009.39534601
  -1009.35662485
  -1009.35530480
  -1009.39042401
  -1009.35189209
  -1009.39649288
  -1009.35521008
  -1009.40629852
  -1009.38975334
  -1009.35466997
  -1009.37267564
  -1009.35926842
  -1009.36294933
  -1009.39197852
  -1009.35384591
  -1009.37766830
  -1009.38463375
  -1009.34348091
  -1009.38024538
  -1009.36233517
  -1009.37102481
  -1009.35968286
  -1009.36567587
  -1009.37299038
  -1009.36998051
  -1009.36036801
  -1009.38989633
  -1009.38294493
  -1009.35445326
  -1009.35226479
  -1009.34469963
  -1009.37620019
  -1009.38851749
  -1009.37458438
  -1009.35137772
  -1009.36901940
  -1009.37678476
  -1009.39405428
  -1009.36656273
  -1009.32540629
  -1009.36667741
  -1009.35313477
  -1009.37482785
  -1009.34802453
  -1009.31380406
  -1009.37182855
  -1009.38755283
  -1009.28018768
  -1009.36132241
  -1009.37422638
  -1009.39907267
  -1009.36079753
  -1009.33850190
  -1009.35370744
  -1009.35592471
  -1009.37534342
  -1009.33736552
  -1009.39304734
  -1009.38883643
  -1009.38072710
  -1009.31672963
  -1009.38212093
  -1009.33916891
  -1009.37370109
  -1009.38255842
  -1009.37350902
  -1009.38460264
  -1009.31675525
  -1009.36840845
  -1009.35744520
  -1009.33281762
  -1009.39561844
  -1009.35300410
  -1009.37179361
  -1009.36184523
  -1009.35621622
  -1009.38257591
  -1009.33489429
  -1009.36753501
  -1009.39149849
  -1009.35082008
  -1009.37041056
  -1009.36098282
  -1009.37126130
  -1009.34606878
  -1009.42024057
  -1009.35526230
  -1009.39990523
  -1009.33487735
  -1009.39130810
  -1009.37515421
  -1009.36045760
  -1009.36870797
  -1009.29226393
  -1009.40948816
  -1009.29551476
  -1009.31301352
  -1009.40769509
  -1009.36656579
  -1009.37933605
  -1009.32040980
  -1009.37951353
  -1009.34857944
  -1009.38761756
  -1009.37856390
  -1009.39293057
  -1009.35402113
  -1009.38404340
  -1009.39080711
  -1009.35212890
  -1009.38086414
  -1009.37761896
  -1009.37074235
  -1009.37617847
  -1009.35536807
  -1009.35815833
  -1009.36290154
  -1009.36996208
  -1009.35088093
  -1009.36303539
  -1009.39566155
  -1009.36514676
  -1009.35158684
  -1009.38455436
  -1009.32204800
  -1009.39829147
  -1009.37386653
  -1009.38302966
  -1009.38296201
  -1009.33799581
  -1009.38134975
  -1009.34223395
  -1009.37913510
  -1009.38953417
  -1009.38164820
  -1009.37843195
  -1009.35669162
  -1009.38152725
  -1009.36579845
  -1009.35461839
  -1009.33537361
  -1009.34075592
  -1009.36788557
  -1009.35588326
  -1009.36619337
  -1009.33232765
  -1009.36884796
  -1009.37921492
  -1009.35257483
  -1009.37884984
  -1009.37508911
  -1009.37601637
  -1009.36798532
  -1009.37697833
  -1009.37290131
  -1009.39510761
  -1009.36302429
  -1009.33852385
  -1009.37304453
  -1009.36499287
  -1009.34745022
  -1009.35568140
  -1009.38579236
  -1009.34995615
  -1009.34101149
  -1009.36359976
  -1009.37723868
  -1009.37959014
  -1009.35741451
  -1009.37096265
  -1009.36583373
  -1009.37237089
  -1009.39433580
  -1009.32319981
  -1009.38000863
  -1009.34988351
  -1009.38511491
  -1009.37162297
  -1009.38587868
  -1009.36922332
  -1009.38616701
  -1009.37459728
  -1009.37241390
  -1009.33764929
  -1009.36815746
  -1009.35575039
  -1009.34492564
  -1009.36535222
  -1009.35112892
  -1009.38613275
  -1009.35675826
  -1009.37723517
  -1009.39946337
  -1009.36408635
  -1009.36675572
  -1009.38213335
  -1009.35917492
  -1009.36143980
  -1009.37851830
  -1009.37565871
  -1009.37716136
  -1009.36216006
  -1009.35746917
  -1009.33811116
  -1009.35670342
  -1009.38089559
  -1009.31613526
  -1009.33406030
  -1009.39247549
  -1009.37359363
  -1009.33307093
  -1009.37547009
  -1009.36884846
  -1009.38559199
  -1009.34913659
  -1009.33503749
  -1009.35239364
  -1009.35706672
  -1009.37511728
  -1009.36881797
  -1009.36382125
  -1009.35660073
  -1009.35538470
  -1009.38616106
  -1009.34402342
  -1009.35423525
  -1009.38347775
  -1009.35697666
  -1009.38099742
  -1009.36419871
  -1009.36332085
  -1009.35607176
  -1009.38693570
  -1009.35598602
  -1009.37984742
  -1009.36924509
  -1009.35104617
  -1009.33261976
  -1009.39735640
  -1009.35752870
  -1009.32390050
  -1009.37776581
  -1009.37323658
  -1009.37117167
  -1009.37182383
  -1009.39257345
  -1009.35209102
  -1009.39307367
  -1009.36393696
  -1009.34991262
  -1009.37019848
  -1009.39007317
  -1009.36156204
  -1009.31966064
  -1009.34510357
  -1009.38102171
  -1009.36414690
  -1009.37834168
  -1009.37428156
  -1009.37232841
  -1009.35262882
  -1009.36196656
  -1009.36369558
  -1009.38754263
  -1009.36669537
  -1009.36635905
  -1009.35390692
  -1009.37305264
  -1009.28940714
  -1009.37220382
  -1009.40756720
  -1009.39421350
  -1009.39250003
  -1009.35236059
  -1009.38270880
  -1009.35486628
  -1009.35719487
  -1009.37780909
  -1009.35526006
  -1009.41120710
  -1009.36528063
  -1009.35934073
  -1009.35697511
  -1009.37846505
  -1009.33445211
  -1009.36574377
  -1009.34204235
  -1009.36391420
  -1009.33937668
  -1009.36723926
  -1009.36792944
  -1009.38155492
  -1009.34755159
  -1009.39430878
  -1009.40294335
  -1009.36245502
  -1009.32943805
  -1009.36223102
  -1009.39748869
  -1009.35145953
  -1009.37497298
  -1009.37060299
  -1009.37362939
  -1009.39167472
  -1009.34170463
  -1009.35171938
  -1009.34251149
  -1009.37592947
  -1009.37249962
  -1009.37501123
  -1009.37613859
  -1009.37716784
  -1009.38762024
  -1009.36705050
  -1009.37273911
  -1009.37785618
  -1009.36724637
  -1009.35218137
