% The following energies apply to conformations described by the topology 
% R09_iter1.top.  Structures are given in trajectory coords.cdf, count: 112.

% Item 0:
%   Energy -> orca_structures/coor*/NConf*.out
  -1009.41977651
  -1009.42104085
  -1009.41870138
  -1009.42422348
  -1009.42387653
  -1009.42148558
  -1009.42203184
  -1009.41223145
  -1009.42428608
  -1009.42100516
  -1009.42341203
  -1009.42102645
  -1009.42247948
  -1009.41985855
  -1009.42418442
  -1009.42292003
  -1009.41485757
  -1009.42570442
  -1009.42281796
  -1009.42547260
  -1009.42510324
  -1009.42138129
  -1009.42499527
  -1009.41853334
  -1009.40673802
  -1009.42594322
  -1009.42462638
  -1009.42296691
  -1009.42057204
  -1009.42102435
  -1009.42333018
  -1009.40567610
  -1009.41952871
  -1009.42509993
  -1009.42293744
  -1009.42154161
  -1009.41999391
  -1009.42473082
  -1009.40606736
  -1009.42466821
  -1009.42327283
  -1009.40901094
  -1009.41198360
  -1009.42647284
  -1009.42471871
  -1009.42420900
  -1009.42406795
  -1009.42231368
  -1009.41502541
  -1009.41977215
  -1009.42101117
  -1009.41911167
  -1009.42366012
  -1009.42125879
  -1009.42002914
  -1009.42436241
  -1009.42462007
  -1009.42334547
  -1009.42560960
  -1009.42083559
  -1009.42469658
  -1009.42176861
  -1009.42264803
  -1009.42200215
  -1009.42135350
  -1009.42128489
  -1009.42521874
  -1009.42506356
  -1009.42138016
  -1009.42413972
  -1009.40614261
  -1009.41691101
  -1009.41969672
  -1009.42576456
  -1009.41534470
  -1009.42496131
  -1009.42512975
  -1009.42336117
  -1009.42449598
  -1009.42058915
  -1009.42087430
  -1009.42396283
  -1009.42213678
  -1009.42357779
  -1009.42100703
  -1009.41661684
  -1009.42101260
  -1009.42483899
  -1009.42708847
  -1009.42303587
  -1009.42484998
  -1009.42282532
  -1009.42227294
  -1009.42094461
  -1009.42558478
  -1009.41438893
  -1009.42287465
  -1009.42219693
  -1009.42094276
  -1009.41522854
  -1009.42572928
  -1009.42406717
  -1009.41533535
  -1009.42558622
  -1009.42330991
  -1009.41948456
  -1009.42184726
  -1009.42261286
  -1009.42207249
  -1009.42145618
  -1009.42499901
  -1009.42079001
