% The following energies apply to conformations described by the topology 
% R44_iter1.top.  Structures are given in trajectory coords.cdf, count: 155.

% Item 0:
%   Energy -> orca_structures/coor*/NConf*.out
   -688.56493220
   -688.54991113
   -688.56646932
   -688.55388769
   -688.55930887
   -688.55943724
   -688.54996566
   -688.56492578
   -688.56132995
   -688.56797003
   -688.56361573
   -688.54083019
   -688.54089652
   -688.56748200
   -688.56646554
   -688.56625774
   -688.56905340
   -688.55167856
   -688.56667446
   -688.56642735
   -688.56383963
   -688.56015980
   -688.56553411
   -688.56610206
   -688.56431684
   -688.55690613
   -688.56641593
   -688.56267685
   -688.56158993
   -688.55889948
   -688.56587557
   -688.56416659
   -688.56927334
   -688.56741481
   -688.56465054
   -688.56757784
   -688.56532796
   -688.54897640
   -688.56801360
   -688.56933782
   -688.56425272
   -688.54931000
   -688.56615494
   -688.56732145
   -688.56491033
   -688.56416611
   -688.56629853
   -688.55037839
   -688.56132022
   -688.54937298
   -688.54783988
   -688.56365621
   -688.55527513
   -688.55168600
   -688.56741963
   -688.56683831
   -688.57009900
   -688.56432343
   -688.56928764
   -688.55684097
   -688.56278146
   -688.56349077
   -688.56459020
   -688.54611964
   -688.53840508
   -688.54318766
   -688.56366193
   -688.56703225
   -688.56268609
   -688.56640331
   -688.56158911
   -688.56183869
   -688.54925197
   -688.56522430
   -688.56492450
   -688.56672986
   -688.56123607
   -688.56432843
   -688.56554638
   -688.56489288
   -688.56793798
   -688.55457245
   -688.56564889
   -688.56471115
   -688.56594641
   -688.55523161
   -688.56187222
   -688.56255055
   -688.56939910
   -688.56581331
   -688.56722073
   -688.54844808
   -688.55801540
   -688.56857575
   -688.55970352
   -688.56718340
   -688.56204398
   -688.56337307
   -688.56777490
   -688.55921528
   -688.56513326
   -688.56652169
   -688.56268015
   -688.56659107
   -688.56799909
   -688.54364986
   -688.56321769
   -688.56640350
   -688.56430416
   -688.54938590
   -688.56793999
   -688.56683265
   -688.56282165
   -688.55508606
   -688.56550705
   -688.56114855
   -688.54358978
   -688.56541344
   -688.54617200
   -688.56683764
   -688.55098935
   -688.56600186
   -688.56531282
   -688.56642136
   -688.56522227
   -688.54882831
   -688.56619778
   -688.54061234
   -688.55948727
   -688.55240568
   -688.55833327
   -688.56711572
   -688.55242883
   -688.56580435
   -688.56150069
   -688.56187057
   -688.56854654
   -688.56627307
   -688.56591507
   -688.56439061
   -688.55629963
   -688.56204702
   -688.56695269
   -688.57006082
   -688.56676430
   -688.54052323
   -688.56704069
   -688.56654698
   -688.56793654
   -688.55831176
   -688.56689086
   -688.56698407
   -688.56630356
   -688.56396746
   -688.56391118
