% The following energies apply to conformations described by the topology 
% R47.top.  Structures are given in trajectory coords.cdf, count: 2775.

% Item 0:
%   Energy -> orca_structures/coor*/Conf*.out
   -688.50962021
   -688.52213806
   -688.52927269
   -688.54278822
   -688.53449470
   -688.52310692
   -688.53613125
   -688.50123532
   -688.55726102
   -688.50879076
   -688.50879093
   -688.50920635
   -688.52152587
   -688.55183292
   -688.52441144
   -688.49083389
   -688.51193793
   -688.49906372
   -688.54179930
   -688.53715283
   -688.52482069
   -688.53895180
   -688.55755006
   -688.51843820
   -688.54562042
   -688.53844879
   -688.45555616
   -688.53641483
   -688.49757074
   -688.53391723
   -688.51053754
   -688.49265923
   -688.52979489
   -688.51548742
   -688.51828760
   -688.54382865
   -688.53778237
   -688.54727231
   -688.52742969
   -688.54533931
   -688.51537907
   -688.50406253
   -688.53730280
   -688.50934142
   -688.52506104
   -688.52126238
   -688.50281186
   -688.55015383
   -688.47505032
   -688.52186441
   -688.49541034
   -688.51452565
   -688.49439238
   -688.53068945
   -688.55575446
   -688.50790204
   -688.56923032
   -688.51271367
   -688.47250262
   -688.50732497
   -688.53384874
   -688.50765354
   -688.48730542
   -688.50035180
   -688.53047357
   -688.46732230
   -688.51964884
   -688.50565050
   -688.54371816
   -688.52481749
   -688.50227165
   -688.53790546
   -688.50334356
   -688.52961594
   -688.52919731
   -688.50468960
   -688.51361997
   -688.50107919
   -688.48146859
   -688.52116800
   -688.54521606
   -688.48600727
   -688.54677441
   -688.50580261
   -688.53652665
   -688.52495668
   -688.52212365
   -688.52722058
   -688.53447062
   -688.47973689
   -688.54733278
   -688.52970706
   -688.48507485
   -688.53606524
   -688.50941596
   -688.52426983
   -688.51104317
   -688.48302454
   -688.49651277
   -688.52266644
   -688.52360545
   -688.51292351
   -688.52655600
   -688.52712530
   -688.54463848
   -688.50949545
   -688.55400549
   -688.51383338
   -688.51466188
   -688.47271402
   -688.56780491
   -688.53150433
   -688.55066993
   -688.47727920
   -688.53644030
   -688.54061050
   -688.51801299
   -688.54534391
   -688.48455581
   -688.51796285
   -688.53327147
   -688.51748346
   -688.53502489
   -688.53529012
   -688.46886743
   -688.50961587
   -688.48641133
   -688.49166248
   -688.52134307
   -688.53406982
   -688.51054273
   -688.54612511
   -688.51676698
   -688.51379716
   -688.54403380
   -688.51197878
   -688.52502107
   -688.51684347
   -688.54511667
   -688.51642556
   -688.51267960
   -688.54003186
   -688.52808226
   -688.50848007
   -688.53455033
   -688.51376317
   -688.53852372
   -688.53832044
   -688.48441925
   -688.55357844
   -688.52821907
   -688.51121159
   -688.51759948
   -688.51805657
   -688.52583868
   -688.54864786
   -688.49530009
   -688.52161950
   -688.52653877
   -688.52308770
   -688.51428796
   -688.53924429
   -688.53362177
   -688.55093946
   -688.52400362
   -688.50815231
   -688.50899365
   -688.52864050
   -688.54093576
   -688.49598676
   -688.53032969
   -688.53637357
   -688.53855781
   -688.51304170
   -688.53280444
   -688.50731859
   -688.52526429
   -688.52653438
   -688.52230640
   -688.53657106
   -688.47455632
   -688.55321004
   -688.54478228
   -688.51684902
   -688.54011231
   -688.50227128
   -688.50988335
   -688.55040026
   -688.52628276
   -688.50778084
   -688.52518902
   -688.51007306
   -688.53046180
   -688.49930134
   -688.49918515
   -688.51652464
   -688.48912109
   -688.51692617
   -688.47314859
   -688.52554677
   -688.50819741
   -688.51687594
   -688.51360653
   -688.53601987
   -688.53185056
   -688.55159930
   -688.52897934
   -688.54017203
   -688.50038731
   -688.47929572
   -688.54855001
   -688.52097784
   -688.51707769
   -688.48466664
   -688.52375098
   -688.51764960
   -688.54699934
   -688.46550481
   -688.53793075
   -688.51801988
   -688.50088273
   -688.51931036
   -688.53503788
   -688.45598009
   -688.54082047
   -688.46636640
   -688.55099222
   -688.54781041
   -688.53280837
   -688.53072332
   -688.53576964
   -688.51572439
   -688.51508334
   -688.53595073
   -688.52470471
   -688.52956430
   -688.53889834
   -688.54071471
   -688.50868005
   -688.55998597
   -688.51728959
   -688.54505520
   -688.55287605
   -688.50196523
   -688.52976997
   -688.52444581
   -688.52730966
   -688.53353525
   -688.51950528
   -688.52316788
   -688.51177629
   -688.52795528
   -688.52400711
   -688.54139537
   -688.52630269
   -688.53116072
   -688.53525377
   -688.51301900
   -688.52112207
   -688.49983627
   -688.53174643
   -688.52060749
   -688.54457628
   -688.51749952
   -688.48419606
   -688.54315891
   -688.54927329
   -688.53133219
   -688.51774297
   -688.51446568
   -688.53702543
   -688.53848875
   -688.56170806
   -688.54152206
   -688.51473063
   -688.50866084
   -688.51477542
   -688.50555089
   -688.49425892
   -688.53414330
   -688.51270805
   -688.54021118
   -688.51961486
   -688.45279465
   -688.50921794
   -688.53569714
   -688.54704535
   -688.52569138
   -688.48724786
   -688.50958104
   -688.54589423
   -688.53526405
   -688.54387105
   -688.55632584
   -688.48228412
   -688.52686374
   -688.52598773
   -688.49523081
   -688.50900209
   -688.50826272
   -688.53108481
   -688.54228400
   -688.54254227
   -688.52364129
   -688.54159605
   -688.53565727
   -688.54412890
   -688.53081129
   -688.52843037
   -688.52391220
   -688.51339846
   -688.50149876
   -688.52048412
   -688.50340789
   -688.52650488
   -688.47452938
   -688.54165351
   -688.51993206
   -688.51775502
   -688.53001034
   -688.54854389
   -688.53727291
   -688.53269057
   -688.54549417
   -688.48250361
   -688.48766379
   -688.53072118
   -688.49176104
   -688.53472081
   -688.54725645
   -688.53323725
   -688.48476492
   -688.52687887
   -688.53792608
   -688.53020357
   -688.53503534
   -688.52854781
   -688.52558967
   -688.53121365
   -688.53416561
   -688.49769662
   -688.52502783
   -688.52829872
   -688.51180913
   -688.53238603
   -688.52076515
   -688.55386323
   -688.52036772
   -688.51919661
   -688.51510869
   -688.53927659
   -688.51965887
   -688.53701500
   -688.52870510
   -688.52465802
   -688.53410775
   -688.52623999
   -688.55653430
   -688.51347078
   -688.54676163
   -688.51705768
   -688.51810879
   -688.51709003
   -688.54067725
   -688.54757753
   -688.51101189
   -688.53745988
   -688.50320673
   -688.53304447
   -688.49560049
   -688.51206250
   -688.51357154
   -688.53357587
   -688.54580190
   -688.51512728
   -688.51256695
   -688.49965491
   -688.55144809
   -688.55189486
   -688.52698218
   -688.52268480
   -688.55004735
   -688.55124483
   -688.53681856
   -688.51343442
   -688.54773404
   -688.50350442
   -688.54041847
   -688.52872389
   -688.52072180
   -688.52501709
   -688.49100791
   -688.52048176
   -688.54657703
   -688.52928193
   -688.53268731
   -688.53199679
   -688.52559941
   -688.50624759
   -688.47036347
   -688.51508960
   -688.51966552
   -688.55393440
   -688.54429314
   -688.50865351
   -688.52556598
   -688.49684918
   -688.52792851
   -688.55037901
   -688.47533339
   -688.55210229
   -688.52025805
   -688.54021593
   -688.53097415
   -688.54223648
   -688.56715529
   -688.54431769
   -688.49059284
   -688.54417821
   -688.52784206
   -688.50504352
   -688.48542715
   -688.55858493
   -688.53500762
   -688.53767461
   -688.53687274
   -688.53029469
   -688.52731152
   -688.53835877
   -688.53204236
   -688.56014933
   -688.56302604
   -688.53313882
   -688.51354401
   -688.48666586
   -688.52690075
   -688.51951984
   -688.44174649
   -688.50466405
   -688.55612340
   -688.52859344
   -688.48781654
   -688.49793346
   -688.51722246
   -688.51954483
   -688.51534857
   -688.55217358
   -688.52560677
   -688.51740477
   -688.47230147
   -688.49461169
   -688.50940571
   -688.51308350
   -688.54802171
   -688.53718798
   -688.52231302
   -688.52160344
   -688.51215095
   -688.53384970
   -688.53343711
   -688.53678217
   -688.54801266
   -688.55213249
   -688.55864228
   -688.46011512
   -688.52693320
   -688.54109301
   -688.51321963
   -688.52947278
   -688.54278689
   -688.51670868
   -688.55023067
   -688.52343655
   -688.52223558
   -688.51510142
   -688.41818262
   -688.49241504
   -688.52575497
   -688.53058266
   -688.54807910
   -688.52627743
   -688.51662535
   -688.51201360
   -688.49886534
   -688.48424506
   -688.54239444
   -688.52827178
   -688.55437477
   -688.52141275
   -688.51477558
   -688.52790167
   -688.52101572
   -688.52488224
   -688.55167181
   -688.53753846
   -688.54987424
   -688.46659207
   -688.52108169
   -688.51678588
   -688.52616086
   -688.54672693
   -688.51589621
   -688.50628369
   -688.52857192
   -688.55145610
   -688.52470336
   -688.52558795
   -688.49687225
   -688.55318059
   -688.53512416
   -688.54265126
   -688.52279350
   -688.52046918
   -688.52833916
   -688.52081042
   -688.49224308
   -688.54166639
   -688.50899620
   -688.51331322
   -688.53965010
   -688.52805208
   -688.51730463
   -688.53184796
   -688.51456376
   -688.53387496
   -688.54362395
   -688.51926661
   -688.48034646
   -688.54897368
   -688.49230651
   -688.54829581
   -688.53551354
   -688.54257174
   -688.43397768
   -688.52543951
   -688.51828094
   -688.51155640
   -688.53611537
   -688.53142377
   -688.50447903
   -688.41633424
   -688.53496782
   -688.51362708
   -688.53518514
   -688.50947275
   -688.53043089
   -688.55772929
   -688.53376589
   -688.52103487
   -688.52274075
   -688.51296839
   -688.52168540
   -688.53202565
   -688.50588742
   -688.53982791
   -688.52247886
   -688.50792743
   -688.48274083
   -688.51756792
   -688.52035075
   -688.52654774
   -688.49956712
   -688.49813993
   -688.52703925
   -688.55639397
   -688.52746116
   -688.49990380
   -688.53292623
   -688.52195203
   -688.55083238
   -688.51809344
   -688.49610138
   -688.48975243
   -688.53442489
   -688.53345486
   -688.50642302
   -688.53710247
   -688.49384270
   -688.53871960
   -688.55734262
   -688.47726597
   -688.55301815
   -688.52276399
   -688.53170980
   -688.54413586
   -688.51797933
   -688.53791438
   -688.52238318
   -688.53177134
   -688.55432633
   -688.53078342
   -688.48574365
   -688.53697721
   -688.53997239
   -688.53083223
   -688.50340034
   -688.52560173
   -688.49639472
   -688.52116161
   -688.52605496
   -688.46807190
   -688.53952532
   -688.51319602
   -688.53830993
   -688.52725339
   -688.51151197
   -688.54054698
   -688.53193584
   -688.51515874
   -688.52034174
   -688.53104299
   -688.52990536
   -688.55160297
   -688.51690365
   -688.50585400
   -688.47954201
   -688.52715044
   -688.53416265
   -688.51378792
   -688.52093730
   -688.49496879
   -688.54198247
   -688.55215458
   -688.56698575
   -688.52375781
   -688.51849060
   -688.46402095
   -688.51198844
   -688.45609892
   -688.48514424
   -688.52492161
   -688.46618677
   -688.48486054
   -688.49957383
   -688.54798736
   -688.55703546
   -688.55334491
   -688.54723046
   -688.54188588
   -688.54113964
   -688.50614814
   -688.55424041
   -688.55038944
   -688.47789344
   -688.52411172
   -688.54272316
   -688.53311647
   -688.52161277
   -688.51058355
   -688.50518960
   -688.51023967
   -688.52748651
   -688.53481631
   -688.55504750
   -688.47002558
   -688.53532029
   -688.52885365
   -688.51683636
   -688.51522525
   -688.49934061
   -688.54498281
   -688.48254699
   -688.56305598
   -688.54222991
   -688.53898106
   -688.51798286
   -688.48293245
   -688.51842395
   -688.50670250
   -688.54239900
   -688.47360412
   -688.51964976
   -688.49457734
   -688.51506670
   -688.54983949
   -688.54510073
   -688.55635396
   -688.51155400
   -688.54166924
   -688.52247618
   -688.44453107
   -688.51110086
   -688.55579615
   -688.52001634
   -688.55349336
   -688.52597985
   -688.54616582
   -688.51372331
   -688.53549768
   -688.52172289
   -688.52210593
   -688.48523017
   -688.54674514
   -688.53159133
   -688.49667336
   -688.54164975
   -688.53681738
   -688.51562460
   -688.49579062
   -688.54531473
   -688.53327567
   -688.51343862
   -688.47694090
   -688.53279101
   -688.52630263
   -688.47192936
   -688.52660891
   -688.54230749
   -688.55299126
   -688.54622288
   -688.49951994
   -688.55297252
   -688.55491600
   -688.49713082
   -688.54235436
   -688.52663485
   -688.53576048
   -688.54888348
   -688.55938046
   -688.52768370
   -688.47870729
   -688.53105076
   -688.50357227
   -688.48877907
   -688.53577389
   -688.50263435
   -688.49678700
   -688.51399136
   -688.53305034
   -688.53055024
   -688.53732665
   -688.52581435
   -688.44820839
   -688.51938710
   -688.55300751
   -688.54595338
   -688.53914639
   -688.52457972
   -688.53826689
   -688.52736468
   -688.50455396
   -688.54320730
   -688.52491219
   -688.52836923
   -688.54583010
   -688.51381420
   -688.46552508
   -688.54754263
   -688.53721173
   -688.53278927
   -688.51420509
   -688.50416923
   -688.50613844
   -688.52720106
   -688.48251394
   -688.51713887
   -688.49642410
   -688.49154323
   -688.48295728
   -688.54655135
   -688.51465158
   -688.53344139
   -688.49364408
   -688.47759972
   -688.51742506
   -688.48290545
   -688.51469424
   -688.49560952
   -688.53726944
   -688.54547168
   -688.45849259
   -688.53008050
   -688.46160559
   -688.48643757
   -688.46504152
   -688.54655161
   -688.54204013
   -688.52796873
   -688.52764173
   -688.54636739
   -688.55545727
   -688.54008454
   -688.49898459
   -688.52299675
   -688.49561145
   -688.52358187
   -688.54135392
   -688.55889306
   -688.52982878
   -688.53947082
   -688.54091106
   -688.53581828
   -688.48529186
   -688.53051673
   -688.55441127
   -688.49681111
   -688.52129899
   -688.51719756
   -688.53588943
   -688.53160871
   -688.51089054
   -688.55649694
   -688.53775701
   -688.52525783
   -688.52153874
   -688.53485235
   -688.52901130
   -688.52886503
   -688.51027187
   -688.52115457
   -688.52001076
   -688.53418386
   -688.55043064
   -688.49613928
   -688.55367955
   -688.53306835
   -688.50859755
   -688.53002650
   -688.51826729
   -688.50098809
   -688.53522513
   -688.51174963
   -688.50153796
   -688.52790769
   -688.54954917
   -688.52342931
   -688.51939753
   -688.54692094
   -688.51441638
   -688.51454023
   -688.53149405
   -688.53561525
   -688.51983722
   -688.53838620
   -688.55335055
   -688.53786792
   -688.52578136
   -688.52457244
   -688.54236157
   -688.51206563
   -688.53216372
   -688.52594588
   -688.51851639
   -688.52219307
   -688.54968781
   -688.49965478
   -688.50068652
   -688.51217396
   -688.52766273
   -688.48441507
   -688.55783451
   -688.52102060
   -688.51736421
   -688.55381811
   -688.50971037
   -688.48938259
   -688.51841278
   -688.54568692
   -688.53173887
   -688.54176238
   -688.52899930
   -688.52474652
   -688.47519585
   -688.52030978
   -688.54844872
   -688.52183174
   -688.50716469
   -688.52661572
   -688.52207563
   -688.55052005
   -688.50382802
   -688.53913087
   -688.51845337
   -688.50893696
   -688.51761676
   -688.52933115
   -688.49234703
   -688.49695318
   -688.51127938
   -688.53927810
   -688.53194110
   -688.52399954
   -688.54259530
   -688.55367625
   -688.51387549
   -688.48437065
   -688.54885700
   -688.50298793
   -688.51465826
   -688.54539614
   -688.53780038
   -688.50156885
   -688.53598654
   -688.48876832
   -688.53290051
   -688.55974061
   -688.52777210
   -688.50637392
   -688.52022653
   -688.49267499
   -688.52486357
   -688.53921467
   -688.53139111
   -688.50736436
   -688.51987531
   -688.50977610
   -688.54936375
   -688.54963625
   -688.53142505
   -688.49252985
   -688.49985772
   -688.49476008
   -688.53246792
   -688.53022759
   -688.52706840
   -688.53263161
   -688.47820396
   -688.53251666
   -688.50924860
   -688.49329333
   -688.53694820
   -688.55669298
   -688.49509362
   -688.55058022
   -688.54348971
   -688.41795683
   -688.53879064
   -688.52936330
   -688.49157618
   -688.54287376
   -688.51126471
   -688.53770056
   -688.52293140
   -688.50887505
   -688.52850731
   -688.52562999
   -688.50763463
   -688.53873336
   -688.51883484
   -688.54326702
   -688.53212695
   -688.55068852
   -688.52746211
   -688.55163363
   -688.51782175
   -688.53226239
   -688.49336213
   -688.55249299
   -688.54831914
   -688.50909042
   -688.53104363
   -688.50118302
   -688.52206494
   -688.52387995
   -688.52111005
   -688.45233742
   -688.53159135
   -688.53399875
   -688.49330742
   -688.53987923
   -688.53283771
   -688.53099515
   -688.52346181
   -688.55801235
   -688.51870558
   -688.52899618
   -688.54253297
   -688.54078374
   -688.53288480
   -688.48593326
   -688.51168182
   -688.53123271
   -688.50675514
   -688.55727605
   -688.54900660
   -688.54665721
   -688.54833665
   -688.54476529
   -688.54280044
   -688.54256769
   -688.51318666
   -688.53845761
   -688.52865665
   -688.54583027
   -688.52454653
   -688.53944653
   -688.54205317
   -688.54099583
   -688.52787558
   -688.52861496
   -688.53427071
   -688.54214558
   -688.51921107
   -688.53163096
   -688.51713613
   -688.51833694
   -688.53746017
   -688.47302201
   -688.54112215
   -688.50347880
   -688.53685441
   -688.54038988
   -688.47087158
   -688.53367359
   -688.51658922
   -688.50390454
   -688.54289372
   -688.54939056
   -688.52298968
   -688.50604304
   -688.50378702
   -688.51796006
   -688.54565084
   -688.49856668
   -688.54789840
   -688.53704139
   -688.54106310
   -688.50278558
   -688.54656622
   -688.53408258
   -688.53953926
   -688.52110109
   -688.49890244
   -688.43857618
   -688.52718912
   -688.54588572
   -688.50745813
   -688.54964181
   -688.48924262
   -688.52615630
   -688.55895021
   -688.54532580
   -688.55643819
   -688.56869215
   -688.49719265
   -688.50745086
   -688.54473634
   -688.52736905
   -688.52703931
   -688.48493223
   -688.51867589
   -688.48702796
   -688.44354073
   -688.54037697
   -688.53284242
   -688.52646202
   -688.54296515
   -688.54750464
   -688.48421474
   -688.54788619
   -688.51593679
   -688.51990702
   -688.52042638
   -688.52818384
   -688.52601233
   -688.50691642
   -688.53263474
   -688.52191748
   -688.56071420
   -688.52529263
   -688.53426238
   -688.51644156
   -688.54508128
   -688.52414456
   -688.52584099
   -688.52918033
   -688.52687814
   -688.52203383
   -688.53146287
   -688.52742390
   -688.46154060
   -688.53571509
   -688.52364147
   -688.53101542
   -688.55136343
   -688.52989260
   -688.54446312
   -688.54071798
   -688.48688718
   -688.51216167
   -688.49398980
   -688.54738544
   -688.46119507
   -688.47699798
   -688.48542093
   -688.49404787
   -688.49831262
   -688.51601056
   -688.51922930
   -688.53007916
   -688.55743011
   -688.53455959
   -688.51795532
   -688.55192235
   -688.48836083
   -688.54486149
   -688.52877632
   -688.54664623
   -688.53655159
   -688.51948461
   -688.49539534
   -688.55972342
   -688.48577587
   -688.54918476
   -688.52911393
   -688.51012272
   -688.48130816
   -688.50637226
   -688.53644664
   -688.47619257
   -688.53746613
   -688.53269263
   -688.49745069
   -688.52484272
   -688.49133009
   -688.51933828
   -688.52873749
   -688.50800875
   -688.49163867
   -688.53705404
   -688.48697491
   -688.55519935
   -688.48517907
   -688.52777133
   -688.47857760
   -688.51175849
   -688.54291512
   -688.46730591
   -688.47444347
   -688.52917961
   -688.52489799
   -688.53195486
   -688.49303423
   -688.52057884
   -688.52960539
   -688.50313436
   -688.51599878
   -688.50341668
   -688.51647096
   -688.52300268
   -688.50264556
   -688.51270892
   -688.55338987
   -688.52717914
   -688.51298323
   -688.48264434
   -688.55103055
   -688.48763286
   -688.48733442
   -688.53547155
   -688.51020445
   -688.50855435
   -688.49862120
   -688.54788060
   -688.54541479
   -688.54094848
   -688.55801770
   -688.56150502
   -688.45636324
   -688.48395756
   -688.53833609
   -688.49575403
   -688.47765807
   -688.54521144
   -688.50326031
   -688.49509716
   -688.49799180
   -688.55425289
   -688.53246825
   -688.53026372
   -688.55996435
   -688.51443432
   -688.54022459
   -688.51193160
   -688.52185820
   -688.50150705
   -688.53622291
   -688.51584106
   -688.46745255
   -688.50265544
   -688.51807579
   -688.54917916
   -688.53351718
   -688.53612772
   -688.52252728
   -688.51375145
   -688.52587423
   -688.52370035
   -688.52350111
   -688.51651718
   -688.52895014
   -688.47992200
   -688.54729491
   -688.53509423
   -688.52633715
   -688.52050439
   -688.50368639
   -688.51938079
   -688.49780928
   -688.51473886
   -688.52596973
   -688.48570699
   -688.52608820
   -688.53688135
   -688.55792873
   -688.50872674
   -688.49116361
   -688.49371049
   -688.52449778
   -688.54221767
   -688.54161521
   -688.52320774
   -688.49534531
   -688.53814818
   -688.55046887
   -688.54478383
   -688.56701138
   -688.55634320
   -688.54730645
   -688.51661630
   -688.51564866
   -688.54178207
   -688.54228502
   -688.53509797
   -688.44981398
   -688.53007845
   -688.47475408
   -688.52001914
   -688.47788873
   -688.54842084
   -688.51275811
   -688.48628891
   -688.52595041
   -688.52292369
   -688.51837167
   -688.53552496
   -688.54241241
   -688.52003456
   -688.53713652
   -688.53081891
   -688.53359231
   -688.53939794
   -688.53767257
   -688.52138947
   -688.54631563
   -688.53380694
   -688.54349521
   -688.53120498
   -688.53065835
   -688.53977431
   -688.48487644
   -688.50556870
   -688.53575280
   -688.45822028
   -688.47426956
   -688.54149361
   -688.49825055
   -688.52369857
   -688.54411497
   -688.50780034
   -688.50873268
   -688.54655667
   -688.49207970
   -688.53078631
   -688.52318301
   -688.48421012
   -688.51929153
   -688.46996886
   -688.53242898
   -688.56095783
   -688.51044681
   -688.52211761
   -688.52552459
   -688.50447522
   -688.51445155
   -688.53864924
   -688.53536463
   -688.53152787
   -688.52715366
   -688.54815180
   -688.54751572
   -688.54801565
   -688.54011279
   -688.50187189
   -688.51606164
   -688.55238367
   -688.51627137
   -688.53187109
   -688.49830553
   -688.52293716
   -688.52876968
   -688.52114389
   -688.53671792
   -688.51801667
   -688.51985817
   -688.53406623
   -688.51118421
   -688.46564395
   -688.51540311
   -688.50859059
   -688.50845015
   -688.53311918
   -688.54512437
   -688.55520278
   -688.48603114
   -688.51146716
   -688.55021416
   -688.55332653
   -688.54409195
   -688.53607485
   -688.51842292
   -688.52790388
   -688.53454837
   -688.51820318
   -688.52618540
   -688.49832337
   -688.49444424
   -688.48642971
   -688.53171976
   -688.53056251
   -688.52541021
   -688.53244321
   -688.51486770
   -688.54480198
   -688.51200512
   -688.50844097
   -688.54201751
   -688.51736895
   -688.54891974
   -688.50896956
   -688.53390835
   -688.53484865
   -688.53098205
   -688.49874262
   -688.47958933
   -688.50771916
   -688.53053237
   -688.51497572
   -688.50753155
   -688.53047668
   -688.54216970
   -688.53570494
   -688.53751758
   -688.51964992
   -688.49906983
   -688.49662555
   -688.53520061
   -688.53103764
   -688.54248340
   -688.49555257
   -688.52532996
   -688.47745959
   -688.52302852
   -688.52246116
   -688.50493723
   -688.47721889
   -688.51671243
   -688.49513929
   -688.50677920
   -688.54945914
   -688.52044420
   -688.52708394
   -688.53080168
   -688.52020579
   -688.45958008
   -688.50371349
   -688.51418258
   -688.49435009
   -688.53682864
   -688.52779613
   -688.52195222
   -688.54665117
   -688.52494597
   -688.51737249
   -688.54054024
   -688.46132941
   -688.51601060
   -688.48106898
   -688.49941858
   -688.46440945
   -688.49520000
   -688.51822169
   -688.50840905
   -688.48600827
   -688.55183379
   -688.51660170
   -688.51440671
   -688.50841509
   -688.52555600
   -688.51772592
   -688.51923180
   -688.51137029
   -688.52968048
   -688.53153537
   -688.52771202
   -688.53472961
   -688.47686530
   -688.54933956
   -688.50147442
   -688.52867427
   -688.51345286
   -688.52584306
   -688.53951263
   -688.52107947
   -688.53611204
   -688.54568533
   -688.51466183
   -688.53316112
   -688.53005913
   -688.51507364
   -688.48867613
   -688.54117984
   -688.54076723
   -688.49061769
   -688.48258537
   -688.51977227
   -688.53168760
   -688.54130168
   -688.52252712
   -688.51374296
   -688.52708403
   -688.49246862
   -688.50285578
   -688.52859364
   -688.51802901
   -688.53577471
   -688.51795083
   -688.52057794
   -688.48615199
   -688.52511851
   -688.52621637
   -688.50285420
   -688.49522176
   -688.51975945
   -688.53966549
   -688.49779132
   -688.49161135
   -688.50694932
   -688.52325270
   -688.51250931
   -688.52424846
   -688.51406827
   -688.51915096
   -688.50741406
   -688.53722601
   -688.54535329
   -688.49828087
   -688.52188451
   -688.51303565
   -688.53181732
   -688.52520904
   -688.55580972
   -688.52896251
   -688.50290795
   -688.50165061
   -688.52100787
   -688.51597006
   -688.49425846
   -688.51938650
   -688.52551635
   -688.51299381
   -688.53157696
   -688.52998890
   -688.52274281
   -688.54829460
   -688.53090095
   -688.53387659
   -688.51445156
   -688.49138163
   -688.46256677
   -688.54244023
   -688.50472414
   -688.52515024
   -688.50555954
   -688.51953691
   -688.52030826
   -688.47545744
   -688.49045721
   -688.51335992
   -688.52003125
   -688.50755038
   -688.53605746
   -688.53662032
   -688.53182567
   -688.51027094
   -688.47455160
   -688.51435110
   -688.51663604
   -688.52888227
   -688.54025002
   -688.52402748
   -688.51053487
   -688.52862480
   -688.54010123
   -688.52039172
   -688.54845779
   -688.46702745
   -688.52446434
   -688.48656260
   -688.48822701
   -688.49176814
   -688.54529181
   -688.53839681
   -688.54358505
   -688.53669430
   -688.54203298
   -688.55110044
   -688.52548352
   -688.52355272
   -688.53764623
   -688.55486723
   -688.55164121
   -688.49620158
   -688.49364886
   -688.52517164
   -688.49276492
   -688.51276296
   -688.54529646
   -688.49216635
   -688.49027697
   -688.53570758
   -688.53291819
   -688.53508868
   -688.52833234
   -688.53348958
   -688.55832963
   -688.52511683
   -688.51724567
   -688.50682701
   -688.51338877
   -688.53007004
   -688.52027805
   -688.53116115
   -688.52324297
   -688.52718136
   -688.53404973
   -688.53375441
   -688.52089615
   -688.48158706
   -688.53922770
   -688.48005294
   -688.51385656
   -688.49445551
   -688.52056680
   -688.53693582
   -688.53663843
   -688.49692431
   -688.50953907
   -688.54519326
   -688.52619066
   -688.54236419
   -688.50701795
   -688.55961078
   -688.52509406
   -688.51352084
   -688.53701350
   -688.53063546
   -688.49779164
   -688.52536017
   -688.53202584
   -688.53302196
   -688.53213274
   -688.50334481
   -688.51744484
   -688.52284374
   -688.52679849
   -688.50378674
   -688.52297714
   -688.52174368
   -688.50398938
   -688.49014167
   -688.49149169
   -688.49251192
   -688.52997179
   -688.46301341
   -688.48582760
   -688.52255563
   -688.55579596
   -688.49743045
   -688.52535086
   -688.52142434
   -688.49534024
   -688.50289156
   -688.49751885
   -688.51911326
   -688.52888723
   -688.53524587
   -688.54032402
   -688.51821758
   -688.51119115
   -688.54181070
   -688.48368936
   -688.47969479
   -688.48576709
   -688.54826093
   -688.48577910
   -688.51120595
   -688.48834862
   -688.54216121
   -688.48554948
   -688.52927141
   -688.54099065
   -688.48699171
   -688.52920251
   -688.52970594
   -688.48796393
   -688.49514429
   -688.53328971
   -688.54891831
   -688.55124371
   -688.52184957
   -688.44999304
   -688.49517915
   -688.47342795
   -688.56411651
   -688.52451258
   -688.50216420
   -688.53775757
   -688.51409629
   -688.54785244
   -688.54795592
   -688.52281737
   -688.53588020
   -688.49761892
   -688.49706200
   -688.50321273
   -688.51745252
   -688.52708528
   -688.53942954
   -688.48383666
   -688.55200768
   -688.54860355
   -688.54273293
   -688.56802187
   -688.51032284
   -688.53411305
   -688.54769482
   -688.50823576
   -688.49571215
   -688.52548363
   -688.52961517
   -688.49968169
   -688.52357760
   -688.52507779
   -688.52101782
   -688.49865979
   -688.48919198
   -688.52522743
   -688.49264724
   -688.49143292
   -688.53678462
   -688.52512754
   -688.52563704
   -688.52374970
   -688.50187872
   -688.51295185
   -688.55137407
   -688.54808475
   -688.53774546
   -688.56133725
   -688.49531065
   -688.51126871
   -688.50810284
   -688.54374024
   -688.51469659
   -688.47606663
   -688.51498542
   -688.52666018
   -688.52432345
   -688.54338932
   -688.52567034
   -688.53458754
   -688.51972402
   -688.51507647
   -688.51102184
   -688.51506007
   -688.55550714
   -688.52688073
   -688.53257690
   -688.48894874
   -688.55040569
   -688.52930459
   -688.51618464
   -688.51596507
   -688.52551122
   -688.53959344
   -688.54464743
   -688.54996429
   -688.52910618
   -688.51309165
   -688.52685840
   -688.54559761
   -688.54356487
   -688.47564473
   -688.52508298
   -688.49390097
   -688.50773036
   -688.53975651
   -688.53349125
   -688.54839301
   -688.48674856
   -688.52422396
   -688.49845411
   -688.53188778
   -688.48886006
   -688.51379951
   -688.53836411
   -688.53872117
   -688.50389131
   -688.50038029
   -688.53462992
   -688.54563018
   -688.52535028
   -688.49675630
   -688.54013407
   -688.48181185
   -688.51105125
   -688.50433983
   -688.51971356
   -688.50906730
   -688.53688983
   -688.54571374
   -688.47512306
   -688.52085099
   -688.51995807
   -688.52529984
   -688.53021586
   -688.55528754
   -688.52648290
   -688.55390180
   -688.53236088
   -688.54245045
   -688.51720905
   -688.52295812
   -688.51795139
   -688.54439299
   -688.52673872
   -688.48690136
   -688.54777483
   -688.50512723
   -688.52458665
   -688.56616767
   -688.53239388
   -688.52911043
   -688.53771647
   -688.49122764
   -688.51986154
   -688.52349584
   -688.50450259
   -688.50792683
   -688.52358229
   -688.53719730
   -688.50036206
   -688.52290705
   -688.52079023
   -688.50697345
   -688.49855102
   -688.51042712
   -688.53019589
   -688.53073039
   -688.54071662
   -688.53134692
   -688.51626094
   -688.51334840
   -688.53354720
   -688.54452936
   -688.53873134
   -688.55668793
   -688.51245262
   -688.48697932
   -688.52498197
   -688.53916347
   -688.53393450
   -688.52945217
   -688.50570950
   -688.53299321
   -688.51629167
   -688.50427807
   -688.50627780
   -688.52913700
   -688.55666436
   -688.54548195
   -688.47053145
   -688.50463040
   -688.45636405
   -688.55540096
   -688.54746752
   -688.49995561
   -688.47201738
   -688.50717588
   -688.52154620
   -688.54440489
   -688.52280407
   -688.51678344
   -688.51570447
   -688.53061040
   -688.51627475
   -688.53609892
   -688.54522538
   -688.53045977
   -688.51853523
   -688.50378630
   -688.53309521
   -688.52873806
   -688.52402292
   -688.53553949
   -688.55008793
   -688.54276047
   -688.51514153
   -688.54135430
   -688.52127871
   -688.52596396
   -688.49038773
   -688.50089660
   -688.53729499
   -688.45354221
   -688.50850958
   -688.51348210
   -688.52432857
   -688.53572100
   -688.53081326
   -688.53430189
   -688.52751115
   -688.52180478
   -688.51023472
   -688.51640199
   -688.53075977
   -688.43822903
   -688.47734513
   -688.51836941
   -688.53565187
   -688.50411271
   -688.49776611
   -688.53891922
   -688.52793089
   -688.51924517
   -688.54658128
   -688.54817138
   -688.48645646
   -688.53216788
   -688.55872284
   -688.51008581
   -688.51224697
   -688.52886623
   -688.51621330
   -688.48353725
   -688.55217019
   -688.49261081
   -688.50718834
   -688.49007438
   -688.53677209
   -688.53446304
   -688.51871769
   -688.51182998
   -688.54953214
   -688.54375301
   -688.53581084
   -688.55782465
   -688.51409966
   -688.53838472
   -688.51565745
   -688.52725391
   -688.52857495
   -688.54623395
   -688.56167869
   -688.53139016
   -688.53936685
   -688.54078704
   -688.55186299
   -688.52795675
   -688.53703783
   -688.54829450
   -688.49286085
   -688.52333867
   -688.54255403
   -688.54785825
   -688.51881084
   -688.53755823
   -688.50874244
   -688.50625470
   -688.53449319
   -688.50181405
   -688.53867534
   -688.53839706
   -688.53666937
   -688.50607837
   -688.52051036
   -688.51132110
   -688.55059721
   -688.51016890
   -688.52936178
   -688.49712193
   -688.54589990
   -688.54060132
   -688.54338104
   -688.54745178
   -688.52292732
   -688.52752770
   -688.51984245
   -688.51064924
   -688.49845544
   -688.55329814
   -688.51354510
   -688.48881456
   -688.53783689
   -688.56323828
   -688.48203667
   -688.54665415
   -688.48549820
   -688.51524221
   -688.49377116
   -688.54210575
   -688.51133660
   -688.55392080
   -688.54482328
   -688.53049176
   -688.52502889
   -688.46571896
   -688.52751717
   -688.47016827
   -688.52949105
   -688.45613863
   -688.48629349
   -688.53412509
   -688.48961019
   -688.51491555
   -688.51929862
   -688.52840449
   -688.50093046
   -688.53575620
   -688.54865461
   -688.53393558
   -688.51773758
   -688.51268636
   -688.52779403
   -688.52526403
   -688.51227671
   -688.52110698
   -688.50181005
   -688.51733541
   -688.53966323
   -688.54814776
   -688.53909718
   -688.54144149
   -688.50668606
   -688.51480763
   -688.54026541
   -688.56150833
   -688.51853195
   -688.53170220
   -688.52808914
   -688.53612289
   -688.54645637
   -688.50109353
   -688.49126067
   -688.53114651
   -688.53689090
   -688.48703303
   -688.52433326
   -688.50723709
   -688.52580998
   -688.51432711
   -688.52501976
   -688.52352290
   -688.52905768
   -688.49491021
   -688.53275642
   -688.51435081
   -688.51460191
   -688.51264475
   -688.47734679
   -688.52383174
   -688.47625150
   -688.52336207
   -688.52687013
   -688.53612165
   -688.52228285
   -688.51283352
   -688.53339590
   -688.54835880
   -688.51390541
   -688.51960643
   -688.53455867
   -688.53958223
   -688.52164669
   -688.54668038
   -688.56041736
   -688.52792170
   -688.50936289
   -688.51552012
   -688.52289199
   -688.53327125
   -688.52464189
   -688.49491865
   -688.50859682
   -688.50135861
   -688.50030775
   -688.55441520
   -688.51639539
   -688.50675308
   -688.54011613
   -688.54486451
   -688.54300852
   -688.53767039
   -688.53483275
   -688.52351176
   -688.51640572
   -688.50761804
   -688.53946075
   -688.53116406
   -688.55436215
   -688.54492477
   -688.54004806
   -688.54058664
   -688.55392152
   -688.53203488
   -688.51240680
   -688.52158640
   -688.49571998
   -688.50152128
   -688.49407362
   -688.51002325
   -688.52374802
   -688.54459384
   -688.51462647
   -688.50469273
   -688.54816142
   -688.54620324
   -688.52717562
   -688.52798060
   -688.51789682
   -688.55482750
   -688.53062684
   -688.53384928
   -688.49815020
   -688.51647448
   -688.50826593
   -688.50651654
   -688.55923641
   -688.50785952
   -688.48952970
   -688.50929629
   -688.48577429
   -688.55356549
   -688.52040396
   -688.52340100
   -688.54253575
   -688.53676323
   -688.49237390
   -688.51188448
   -688.51996426
   -688.52203549
   -688.52983757
   -688.52249861
   -688.50599394
   -688.48300053
   -688.51369890
   -688.53841062
   -688.52410282
   -688.53478381
   -688.49743887
   -688.49774527
   -688.52823880
   -688.51933869
   -688.54293571
   -688.47598205
   -688.53066001
   -688.56244872
   -688.53003403
   -688.51330631
   -688.51269637
   -688.51447316
   -688.52927952
   -688.50591657
   -688.53367441
   -688.54138148
   -688.51874074
   -688.49599716
   -688.47106850
   -688.52778630
   -688.53155153
   -688.52494892
   -688.53875213
   -688.53532142
   -688.53029269
   -688.50654784
   -688.51788598
   -688.49233246
   -688.54064583
   -688.52203751
   -688.54639766
   -688.50576101
   -688.53686630
   -688.53830921
   -688.52348506
   -688.48887104
   -688.49151932
   -688.54833592
   -688.54521578
   -688.52092283
   -688.52445567
   -688.51875354
   -688.51758490
   -688.53989967
   -688.49989754
   -688.53608433
   -688.51820546
   -688.53721656
   -688.50005188
   -688.54606982
   -688.54823220
   -688.54254391
   -688.52693369
   -688.54602828
   -688.51813490
   -688.48342797
   -688.53578116
   -688.52978295
   -688.53350949
   -688.53918683
   -688.52072207
   -688.50643414
   -688.53834804
   -688.55305554
   -688.52413484
   -688.53356785
   -688.53952425
   -688.47940640
   -688.53246728
   -688.51205054
   -688.53671296
   -688.52909252
   -688.47852051
   -688.52773880
   -688.54674031
   -688.51908486
   -688.52722565
   -688.49070374
   -688.52044794
   -688.48159335
   -688.51592626
   -688.55228942
   -688.50889579
   -688.54975229
   -688.55413415
   -688.54329733
   -688.53478705
   -688.49930733
   -688.54292651
   -688.56167311
   -688.52349756
   -688.54390826
   -688.53150486
   -688.53025413
   -688.51484677
   -688.53881961
   -688.46045707
   -688.52910716
   -688.50225145
   -688.50902374
   -688.54324762
   -688.52409441
   -688.55594893
   -688.47083252
   -688.48544331
   -688.53496809
   -688.52465160
   -688.51089128
   -688.49592484
   -688.56763786
   -688.51430265
   -688.51941546
   -688.48211221
   -688.52670875
   -688.46188758
   -688.54688466
   -688.51552276
   -688.54216810
   -688.53975634
   -688.52748049
   -688.55202444
   -688.49836833
   -688.53261653
   -688.55199525
   -688.55676636
   -688.50047014
   -688.52493433
   -688.50874161
   -688.47467387
   -688.51401630
   -688.53345632
   -688.52965159
   -688.53109050
   -688.56256358
   -688.51440372
   -688.54075413
   -688.51300348
   -688.54667973
   -688.51292243
   -688.51129899
   -688.46637866
   -688.52815215
   -688.49728976
   -688.52041689
   -688.52384011
   -688.56177556
   -688.51292880
   -688.50333941
   -688.52006850
   -688.50682488
   -688.52363219
   -688.55120021
   -688.53324547
   -688.52454425
   -688.52429252
   -688.52033732
   -688.50567797
   -688.53094124
   -688.53936125
   -688.50685816
   -688.47973064
   -688.50652434
   -688.54626380
   -688.55016210
   -688.50801514
   -688.53183448
   -688.50767155
   -688.52959472
   -688.54942777
   -688.53565983
   -688.54607111
   -688.52939064
   -688.51906188
   -688.52994138
   -688.48340094
   -688.52635540
   -688.53972378
   -688.48707938
   -688.50890912
   -688.53791019
   -688.52173105
   -688.50211053
   -688.51618624
   -688.52726746
   -688.54572470
   -688.50820366
   -688.52001862
   -688.50175470
   -688.51257878
   -688.53061250
   -688.52708559
   -688.54479418
   -688.52668871
   -688.55811760
   -688.50515737
   -688.56037175
   -688.50671812
   -688.50131333
   -688.52289206
   -688.48465461
   -688.54437558
   -688.52755770
   -688.52217357
   -688.51568982
   -688.49154142
   -688.53819007
   -688.53127711
   -688.50158470
   -688.53532831
   -688.54298422
   -688.52052355
   -688.51944359
   -688.47783843
   -688.51564880
   -688.52007786
   -688.53437466
   -688.52041230
   -688.51153435
   -688.51818711
   -688.48377335
   -688.53474435
   -688.53168367
   -688.50740951
   -688.51467208
   -688.52488801
   -688.51215558
   -688.50746959
   -688.50531431
   -688.54833933
   -688.46861687
   -688.49437364
   -688.48886442
   -688.49635907
   -688.52543668
   -688.54063296
   -688.51931872
   -688.49861258
   -688.54807360
   -688.54467505
   -688.54673838
   -688.51356315
   -688.53502162
   -688.50390237
   -688.52253181
   -688.51290025
   -688.52304476
   -688.50811257
   -688.54416293
   -688.53598610
   -688.50789714
   -688.47715293
   -688.55015751
   -688.44616415
   -688.53705107
   -688.52481200
   -688.51784170
   -688.53288833
   -688.49936978
   -688.53078440
   -688.50890620
   -688.50604612
   -688.53060280
   -688.54718067
   -688.50678240
   -688.55090921
   -688.51811162
   -688.52582417
   -688.54080667
   -688.52294929
   -688.55096537
   -688.51693137
   -688.49452813
   -688.50285954
   -688.53313614
   -688.51574805
   -688.51309048
   -688.52999434
   -688.55748454
   -688.45883474
   -688.52267782
   -688.46612018
   -688.54864751
   -688.54840325
   -688.50754660
   -688.52882722
   -688.55339999
   -688.52880185
   -688.54070576
   -688.53371844
   -688.50685434
   -688.54882864
   -688.52550990
   -688.51663930
   -688.52862409
   -688.51357550
   -688.50581870
   -688.53060238
   -688.55074306
   -688.55414811
   -688.52877480
   -688.52475526
   -688.55640430
   -688.54358630
   -688.55736695
   -688.53817941
   -688.52965017
   -688.52632956
   -688.54007723
   -688.54707474
   -688.50893904
   -688.49333359
   -688.53756968
   -688.53199356
   -688.53081157
   -688.54833279
   -688.50859426
   -688.50862229
   -688.52114734
   -688.52737500
   -688.52713626
   -688.53640393
   -688.50166366
   -688.50945360
   -688.53487600
   -688.53129555
   -688.53106492
   -688.53789706
   -688.53191875
   -688.53153441
   -688.51171659
   -688.54814064
   -688.54626878
   -688.51422900
   -688.51599691
   -688.46406818
   -688.53562393
   -688.54965455
   -688.52365922
   -688.54907941
   -688.53040830
   -688.53988513
   -688.55279108
   -688.53054167
   -688.54181600
   -688.52163002
   -688.51551458
   -688.49994765
   -688.56009924
   -688.51630853
   -688.54677632
   -688.52046188
   -688.54094365
   -688.56064890
   -688.50992890
   -688.49368213
   -688.54365959
   -688.51128626
   -688.52583080
   -688.53009147
   -688.51390479
   -688.50920372
   -688.54678283
   -688.54497612
   -688.46877014
   -688.51374732
   -688.53193869
   -688.47839539
   -688.52512043
   -688.54378003
   -688.54601390
   -688.52763038
   -688.54726019
   -688.53254650
   -688.50672512
   -688.47740699
   -688.50577350
   -688.49861442
   -688.52424395
   -688.50574249
   -688.54712963
   -688.52413483
   -688.48327918
   -688.51086538
   -688.53873245
   -688.55017655
   -688.54276843
   -688.52480894
   -688.55347786
   -688.53407143
   -688.52822116
   -688.54755582
   -688.51886168
   -688.50917388
   -688.50789260
   -688.56572952
   -688.51149164
   -688.51393785
   -688.51037409
   -688.53431848
   -688.50244712
   -688.51021230
   -688.54127297
   -688.51591191
   -688.51870306
   -688.52383427
   -688.53285182
   -688.53509877
   -688.55329564
   -688.51088277
   -688.54814590
   -688.54515497
   -688.54434911
   -688.49393583
   -688.51262604
   -688.54035654
   -688.50283601
   -688.51641485
   -688.55553191
   -688.54247753
   -688.51281077
   -688.52341652
   -688.54325333
   -688.54942376
   -688.51354643
   -688.52686750
   -688.50131560
   -688.52621476
   -688.51566170
   -688.49491370
   -688.47126111
   -688.52786888
   -688.51928563
   -688.53305028
   -688.54982850
   -688.52853306
   -688.52669594
   -688.54875978
   -688.50084229
   -688.51413608
   -688.51386754
   -688.54241779
   -688.52783300
   -688.52239212
   -688.53876054
   -688.51207087
   -688.54381050
   -688.53500140
   -688.54224725
   -688.54938710
   -688.51872377
   -688.50213744
   -688.52107506
   -688.51933135
   -688.55036184
   -688.45188678
   -688.50679646
   -688.50623922
   -688.56227214
   -688.53580428
   -688.53904937
   -688.52523396
   -688.48735527
   -688.52820850
   -688.52801170
   -688.51917763
   -688.54322386
   -688.55997411
   -688.51627790
   -688.50003541
   -688.46898841
   -688.54252056
   -688.52436963
   -688.57294478
   -688.54142142
   -688.51224239
   -688.53590139
   -688.55638445
   -688.48588772
   -688.53092625
   -688.51634356
   -688.51072083
   -688.51688249
   -688.52423132
   -688.56066541
   -688.47391752
   -688.51384639
   -688.50050225
   -688.50485611
   -688.54036079
   -688.51436474
   -688.53198790
   -688.50267187
   -688.52016857
   -688.47014751
   -688.52802379
   -688.54837863
   -688.51363092
   -688.53164862
   -688.54924327
   -688.52150980
   -688.53940118
   -688.53866400
   -688.53372021
   -688.52736640
   -688.53377536
   -688.52223389
   -688.51870099
   -688.48593228
   -688.54314651
   -688.53111288
   -688.49502326
   -688.53643621
   -688.54822893
   -688.50915486
   -688.54866307
   -688.52625165
   -688.48063547
   -688.52391740
   -688.53251882
   -688.54685774
   -688.53713097
   -688.53249718
   -688.50522930
   -688.51617776
   -688.54203834
   -688.52447684
   -688.53446464
   -688.45977784
   -688.51783130
   -688.51742091
   -688.47011270
   -688.51442789
   -688.47942354
   -688.50107362
   -688.53894722
   -688.50459995
   -688.53220460
   -688.53630047
   -688.53295116
   -688.52951924
   -688.53626854
   -688.55316757
   -688.52380503
   -688.54165652
   -688.55493657
   -688.53712469
   -688.47082435
   -688.51866344
   -688.51734113
   -688.46794401
   -688.51876083
   -688.53602748
   -688.54050210
   -688.49573366
   -688.52391018
   -688.50416665
   -688.54323908
   -688.49633483
   -688.50518462
   -688.50830954
   -688.54198294
   -688.54452149
   -688.50151692
   -688.54042659
   -688.51605876
   -688.50407391
   -688.50736434
   -688.52496213
   -688.52376643
   -688.51245058
   -688.53157757
   -688.45623515
   -688.53422244
   -688.54340698
   -688.52779921
   -688.56271561
   -688.48737219
   -688.50389274
   -688.54302864
   -688.49682061
   -688.48171548
   -688.52679218
   -688.53284211
   -688.51561021
   -688.52689236
   -688.50991438
   -688.51341794
   -688.50936125
   -688.50013926
   -688.55621772
   -688.51541841
   -688.50461159
   -688.51933181
   -688.51159452
   -688.55457708
   -688.51255087
   -688.52463872
   -688.54450049
   -688.52772652
   -688.48832500
   -688.51617565
   -688.50696867
   -688.47815956
   -688.51894039
   -688.52820087
   -688.54105220
   -688.52076634
   -688.53575316
   -688.52391152
   -688.46610479
   -688.51713662
   -688.54700456
   -688.54085784
   -688.53674857
   -688.54476675
   -688.49773769
   -688.51225400
   -688.53153067
   -688.53993108
   -688.48350063
   -688.48149022
   -688.55008644
   -688.54652086
   -688.48805611
   -688.50445718
   -688.54242502
   -688.54004581
   -688.51135874
   -688.53966220
   -688.52290933
   -688.51481266
   -688.52038043
   -688.54823500
   -688.50701341
   -688.55628978
   -688.53610239
   -688.54150928
   -688.50168441
   -688.53173365
   -688.52345524
   -688.51142543
   -688.50599841
   -688.50567041
   -688.52330535
   -688.53473234
   -688.49979628
   -688.51781169
   -688.55322358
   -688.53233817
   -688.52067541
   -688.51549428
   -688.52085131
   -688.54283548
   -688.54635311
   -688.49188185
   -688.52809008
   -688.54235683
   -688.49664517
   -688.50287088
   -688.50083795
   -688.55138476
   -688.52945446
   -688.54836008
   -688.52992564
   -688.50237337
   -688.50489325
   -688.51535125
   -688.52098939
   -688.50962671
   -688.56389119
   -688.54163502
   -688.48136287
   -688.51821401
   -688.50558857
   -688.52380921
   -688.51411959
   -688.52903787
   -688.52334239
   -688.52241408
   -688.51410402
   -688.49728103
   -688.50861811
   -688.50737766
   -688.51387971
   -688.53967598
   -688.54137218
   -688.54138631
   -688.54449527
   -688.48901825
   -688.50931973
   -688.52461340
   -688.55439797
   -688.50451229
   -688.49276102
   -688.53726333
   -688.54469145
   -688.49319340
   -688.48929242
   -688.54453289
   -688.53625365
   -688.52720693
   -688.54474769
   -688.51978304
   -688.52050565
   -688.51916509
   -688.51387348
   -688.53112167
   -688.54338211
   -688.50758490
   -688.53319946
   -688.53997485
   -688.52800547
   -688.53161179
   -688.54899155
   -688.51869586
