   -0.13436447
    0.26814407
   -0.46815008
   -0.09845817
    0.03263701
   -0.11987596
   -0.02602387
   -0.05982659
   -0.05497913
   -0.05640782
   -0.05495686
   -0.05704495
   -0.02009748
    0.26413021
   -0.45990110
   -0.07485269
   -0.06096453
   -0.05019814
    0.06772917
    0.05677021
    0.05046522
    0.04814482
    0.03674165
    0.04127767
    0.08388564
    0.02939811
    0.02540813
    0.03962386
    0.03035104
    0.02886804
    0.02783614
    0.03242150
    0.03035069
    0.02768106
    0.02940634
    0.03210501
    0.06013570
    0.06903261
    0.08989003
    0.04442886
    0.06217258
    0.08688274
    0.05309528
    0.04708847
