           1           2  0.98575337725012679     
           2           3   1.6454802675636127     
           2           4   1.2565739904185567     
           3           4  0.19032998585342237     
           4           5  0.97156063570833817     
           5           6   1.0055057534822986     
           5           7  0.96640001207822168     
           7           8  0.99626836055550294     
           8           9   1.0075350024592924     
           9          10   1.0090204520063843     
          10          11   1.0093151257986510     
           7          12  0.99914869937681305     
          11          12   1.0063234249840365     
           4          13  0.98367787528639417     
          13          14  0.94310280060847862     
          14          15   1.6423625570167093     
          14          16   1.2841477091467821     
          15          16  0.19966478400260973     
          16          17  0.99706536021396719     
          16          18  0.99583566413313440     
           1          19  0.98276827149994284     
           1          20  0.96492564422860694     
           1          21  0.97069084189687160     
           5          22  0.95591566996913047     
           6          23  0.97989802820410632     
           6          24  0.98333443103579443     
           6          25  0.96955748378478634     
           7          26  0.96261394407410117     
           8          27  0.97655266075092073     
           8          28  0.97480083321645772     
           9          29  0.97751976775982385     
           9          30  0.97734231179200148     
          10          31  0.97760304088196093     
          10          32  0.97751147414063833     
          11          33  0.97755137630808520     
          11          34  0.97755465698923660     
          12          35  0.97482344486160843     
          12          36  0.97315363233466434     
          13          37  0.96240074136851383     
          13          38  0.95550010487354931     
          17          39  0.96408629274332935     
          17          40  0.97759432768209276     
          17          41  0.98146310528875402     
          18          42  0.97286131730422576     
          18          43  0.97575517475144524     
          18          44  0.97839752591068874     
