% The following energies apply to conformations described by the topology 
% R01.top.  Structures are given in trajectory coords.cdf, count: 1718.

% Item 0:
%   Energy -> orca_structures/coor*/Conf*.out
   -534.81274080
   -534.75909116
   -534.79012039
   -534.79581488
   -534.79317344
   -534.77582754
   -534.80444811
   -534.78593404
   -534.80589687
   -534.76183177
   -534.79627448
   -534.77453800
   -534.76665314
   -534.79580266
   -534.80106815
   -534.78753898
   -534.79435758
   -534.77942712
   -534.78155447
   -534.76693455
   -534.81350144
   -534.79128766
   -534.79791576
   -534.79085338
   -534.78719216
   -534.80404105
   -534.80714768
   -534.79299328
   -534.77208351
   -534.77667538
   -534.78815210
   -534.78588905
   -534.78883072
   -534.79235262
   -534.78189965
   -534.77884534
   -534.78115120
   -534.80042697
   -534.79321755
   -534.77921290
   -534.79026847
   -534.75119007
   -534.76957440
   -534.77242709
   -534.80540383
   -534.78723695
   -534.77458035
   -534.76820056
   -534.76966165
   -534.78417104
   -534.79981960
   -534.76956949
   -534.79362986
   -534.78512798
   -534.79129312
   -534.78112338
   -534.77159849
   -534.76720110
   -534.78598302
   -534.78948237
   -534.80336176
   -534.79478405
   -534.79709836
   -534.80209769
   -534.79351725
   -534.76970225
   -534.76757064
   -534.80794943
   -534.80908258
   -534.78103568
   -534.76869762
   -534.78012096
   -534.80211439
   -534.78478682
   -534.79410808
   -534.79628729
   -534.79744802
   -534.78797034
   -534.78431432
   -534.80491892
   -534.76800587
   -534.82031775
   -534.78638174
   -534.79254759
   -534.76645966
   -534.81261035
   -534.77752148
   -534.75878921
   -534.76467674
   -534.75921791
   -534.77842962
   -534.76547430
   -534.77944734
   -534.80179066
   -534.77166619
   -534.77207346
   -534.78610236
   -534.79805471
   -534.76623488
   -534.77596805
   -534.76754053
   -534.76766432
   -534.77654851
   -534.77538731
   -534.79287451
   -534.81332596
   -534.79089754
   -534.78373508
   -534.76884473
   -534.80323983
   -534.77766316
   -534.78200936
   -534.81320634
   -534.77865141
   -534.78628887
   -534.78459155
   -534.80705372
   -534.81769482
   -534.80912926
   -534.75828946
   -534.79395126
   -534.78523119
   -534.76596909
   -534.78304223
   -534.80687689
   -534.79751881
   -534.79677345
   -534.81230165
   -534.76193886
   -534.77570297
   -534.81615215
   -534.76353873
   -534.76815396
   -534.76156915
   -534.79350378
   -534.77323733
   -534.79412068
   -534.80891248
   -534.76742744
   -534.79988534
   -534.76143234
   -534.78641815
   -534.78082369
   -534.78563158
   -534.75867570
   -534.76520061
   -534.80367728
   -534.77196382
   -534.79607160
   -534.79034897
   -534.80512360
   -534.76490777
   -534.80637477
   -534.78092898
   -534.79964916
   -534.77563600
   -534.75877893
   -534.75785894
   -534.81002090
   -534.78179456
   -534.79016320
   -534.79059723
   -534.80791143
   -534.78433877
   -534.79763605
   -534.80153080
   -534.79114042
   -534.79885582
   -534.79240465
   -534.78769157
   -534.76959479
   -534.82268363
   -534.79172017
   -534.78433472
   -534.78992949
   -534.77701407
   -534.78302418
   -534.77457139
   -534.73704546
   -534.80603672
   -534.76023227
   -534.76013321
   -534.77476300
   -534.79330018
   -534.79644849
   -534.74770180
   -534.78095250
   -534.81462973
   -534.77944755
   -534.77586136
   -534.76847525
   -534.75294470
   -534.77955790
   -534.77708770
   -534.76323970
   -534.76199766
   -534.77982318
   -534.76847867
   -534.79996658
   -534.78713993
   -534.80305007
   -534.76587945
   -534.77493621
   -534.78763223
   -534.76482868
   -534.77183910
   -534.78417609
   -534.77723430
   -534.76883479
   -534.77412476
   -534.77460549
   -534.78413770
   -534.78669890
   -534.79977460
   -534.79320781
   -534.77671556
   -534.77413241
   -534.78578632
   -534.77120382
   -534.80676308
   -534.77773750
   -534.79927478
   -534.76580754
   -534.80854775
   -534.77322653
   -534.77384739
   -534.77935772
   -534.78823002
   -534.76878154
   -534.81306402
   -534.81796789
   -534.75209580
   -534.77729902
   -534.77100213
   -534.77775120
   -534.79447038
   -534.75711264
   -534.78984719
   -534.77687509
   -534.78387520
   -534.77620492
   -534.78971035
   -534.78864922
   -534.80650034
   -534.79195716
   -534.76921353
   -534.73298745
   -534.78354500
   -534.81420402
   -534.77844749
   -534.81477609
   -534.78645526
   -534.80217736
   -534.80800344
   -534.79143416
   -534.80482932
   -534.74351372
   -534.79125777
   -534.78817298
   -534.78837425
   -534.77209201
   -534.80347638
   -534.79309922
   -534.75548990
   -534.79280272
   -534.77324855
   -534.76348753
   -534.81279633
   -534.79876265
   -534.77909442
   -534.78515923
   -534.80113445
   -534.78379861
   -534.76191647
   -534.78283434
   -534.79827091
   -534.81436052
   -534.80788430
   -534.74834468
   -534.77740018
   -534.79314260
   -534.79102747
   -534.78524174
   -534.78263839
   -534.79695778
   -534.80486997
   -534.75555228
   -534.78156538
   -534.78790451
   -534.80460673
   -534.80795617
   -534.77295047
   -534.79098497
   -534.78859428
   -534.82032975
   -534.78495733
   -534.79125160
   -534.80810497
   -534.77843995
   -534.77694756
   -534.79216112
   -534.81541144
   -534.79153485
   -534.76362651
   -534.78219986
   -534.79241498
   -534.79034439
   -534.79643652
   -534.77246270
   -534.80434113
   -534.79378041
   -534.72441360
   -534.79997931
   -534.79924515
   -534.77719591
   -534.79329471
   -534.79349368
   -534.80382261
   -534.78649377
   -534.79140367
   -534.78391788
   -534.78407517
   -534.79083322
   -534.79028125
   -534.78352007
   -534.76888917
   -534.79883762
   -534.79448911
   -534.76861547
   -534.75241561
   -534.77639874
   -534.78038852
   -534.79652986
   -534.78447127
   -534.76359103
   -534.79600984
   -534.78418801
   -534.77072999
   -534.74872330
   -534.80056032
   -534.77329573
   -534.78085303
   -534.77143235
   -534.79799352
   -534.77662898
   -534.77575175
   -534.78521894
   -534.81261429
   -534.80502959
   -534.80912735
   -534.79563725
   -534.77081444
   -534.80117212
   -534.77435939
   -534.78334717
   -534.78769803
   -534.80088451
   -534.78509827
   -534.78459861
   -534.79048169
   -534.77301244
   -534.77371398
   -534.79046979
   -534.77607044
   -534.78417450
   -534.79008008
   -534.80302994
   -534.77249240
   -534.79969203
   -534.78106450
   -534.80275310
   -534.79406112
   -534.80605238
   -534.76900532
   -534.79703476
   -534.78722935
   -534.77914422
   -534.81085028
   -534.79015604
   -534.77801624
   -534.76503620
   -534.77503752
   -534.77338835
   -534.78597143
   -534.76465798
   -534.77898725
   -534.78857854
   -534.79659254
   -534.76944665
   -534.80613276
   -534.78929293
   -534.79157366
   -534.79812985
   -534.77107768
   -534.78103457
   -534.79439229
   -534.81267417
   -534.78968887
   -534.79789469
   -534.76717386
   -534.77466192
   -534.79143926
   -534.80939918
   -534.77245645
   -534.77931990
   -534.78349999
   -534.78357215
   -534.78184272
   -534.77690008
   -534.77132542
   -534.79450384
   -534.80653535
   -534.77252408
   -534.78955632
   -534.77835548
   -534.77889376
   -534.79082819
   -534.79211907
   -534.79732804
   -534.80447129
   -534.77870664
   -534.79333758
   -534.78442068
   -534.78461599
   -534.80057073
   -534.79011209
   -534.77472268
   -534.78411134
   -534.78642526
   -534.78069703
   -534.80443656
   -534.79767838
   -534.79103404
   -534.75600748
   -534.78220371
   -534.77066217
   -534.79189966
   -534.80291170
   -534.81097958
   -534.79896572
   -534.77532170
   -534.76531306
   -534.77346999
   -534.79463635
   -534.75695635
   -534.79690287
   -534.78383007
   -534.80170521
   -534.79430052
   -534.77125287
   -534.77650187
   -534.79256656
   -534.79514870
   -534.79577845
   -534.80750109
   -534.78533506
   -534.76574215
   -534.80115554
   -534.76622888
   -534.77155358
   -534.78815190
   -534.77543953
   -534.77367131
   -534.78857226
   -534.80088615
   -534.79515931
   -534.79139269
   -534.78014265
   -534.77137751
   -534.79217652
   -534.79687038
   -534.78120768
   -534.80587228
   -534.77455833
   -534.76258540
   -534.77476921
   -534.77297332
   -534.79528139
   -534.77020376
   -534.79723409
   -534.78046149
   -534.79531971
   -534.77864607
   -534.79919961
   -534.78597577
   -534.78325481
   -534.80121602
   -534.80811508
   -534.77900895
   -534.77343205
   -534.78150757
   -534.81129216
   -534.79627630
   -534.78628713
   -534.80125900
   -534.78052663
   -534.79534386
   -534.78451117
   -534.77974713
   -534.73807739
   -534.75784485
   -534.81934919
   -534.77197179
   -534.76117304
   -534.79652251
   -534.78665169
   -534.80426707
   -534.77814278
   -534.77713231
   -534.80249918
   -534.78301878
   -534.79722545
   -534.79253027
   -534.78920435
   -534.75422359
   -534.79948438
   -534.76766849
   -534.78363272
   -534.77140445
   -534.78426563
   -534.80344626
   -534.81156339
   -534.76567697
   -534.80851871
   -534.74297954
   -534.81176094
   -534.79294032
   -534.78620216
   -534.77986776
   -534.77511734
   -534.77289381
   -534.78260256
   -534.80386826
   -534.80637686
   -534.79201659
   -534.76671730
   -534.77474120
   -534.77833075
   -534.77209375
   -534.79255612
   -534.80438186
   -534.77769228
   -534.78252474
   -534.77191674
   -534.78992862
   -534.76974625
   -534.77671190
   -534.78220664
   -534.79333179
   -534.77688048
   -534.77031799
   -534.76722542
   -534.79596716
   -534.78505068
   -534.76969507
   -534.79876369
   -534.79410193
   -534.78619194
   -534.77699507
   -534.80035829
   -534.78280930
   -534.78634263
   -534.78142147
   -534.80473151
   -534.79078350
   -534.80084453
   -534.78792550
   -534.77970607
   -534.76865249
   -534.75611300
   -534.78332718
   -534.78174856
   -534.76296519
   -534.81754548
   -534.76703986
   -534.81279660
   -534.79169101
   -534.78492942
   -534.76084024
   -534.76554749
   -534.79762795
   -534.80018485
   -534.77779372
   -534.79269441
   -534.77919714
   -534.78004910
   -534.78031967
   -534.78412049
   -534.80026154
   -534.77580829
   -534.80601384
   -534.78988293
   -534.80195063
   -534.76610996
   -534.80034255
   -534.76762238
   -534.78829665
   -534.80967314
   -534.77810500
   -534.80802341
   -534.78195837
   -534.76538887
   -534.77261522
   -534.78592407
   -534.78982194
   -534.79877530
   -534.77370813
   -534.78290922
   -534.80124415
   -534.77659309
   -534.79690939
   -534.76470495
   -534.80148249
   -534.77658803
   -534.78049670
   -534.81242983
   -534.77564735
   -534.80075054
   -534.79318480
   -534.77192573
   -534.79012855
   -534.77515431
   -534.79338521
   -534.78498036
   -534.79189668
   -534.79417789
   -534.79206765
   -534.77937962
   -534.78622126
   -534.79414704
   -534.77638395
   -534.78570999
   -534.77520288
   -534.79432433
   -534.75749334
   -534.79981475
   -534.77659812
   -534.78892975
   -534.78899600
   -534.78954032
   -534.76316308
   -534.78411727
   -534.80582731
   -534.78139650
   -534.79102971
   -534.79149051
   -534.79153307
   -534.75200837
   -534.78521347
   -534.78199180
   -534.77154993
   -534.78808668
   -534.77777109
   -534.77091751
   -534.79779839
   -534.81134605
   -534.76908813
   -534.79097558
   -534.80440426
   -534.79468075
   -534.78999459
   -534.75583071
   -534.77555896
   -534.76586948
   -534.77998567
   -534.78911326
   -534.77968730
   -534.78082078
   -534.78806675
   -534.81538468
   -534.76042590
   -534.77576033
   -534.80539259
   -534.76325190
   -534.80549208
   -534.77460516
   -534.77703562
   -534.80539448
   -534.79411718
   -534.78642752
   -534.78544571
   -534.77741738
   -534.76396736
   -534.79568177
   -534.76442322
   -534.80435954
   -534.79541432
   -534.77970017
   -534.75745526
   -534.77022180
   -534.77933418
   -534.78794214
   -534.76571509
   -534.80095976
   -534.80532619
   -534.78152944
   -534.79418799
   -534.76704684
   -534.81757472
   -534.77619213
   -534.77558049
   -534.79486366
   -534.79935348
   -534.77351354
   -534.77423022
   -534.77135153
   -534.77185136
   -534.77692346
   -534.78666724
   -534.77632239
   -534.78183439
   -534.81480893
   -534.77905540
   -534.76792439
   -534.77500652
   -534.77242632
   -534.76725059
   -534.77744573
   -534.77918411
   -534.78868179
   -534.80356588
   -534.78464082
   -534.77893921
   -534.77815148
   -534.77080013
   -534.81948581
   -534.77218298
   -534.78187827
   -534.78625505
   -534.78567640
   -534.78973299
   -534.76850516
   -534.80530351
   -534.76077828
   -534.80290192
   -534.77506043
   -534.78237105
   -534.75350776
   -534.78267400
   -534.81821232
   -534.79155078
   -534.78281440
   -534.79456326
   -534.79484562
   -534.79009321
   -534.79628544
   -534.78742095
   -534.81318278
   -534.76940053
   -534.77850503
   -534.74816491
   -534.79098438
   -534.79657547
   -534.75621175
   -534.77171556
   -534.79915235
   -534.81505219
   -534.78803363
   -534.78586111
   -534.79165042
   -534.75981074
   -534.78114979
   -534.78456404
   -534.77697213
   -534.75605864
   -534.76578605
   -534.80296770
   -534.79128098
   -534.77072009
   -534.77754104
   -534.77078740
   -534.77175431
   -534.78781213
   -534.80960786
   -534.79401798
   -534.80107827
   -534.80468035
   -534.78512559
   -534.76191097
   -534.79437410
   -534.76077291
   -534.78796132
   -534.79248522
   -534.77685690
   -534.79913718
   -534.77736277
   -534.77773605
   -534.78431603
   -534.78988337
   -534.77688760
   -534.76802930
   -534.77826782
   -534.78972466
   -534.78082037
   -534.78745708
   -534.78073329
   -534.75975716
   -534.78831619
   -534.77447930
   -534.77935082
   -534.81877137
   -534.81531414
   -534.78939832
   -534.78442339
   -534.75871247
   -534.77726369
   -534.78351674
   -534.76579360
   -534.79296495
   -534.77250661
   -534.77689500
   -534.76240798
   -534.76889118
   -534.79665770
   -534.79125152
   -534.79620510
   -534.79227482
   -534.76975361
   -534.77610481
   -534.81166059
   -534.79566681
   -534.79056912
   -534.80727096
   -534.79913060
   -534.75682595
   -534.78738923
   -534.78758566
   -534.79751854
   -534.76964520
   -534.79867189
   -534.78020748
   -534.77886293
   -534.77406219
   -534.78935114
   -534.79827162
   -534.78046474
   -534.82133868
   -534.77036612
   -534.78756256
   -534.78948577
   -534.80773743
   -534.81170205
   -534.79621901
   -534.76927925
   -534.77886559
   -534.76903126
   -534.77810333
   -534.77850319
   -534.76668755
   -534.78711883
   -534.80254135
   -534.78910155
   -534.77972282
   -534.77983250
   -534.78165002
   -534.80715155
   -534.79470823
   -534.79083580
   -534.77566860
   -534.77555422
   -534.78919624
   -534.77756683
   -534.80494131
   -534.80762385
   -534.77252144
   -534.80310397
   -534.79549423
   -534.81487013
   -534.78047258
   -534.76819818
   -534.78771914
   -534.78526802
   -534.79739466
   -534.81478401
   -534.78141948
   -534.81248288
   -534.79560192
   -534.78846700
   -534.78647329
   -534.81098102
   -534.77688317
   -534.78914451
   -534.79312094
   -534.77732054
   -534.79224390
   -534.78993208
   -534.78583723
   -534.79896494
   -534.77975271
   -534.80519780
   -534.77962769
   -534.75236572
   -534.79365312
   -534.78720002
   -534.77666230
   -534.78816874
   -534.80707764
   -534.77605593
   -534.80645605
   -534.81095586
   -534.79662396
   -534.80058597
   -534.78486550
   -534.79844604
   -534.79483790
   -534.78152653
   -534.81020497
   -534.78436900
   -534.78965065
   -534.79692646
   -534.79770375
   -534.78681080
   -534.78922381
   -534.79827738
   -534.78075813
   -534.79954490
   -534.78415096
   -534.81048546
   -534.81424969
   -534.79905635
   -534.79364417
   -534.78110320
   -534.78272853
   -534.77393684
   -534.79803749
   -534.78988506
   -534.78581466
   -534.79153049
   -534.78965379
   -534.77216204
   -534.79911167
   -534.81914873
   -534.77199758
   -534.76209114
   -534.78355853
   -534.79137759
   -534.78516079
   -534.75556921
   -534.78416565
   -534.79772664
   -534.79187867
   -534.80585202
   -534.77594912
   -534.81709833
   -534.78010970
   -534.76998371
   -534.77584153
   -534.78183451
   -534.78199745
   -534.79800559
   -534.80071085
   -534.77862749
   -534.77514904
   -534.78742210
   -534.76395820
   -534.79099290
   -534.75741319
   -534.80131794
   -534.77528917
   -534.78828407
   -534.78840172
   -534.77553799
   -534.78750298
   -534.77470291
   -534.79263966
   -534.76041304
   -534.80513214
   -534.77626522
   -534.76786220
   -534.77055369
   -534.79380570
   -534.73334676
   -534.79943688
   -534.79896307
   -534.76986547
   -534.78331934
   -534.76635064
   -534.77276041
   -534.78869028
   -534.78339658
   -534.76718268
   -534.79590734
   -534.78846939
   -534.78086591
   -534.78203521
   -534.80424843
   -534.74279178
   -534.79618467
   -534.78103983
   -534.77754767
   -534.79911532
   -534.76772948
   -534.78539291
   -534.78237607
   -534.76992515
   -534.79126595
   -534.81167723
   -534.81268273
   -534.79523855
   -534.79232753
   -534.79621869
   -534.78887704
   -534.79238059
   -534.78984569
   -534.79679074
   -534.79216018
   -534.81135465
   -534.77254851
   -534.76522685
   -534.78733379
   -534.77206463
   -534.77296980
   -534.78269606
   -534.78573122
   -534.80615410
   -534.80928032
   -534.77281380
   -534.80295779
   -534.79003627
   -534.77995937
   -534.79873884
   -534.75555302
   -534.79701560
   -534.78378561
   -534.76204501
   -534.78169715
   -534.80024342
   -534.77688873
   -534.79581191
   -534.81354632
   -534.77859677
   -534.79051497
   -534.78477695
   -534.79778118
   -534.79218360
   -534.78044235
   -534.80839162
   -534.79897687
   -534.81626317
   -534.78417668
   -534.79903641
   -534.79189588
   -534.79169031
   -534.78034540
   -534.79873030
   -534.76004754
   -534.77998265
   -534.77909855
   -534.78448754
   -534.77139975
   -534.78257074
   -534.78404465
   -534.82195951
   -534.80867152
   -534.76910657
   -534.77816915
   -534.80474370
   -534.75075672
   -534.78957700
   -534.80019006
   -534.71645522
   -534.79333682
   -534.76197077
   -534.78773740
   -534.81088077
   -534.75606868
   -534.76651896
   -534.80789771
   -534.78907094
   -534.79946365
   -534.78371392
   -534.77983210
   -534.80776306
   -534.76456128
   -534.79022012
   -534.78412974
   -534.77962467
   -534.75970965
   -534.77201974
   -534.80783012
   -534.81260687
   -534.80118456
   -534.79302901
   -534.78001274
   -534.79458898
   -534.80110522
   -534.77607750
   -534.80269457
   -534.79771091
   -534.78155087
   -534.78285890
   -534.78351954
   -534.78602067
   -534.80542240
   -534.80324981
   -534.78575221
   -534.75330327
   -534.80446836
   -534.78269063
   -534.81643692
   -534.77824645
   -534.77245839
   -534.78151707
   -534.77936707
   -534.78946287
   -534.78950430
   -534.81125262
   -534.79985149
   -534.76350293
   -534.78488192
   -534.78244164
   -534.77777969
   -534.77946359
   -534.80267270
   -534.79964309
   -534.80711460
   -534.77824323
   -534.77137031
   -534.79395879
   -534.77893480
   -534.77771663
   -534.79219488
   -534.73836138
   -534.77775265
   -534.77177862
   -534.77828195
   -534.80753624
   -534.77272737
   -534.78490584
   -534.79446195
   -534.76631918
   -534.78389326
   -534.80550894
   -534.79626577
   -534.80774894
   -534.78711840
   -534.77967214
   -534.79951384
   -534.79899331
   -534.79477744
   -534.81441364
   -534.78834819
   -534.77776237
   -534.78690709
   -534.77957354
   -534.78140639
   -534.79970027
   -534.80992221
   -534.79009677
   -534.78130112
   -534.78145442
   -534.78210394
   -534.76827054
   -534.76874865
   -534.74311664
   -534.78372311
   -534.81460209
   -534.80225711
   -534.77017058
   -534.79348509
   -534.80367353
   -534.79209363
   -534.74896709
   -534.76608268
   -534.80070165
   -534.79200207
   -534.78915143
   -534.78198296
   -534.78730081
   -534.79750460
   -534.80216937
   -534.79731786
   -534.80905177
   -534.77279918
   -534.79713324
   -534.80176716
   -534.79471513
   -534.80999655
   -534.80388757
   -534.80152346
   -534.79888509
   -534.80435976
   -534.79736827
   -534.79519057
   -534.79081408
   -534.79033823
   -534.77486134
   -534.78613819
   -534.78126655
   -534.79143898
   -534.80086063
   -534.79812926
   -534.79256110
   -534.80650604
   -534.78260211
   -534.77978003
   -534.78425727
   -534.77366225
   -534.79271509
   -534.79112601
   -534.78513344
   -534.77653450
   -534.75785487
   -534.78356907
   -534.80544381
   -534.79120380
   -534.80783627
   -534.80204523
   -534.77715059
   -534.81286924
   -534.80007942
   -534.77519451
   -534.79297608
   -534.80918985
   -534.78977921
   -534.79017700
   -534.77849215
   -534.78883175
   -534.79302053
   -534.80450308
   -534.77151729
   -534.80360309
   -534.78677258
   -534.78786015
   -534.81170364
   -534.81143177
   -534.77495986
   -534.78005672
   -534.80503466
   -534.78478098
   -534.77601168
   -534.78601420
   -534.78922138
   -534.79785236
   -534.79166698
   -534.77522345
   -534.79990167
   -534.79058148
   -534.78435833
   -534.80633135
   -534.78633535
   -534.78372535
   -534.80352932
   -534.79769534
   -534.79465571
   -534.76775897
   -534.77112003
   -534.80664692
   -534.75095293
   -534.80744989
   -534.77893813
   -534.80598948
   -534.79910805
   -534.80791585
   -534.77765254
   -534.80073413
   -534.79238194
   -534.76118821
   -534.77110312
   -534.77873419
   -534.78526149
   -534.79027447
   -534.80522448
   -534.81074893
   -534.79978290
   -534.78987181
   -534.79344051
   -534.79688062
   -534.80582815
   -534.79321443
   -534.77921132
   -534.81165221
   -534.77380560
   -534.76980226
   -534.80011937
   -534.77763992
   -534.78949415
   -534.77583105
   -534.77892062
   -534.78081336
   -534.78236190
   -534.79107683
   -534.80131374
   -534.77906033
   -534.78586715
   -534.76991518
   -534.79698733
   -534.80309414
   -534.79556171
   -534.74230484
   -534.80488019
   -534.78510130
   -534.79051389
   -534.76347704
   -534.76792521
   -534.77288751
   -534.76663976
   -534.79336433
   -534.80963362
   -534.78111992
   -534.78538033
   -534.78341454
   -534.77008557
   -534.77939910
   -534.80561814
   -534.80343118
   -534.79292613
   -534.77229026
   -534.80240748
   -534.79216254
   -534.81831168
   -534.78789927
   -534.79264108
   -534.79899860
   -534.81006460
   -534.78733946
   -534.78356470
   -534.78105189
   -534.81526472
   -534.76336636
   -534.77826794
   -534.80254504
   -534.77564632
   -534.79738921
   -534.79868977
   -534.78852405
   -534.78976790
   -534.78499308
   -534.80795036
   -534.78141349
   -534.78756320
   -534.77968751
   -534.79026364
   -534.78478917
   -534.77735170
   -534.76951121
   -534.79156475
   -534.77792384
   -534.79146709
   -534.77367471
   -534.81208760
   -534.78988404
   -534.78907552
   -534.78951314
   -534.79083970
   -534.76359834
   -534.77871906
   -534.80690434
   -534.78542405
   -534.80052095
   -534.75778821
   -534.78886421
   -534.78756481
   -534.76609259
   -534.79321697
   -534.77153900
   -534.77196627
   -534.78405154
   -534.78331387
   -534.78620147
   -534.79793676
   -534.79695651
   -534.79977123
   -534.78101881
   -534.75985287
   -534.79551586
   -534.76568740
   -534.80447379
   -534.79905309
   -534.79518374
   -534.80909245
   -534.77667001
   -534.76254863
   -534.76339257
   -534.78520967
   -534.79611839
   -534.78648007
   -534.80143861
   -534.74657576
   -534.77152412
   -534.79245142
   -534.78842577
   -534.78875814
   -534.79995019
   -534.79572162
   -534.75193321
   -534.79431800
   -534.79139273
   -534.78703762
   -534.78980743
   -534.76745329
   -534.79890037
   -534.78009011
   -534.79137688
   -534.79383474
   -534.78016136
   -534.79100002
   -534.79094612
   -534.80303079
   -534.77231184
   -534.77423710
   -534.77899089
   -534.77651411
   -534.78762746
   -534.79628470
   -534.79642019
   -534.79212739
   -534.78297046
   -534.81092427
   -534.77613123
   -534.80336382
   -534.81175982
   -534.76893527
   -534.77934633
   -534.79955902
   -534.78387864
   -534.78943015
   -534.78396300
   -534.76827900
   -534.80301480
   -534.79844551
   -534.79324785
   -534.76989005
   -534.79938289
   -534.77277654
   -534.79706492
   -534.76780273
   -534.78195118
   -534.80843136
   -534.78093151
   -534.80613251
   -534.81002365
   -534.78916196
   -534.77954827
   -534.76907770
   -534.76272318
   -534.80079093
   -534.74707017
   -534.79426727
   -534.78040179
   -534.78851815
   -534.78285171
   -534.77513949
   -534.78580990
   -534.79482076
   -534.77508414
   -534.79146428
   -534.75941386
   -534.79208917
   -534.76798108
   -534.78757716
   -534.78388866
   -534.81255883
   -534.79566329
   -534.81592763
   -534.77122634
   -534.78456317
   -534.78288294
   -534.81509309
   -534.78159667
   -534.79357592
   -534.80022740
   -534.78031920
   -534.78576216
   -534.77013895
   -534.74661797
   -534.79173424
   -534.80376809
   -534.75372802
   -534.78689500
   -534.77821015
   -534.78730798
   -534.78461294
   -534.77679678
   -534.79798978
   -534.78593443
   -534.80889403
   -534.81667157
   -534.80311867
   -534.79412721
   -534.79294097
   -534.76502917
   -534.78898611
   -534.78963664
   -534.78905571
   -534.79905343
   -534.78935135
   -534.78238486
   -534.78146755
   -534.79404434
   -534.78421282
   -534.77372747
   -534.78645307
   -534.80241018
   -534.79111720
   -534.80546766
   -534.80993554
   -534.77221943
   -534.80848940
   -534.80812187
   -534.78562565
   -534.77704943
   -534.79454517
   -534.80606650
   -534.77096085
   -534.81083120
   -534.78172953
   -534.76656338
   -534.78672914
   -534.78608447
   -534.80119143
   -534.78709043
   -534.76470180
   -534.76927152
   -534.77187353
   -534.77209833
   -534.79136111
   -534.80731280
   -534.77731518
   -534.77631184
   -534.77584801
   -534.75602047
   -534.79397266
   -534.80427439
   -534.78880911
   -534.78153767
   -534.81798380
   -534.79822755
   -534.79059352
   -534.77399887
   -534.80033464
   -534.77785369
   -534.78196693
   -534.81025706
   -534.79650377
   -534.80272089
   -534.77066631
   -534.76419343
   -534.79591729
   -534.76241259
   -534.78663529
   -534.78699516
   -534.79360103
   -534.72452093
   -534.78216673
   -534.77565119
   -534.78455840
   -534.76069720
   -534.80774101
   -534.78293031
   -534.80130610
   -534.81255859
   -534.74265544
   -534.78519767
   -534.77705134
   -534.80342185
   -534.78452757
   -534.81189854
   -534.80797987
   -534.79626369
   -534.79684512
   -534.78304137
   -534.80279551
   -534.79910257
   -534.77555529
   -534.81689183
   -534.81517174
   -534.77230766
   -534.79218891
   -534.78769389
   -534.78068244
   -534.77126137
   -534.79285261
   -534.78225414
   -534.78952022
   -534.78356983
   -534.78785355
   -534.75514624
   -534.77470433
   -534.81404851
   -534.78002926
   -534.78005516
   -534.80000575
   -534.77459840
   -534.79230087
   -534.79450625
   -534.75504024
   -534.80799706
   -534.79639594
   -534.79843365
   -534.80646761
   -534.78882986
   -534.80625846
   -534.79048553
   -534.81602160
   -534.79586022
   -534.80458689
   -534.79176345
   -534.77572026
   -534.78337996
   -534.80977998
   -534.75385130
   -534.76784072
   -534.77340611
   -534.78878345
   -534.77274440
   -534.80540305
   -534.78070583
   -534.76813225
   -534.78734712
   -534.77756922
   -534.80758359
   -534.77884207
   -534.78040978
   -534.79262073
   -534.80978072
   -534.77848153
   -534.80714216
   -534.75883544
   -534.79916772
   -534.81378204
   -534.78105517
   -534.77617124
   -534.78381547
   -534.80734851
   -534.81074442
   -534.80028258
   -534.77968501
   -534.78291263
   -534.77956474
   -534.80631485
   -534.80302429
   -534.79156655
   -534.77953297
   -534.77561485
   -534.77738347
   -534.78944858
   -534.77478743
   -534.78557830
   -534.79583420
   -534.77080898
   -534.79760012
   -534.79134979
   -534.81427519
   -534.78842643
   -534.79839931
   -534.77468694
   -534.79997570
   -534.78742540
   -534.77920270
   -534.79466849
   -534.77226986
   -534.80732889
   -534.79195868
   -534.78605590
   -534.77189101
   -534.78668826
   -534.77801485
   -534.77615600
   -534.76614385
   -534.75926439
   -534.79220872
   -534.77406845
   -534.79620767
   -534.79869707
   -534.77425499
   -534.78742265
   -534.81062556
   -534.81072618
   -534.77088842
   -534.80066510
   -534.80244843
   -534.79696741
   -534.79657530
   -534.76734736
   -534.77485664
   -534.78779494
   -534.78271473
   -534.80691047
   -534.79311251
   -534.80802081
   -534.76598637
   -534.78964536
   -534.77321759
   -534.79726249
   -534.78616655
   -534.77266393
   -534.78569488
   -534.78369762
   -534.79906669
   -534.78626826
   -534.80242402
   -534.79043399
   -534.77954256
   -534.77984372
   -534.78282144
   -534.78774246
   -534.77853235
   -534.80522957
   -534.74637108
   -534.77123501
   -534.79513241
   -534.79000827
   -534.79309244
   -534.81191297
   -534.78424500
   -534.79077167
   -534.80863575
   -534.79514719
   -534.80615591
   -534.78645900
   -534.75575878
   -534.80430632
   -534.78944659
   -534.78945649
   -534.77929976
   -534.77389151
   -534.79077730
