% The following energies apply to conformations described by the topology 
% R07.top.  Structures are given in trajectory coords.cdf, count: 2615.

% Item 0:
%   Energy -> orca_structures/coor*/Conf*.out
   -804.95158313
   -804.97069345
   -804.98499235
   -804.97242287
   -804.96581218
   -804.94927185
   -804.94465328
   -805.00032723
   -804.92993899
   -804.95372841
   -804.95136092
   -804.94647644
   -804.99445506
   -804.95766669
   -804.92880291
   -804.94570603
   -804.93319442
   -804.98471413
   -804.97673618
   -804.99503258
   -804.96221085
   -804.98085089
   -804.99997973
   -804.94999427
   -804.98430928
   -804.98167656
   -804.97704994
   -804.91947663
   -804.97409551
   -804.95183523
   -804.95422381
   -804.95193924
   -804.98104641
   -804.97763923
   -804.93763475
   -804.98616882
   -804.96873535
   -804.98493449
   -804.94755350
   -804.96119789
   -804.97161399
   -804.95174200
   -804.96896716
   -804.95963959
   -804.93819857
   -804.98665057
   -804.88556083
   -804.94697114
   -804.95682605
   -804.93407033
   -804.97090225
   -804.98894964
   -804.96401961
   -804.99274306
   -804.95897044
   -804.91236592
   -804.96279415
   -804.94061319
   -804.98755162
   -804.94307082
   -804.93062849
   -804.91409989
   -804.97564173
   -804.96411792
   -804.94040560
   -804.98553909
   -804.96595887
   -804.94785667
   -804.97253493
   -804.94520601
   -804.97097691
   -804.96640069
   -804.94054510
   -804.95615163
   -804.94369177
   -804.96310344
   -804.92997425
   -804.98310444
   -804.95321061
   -804.98549481
   -804.96102775
   -804.96117490
   -804.95752237
   -804.97733106
   -804.98777643
   -804.96851457
   -804.90936246
   -804.97797649
   -804.95217513
   -804.95767593
   -804.94830866
   -804.96114412
   -804.96418917
   -804.95688796
   -804.96888877
   -804.96313694
   -804.97271012
   -804.95214358
   -804.99245027
   -804.95534954
   -804.95214140
   -804.96361180
   -805.00392650
   -804.96422446
   -804.98964926
   -804.98180214
   -804.97856501
   -804.94219923
   -804.95657136
   -804.98525783
   -804.91632544
   -804.96080128
   -804.97178466
   -804.96271782
   -804.97265087
   -804.97600251
   -804.91307779
   -804.94764725
   -804.92929621
   -804.93509844
   -804.95257958
   -804.98510291
   -804.94881552
   -804.98491580
   -804.91448017
   -804.94129948
   -804.98512494
   -804.95679665
   -804.96883359
   -804.95294126
   -804.96086530
   -804.95634131
   -804.95225669
   -804.98076816
   -804.95507915
   -804.97234037
   -804.97300474
   -804.95388329
   -804.98002507
   -804.97616486
   -804.99487228
   -804.96635566
   -804.94683798
   -804.95802417
   -804.95485873
   -804.96697485
   -804.99162644
   -804.96034000
   -804.97025018
   -804.89403302
   -804.94859714
   -804.98091581
   -804.97378523
   -804.99090841
   -804.96406093
   -804.94681276
   -804.97299603
   -804.97237759
   -804.98006039
   -804.91387996
   -804.96847109
   -804.97164377
   -804.97499495
   -804.95080701
   -804.97064983
   -804.94021613
   -804.95647628
   -804.96532537
   -804.96884278
   -805.00267926
   -804.97621112
   -804.94766862
   -804.99008247
   -804.98168125
   -804.95369907
   -804.97944894
   -804.97730641
   -804.96150124
   -804.95344253
   -804.99348627
   -804.96280348
   -804.95264540
   -804.95950147
   -804.97530598
   -804.93997122
   -804.94657319
   -804.91359470
   -804.95256832
   -804.97860577
   -804.94250353
   -804.95826030
   -804.97574076
   -804.96824170
   -804.99480445
   -804.96802167
   -804.98755648
   -804.93527641
   -804.94067173
   -804.98359997
   -804.96083597
   -804.93944445
   -804.94499588
   -804.91419221
   -804.96410499
   -804.98302383
   -804.91427748
   -804.98313290
   -804.95694292
   -804.97944650
   -804.94181066
   -804.97936515
   -804.91794501
   -804.99294440
   -804.96309726
   -804.97109058
   -804.96537167
   -804.97347127
   -804.94404085
   -804.95675197
   -804.97478147
   -804.96433836
   -804.96975636
   -804.98024501
   -804.97648687
   -804.92746408
   -804.99498990
   -804.96020358
   -804.98624491
   -804.97104380
   -804.94288849
   -804.96774029
   -804.96525726
   -804.97043597
   -804.94902329
   -804.95059154
   -804.95001895
   -804.97107807
   -804.96119214
   -804.98214073
   -804.96621275
   -804.97365490
   -804.97453388
   -804.94767404
   -804.96201371
   -804.97012760
   -804.96902717
   -804.97663843
   -804.95986875
   -804.97890825
   -804.99323974
   -804.97031314
   -804.98038924
   -804.95846868
   -804.98097281
   -804.97702957
   -805.00570070
   -804.95607103
   -804.95717256
   -804.92732304
   -804.91948550
   -804.97334400
   -804.95428905
   -804.94335068
   -804.98016484
   -804.95702119
   -804.93315239
   -804.95424951
   -804.97833954
   -804.98782250
   -804.96808665
   -804.93042896
   -804.98640771
   -804.96878516
   -804.97482333
   -804.99992316
   -804.96852496
   -804.95793974
   -804.93419378
   -804.97439253
   -804.93612470
   -804.97643419
   -804.98489908
   -804.99475470
   -804.96510981
   -804.98448657
   -804.97773737
   -804.98763890
   -804.96748439
   -804.96887873
   -804.95951414
   -804.95188330
   -804.94241953
   -804.95985894
   -804.97888862
   -804.95208173
   -804.98140086
   -804.95443031
   -804.95046289
   -804.90506170
   -804.98964563
   -804.97986967
   -804.97496722
   -804.98680718
   -804.97583400
   -804.93384229
   -804.97532232
   -804.98944600
   -804.97481727
   -804.96942970
   -804.97996173
   -804.95925536
   -804.96088913
   -804.96600104
   -804.97270531
   -804.96553878
   -804.95457393
   -804.97565241
   -804.93856052
   -804.96946288
   -804.95214894
   -804.97427367
   -804.95837132
   -804.99402251
   -804.96561698
   -804.95547785
   -804.95111360
   -804.97965127
   -804.96721131
   -804.97766504
   -804.96618452
   -804.96404775
   -804.96044308
   -804.98075112
   -804.99066919
   -804.97595839
   -804.95616823
   -804.98636521
   -804.95645224
   -804.97923050
   -804.99002692
   -804.95156472
   -804.97910827
   -804.95107809
   -804.97446103
   -804.93696564
   -804.95514711
   -804.97649764
   -804.98027815
   -804.95730733
   -804.95657239
   -804.98873737
   -804.99410631
   -804.97053796
   -804.96351135
   -804.98643485
   -804.99341815
   -804.97907708
   -804.95673542
   -804.98907223
   -804.95961866
   -804.98158280
   -804.96835611
   -804.96220430
   -804.96546662
   -804.92925176
   -804.99126080
   -804.96395618
   -804.96365210
   -804.97002694
   -804.96195656
   -804.94129565
   -804.95168668
   -804.93685936
   -804.98678578
   -804.98427412
   -804.98983488
   -804.94490729
   -804.96207288
   -804.96298346
   -804.98576727
   -804.99196878
   -804.95947016
   -804.95695878
   -804.96908825
   -804.95176764
   -805.00240149
   -804.98495364
   -804.93128790
   -804.98356001
   -804.95948600
   -804.94180304
   -804.99721591
   -804.97646900
   -804.97044090
   -804.98149780
   -804.97266680
   -804.95970318
   -804.97598587
   -804.97442379
   -805.00286637
   -804.91287917
   -805.00797240
   -804.97144090
   -804.95170667
   -804.90626461
   -804.96704781
   -804.95802401
   -804.89260136
   -804.94317758
   -804.99616141
   -804.97240172
   -804.93223597
   -804.94189402
   -804.95689898
   -804.95154810
   -804.98162622
   -804.95930325
   -804.95442476
   -804.90408329
   -804.93180625
   -804.93984006
   -804.98949074
   -804.97376397
   -804.95291693
   -804.97549402
   -804.97635826
   -804.97925051
   -804.98607129
   -804.99235131
   -805.00098428
   -804.90538452
   -804.96883033
   -804.97282917
   -804.95608753
   -804.96761134
   -804.98497251
   -804.95370213
   -804.99073794
   -804.91013836
   -804.96422860
   -804.97240257
   -804.98364749
   -804.96360644
   -804.96813715
   -804.98705582
   -804.95666158
   -804.95851775
   -804.93460680
   -804.98580396
   -804.97037269
   -804.97152889
   -804.94224198
   -804.96415944
   -804.95287986
   -804.96984667
   -804.96341061
   -804.97702786
   -804.98352663
   -804.98100487
   -804.98867531
   -804.88766602
   -804.94715019
   -804.95353447
   -804.96875378
   -804.99284183
   -804.95443143
   -804.93820446
   -804.97101873
   -804.98934389
   -804.96058201
   -804.96592020
   -804.99153407
   -804.93755481
   -804.97140650
   -804.98178652
   -804.96535103
   -804.96014212
   -804.96606877
   -804.96412548
   -804.93097218
   -804.96863434
   -804.95519052
   -804.97847816
   -804.94503881
   -804.95788659
   -804.96976674
   -804.94876024
   -804.96938559
   -804.98153186
   -804.96260826
   -804.92233002
   -804.98694795
   -804.94001025
   -804.91565723
   -804.98072138
   -804.98107971
   -804.98324674
   -804.98010787
   -804.98012716
   -804.96660407
   -804.95297110
   -804.97454117
   -804.97935591
   -804.94737530
   -804.98648597
   -804.98090180
   -804.94809228
   -804.97185824
   -804.94550998
   -805.00008486
   -804.96936447
   -804.96420627
   -804.95919955
   -804.95873192
   -804.96726555
   -804.94711762
   -804.97645151
   -804.96196204
   -804.94059738
   -804.91718765
   -804.95444158
   -804.95928081
   -804.96462790
   -804.95719107
   -804.94340167
   -804.96111778
   -804.96837978
   -804.98930834
   -804.96680815
   -804.94103043
   -804.97462734
   -804.96569191
   -804.99185636
   -804.93824838
   -804.94105130
   -804.97466538
   -804.92882536
   -804.96983265
   -804.92748103
   -804.88877859
   -804.99856463
   -804.91543688
   -804.98246369
   -804.96514596
   -804.97342316
   -804.98076847
   -804.96315015
   -804.96276801
   -804.97515158
   -804.96183974
   -804.97471658
   -804.99640549
   -804.96850449
   -804.92872798
   -804.97629478
   -804.97474841
   -804.96862162
   -804.96116538
   -804.93949096
   -804.94701328
   -804.96490048
   -804.91470231
   -804.98261434
   -804.95460664
   -804.98030616
   -804.95694736
   -804.94998009
   -804.97047897
   -804.96873565
   -804.95544604
   -804.95080882
   -804.96827687
   -804.97298104
   -804.98841119
   -804.95519588
   -804.88812876
   -804.95743098
   -804.98027242
   -804.95746080
   -804.93766597
   -804.97658609
   -804.98718385
   -805.00825795
   -804.95546803
   -804.93410238
   -804.91046758
   -804.95491952
   -804.90972120
   -804.94492729
   -804.90043393
   -804.91509872
   -804.96232101
   -804.98882965
   -804.99404858
   -804.98123885
   -804.92907518
   -804.98311749
   -804.98818371
   -804.94330740
   -804.99289463
   -804.99493205
   -804.92050671
   -804.96557214
   -804.98391353
   -804.96570028
   -804.96274797
   -804.94752461
   -804.94036624
   -804.94633033
   -804.96069185
   -804.97492029
   -805.00013453
   -804.91414885
   -804.97729927
   -804.97610675
   -804.97490845
   -805.00468896
   -804.98649002
   -804.92733975
   -805.00610770
   -804.98656341
   -804.97659079
   -804.96152061
   -804.92158499
   -804.95971506
   -804.92655431
   -804.98066929
   -804.96096562
   -804.94342551
   -804.96712282
   -804.97789428
   -804.98123464
   -804.89620898
   -804.98613699
   -804.94383026
   -804.98428436
   -804.96323687
   -804.88687981
   -804.95389844
   -804.99557283
   -804.96296248
   -804.99870670
   -804.96867969
   -804.98388825
   -804.95129484
   -804.96056222
   -804.93948547
   -804.96332813
   -804.92381323
   -804.96078753
   -804.96925278
   -804.93218858
   -804.98437944
   -804.97728951
   -804.95301843
   -804.93535452
   -804.99178080
   -804.96873281
   -804.95949184
   -804.90389628
   -804.97638707
   -804.95936112
   -804.90958712
   -804.96648419
   -804.98634329
   -804.95422979
   -804.99038579
   -804.99533876
   -804.93780330
   -804.98391058
   -804.96807773
   -804.98472235
   -804.98770076
   -804.99821570
   -804.97076294
   -804.93749147
   -804.97021876
   -804.94363606
   -804.91071399
   -804.96462428
   -804.94357976
   -804.95373106
   -804.94549949
   -804.97218745
   -804.94518725
   -804.97352925
   -804.96767117
   -805.00691300
   -804.95733697
   -804.99738807
   -804.96536066
   -804.98128636
   -804.98035783
   -804.96977821
   -804.92734857
   -804.98669335
   -804.94371854
   -804.97054945
   -804.99109684
   -804.95353269
   -804.94768877
   -804.99238812
   -804.94267854
   -804.94552866
   -804.95867746
   -804.93640966
   -804.94657256
   -804.97926626
   -804.92510327
   -804.95407791
   -804.98782747
   -804.92494697
   -804.98623301
   -804.93620404
   -804.97303226
   -804.89642891
   -804.96034685
   -804.92398638
   -804.96848902
   -804.91797758
   -804.91972741
   -804.98381992
   -804.93346956
   -804.90095324
   -804.95630010
   -804.98885870
   -804.97532799
   -804.96610552
   -804.97196275
   -804.96564223
   -804.99697440
   -804.97824811
   -804.92445804
   -804.95970369
   -804.96382015
   -804.97976523
   -804.99062376
   -804.96767951
   -804.97690862
   -804.98669067
   -804.97556906
   -804.93093448
   -804.97085420
   -804.99762762
   -804.93505020
   -804.96161967
   -804.95647833
   -804.97499956
   -804.97637519
   -804.97401935
   -804.95070317
   -804.98990829
   -804.97002163
   -804.98888044
   -804.95880859
   -804.97340833
   -804.96905712
   -804.96166786
   -804.95032032
   -804.96371541
   -804.95022181
   -804.96739109
   -804.98993418
   -804.93740225
   -804.99704640
   -804.97387250
   -804.95504670
   -804.96795131
   -804.89512358
   -804.94684280
   -804.95692640
   -804.97987617
   -804.92587638
   -804.96328924
   -804.96956654
   -804.99252602
   -804.96471352
   -804.97906591
   -804.95617183
   -804.99954559
   -804.95840797
   -804.95188720
   -804.96789579
   -804.96466186
   -804.95901129
   -804.97932302
   -804.99210083
   -804.98169432
   -804.96435366
   -804.98314216
   -804.96141655
   -804.97867312
   -804.96569523
   -804.96962018
   -804.96112927
   -804.96036370
   -804.98673998
   -804.93843947
   -804.96743413
   -804.96363020
   -804.92057436
   -804.99471013
   -804.96275615
   -804.95534209
   -804.99759832
   -804.96235304
   -804.97809560
   -804.96439815
   -804.98694139
   -804.94907441
   -804.95728808
   -804.91401785
   -804.96080028
   -804.98992882
   -804.96562225
   -804.96170282
   -804.96142965
   -804.96380311
   -804.94735055
   -804.98035821
   -804.96290051
   -804.95221448
   -804.95347228
   -804.96268631
   -804.91166633
   -804.98057026
   -804.97086897
   -804.96573304
   -804.97358588
   -804.91991609
   -804.99536996
   -804.95184330
   -804.95686942
   -804.98877970
   -804.97689977
   -804.99066965
   -804.96595059
   -804.97506124
   -804.97055449
   -804.99627249
   -804.96871183
   -804.94979919
   -804.96446826
   -804.95933885
   -804.96546889
   -804.97240308
   -804.96488177
   -804.95284129
   -804.97586461
   -804.99694438
   -804.97350919
   -804.93692973
   -804.93348233
   -804.93929401
   -804.94038233
   -804.94680694
   -804.97009168
   -804.97371713
   -804.97013017
   -804.95240074
   -804.93318187
   -804.97353618
   -805.00119184
   -804.90912733
   -804.98996146
   -804.98352298
   -804.89812578
   -804.98078168
   -804.94671125
   -804.96476738
   -804.99284627
   -804.94914072
   -804.97816484
   -804.96239633
   -804.96079054
   -804.96823383
   -804.96428106
   -804.97658955
   -804.96789502
   -804.96407973
   -804.97293910
   -804.99836110
   -804.96289617
   -804.99402919
   -804.96099243
   -804.97506768
   -804.93609010
   -804.98525883
   -804.99173609
   -804.94674835
   -804.95125666
   -804.95300128
   -804.96036400
   -804.95243039
   -804.96073279
   -804.95855087
   -804.97485809
   -804.97471561
   -804.98693314
   -804.97432011
   -804.97973436
   -804.96033686
   -804.98992644
   -804.96047262
   -804.95897640
   -804.97996192
   -804.98342819
   -804.94116413
   -804.91432112
   -804.95372294
   -804.95097879
   -804.94650019
   -804.99463349
   -804.99096812
   -804.98783866
   -804.98943123
   -804.96604257
   -804.98343378
   -804.98430671
   -804.98365408
   -804.96643429
   -804.95281344
   -804.97173381
   -804.96458633
   -804.98450186
   -804.96890650
   -804.98596461
   -804.98161975
   -804.97442486
   -804.96332339
   -804.97469733
   -804.97619531
   -804.97619293
   -804.95188381
   -804.96473656
   -804.98029661
   -804.98367435
   -804.93629817
   -804.97761990
   -804.98152993
   -804.94669839
   -804.97586727
   -804.96093073
   -804.93873130
   -804.98386251
   -804.95890640
   -804.94790930
   -804.94312924
   -804.95806003
   -804.98848609
   -804.94453927
   -804.98128294
   -804.97020525
   -804.97696570
   -804.93564846
   -804.98927062
   -804.96971727
   -804.97806164
   -804.97652818
   -805.00934798
   -804.96859721
   -804.99073987
   -804.95572209
   -804.98756935
   -804.94637027
   -804.96652223
   -805.00012900
   -804.98880007
   -805.00050953
   -805.01183309
   -804.90607386
   -804.85331518
   -804.92354436
   -804.98813062
   -804.96677384
   -804.97125379
   -804.97802530
   -804.93423563
   -804.92236394
   -804.95740026
   -804.91712775
   -805.01292010
   -804.97491971
   -804.97241573
   -804.96883276
   -804.95720381
   -804.96732399
   -804.98683962
   -804.95808252
   -804.95925369
   -804.96098047
   -804.97094115
   -804.96583364
   -804.89529379
   -804.94019275
   -804.96688623
   -804.86601729
   -804.95977811
   -805.00021759
   -804.90274529
   -804.97796973
   -804.95376817
   -804.98884179
   -804.98957239
   -804.96539808
   -804.97304886
   -804.96134942
   -804.96160864
   -804.97389084
   -804.96885851
   -804.89959828
   -804.97219706
   -804.95360180
   -804.97012959
   -804.99036192
   -804.95111201
   -804.96453273
   -804.97235440
   -804.98714484
   -804.98087150
   -804.94492523
   -804.95985579
   -804.92497521
   -804.99138048
   -804.93944194
   -804.93920728
   -804.92528619
   -804.94395824
   -804.94284510
   -804.95445950
   -804.91992006
   -804.96597794
   -804.97101984
   -804.99033455
   -804.98379033
   -804.93004084
   -804.98501981
   -804.99240329
   -804.98383000
   -804.98977155
   -804.96217616
   -804.93408087
   -805.00247155
   -804.93327503
   -804.98659084
   -804.96926202
   -804.93656342
   -804.93074651
   -804.96863362
   -804.97343574
   -804.92592600
   -804.98102760
   -804.94279407
   -804.95752082
   -804.92245705
   -804.96246118
   -804.96613983
   -804.92225082
   -804.96297388
   -804.91726082
   -804.99434791
   -804.91900075
   -804.92809688
   -804.97249741
   -804.95223694
   -804.90017435
   -804.97009662
   -804.97089092
   -804.93335315
   -804.96013143
   -804.96782283
   -804.94661940
   -804.93937277
   -804.96059568
   -804.94423874
   -804.94829186
   -804.95261497
   -804.99016629
   -804.97148602
   -804.95477522
   -804.92512447
   -804.99245420
   -804.93532921
   -804.96917583
   -804.94394549
   -804.94881766
   -804.92306850
   -804.98659983
   -804.96563198
   -804.97952007
   -805.00278008
   -805.00090213
   -804.90245211
   -804.97580361
   -804.92253476
   -804.91582434
   -804.96660998
   -804.95954696
   -804.93610530
   -804.98959348
   -804.97508491
   -804.97146379
   -805.00157196
   -804.95496210
   -804.98135436
   -804.94750352
   -804.96017036
   -804.94452087
   -804.97706293
   -804.94030858
   -804.95548809
   -804.95263604
   -804.95517715
   -804.98858051
   -804.96575178
   -804.97482214
   -804.97834656
   -804.95641533
   -804.95506501
   -804.96682336
   -804.96381149
   -804.97008366
   -804.97378582
   -804.96827344
   -804.97746395
   -804.96924752
   -804.95861737
   -804.93113065
   -804.95580975
   -804.91692202
   -804.95059490
   -804.96803335
   -804.93138552
   -804.96727936
   -804.97300256
   -805.00151300
   -804.94439449
   -804.93415495
   -804.93641750
   -804.96529497
   -804.98258256
   -804.97828048
   -804.94802586
   -804.96621422
   -804.92127007
   -804.98334820
   -804.99277257
   -804.98593570
   -805.00718592
   -805.00128647
   -804.98483713
   -804.92692906
   -804.96288039
   -804.95901922
   -804.97708782
   -804.98643638
   -804.97434593
   -804.97010202
   -804.90337421
   -804.95932251
   -804.92740993
   -804.99015469
   -804.94644138
   -804.96747046
   -804.96086810
   -804.95739069
   -804.97325334
   -804.98379903
   -804.96339065
   -804.97695326
   -804.97346609
   -804.97564387
   -804.95395087
   -804.97596787
   -804.96469661
   -804.98881797
   -804.97915156
   -804.98022210
   -804.96990921
   -804.97435333
   -804.99325317
   -804.95011566
   -804.97833669
   -804.92124183
   -804.97948899
   -804.93726723
   -804.96590716
   -804.98809499
   -804.93291621
   -804.94807084
   -805.00167382
   -804.89667656
   -804.97099941
   -804.93444351
   -804.92510786
   -804.96302294
   -804.91677390
   -804.97577956
   -805.00461138
   -804.95410052
   -804.96301696
   -804.96404151
   -804.93739723
   -804.95087355
   -804.98515556
   -804.97305649
   -804.96812461
   -804.99099420
   -804.98537413
   -804.97990015
   -804.98046416
   -804.95608830
   -804.98707245
   -804.91941131
   -804.97430845
   -804.96528605
   -804.96675937
   -804.96442190
   -804.97480487
   -804.95260696
   -804.95740017
   -804.98092033
   -804.91192704
   -804.95376761
   -804.95171579
   -804.94796992
   -804.97280357
   -804.98279637
   -804.99638581
   -805.00143507
   -804.98892807
   -804.99385534
   -804.97141204
   -804.95993641
   -804.97122855
   -804.97521645
   -804.96275892
   -804.94331546
   -804.91506002
   -804.89383679
   -804.96135095
   -804.96836566
   -804.96417904
   -804.97538623
   -804.95736827
   -804.97380121
   -805.00101747
   -804.86910812
   -804.96428430
   -804.98456828
   -804.95587538
   -804.99011558
   -804.95611610
   -804.98165024
   -804.97675600
   -804.97150380
   -804.93434878
   -804.94593924
   -804.97033094
   -804.94791256
   -804.96881749
   -804.95111369
   -804.97810779
   -804.97651603
   -804.96130511
   -804.94467701
   -804.95379678
   -804.97299585
   -804.98174513
   -804.91913124
   -804.96853238
   -804.92004216
   -804.96969849
   -804.96414609
   -804.92080101
   -804.94285017
   -804.95653488
   -804.94159467
   -805.00104174
   -804.96692417
   -804.96474505
   -804.98468474
   -804.96804029
   -804.92769177
   -804.95211174
   -804.94738527
   -804.97827318
   -804.96730317
   -804.96536540
   -804.98748111
   -804.96270399
   -804.95978608
   -804.97826594
   -804.90753153
   -804.95976631
   -804.95791629
   -804.93545787
   -804.96379137
   -804.89260144
   -804.99317422
   -804.94261893
   -804.96242561
   -804.95521755
   -804.96549231
   -804.95585934
   -804.93289720
   -804.95895383
   -804.95443084
   -804.96902666
   -804.97130224
   -804.96904955
   -804.97676140
   -804.96316868
   -804.98357516
   -804.93907697
   -804.95678567
   -804.95467804
   -804.95387922
   -804.93887789
   -804.98986851
   -804.92622335
   -804.98152578
   -804.98427512
   -804.95615015
   -804.97863067
   -804.96132771
   -804.95569418
   -804.97945588
   -804.97655618
   -804.93106636
   -804.91699422
   -804.95806671
   -804.96605118
   -804.96386698
   -804.95953248
   -804.97010664
   -804.92809395
   -804.97046387
   -804.95820684
   -804.98074909
   -804.96200503
   -804.95985953
   -804.95983719
   -804.96559828
   -804.95206602
   -804.94667988
   -804.96906894
   -804.98226704
   -804.95100301
   -804.95609048
   -804.93825166
   -804.96974744
   -804.95260517
   -804.92897294
   -804.96862795
   -804.98631515
   -804.96543829
   -804.94803415
   -804.96850419
   -804.99026286
   -804.96757103
   -804.93896940
   -804.95350290
   -804.94978559
   -804.92917970
   -804.98286090
   -804.95361556
   -804.95825156
   -804.95809790
   -804.95851724
   -804.96342586
   -804.95964515
   -804.99028307
   -804.96614468
   -804.97764102
   -804.95267636
   -804.88983750
   -804.97795615
   -804.94744491
   -804.95628444
   -804.93060296
   -804.95024793
   -804.91363214
   -804.95048125
   -804.96396200
   -804.94560977
   -804.97146337
   -804.97810303
   -804.97618912
   -804.91808796
   -804.94899444
   -804.94695115
   -804.96544134
   -804.98410365
   -804.96145008
   -804.92432359
   -804.97345075
   -804.97439151
   -804.95911238
   -804.98769057
   -804.94095457
   -804.96127891
   -804.92426174
   -804.92824293
   -804.98852401
   -804.96631387
   -804.96801082
   -804.98266192
   -804.99326990
   -804.98533444
   -804.96527721
   -804.96725847
   -804.98273022
   -804.99413660
   -804.97329070
   -804.92981286
   -804.94022005
   -804.92171560
   -804.94942276
   -804.98355092
   -804.93635798
   -804.93215734
   -804.96989099
   -804.97824873
   -804.96773882
   -804.96673811
   -804.99766774
   -804.96572768
   -804.95622921
   -804.94363533
   -804.96592947
   -804.95876345
   -804.98913003
   -804.96425771
   -804.97035578
   -804.97487605
   -804.96750569
   -804.92499640
   -804.98125012
   -804.92632852
   -804.95603403
   -804.89364886
   -804.93907253
   -804.97797253
   -804.97656127
   -804.94440067
   -804.94790813
   -804.97036790
   -804.96154442
   -804.98655172
   -804.95414735
   -804.99634371
   -804.95547829
   -804.95572420
   -804.94791009
   -805.00226064
   -804.93434213
   -804.96660954
   -804.97172233
   -804.96654240
   -804.98319156
   -804.97148662
   -804.92779619
   -804.95106031
   -804.96234832
   -804.96658034
   -804.94525246
   -804.96197495
   -804.96224722
   -804.95782561
   -804.93763846
   -804.95370842
   -804.97492357
   -804.94219393
   -804.90081063
   -804.96439939
   -804.99303731
   -804.93119942
   -804.96736754
   -804.95948436
   -804.93867085
   -804.96076806
   -804.97301871
   -804.98288918
   -804.95891612
   -804.96186892
   -804.95165596
   -804.96513327
   -804.93021586
   -804.91487955
   -804.98873536
   -804.92709981
   -804.94920210
   -804.97293608
   -804.93535316
   -804.98258974
   -804.96523497
   -804.96632899
   -804.93349780
   -804.97100804
   -804.96820569
   -804.99430414
   -804.96384694
   -804.93914327
   -805.00855979
   -804.96319703
   -804.93822649
   -804.97043773
   -804.98572018
   -804.98909870
   -804.97866882
   -804.95821368
   -804.94684361
   -804.92922019
   -804.94128943
   -804.94952874
   -804.96125583
   -804.98429976
   -804.94072711
   -804.89392453
   -804.99448886
   -804.99053802
   -804.98148080
   -805.01102320
   -804.94861965
   -804.97311698
   -804.98782872
   -804.94687351
   -804.93477171
   -804.96928278
   -804.96984613
   -804.94166672
   -804.96306932
   -804.95903877
   -804.96129766
   -804.97706292
   -804.92017186
   -804.93938482
   -804.94818348
   -804.96591966
   -804.97048548
   -804.92149354
   -804.95205981
   -804.99306493
   -804.98589486
   -804.97528846
   -805.00400517
   -804.94057408
   -804.95678080
   -804.94999889
   -804.98682792
   -804.94367192
   -804.95438413
   -804.96330964
   -804.96488934
   -804.94180193
   -804.98310485
   -804.96441605
   -804.97079553
   -804.95150895
   -804.95254998
   -804.96110989
   -804.99136891
   -804.96672389
   -804.97167687
   -804.98882974
   -804.95414489
   -804.97044113
   -804.95490891
   -804.95632364
   -804.96641628
   -804.98075978
   -804.98208368
   -804.99445668
   -804.96752395
   -804.95719933
   -804.96925026
   -804.98575901
   -804.98513176
   -804.90369914
   -804.97930435
   -804.92792670
   -804.93666163
   -804.95814676
   -804.97922339
   -804.96965226
   -804.99224065
   -804.89652456
   -804.93929021
   -804.98110935
   -804.92970083
   -804.95845815
   -804.98532848
   -804.97228035
   -804.95699221
   -804.97430672
   -804.98193116
   -804.97952947
   -804.94351732
   -804.97586489
   -804.95507393
   -804.94533165
   -804.97870037
   -804.94842953
   -804.98060206
   -804.98139371
   -804.96120976
   -804.97204650
   -804.96989274
   -804.99415305
   -804.97074288
   -804.99621031
   -804.97160791
   -804.98386779
   -804.95530174
   -804.96403403
   -804.92018443
   -804.98580038
   -804.96619706
   -804.88018847
   -804.99222831
   -804.95073735
   -804.95899628
   -805.00675025
   -804.97162818
   -804.96681872
   -804.97435010
   -804.95941389
   -804.97472278
   -804.94633011
   -804.95147457
   -804.98309940
   -804.93559557
   -804.94191448
   -804.95509573
   -804.95233404
   -804.94341761
   -804.97158292
   -804.97531778
   -804.97275462
   -804.96182441
   -804.95413291
   -804.95187154
   -804.97814020
   -804.98536440
   -804.98192907
   -804.99722197
   -804.94360612
   -804.96448427
   -804.98484144
   -804.97160840
   -804.96718121
   -804.93919630
   -804.97005477
   -804.95286805
   -804.94344855
   -804.90752200
   -804.97206113
   -804.98468363
   -804.98720318
   -804.90321366
   -804.94861797
   -804.96726983
   -804.87788661
   -804.99966052
   -804.98728438
   -804.94139218
   -804.92720445
   -804.96300056
   -804.98166467
   -804.95680599
   -804.93228466
   -804.96800114
   -804.95357798
   -804.97571589
   -804.98895899
   -804.96772936
   -804.94451347
   -804.97070724
   -804.96677250
   -804.95073083
   -804.97334036
   -804.97370573
   -804.98466704
   -804.96012670
   -804.97816579
   -804.92918277
   -804.93907119
   -804.95339612
   -804.94763086
   -804.95158490
   -804.95063416
   -804.97855928
   -804.96989550
   -804.97019583
   -804.96294687
   -804.96129320
   -804.94549681
   -804.96893128
   -804.97850715
   -804.91815030
   -804.95735808
   -804.97547346
   -804.93581939
   -804.98029677
   -804.96752916
   -804.96104948
   -804.98747676
   -804.98700640
   -804.92134405
   -804.97427079
   -804.99994353
   -804.95080770
   -804.95282713
   -804.96439210
   -804.97597714
   -804.90219405
   -804.99063892
   -804.95140811
   -804.94301936
   -804.93623769
   -804.97800314
   -804.96397513
   -804.96089465
   -804.95287757
   -804.98254789
   -804.98518276
   -804.89179567
   -804.97738698
   -804.91969803
   -804.99555364
   -804.95091674
   -804.98351751
   -804.95134566
   -804.96389157
   -804.96244724
   -804.91624828
   -804.96928417
   -804.96053297
   -805.00103311
   -804.97220844
   -804.97637794
   -804.98219618
   -804.94207004
   -804.99084926
   -804.97260656
   -804.97699399
   -804.97840108
   -804.95428281
   -804.96089724
   -804.97872728
   -804.97002500
   -804.92352847
   -804.98054738
   -804.94310517
   -804.97608277
   -804.94405905
   -804.97629990
   -804.98049504
   -804.95537289
   -804.95243633
   -804.94882173
   -804.97642211
   -804.96264286
   -804.97188851
   -804.93555894
   -804.98509125
   -804.98338838
   -804.98069231
   -804.98722228
   -804.96232295
   -804.96322057
   -804.97834560
   -804.95384382
   -804.99495489
   -804.95721038
   -804.87924528
   -804.97773954
   -805.00281356
   -804.93023939
   -804.97972102
   -804.99820060
   -804.94797322
   -804.95951089
   -804.98056445
   -804.97073909
   -804.96658905
   -804.97618306
   -804.96883230
   -804.94979464
   -804.97109416
   -804.90934137
   -804.93093448
   -804.97722840
   -804.93508219
   -804.95796586
   -804.96077856
   -804.96743659
   -804.95175899
   -804.98153060
   -804.99036193
   -804.96869616
   -804.95335287
   -804.95399766
   -804.97568820
   -804.95757566
   -804.98281425
   -804.95047211
   -804.95462744
   -804.94130291
   -804.97883980
   -804.99003504
   -804.99220415
   -804.97881454
   -804.96884250
   -804.97915124
   -804.98845038
   -804.95870267
   -804.97184662
   -804.96579431
   -804.96625737
   -804.99860888
   -804.93521144
   -804.93313763
   -804.97520353
   -804.97945442
   -804.96633091
   -804.96539163
   -804.95371768
   -804.96281182
   -804.96869598
   -804.95237377
   -804.97145653
   -804.90242736
   -804.97424319
   -804.95231572
   -804.91857082
   -804.95369171
   -804.95712144
   -804.95939538
   -804.91623956
   -804.96623433
   -804.96888632
   -804.97874062
   -804.95880284
   -804.93527494
   -804.98875272
   -804.95142349
   -804.96214264
   -804.97410241
   -804.97718153
   -804.95735938
   -804.98752324
   -804.99976390
   -804.96790553
   -804.95329642
   -804.95172368
   -804.96529612
   -804.97625707
   -804.94104698
   -804.95108907
   -804.94142161
   -804.93834568
   -804.98848641
   -804.92383971
   -804.98383796
   -804.98776168
   -804.96393454
   -804.97021610
   -804.97612989
   -804.96123084
   -804.95631030
   -804.95154087
   -804.97876607
   -804.94437068
   -804.98990681
   -804.98618074
   -804.97762490
   -804.98228605
   -804.98157321
   -804.95945909
   -804.96106605
   -804.91178200
   -804.94062397
   -804.93837562
   -804.93122435
   -804.93857997
   -804.96129071
   -804.98895101
   -804.95498796
   -804.94490662
   -804.95317758
   -804.99077339
   -804.95637261
   -804.97068138
   -804.96354433
   -804.96138305
   -804.97127030
   -804.96002478
   -804.93945675
   -804.94651587
   -804.94830593
   -804.96986818
   -804.96727923
   -805.00130740
   -804.93796854
   -804.94797293
   -804.90705863
   -804.98765781
   -804.95471735
   -804.95779377
   -804.96589331
   -804.96779395
   -804.97516431
   -804.97554103
   -804.93687196
   -804.95504679
   -804.95584098
   -804.96332002
   -804.96711552
   -804.93421551
   -804.95672958
   -804.98032134
   -804.96117926
   -804.98972675
   -804.93395455
   -804.94541255
   -804.97006958
   -804.94260576
   -804.91502941
   -804.95680161
   -805.00393813
   -804.96750398
   -804.95091836
   -804.95917603
   -804.96802545
   -804.94725556
   -804.95711623
   -804.97968882
   -804.96155165
   -804.93160350
   -804.97092595
   -804.97749083
   -804.95918879
   -804.97985165
   -804.97609607
   -804.94335533
   -804.94989392
   -804.94512328
   -804.92052498
   -804.98365818
   -804.96470412
   -804.98979168
   -804.95026593
   -804.97694576
   -804.95601222
   -804.95892673
   -804.92206704
   -804.94304563
   -804.95078220
   -804.99069224
   -804.98944989
   -804.93876980
   -804.96661908
   -804.95539503
   -804.95301497
   -804.98081156
   -804.94325767
   -804.94030284
   -804.96343657
   -804.98028401
   -804.94259698
   -804.98920057
   -804.98594863
   -804.97974400
   -804.96695969
   -804.98998660
   -804.95614200
   -804.96292691
   -804.91143837
   -804.98031222
   -804.97092469
   -804.97471086
   -804.98194914
   -804.95952969
   -804.92400022
   -804.98161501
   -804.99459370
   -804.96975564
   -804.97271853
   -804.98196056
   -804.92191719
   -804.98340407
   -804.97746690
   -804.97116913
   -804.92514623
   -804.97403675
   -804.98888274
   -804.95102659
   -804.92178235
   -804.96304233
   -804.93580508
   -804.94484831
   -804.94227400
   -804.99696753
   -804.99408841
   -804.99659394
   -804.98525942
   -804.96148757
   -804.97122012
   -804.93792872
   -804.98030214
   -804.98006730
   -804.97652750
   -804.98107602
   -804.97036145
   -804.96706002
   -804.95077902
   -804.94589174
   -804.97139359
   -804.97162406
   -804.93447190
   -804.93526753
   -804.98466405
   -804.94246509
   -804.96313739
   -804.99706778
   -804.97218824
   -804.92477732
   -804.98054351
   -804.97291350
   -804.94609880
   -804.95183705
   -804.92886746
   -805.01023942
   -804.96035388
   -804.95757781
   -804.92682802
   -804.96676604
   -804.89857268
   -804.97829892
   -804.94953401
   -804.98232888
   -804.97951964
   -804.94889030
   -804.96163759
   -804.99981262
   -804.97336009
   -804.99098701
   -804.99766412
   -804.93865165
   -804.95836326
   -804.95175566
   -804.91372286
   -804.96856193
   -804.97061071
   -804.95537449
   -804.96324997
   -804.99993640
   -804.95236369
   -804.95390178
   -804.97409782
   -804.95363036
   -804.98885079
   -804.94526233
   -804.95032516
   -804.95804510
   -804.96697683
   -804.97372923
   -804.96415856
   -805.00285226
   -804.95298945
   -804.93829737
   -804.95700708
   -804.94290363
   -804.96284447
   -804.98428807
   -804.96918697
   -804.95021306
   -804.96520658
   -804.95895492
   -804.94763895
   -804.96354781
   -804.97784319
   -804.95067942
   -804.92223291
   -804.94230076
   -804.98314358
   -804.99347528
   -804.94676502
   -804.97344959
   -804.94915109
   -804.96928864
   -804.98361587
   -804.97898579
   -804.98381717
   -804.96526346
   -804.95564866
   -804.92307595
   -804.96394335
   -804.92294629
   -804.96828207
   -804.98277641
   -804.92966710
   -804.95378413
   -804.89389320
   -805.01066035
   -804.96331018
   -804.94602366
   -804.96031726
   -804.96925578
   -804.98804548
   -804.96918903
   -804.94217934
   -804.95629236
   -804.92884288
   -804.97466829
   -804.96407734
   -804.98771617
   -804.97013958
   -804.99922248
   -804.94237734
   -805.00075994
   -804.94533816
   -804.96684389
   -804.93334512
   -804.98554246
   -804.97505895
   -804.96168982
   -804.94667289
   -804.93639223
   -804.97739481
   -804.97096887
   -804.94062701
   -804.97793801
   -804.98468227
   -804.95890537
   -804.95519275
   -804.97063593
   -804.96021026
   -804.97636888
   -804.94807143
   -804.96032454
   -804.92590064
   -804.96976403
   -804.97078857
   -804.94513233
   -804.95848919
   -804.96238995
   -804.95175030
   -804.95519740
   -804.94604937
   -804.96719391
   -804.91037684
   -804.93391208
   -804.96609591
   -804.97921798
   -804.97856260
   -804.89806773
   -804.99286307
   -804.95800395
   -804.98840642
   -804.92842630
   -804.97214189
   -804.90355192
   -804.96421253
   -804.94711749
   -804.95560516
   -804.94093052
   -804.97351625
   -804.97680957
   -804.94519107
   -804.91748152
   -804.99072355
   -804.98947062
   -804.98059237
   -804.96435817
   -804.95863682
   -804.97097028
   -804.96569457
   -804.94746890
   -804.98834491
   -804.95941103
   -804.98957284
   -804.95836255
   -804.96716397
   -804.98421955
   -804.97794166
   -804.98937614
   -804.95885434
   -804.92021117
   -804.94641441
   -804.97331902
   -804.95750794
   -804.94941060
   -804.96863226
   -804.99853002
   -804.91274202
   -804.96524946
   -804.90798000
   -804.98355694
   -804.98922215
   -804.95428096
   -804.96560489
   -804.98560416
   -804.95896286
   -804.97890141
   -804.97204653
   -804.93138482
   -804.98770752
   -804.97064131
   -804.95756312
   -804.98744145
   -804.94812908
   -804.94291505
   -804.96377610
   -804.99337372
   -804.99616571
   -804.95528082
   -804.96470334
   -804.99627455
   -804.98219452
   -805.00112278
   -804.96998080
   -804.96377763
   -804.96709751
   -804.97571057
   -804.98169394
   -804.95173853
   -804.92915355
   -804.97685946
   -804.96856589
   -804.97362903
   -804.99143013
   -804.94729899
   -804.93816192
   -804.95813506
   -804.96665302
   -804.90198385
   -804.97670631
   -804.94147933
   -804.94638252
   -804.97480042
   -804.97030119
   -804.92448169
   -804.96898069
   -804.97380400
   -804.94186926
   -804.97063033
   -804.95118460
   -804.98233871
   -804.95116922
   -804.95133662
   -804.97484471
   -804.93395953
   -804.98521924
   -804.99092058
   -804.96871780
   -804.98743450
   -804.97077313
   -804.97730623
   -804.99612409
   -804.96868288
   -804.98288273
   -804.95967000
   -804.95552540
   -805.00408555
   -804.95631429
   -804.97902469
   -804.98001854
   -804.94888314
   -804.94072464
   -804.98225138
   -804.94548212
   -804.96311216
   -804.95584984
   -804.95059123
   -804.94992713
   -804.98507587
   -804.98537105
   -804.90476326
   -804.93235225
   -804.92379191
   -804.96548826
   -804.98663708
   -804.98647877
   -804.96950257
   -804.98712597
   -804.97191114
   -804.93925555
   -804.91218990
   -804.95181323
   -804.94100524
   -804.96154376
   -804.94727198
   -804.97812230
   -804.96556158
   -804.96659941
   -804.97926173
   -804.99205109
   -804.98874071
   -804.96679113
   -804.99819739
   -804.97620937
   -804.96985327
   -804.99093389
   -804.94239887
   -804.93471923
   -804.94787861
   -805.01120838
   -804.94767502
   -804.95222326
   -804.97684204
   -804.93484728
   -804.97351466
   -804.94931178
   -804.96309969
   -804.97278280
   -804.97323658
   -804.98578316
   -804.95672556
   -804.99231837
   -804.96915953
   -804.98745140
   -804.94754325
   -804.97853605
   -804.93431170
   -804.96035871
   -804.99216611
   -804.97909068
   -804.95067475
   -804.96016058
   -804.99190243
   -804.98764414
   -804.95846028
   -804.96496072
   -804.94610156
   -804.96407759
   -804.93418574
   -804.89968930
   -804.97706108
   -804.91724660
   -804.97429927
   -804.99239025
   -804.97265949
   -804.96617564
   -804.99143648
   -804.94313678
   -804.98180759
   -804.96610626
   -804.96244491
   -804.98029025
   -804.94899824
   -804.99319787
   -804.97483414
   -804.97500542
   -804.99088134
   -804.95183413
   -804.95944340
   -804.96773169
   -804.95714548
   -804.99454150
   -804.85331107
   -804.95026563
   -805.00493190
   -804.94913911
   -804.97667574
   -804.96464665
   -804.92606333
   -804.96385427
   -804.97045093
   -804.95770535
   -804.98713560
   -805.00227020
   -804.95988500
   -804.93908515
   -804.99849010
   -804.91636877
   -804.97430720
   -804.96166018
   -805.01597657
   -804.98249394
   -804.97326095
   -805.00029660
   -804.97518483
   -804.95546959
   -804.94932910
   -804.95832051
   -804.95491931
   -805.00705692
   -804.95195663
   -804.94487641
   -804.98848825
   -804.97272648
   -804.97337397
   -804.94324410
   -804.95990813
   -804.98043702
   -804.97385843
   -804.98672490
   -804.93590989
   -804.96620174
   -804.99065483
   -804.95889599
   -804.97845449
   -804.97629526
   -804.97395038
   -804.96966326
   -804.97165998
   -804.96753726
   -804.98477700
   -804.96332604
   -804.91389676
   -804.92873064
   -804.98141149
   -804.96838346
   -804.94619108
   -804.98093169
   -804.94013787
   -804.98601093
   -804.98750009
   -804.97178382
   -804.91401583
   -804.96227918
   -804.89132282
   -804.92743116
   -804.99005687
   -804.97833740
   -804.97086925
   -804.94529529
   -804.97348270
   -804.96718320
   -804.97482623
   -804.89504894
   -804.95620987
   -804.95591825
   -804.96758243
   -804.90884452
   -804.94041084
   -804.98107959
   -804.94940724
   -804.96220315
   -804.97671753
   -804.97901318
   -804.97676068
   -804.96874624
   -804.97524536
   -804.98588406
   -804.96481571
   -804.98507594
   -804.95626660
   -804.97732040
   -804.97811571
   -804.91308623
   -804.95207504
   -804.95719809
   -804.89973962
   -804.95523327
   -804.97415806
   -804.97950516
   -804.91330047
   -804.97811806
   -804.97656794
   -804.90709138
   -804.98691560
   -804.93398007
   -804.97996057
   -804.95391032
   -804.98015973
   -804.98574142
   -804.94911588
   -804.98258683
   -804.96284295
   -804.95205212
   -804.94764672
   -804.96736371
   -804.95742223
   -804.95125781
   -804.97186978
   -804.89259510
   -804.97332497
   -804.97852497
   -804.96339635
   -805.00449295
   -804.90943956
   -804.95690980
   -804.98309343
   -804.93735537
   -804.97421376
   -804.94218475
   -804.96250943
   -804.95673183
   -804.96079764
   -804.98885913
   -804.94163341
   -804.94232996
   -804.96300791
   -804.99638288
   -804.95039665
   -804.96567284
   -804.98255155
   -804.96844101
   -804.90998242
   -804.95213223
   -804.95646265
   -804.94431095
   -804.90585402
   -804.95726218
   -804.95583475
   -804.96471209
   -804.97290362
   -804.96198570
   -804.97778782
   -804.97297751
   -804.86871108
   -804.96317730
   -804.99059686
   -804.95512657
   -804.95889542
   -804.96632435
   -804.94150768
   -804.93135960
   -804.96928095
   -804.98752778
   -804.97936366
   -804.97868633
   -804.88597948
   -804.93690159
   -804.97608850
   -804.97075592
   -804.95225329
   -804.97148819
   -804.96597605
   -804.95327697
   -804.93797121
   -804.99081981
   -804.95241366
   -804.99359446
   -804.97914334
   -804.97995289
   -804.97775866
   -804.92600346
   -804.97569155
   -804.96302963
   -804.94770936
   -804.95000006
   -804.96111743
   -804.95839824
   -804.99389720
   -804.96995026
   -804.96454680
   -804.95378726
   -804.95004885
   -804.98222556
   -804.99320167
   -804.97017357
   -804.98475274
   -804.94259048
   -804.94183370
   -804.97833896
   -804.94506003
   -804.99404386
   -804.94859862
   -804.99026794
   -804.96817087
   -804.93699621
   -804.94012425
   -804.95787665
   -804.95429767
   -804.94880810
   -805.00661257
   -804.93391939
   -804.92902098
   -804.95779683
   -804.91663997
   -804.95862875
   -804.95732519
   -804.96124690
   -804.96234571
   -804.95087836
   -804.93052970
   -804.93903007
   -804.94754982
   -804.95057232
   -804.97595415
   -804.98047333
   -804.98819470
   -804.98529824
   -804.92981399
   -804.94840054
   -804.97215003
   -804.94291930
   -804.93468286
   -804.98445213
   -804.98911042
   -804.93818437
   -804.93557813
   -804.98677864
   -804.96119884
   -804.97312724
   -804.97662544
   -804.96018876
   -804.85032255
   -804.97927791
   -804.95054822
   -804.97427501
   -804.98612508
   -804.95070332
   -804.98288990
   -804.98131791
   -804.94669943
   -804.98204670
   -804.96281886
   -804.96324744
   -804.93888934
