% The following energies apply to conformations described by the topology 
% R22_iter1.top.  Structures are given in trajectory coords.cdf, count: 96.

% Item 0:
%   Energy -> orca_structures/coor*/NConf*.out
   -805.01331490
   -805.01751738
   -805.01996043
   -805.01330699
   -805.01713878
   -805.01952103
   -805.01940141
   -805.01503795
   -805.01571770
   -805.02005801
   -805.01669731
   -805.01953840
   -805.02000928
   -805.01631596
   -805.01739306
   -805.01549933
   -805.01214791
   -805.01637678
   -805.01386475
   -805.02198213
   -805.01626109
   -805.01568206
   -805.01166252
   -805.01248213
   -805.01983488
   -805.02004856
   -805.01720915
   -805.01932438
   -805.01161401
   -805.01363246
   -805.01752783
   -805.01584994
   -805.01770375
   -805.01970544
   -805.02144352
   -805.01360569
   -805.01795076
   -805.02009646
   -805.01998721
   -805.01777245
   -805.01633550
   -805.02114769
   -805.01938748
   -805.01962891
   -805.01330960
   -805.00971538
   -805.01907508
   -805.01937513
   -805.01388089
   -805.01961055
   -805.01831006
   -805.01319698
   -805.01869420
   -805.01225732
   -805.01229197
   -805.01363304
   -805.02136158
   -805.01543478
   -805.01949662
   -805.01237680
   -805.00878958
   -805.01177317
   -805.02000887
   -805.02009422
   -805.01985005
   -805.01538730
   -805.01194811
   -805.01339010
   -805.01597542
   -805.02022998
   -805.01891266
   -805.01843326
   -805.01945837
   -805.01967391
   -805.01096556
   -805.01499427
   -805.01773960
   -805.02016374
   -805.01710543
   -805.02036467
   -805.01957399
   -805.01542107
   -805.01547243
   -805.02043466
   -805.01783597
   -805.01221528
   -805.01693015
   -805.01654694
   -805.01917641
   -805.00599417
   -805.01622482
   -805.01204712
   -805.01964122
   -805.02016588
   -805.01348631
   -805.01307957
