% The following energies apply to conformations described by the topology 
% R40_iter1.top.  Structures are given in trajectory coords.cdf, count: 108.

% Item 0:
%   Energy -> orca_structures/coor*/NConf*.out
   -652.68304749
   -652.67829958
   -652.67637397
   -652.68325464
   -652.68560327
   -652.67244159
   -652.68560437
   -652.68497463
   -652.68278462
   -652.68394320
   -652.68857423
   -652.68545530
   -652.67566381
   -652.68765187
   -652.67798148
   -652.68308653
   -652.68516744
   -652.68500993
   -652.67271888
   -652.68508761
   -652.67291886
   -652.67819511
   -652.68544622
   -652.68765679
   -652.68733699
   -652.68483154
   -652.67640557
   -652.68685068
   -652.68673154
   -652.68190711
   -652.68863340
   -652.68241681
   -652.68357530
   -652.68434246
   -652.68965612
   -652.68482013
   -652.68297041
   -652.68490324
   -652.68354960
   -652.68338880
   -652.68450985
   -652.68669942
   -652.68281432
   -652.68929719
   -652.68248842
   -652.68418462
   -652.68072463
   -652.68474422
   -652.68924039
   -652.68657610
   -652.67955229
   -652.66645720
   -652.68474595
   -652.68576582
   -652.68844927
   -652.68594854
   -652.68158571
   -652.67955277
   -652.68572993
   -652.68582066
   -652.68579262
   -652.68566772
   -652.68554019
   -652.68959842
   -652.68911765
   -652.68390147
   -652.68716063
   -652.68904073
   -652.68139213
   -652.68046263
   -652.68497946
   -652.68462990
   -652.68598295
   -652.68717661
   -652.68754576
   -652.68398852
   -652.68808078
   -652.68946127
   -652.68190157
   -652.68361480
   -652.68338066
   -652.67378037
   -652.68754649
   -652.68428617
   -652.68234226
   -652.68588838
   -652.68647759
   -652.68545636
   -652.68597998
   -652.68824421
   -652.68193455
   -652.68793176
   -652.68666356
   -652.67574219
   -652.67753693
   -652.68338091
   -652.68389137
   -652.68998999
   -652.68645933
   -652.68776219
   -652.68585266
   -652.68472688
   -652.68820863
   -652.68989764
   -652.68487150
   -652.68803258
   -652.68453902
   -652.68466323
