% The following energies apply to conformations described by the topology 
% R19_iter1.top.  Structures are given in trajectory coords.cdf, count: 127.

% Item 0:
%   Energy -> orca_structures/coor*/NConf*.out
   -879.99347523
   -879.99284214
   -879.99267761
   -879.99377223
   -879.98158652
   -879.98560530
   -879.99293814
   -879.98057764
   -879.99322369
   -879.99342957
   -879.99254176
   -879.99408275
   -879.99257390
   -879.99376759
   -879.98787375
   -879.98669171
   -879.98166604
   -879.98140711
   -879.98654772
   -879.98261366
   -879.98175440
   -879.98416383
   -879.99325677
   -879.97880377
   -879.98047249
   -879.98729573
   -879.98075249
   -879.99435260
   -879.98692752
   -879.98522488
   -879.98149333
   -879.98738292
   -879.98175757
   -879.98188015
   -879.98198279
   -879.98218665
   -879.98211970
   -879.99389605
   -879.98706727
   -879.99182036
   -879.97745269
   -879.99281435
   -879.97994835
   -879.99225642
   -879.98202440
   -879.98659173
   -879.98773432
   -879.99338375
   -879.99353172
   -879.98231209
   -879.98026640
   -879.99270093
   -879.98214213
   -879.98723322
   -879.99454108
   -879.98168835
   -879.98756510
   -879.98160654
   -879.98677068
   -879.99291338
   -879.98667391
   -879.98270825
   -879.98719278
   -879.98621867
   -879.99279765
   -879.99358431
   -879.99355991
   -879.99380307
   -879.98066207
   -879.99264314
   -879.99314472
   -879.98667889
   -879.98237423
   -879.99189873
   -879.98057724
   -879.98673039
   -879.98656547
   -879.99301434
   -879.98091243
   -879.98687462
   -879.98314858
   -879.98242735
   -879.98129057
   -879.99314021
   -879.98136869
   -879.98113264
   -879.98237103
   -879.98178381
   -879.99323372
   -879.98145517
   -879.98684094
   -879.98021017
   -879.98156029
   -879.99343374
   -879.98178035
   -879.98225570
   -879.98079251
   -879.97769614
   -879.98166987
   -879.98726797
   -879.98119922
   -879.98286885
   -879.99390811
   -879.98210655
   -879.99381377
   -879.99328930
   -879.99351520
   -879.99311148
   -879.99317912
   -879.98243656
   -879.97857702
   -879.99255795
   -879.98193007
   -879.99204481
   -879.99362517
   -879.99254154
   -879.98197933
   -879.98066963
   -879.98178674
   -879.99435589
   -879.98623211
   -879.99319586
   -879.99312302
   -879.98689072
   -879.99384927
   -879.98669525
   -879.99473328
