% The following energies apply to conformations described by the topology 
% R19.top.  Structures are given in trajectory coords.cdf, count: 2669.

% Item 0:
%   Energy -> orca_structures/coor*/Conf*.out
   -879.92306146
   -879.93943109
   -879.96571592
   -879.94041371
   -879.93861643
   -879.95508968
   -879.91454171
   -879.97887920
   -879.95972917
   -879.93680174
   -879.94314423
   -879.95285497
   -879.97359062
   -879.93894473
   -879.90678150
   -879.93792916
   -879.92375013
   -879.95792924
   -879.96631815
   -879.97913106
   -879.93188384
   -879.94576441
   -879.97911440
   -879.93435394
   -879.95795274
   -879.94988427
   -879.96385142
   -879.87918651
   -879.94552714
   -879.94309629
   -879.95118642
   -879.94201079
   -879.94220996
   -879.95042596
   -879.94491867
   -879.96374838
   -879.94750718
   -879.95760654
   -879.93771838
   -879.93568302
   -879.93683168
   -879.94027592
   -879.93452761
   -879.93562695
   -879.94316535
   -879.92411160
   -879.93815287
   -879.91351047
   -879.93896064
   -879.94374446
   -879.96676704
   -879.93558883
   -879.98345487
   -879.94182804
   -879.94469295
   -879.93663842
   -879.92430534
   -879.96696112
   -879.90927971
   -879.93133216
   -879.93086602
   -879.95134421
   -879.92479530
   -879.93032743
   -879.95396333
   -879.93573676
   -879.92617249
   -879.95497903
   -879.93332729
   -879.93954825
   -879.94082709
   -879.94265352
   -879.93949428
   -879.93904693
   -879.93603779
   -879.93394963
   -879.96867867
   -879.95807966
   -879.95031955
   -879.93098414
   -879.94019189
   -879.95505944
   -879.95192037
   -879.96419978
   -879.93288263
   -879.93123850
   -879.94730820
   -879.93422930
   -879.94036603
   -879.92814113
   -879.93855286
   -879.93914183
   -879.91552738
   -879.95182832
   -879.95802728
   -879.93885220
   -879.97320266
   -879.92388796
   -879.93710955
   -879.93693480
   -879.98514664
   -879.95795332
   -879.96764722
   -879.93808461
   -879.95229840
   -879.96155617
   -879.94125820
   -879.94260128
   -879.94603662
   -879.94059294
   -879.92034981
   -879.95747173
   -879.93166939
   -879.95810648
   -879.95254531
   -879.92493226
   -879.93258034
   -879.89889690
   -879.91342340
   -879.94927960
   -879.93381355
   -879.96207989
   -879.91269893
   -879.95108729
   -879.96776825
   -879.94077707
   -879.94390854
   -879.94785595
   -879.94751127
   -879.94978011
   -879.92285293
   -879.96205601
   -879.93810047
   -879.94542755
   -879.93381195
   -879.93400162
   -879.95957108
   -879.96477262
   -879.97597120
   -879.95183725
   -879.94170632
   -879.94063907
   -879.94242861
   -879.92248939
   -879.95955943
   -879.93484476
   -879.94605058
   -879.94853501
   -879.93221465
   -879.95381275
   -879.95832074
   -879.97133581
   -879.95912666
   -879.92834086
   -879.95495515
   -879.96668578
   -879.96110830
   -879.94225751
   -879.95244719
   -879.93769757
   -879.93337219
   -879.94645465
   -879.91541453
   -879.91084648
   -879.94642928
   -879.94266992
   -879.97086960
   -879.95531702
   -879.92789028
   -879.97296616
   -879.97391927
   -879.92492334
   -879.90569439
   -879.91207277
   -879.93931763
   -879.93848095
   -879.97280408
   -879.94519300
   -879.94936967
   -879.93821873
   -879.95490660
   -879.93374876
   -879.92749281
   -879.91739087
   -879.94388727
   -879.95245591
   -879.92440689
   -879.92585463
   -879.94994182
   -879.93821662
   -879.97396808
   -879.96054229
   -879.95350445
   -879.94168879
   -879.90907585
   -879.96420213
   -879.95080795
   -879.93125470
   -879.94547553
   -879.93661778
   -879.94087071
   -879.93811224
   -879.98087120
   -879.91085296
   -879.94398180
   -879.95176410
   -879.94872720
   -879.94536978
   -879.91968073
   -879.94303282
   -879.92399321
   -879.94485528
   -879.96242666
   -879.95106733
   -879.93450319
   -879.94049387
   -879.94370461
   -879.95482930
   -879.94191835
   -879.92140958
   -879.95774924
   -879.95682250
   -879.94551951
   -879.97568386
   -879.93812109
   -879.95316102
   -879.97533385
   -879.92526366
   -879.95854626
   -879.94025028
   -879.95279903
   -879.92693402
   -879.92564628
   -879.90415934
   -879.93133877
   -879.93988881
   -879.93281324
   -879.95015540
   -879.94991635
   -879.95613466
   -879.95317061
   -879.91942433
   -879.92992391
   -879.93963660
   -879.94796428
   -879.93007056
   -879.96603996
   -879.92982713
   -879.96125053
   -879.97041500
   -879.95642697
   -879.94666663
   -879.92520939
   -879.93876374
   -879.96256880
   -879.96379685
   -879.96096832
   -879.91135316
   -879.93938326
   -879.91206946
   -879.92860259
   -879.91623528
   -879.94224995
   -879.92910645
   -879.93976381
   -879.91046225
   -879.93220156
   -879.96010823
   -879.96375985
   -879.96248659
   -879.91588443
   -879.96025189
   -879.95365583
   -879.96237930
   -879.97067959
   -879.95537070
   -879.95411085
   -879.92077347
   -879.95528021
   -879.94204510
   -879.96271276
   -879.96861378
   -879.94479663
   -879.94075767
   -879.94824859
   -879.96546901
   -879.92825400
   -879.95365649
   -879.93213105
   -879.92924466
   -879.91603180
   -879.93464417
   -879.93725201
   -879.92050982
   -879.95546682
   -879.93790029
   -879.93081343
   -879.96180163
   -879.96920673
   -879.96052170
   -879.94375001
   -879.94952343
   -879.94677800
   -879.94171134
   -879.95675418
   -879.94267107
   -879.95000882
   -879.91065340
   -879.95077420
   -879.94260413
   -879.93547294
   -879.95317230
   -879.94180443
   -879.95093429
   -879.95694479
   -879.92879237
   -879.94837715
   -879.90626681
   -879.95003744
   -879.92739521
   -879.93520055
   -879.93630463
   -879.96327042
   -879.93217918
   -879.95322675
   -879.93515962
   -879.94639309
   -879.94825004
   -879.95929876
   -879.95223105
   -879.93140449
   -879.94196701
   -879.94491448
   -879.97991778
   -879.94877494
   -879.94000498
   -879.96408527
   -879.94834009
   -879.96422397
   -879.96343999
   -879.95250332
   -879.95678445
   -879.94232271
   -879.94992992
   -879.93273039
   -879.93751770
   -879.93355725
   -879.96289391
   -879.96657895
   -879.93569060
   -879.91126057
   -879.93267532
   -879.96874790
   -879.96485488
   -879.95121909
   -879.93822878
   -879.97113362
   -879.96610934
   -879.92237163
   -879.95584876
   -879.96667184
   -879.93530540
   -879.96582104
   -879.95266233
   -879.93536924
   -879.94252034
   -879.91275788
   -879.96162321
   -879.94718013
   -879.95559125
   -879.94134482
   -879.93841060
   -879.94733463
   -879.95400425
   -879.89020089
   -879.93341511
   -879.96558268
   -879.90761098
   -879.93880130
   -879.95301154
   -879.97404313
   -879.97386212
   -879.93944897
   -879.96002073
   -879.95640027
   -879.94023842
   -879.95029772
   -879.98569158
   -879.95366078
   -879.93825772
   -879.96173573
   -879.94144267
   -879.91738340
   -879.96416204
   -879.96415400
   -879.94831720
   -879.95880827
   -879.93616477
   -879.96047266
   -879.95907551
   -879.96484195
   -879.95310210
   -879.97362157
   -879.94642078
   -879.98066715
   -879.94035899
   -879.94560386
   -879.91693786
   -879.94934650
   -879.93548230
   -879.88662636
   -879.93496638
   -879.96855210
   -879.96009558
   -879.93586113
   -879.95522486
   -879.93789828
   -879.94768365
   -879.97117602
   -879.94073296
   -879.92280096
   -879.92345561
   -879.94057098
   -879.94162070
   -879.96595129
   -879.95871129
   -879.93712531
   -879.94485252
   -879.94742885
   -879.95475759
   -879.96945882
   -879.97421694
   -879.96486505
   -879.91420535
   -879.93418709
   -879.94053175
   -879.92288040
   -879.94894145
   -879.94924600
   -879.94138327
   -879.96760061
   -879.94584031
   -879.96397319
   -879.96844535
   -879.93737583
   -879.93330494
   -879.93588760
   -879.95135488
   -879.92796006
   -879.93921301
   -879.93041026
   -879.97150870
   -879.94853853
   -879.96828904
   -879.92306961
   -879.93690271
   -879.94271657
   -879.94577033
   -879.92751454
   -879.94876952
   -879.95970123
   -879.96470036
   -879.95161381
   -879.91750002
   -879.93851213
   -879.95025245
   -879.92185044
   -879.95872543
   -879.95250368
   -879.89251721
   -879.94455057
   -879.95149087
   -879.94993776
   -879.95514403
   -879.94863573
   -879.93262458
   -879.93345515
   -879.96950405
   -879.95598605
   -879.95090694
   -879.94959782
   -879.93730567
   -879.94163390
   -879.96539661
   -879.94058710
   -879.93726951
   -879.94777608
   -879.94654457
   -879.91645797
   -879.94221172
   -879.93554447
   -879.94511526
   -879.94279853
   -879.93775208
   -879.91318482
   -879.96686849
   -879.93354637
   -879.93997491
   -879.96665512
   -879.96484461
   -879.97048209
   -879.94240751
   -879.96494794
   -879.94799383
   -879.93130098
   -879.95211427
   -879.96040982
   -879.92992327
   -879.95838042
   -879.95777925
   -879.93158542
   -879.92822407
   -879.94275668
   -879.97130044
   -879.94617724
   -879.93705088
   -879.91868385
   -879.93846274
   -879.96035015
   -879.94033819
   -879.95266299
   -879.94508475
   -879.92449621
   -879.92312354
   -879.93187539
   -879.94058010
   -879.93721095
   -879.95773231
   -879.94990343
   -879.92299076
   -879.93787784
   -879.94691823
   -879.96999644
   -879.95063148
   -879.94428496
   -879.94618940
   -879.92587259
   -879.97703781
   -879.93646839
   -879.93166390
   -879.94119176
   -879.94438538
   -879.95424133
   -879.93811449
   -879.94528873
   -879.94278577
   -879.91684902
   -879.94193200
   -879.97403892
   -879.93056884
   -879.96564851
   -879.94045814
   -879.94876073
   -879.95318364
   -879.94626686
   -879.92940248
   -879.95924324
   -879.93842593
   -879.93565821
   -879.97455653
   -879.94170350
   -879.93310722
   -879.96164393
   -879.95443165
   -879.90310524
   -879.93806501
   -879.92878577
   -879.94131509
   -879.91913918
   -879.90684961
   -879.96053563
   -879.94952630
   -879.95797276
   -879.94141756
   -879.94199677
   -879.94986181
   -879.94913707
   -879.92242942
   -879.93487719
   -879.93790934
   -879.95422882
   -879.96606972
   -879.94769968
   -879.93797074
   -879.93820567
   -879.95716369
   -879.93700262
   -879.94290791
   -879.95335972
   -879.96990964
   -879.97850942
   -879.93168313
   -879.91663372
   -879.91494001
   -879.92953586
   -879.90964376
   -879.94334828
   -879.90906526
   -879.90198297
   -879.95707207
   -879.97365949
   -879.98009636
   -879.96410305
   -879.89307226
   -879.96075842
   -879.96311911
   -879.92943092
   -879.96732508
   -879.94420223
   -879.92686018
   -879.93561818
   -879.96290639
   -879.94428206
   -879.93785041
   -879.93515963
   -879.91432564
   -879.91722087
   -879.95416883
   -879.95759502
   -879.97929370
   -879.93578427
   -879.89401160
   -879.93397650
   -879.94072952
   -879.94115563
   -879.97325347
   -879.95686688
   -879.94446467
   -879.97347021
   -879.95901802
   -879.95711261
   -879.91133905
   -879.92384164
   -879.94948120
   -879.94510837
   -879.96040766
   -879.95184343
   -879.92207437
   -879.93337076
   -879.95149580
   -879.96499310
   -879.98269732
   -879.96989377
   -879.93084764
   -879.95382219
   -879.91240430
   -879.90421417
   -879.95267400
   -879.96866763
   -879.92676656
   -879.97534784
   -879.91471574
   -879.95360060
   -879.93679780
   -879.95305883
   -879.95863100
   -879.92793162
   -879.94614339
   -879.91399824
   -879.93015143
   -879.94414198
   -879.91956258
   -879.95066829
   -879.95772964
   -879.95112922
   -879.94723447
   -879.93864318
   -879.96203583
   -879.95868565
   -879.92203889
   -879.91261702
   -879.95595964
   -879.93284951
   -879.92391733
   -879.94240197
   -879.97219097
   -879.96548535
   -879.97275961
   -879.96633191
   -879.94592985
   -879.93434869
   -879.94111104
   -879.94767875
   -879.96169089
   -879.96599327
   -879.93041111
   -879.92392860
   -879.92928168
   -879.92957338
   -879.94521004
   -879.92788168
   -879.93700758
   -879.95396662
   -879.90827196
   -879.96877199
   -879.92617801
   -879.97394494
   -879.93930010
   -879.96951046
   -879.96871971
   -879.95190838
   -879.94323842
   -879.94271383
   -879.94084404
   -879.94944396
   -879.95678654
   -879.95312511
   -879.93848675
   -879.97083061
   -879.92879760
   -879.92659275
   -879.97040016
   -879.96042791
   -879.95641477
   -879.93115616
   -879.93485164
   -879.91647015
   -879.93793940
   -879.94594432
   -879.94634874
   -879.92858373
   -879.96717371
   -879.90553624
   -879.95972882
   -879.92868743
   -879.95470674
   -879.92276264
   -879.93622762
   -879.93346718
   -879.94932306
   -879.94491608
   -879.92601689
   -879.95977389
   -879.97357859
   -879.93164939
   -879.89769894
   -879.90963201
   -879.96859039
   -879.96275799
   -879.94243736
   -879.92395695
   -879.95237806
   -879.97405247
   -879.94083892
   -879.95610583
   -879.93206405
   -879.94825854
   -879.95064693
   -879.95473561
   -879.95613964
   -879.96241818
   -879.96017789
   -879.96434494
   -879.96004511
   -879.94941360
   -879.93109231
   -879.95725763
   -879.97594560
   -879.94740837
   -879.94580456
   -879.89129174
   -879.95033466
   -879.92569920
   -879.95260353
   -879.96884425
   -879.94276305
   -879.97045279
   -879.95648368
   -879.94348326
   -879.95504826
   -879.95091861
   -879.94932521
   -879.94949184
   -879.95587581
   -879.96421173
   -879.94367099
   -879.95811760
   -879.93850336
   -879.94837486
   -879.96152576
   -879.94529485
   -879.93757824
   -879.92721409
   -879.96401508
   -879.94861195
   -879.93799260
   -879.93401433
   -879.96836095
   -879.91949436
   -879.95585215
   -879.92471670
   -879.96984827
   -879.92675729
   -879.93540239
   -879.94260638
   -879.95961703
   -879.93562097
   -879.94843293
   -879.95742986
   -879.94971196
   -879.93444764
   -879.94374106
   -879.92703194
   -879.94759376
   -879.93713177
   -879.94924402
   -879.95064430
   -879.92841630
   -879.95056595
   -879.92784061
   -879.94456656
   -879.94278687
   -879.92230048
   -879.97684787
   -879.94708134
   -879.93996821
   -879.97315901
   -879.93469934
   -879.93540506
   -879.95358242
   -879.96526632
   -879.95231042
   -879.95076410
   -879.94679800
   -879.93743395
   -879.92335539
   -879.95673179
   -879.96808403
   -879.95596363
   -879.94237977
   -879.95135209
   -879.94408587
   -879.89531444
   -879.95714855
   -879.95399263
   -879.95136322
   -879.94116581
   -879.94155201
   -879.94719314
   -879.95790808
   -879.95249742
   -879.93784981
   -879.96126698
   -879.93883746
   -879.97043638
   -879.93567247
   -879.92987639
   -879.95237123
   -879.95687234
   -879.96306771
   -879.96372557
   -879.95701408
   -879.95580208
   -879.98374709
   -879.95218227
   -879.92414939
   -879.93656601
   -879.92729951
   -879.94300061
   -879.93803312
   -879.95284546
   -879.94565236
   -879.92716813
   -879.96592328
   -879.96089469
   -879.96799426
   -879.93460786
   -879.93262414
   -879.94503058
   -879.94853371
   -879.95772661
   -879.95119926
   -879.95610635
   -879.96315425
   -879.92834811
   -879.92370687
   -879.96291355
   -879.97828770
   -879.94116239
   -879.97042308
   -879.95353137
   -879.92372944
   -879.96748303
   -879.93332660
   -879.95814687
   -879.96736550
   -879.91510746
   -879.96327763
   -879.94985787
   -879.95179328
   -879.95392169
   -879.96191118
   -879.92934028
   -879.95823379
   -879.93452961
   -879.94731961
   -879.93900044
   -879.97876496
   -879.94309448
   -879.97238825
   -879.93640906
   -879.94284139
   -879.93632379
   -879.95783869
   -879.95035085
   -879.94306466
   -879.94544683
   -879.91262266
   -879.92763004
   -879.94063483
   -879.94460171
   -879.94084133
   -879.95371977
   -879.92745376
   -879.95677059
   -879.95005105
   -879.95836519
   -879.91782057
   -879.96819047
   -879.91653797
   -879.94768857
   -879.96677043
   -879.95653595
   -879.92972065
   -879.94206616
   -879.93291741
   -879.94399766
   -879.93617219
   -879.94805601
   -879.96841890
   -879.96314728
   -879.93607956
   -879.94405064
   -879.94297216
   -879.94762531
   -879.94155019
   -879.93740549
   -879.94979426
   -879.96446120
   -879.93123971
   -879.96583642
   -879.95164500
   -879.93652893
   -879.95638193
   -879.97414997
   -879.91879504
   -879.95740279
   -879.95014461
   -879.96787511
   -879.94049594
   -879.93826893
   -879.95326337
   -879.95992620
   -879.95626468
   -879.93926356
   -879.94559828
   -879.94965094
   -879.91162963
   -879.95745815
   -879.94273078
   -879.92579406
   -879.96212384
   -879.96295638
   -879.94151409
   -879.91868889
   -879.93852851
   -879.94450596
   -879.95085235
   -879.94012641
   -879.96549288
   -879.93977793
   -879.96758206
   -879.93186552
   -879.96550000
   -879.95324341
   -879.91547096
   -879.95465559
   -879.97997117
   -879.94140379
   -879.96596073
   -879.94940256
   -879.97025572
   -879.93377039
   -879.93496621
   -879.97247997
   -879.96098118
   -879.97514941
   -879.97414781
   -879.95432490
   -879.93139280
   -879.95177722
   -879.96748559
   -879.93088844
   -879.94199642
   -879.95907778
   -879.89738464
   -879.93418893
   -879.92221393
   -879.93055983
   -879.98070021
   -879.96110331
   -879.91827485
   -879.94352061
   -879.96508035
   -879.96478545
   -879.93443113
   -879.94360526
   -879.92081985
   -879.93687351
   -879.93724648
   -879.96059067
   -879.96423526
   -879.94817540
   -879.95844604
   -879.93773168
   -879.95724552
   -879.97567703
   -879.95521524
   -879.96047542
   -879.92577275
   -879.95815884
   -879.96928797
   -879.93782896
   -879.94150949
   -879.94180312
   -879.95283639
   -879.94387892
   -879.93377613
   -879.90120180
   -879.93066170
   -879.95425310
   -879.92799977
   -879.96040851
   -879.93876740
   -879.93915117
   -879.94410370
   -879.96568334
   -879.95729969
   -879.90863619
   -879.93060402
   -879.92691081
   -879.97186413
   -879.91430723
   -879.92515930
   -879.91382315
   -879.93450673
   -879.95018890
   -879.94328708
   -879.91319377
   -879.95121071
   -879.96224193
   -879.96993394
   -879.95898960
   -879.92421370
   -879.96428840
   -879.96565548
   -879.94497159
   -879.96739221
   -879.93034510
   -879.92867651
   -879.95645189
   -879.91594433
   -879.96427644
   -879.95075042
   -879.93653894
   -879.92175703
   -879.94881334
   -879.93075609
   -879.92757642
   -879.96156155
   -879.92121496
   -879.91520213
   -879.92147201
   -879.92211042
   -879.94147805
   -879.93674180
   -879.94026250
   -879.93182399
   -879.96133909
   -879.90726955
   -879.93132449
   -879.92269655
   -879.94430540
   -879.93170035
   -879.92575723
   -879.94945787
   -879.93509045
   -879.95358440
   -879.93463245
   -879.93345586
   -879.94095511
   -879.92551934
   -879.92015879
   -879.95274834
   -879.93303539
   -879.94130620
   -879.91013997
   -879.94943601
   -879.97560856
   -879.94216182
   -879.93068126
   -879.93724928
   -879.97218440
   -879.93271241
   -879.94775030
   -879.94456503
   -879.93591527
   -879.93681890
   -879.92936302
   -879.94807405
   -879.96210736
   -879.96482276
   -879.97710256
   -879.97359348
   -879.92981201
   -879.95337206
   -879.94787737
   -879.92452433
   -879.96791393
   -879.91776918
   -879.94551701
   -879.93318012
   -879.92946373
   -879.97088599
   -879.94022000
   -879.94400207
   -879.97158152
   -879.93765232
   -879.96286679
   -879.93435264
   -879.95732464
   -879.93440400
   -879.95728535
   -879.92084138
   -879.93154390
   -879.93883913
   -879.94448953
   -879.95166495
   -879.93813116
   -879.95991970
   -879.96154113
   -879.94873099
   -879.93146043
   -879.88762192
   -879.94936973
   -879.93356125
   -879.95295327
   -879.95898139
   -879.94533324
   -879.94277969
   -879.93966143
   -879.95222599
   -879.94104770
   -879.93605805
   -879.93490208
   -879.90823982
   -879.94478550
   -879.96208361
   -879.96799489
   -879.97966950
   -879.92006456
   -879.94469958
   -879.91742881
   -879.94882408
   -879.95736375
   -879.95464689
   -879.93430923
   -879.95344530
   -879.90612230
   -879.96798204
   -879.96542147
   -879.96465816
   -879.93577293
   -879.96661526
   -879.94632683
   -879.92157544
   -879.95254689
   -879.92814551
   -879.95097965
   -879.96919235
   -879.95837444
   -879.95307536
   -879.92197377
   -879.94087562
   -879.92772894
   -879.95688098
   -879.92922068
   -879.93258893
   -879.94418933
   -879.94260419
   -879.94185038
   -879.96202814
   -879.92901363
   -879.96536404
   -879.94694304
   -879.94904476
   -879.92937932
   -879.94349278
   -879.93462223
   -879.97387441
   -879.94331829
   -879.96405824
   -879.94676017
   -879.94660487
   -879.97177498
   -879.93809533
   -879.94991300
   -879.92979394
   -879.96534884
   -879.94642226
   -879.93605716
   -879.95121722
   -879.93745079
   -879.93714502
   -879.95526811
   -879.96978244
   -879.94045059
   -879.95894602
   -879.90633292
   -879.90088138
   -879.93082091
   -879.92802268
   -879.95420772
   -879.97131196
   -879.96615164
   -879.93952781
   -879.93660593
   -879.92613495
   -879.96556167
   -879.94692220
   -879.95989891
   -879.94692485
   -879.97364396
   -879.94629818
   -879.96621858
   -879.96160663
   -879.94111566
   -879.94112400
   -879.96153279
   -879.89034228
   -879.95606060
   -879.94605454
   -879.94295761
   -879.94622073
   -879.93497163
   -879.95498023
   -879.93689930
   -879.94901306
   -879.96279608
   -879.92654692
   -879.93598040
   -879.94448787
   -879.95230393
   -879.96281418
   -879.94695761
   -879.98147651
   -879.97019839
   -879.97584335
   -879.97497778
   -879.95686058
   -879.95061254
   -879.93775770
   -879.95311008
   -879.94313046
   -879.91427481
   -879.95642116
   -879.94356270
   -879.94130110
   -879.95111509
   -879.94823188
   -879.94979573
   -879.93662118
   -879.96588566
   -879.89854019
   -879.95113176
   -879.94000601
   -879.92531498
   -879.96430666
   -879.93474197
   -879.96561179
   -879.95333040
   -879.96652792
   -879.94778101
   -879.93555738
   -879.93571550
   -879.96280913
   -879.96223293
   -879.91615653
   -879.95697919
   -879.96985925
   -879.94905291
   -879.94499349
   -879.93949094
   -879.91081491
   -879.95246214
   -879.94331098
   -879.94519345
   -879.94475402
   -879.93697875
   -879.95117887
   -879.94259813
   -879.89745302
   -879.92310028
   -879.92852620
   -879.94317767
   -879.93037875
   -879.94391706
   -879.97354590
   -879.96257080
   -879.95300571
   -879.96650648
   -879.93952211
   -879.93274819
   -879.94071063
   -879.92970500
   -879.91565709
   -879.95822458
   -879.94010658
   -879.93726462
   -879.95913232
   -879.93470192
   -879.90257117
   -879.93719508
   -879.92428526
   -879.94057943
   -879.94018737
   -879.91398230
   -879.94863833
   -879.92259243
   -879.91766275
   -879.95245038
   -879.92543185
   -879.92395410
   -879.93797371
   -879.94332417
   -879.94636285
   -879.94898586
   -879.95340457
   -879.93321764
   -879.95206769
   -879.94991268
   -879.95608804
   -879.95631427
   -879.94154917
   -879.97227486
   -879.92571426
   -879.92957026
   -879.94296253
   -879.91558342
   -879.92479743
   -879.95458673
   -879.93076957
   -879.95826380
   -879.93897494
   -879.93939559
   -879.95683579
   -879.92438913
   -879.96683018
   -879.95164968
   -879.92940493
   -879.95015425
   -879.90050043
   -879.94108828
   -879.96019535
   -879.93852032
   -879.93590074
   -879.93002011
   -879.95159008
   -879.93081063
   -879.92923603
   -879.93836760
   -879.92948962
   -879.94768425
   -879.93702556
   -879.94407894
   -879.92385194
   -879.92584865
   -879.94964010
   -879.92252469
   -879.93812567
   -879.88676388
   -879.94629460
   -879.93005957
   -879.94352111
   -879.93796107
   -879.96874077
   -879.93242105
   -879.94478498
   -879.94601667
   -879.97265079
   -879.94580605
   -879.92695120
   -879.94009723
   -879.93444869
   -879.92358061
   -879.96725315
   -879.94359685
   -879.94313420
   -879.91830240
   -879.94366040
   -879.93824751
   -879.96584939
   -879.94354358
   -879.95922261
   -879.95367559
   -879.93466237
   -879.95476692
   -879.94176224
   -879.94495579
   -879.93919992
   -879.94005173
   -879.93562895
   -879.94045569
   -879.93723006
   -879.93419525
   -879.94113638
   -879.95713815
   -879.94155351
   -879.93060294
   -879.94746406
   -879.94317283
   -879.93533588
   -879.94356006
   -879.95150947
   -879.95141219
   -879.93926410
   -879.96170557
   -879.93621976
   -879.97057653
   -879.92465259
   -879.94725945
   -879.91085955
   -879.92419220
   -879.96092596
   -879.92747800
   -879.94674326
   -879.95913930
   -879.97046227
   -879.95248648
   -879.94331569
   -879.93711581
   -879.96151738
   -879.97730997
   -879.97406439
   -879.95036554
   -879.93682269
   -879.96578294
   -879.95129997
   -879.94151008
   -879.93249514
   -879.95214214
   -879.95534736
   -879.95843995
   -879.95568887
   -879.96854314
   -879.96685069
   -879.92214158
   -879.92827976
   -879.93354738
   -879.92287602
   -879.97331246
   -879.94294052
   -879.96279201
   -879.95070414
   -879.95738331
   -879.94328957
   -879.92299526
   -879.96663440
   -879.92385533
   -879.95534998
   -879.93353366
   -879.96144314
   -879.93943020
   -879.92246879
   -879.95030977
   -879.96212562
   -879.94416262
   -879.96164169
   -879.92755947
   -879.96905773
   -879.94714274
   -879.92753356
   -879.95203991
   -879.96913754
   -879.92214704
   -879.95495361
   -879.95583673
   -879.96605174
   -879.95324825
   -879.94329118
   -879.94068935
   -879.93837445
   -879.94751954
   -879.92758421
   -879.94368527
   -879.94664776
   -879.94596761
   -879.93472852
   -879.92071202
   -879.93966586
   -879.92173301
   -879.93930702
   -879.92641970
   -879.96314267
   -879.93618970
   -879.93562319
   -879.93537958
   -879.94232343
   -879.95894889
   -879.94939050
   -879.96316759
   -879.96004788
   -879.93845707
   -879.95528105
   -879.94560518
   -879.93553741
   -879.97872454
   -879.92243037
   -879.93186292
   -879.96138881
   -879.95189909
   -879.95913809
   -879.93791183
   -879.95178561
   -879.91876367
   -879.93048614
   -879.97040779
   -879.94673758
   -879.94481217
   -879.90695478
   -879.93757081
   -879.98253552
   -879.94214843
   -879.91698355
   -879.94809762
   -879.96089266
   -879.95640288
   -879.94908118
   -879.92632982
   -879.93107323
   -879.93713274
   -879.94830960
   -879.94110178
   -879.94692370
   -879.95706319
   -879.93271484
   -879.97972549
   -879.96600496
   -879.96657865
   -879.98353375
   -879.92425475
   -879.95057050
   -879.96539003
   -879.94192445
   -879.92154700
   -879.93805635
   -879.95496724
   -879.95336873
   -879.94877788
   -879.95631119
   -879.92339415
   -879.94518396
   -879.95567690
   -879.96444526
   -879.94199846
   -879.94522745
   -879.93163504
   -879.95090835
   -879.94089680
   -879.94435050
   -879.95815975
   -879.97678433
   -879.93799839
   -879.95171395
   -879.93633077
   -879.96538718
   -879.94939374
   -879.93603392
   -879.94470961
   -879.94861285
   -879.94399092
   -879.93348246
   -879.97162278
   -879.93527459
   -879.96049106
   -879.94332945
   -879.92754025
   -879.93569705
   -879.97020726
   -879.94418147
   -879.95019487
   -879.94575020
   -879.97426652
   -879.91987912
   -879.94302838
   -879.95192798
   -879.95595958
   -879.93797814
   -879.93767208
   -879.97481131
   -879.95385168
   -879.97596411
   -879.92475702
   -879.92367952
   -879.93390550
   -879.96493715
   -879.96939182
   -879.92194213
   -879.94721549
   -879.92850512
   -879.92884249
   -879.92394233
   -879.96413055
   -879.96897335
   -879.96622380
   -879.93237921
   -879.95172835
   -879.94883786
   -879.93033859
   -879.92473473
   -879.95279580
   -879.95478616
   -879.92849886
   -879.93915820
   -879.93967877
   -879.96557813
   -879.94075481
   -879.94198570
   -879.96434178
   -879.95680184
   -879.92471476
   -879.93623444
   -879.93874064
   -879.92584961
   -879.96846740
   -879.96687054
   -879.93515475
   -879.94590157
   -879.93822646
   -879.97161758
   -879.95090253
   -879.95524849
   -879.95986607
   -879.96539918
   -879.94937035
   -879.96026610
   -879.95159308
   -879.96783814
   -879.94240933
   -879.93847119
   -879.97042800
   -879.95625347
   -879.93685616
   -879.97967533
   -879.94770898
   -879.94040609
   -879.95304341
   -879.93080495
   -879.96039063
   -879.93071860
   -879.93660508
   -879.96094218
   -879.96077817
   -879.94281175
   -879.92291145
   -879.92773464
   -879.95538577
   -879.95035678
   -879.94232459
   -879.95680621
   -879.94181128
   -879.93708587
   -879.93158047
   -879.95599555
   -879.95923818
   -879.94095455
   -879.97441384
   -879.92817394
   -879.94618349
   -879.94693086
   -879.93650474
   -879.95590859
   -879.92303975
   -879.93731112
   -879.92470241
   -879.94130706
   -879.94858834
   -879.93680325
   -879.97626873
   -879.97051609
   -879.93621015
   -879.93817645
   -879.95522559
   -879.93019784
   -879.96099297
   -879.95822243
   -879.90351405
   -879.92028314
   -879.92029318
   -879.94308513
   -879.97160879
   -879.91845419
   -879.91786322
   -879.96192033
   -879.92785349
   -879.94446953
   -879.95623731
   -879.95776490
   -879.94608833
   -879.94958346
   -879.96035331
   -879.88057698
   -879.95289743
   -879.97014799
   -879.94832101
   -879.93928050
   -879.93444693
   -879.92555845
   -879.91443812
   -879.92155188
   -879.95426689
   -879.91999336
   -879.93949334
   -879.94057970
   -879.95082158
   -879.93995008
   -879.96629959
   -879.94728413
   -879.94500328
   -879.94962212
   -879.94676398
   -879.93502653
   -879.94463329
   -879.95657076
   -879.90577141
   -879.94659278
   -879.96049086
   -879.95046131
   -879.92372858
   -879.96190200
   -879.93942250
   -879.94075089
   -879.96446118
   -879.96398393
   -879.91918406
   -879.95460705
   -879.96754077
   -879.90477092
   -879.93916937
   -879.95820790
   -879.95274355
   -879.92644997
   -879.96791169
   -879.93917097
   -879.95731056
   -879.92475658
   -879.94962711
   -879.95152886
   -879.94232701
   -879.92364518
   -879.96416911
   -879.97221772
   -879.92340139
   -879.95458623
   -879.94978421
   -879.91169691
   -879.95292098
   -879.92831040
   -879.93794494
   -879.94699863
   -879.93684031
   -879.93473053
   -879.94754266
   -879.95323955
   -879.96647288
   -879.89424128
   -879.93807777
   -879.93597110
   -879.95524105
   -879.96986720
   -879.94145057
   -879.95223008
   -879.97043703
   -879.94756036
   -879.94408324
   -879.93531595
   -879.93749759
   -879.94116614
   -879.94178755
   -879.95672376
   -879.94288646
   -879.96103586
   -879.91623622
   -879.90022665
   -879.94496248
   -879.97385625
   -879.95646424
   -879.94494432
   -879.92246518
   -879.95279039
   -879.94960288
   -879.96168707
   -879.97646688
   -879.94227867
   -879.94481550
   -879.94541962
   -879.97065555
   -879.92874649
   -879.93190507
   -879.95246053
   -879.98214596
   -879.94802424
   -879.96280258
   -879.97129077
   -879.93546884
   -879.96287915
   -879.96675703
   -879.94657575
   -879.96010722
   -879.95602870
   -879.96104377
   -879.94308623
   -879.94366840
   -879.91305426
   -879.93640536
   -879.96721685
   -879.90097574
   -879.92856906
   -879.93015057
   -879.92965916
   -879.89515791
   -879.95762713
   -879.95288724
   -879.96152155
   -879.93293389
   -879.91685046
   -879.95030962
   -879.94212974
   -879.92451800
   -879.95613321
   -879.93947520
   -879.95164361
   -879.92880796
   -879.96894911
   -879.97436047
   -879.96271318
   -879.94941657
   -879.95011247
   -879.95716961
   -879.97593215
   -879.93854380
   -879.94481209
   -879.95048181
   -879.95400318
   -879.97032489
   -879.93771984
   -879.93474755
   -879.95226447
   -879.95038780
   -879.93524714
   -879.94568109
   -879.95343251
   -879.95329210
   -879.95377525
   -879.94919372
   -879.93630718
   -879.94512060
   -879.95916313
   -879.93569892
   -879.94850063
   -879.92532898
   -879.94764173
   -879.93627271
   -879.93410838
   -879.94301363
   -879.95125467
   -879.95011319
   -879.94387466
   -879.94280710
   -879.97063139
   -879.96630134
   -879.95290172
   -879.94341150
   -879.94721008
   -879.94991974
   -879.93909938
   -879.95333351
   -879.97787173
   -879.94178276
   -879.90677176
   -879.94617991
   -879.95275420
   -879.94377689
   -879.93538160
   -879.91791441
   -879.93218893
   -879.92560707
   -879.92792347
   -879.97248358
   -879.90374698
   -879.94886478
   -879.94165998
   -879.95655603
   -879.95880371
   -879.94822721
   -879.95977491
   -879.93614642
   -879.94525719
   -879.95689753
   -879.94338586
   -879.96544388
   -879.96859197
   -879.94325504
   -879.96672313
   -879.96806768
   -879.94224021
   -879.94270452
   -879.95088950
   -879.92799581
   -879.92034272
   -879.92656013
   -879.92205294
   -879.91716267
   -879.93290682
   -879.96629863
   -879.90348493
   -879.94400280
   -879.92649462
   -879.95848393
   -879.95876832
   -879.94691096
   -879.94035535
   -879.93701981
   -879.97722883
   -879.96782006
   -879.96533660
   -879.94093580
   -879.91614923
   -879.93576666
   -879.96186180
   -879.94289390
   -879.97866327
   -879.94561290
   -879.90385497
   -879.92757582
   -879.96561941
   -879.93201831
   -879.93107670
   -879.93555300
   -879.96463005
   -879.94256057
   -879.95360639
   -879.93681195
   -879.92827504
   -879.94573356
   -879.96364394
   -879.93966486
   -879.92898356
   -879.92570861
   -879.94077355
   -879.94159561
   -879.97410465
   -879.91712101
   -879.92268990
   -879.92133991
   -879.94192593
   -879.89999113
   -879.93708340
   -879.98015959
   -879.95691362
   -879.94013317
   -879.94956574
   -879.95177985
   -879.93309167
   -879.93826024
   -879.93049548
   -879.93033880
   -879.92598752
   -879.96150117
   -879.95893271
   -879.94001835
   -879.95900537
   -879.96148050
   -879.92181892
   -879.94396710
   -879.92383085
   -879.92135955
   -879.93465161
   -879.93596801
   -879.96203668
   -879.92964329
   -879.93182764
   -879.94392117
   -879.94960288
   -879.92680215
   -879.92377856
   -879.93014225
   -879.96770681
   -879.96126954
   -879.92256001
   -879.94894986
   -879.94173479
   -879.93528172
   -879.96164060
   -879.94123718
   -879.92782561
   -879.93036284
   -879.96438910
   -879.93480572
   -879.96000252
   -879.95393806
   -879.96233055
   -879.93993076
   -879.95140422
   -879.93714270
   -879.93870400
   -879.94736810
   -879.94607634
   -879.95343422
   -879.95637142
   -879.95118545
   -879.93164099
   -879.97112415
   -879.96473023
   -879.96091967
   -879.95305148
   -879.94891324
   -879.95748634
   -879.92955869
   -879.95219808
   -879.95780329
   -879.93245927
   -879.92620673
   -879.93269398
   -879.94214724
   -879.93834539
   -879.94224934
   -879.96186954
   -879.92375963
   -879.93665593
   -879.93715418
   -879.91975295
   -879.92989558
   -879.97618923
   -879.93141535
   -879.96672059
   -879.96379857
   -879.96790747
   -879.95352067
   -879.94222405
   -879.92234019
   -879.94194119
   -879.96656004
   -879.95559169
   -879.96063702
   -879.96186103
   -879.92130833
   -879.94880320
   -879.93237277
   -879.95023269
   -879.95083944
   -879.93654440
   -879.91743042
   -879.96121436
   -879.93589203
   -879.94831487
   -879.97601417
   -879.94479522
   -879.92214279
   -879.94693738
   -879.95071550
   -879.94156944
   -879.93506403
   -879.95763356
   -879.93929144
   -879.98347259
   -879.92651924
   -879.96082264
   -879.94081727
   -879.96571056
   -879.92412354
   -879.96029527
   -879.91032754
   -879.96546147
   -879.95775894
   -879.93760825
   -879.94711650
   -879.96359422
   -879.94769306
   -879.97314260
   -879.97595608
   -879.93398683
   -879.94828925
   -879.94485343
   -879.92615105
   -879.94813311
   -879.93891731
   -879.93355437
   -879.93775439
   -879.98057050
   -879.92574718
   -879.92524298
   -879.96769744
   -879.91505481
   -879.97035727
   -879.94397744
   -879.92589335
   -879.93556694
   -879.93983551
   -879.93819690
   -879.97201511
   -879.94960526
   -879.93611688
   -879.94735226
   -879.93946164
   -879.94384223
   -879.95393212
   -879.95560544
   -879.94645459
   -879.93761283
   -879.96212594
   -879.93453789
   -879.96511317
   -879.91430141
   -879.93167022
   -879.92256820
   -879.95927399
   -879.96194452
   -879.93519567
   -879.95021705
   -879.93080224
   -879.95948261
   -879.96786936
   -879.94682329
   -879.97779829
   -879.95549285
   -879.94432739
   -879.93774227
   -879.94086822
   -879.90915302
   -879.95578041
   -879.94980055
   -879.95332094
   -879.93126417
   -879.95315276
   -879.94294967
   -879.98273526
   -879.95223719
   -879.93920340
   -879.93063868
   -879.92946711
   -879.96867101
   -879.93090297
   -879.94753901
   -879.92438385
   -879.95103384
   -879.93995675
   -879.95778791
   -879.94017816
   -879.97233482
   -879.93551903
   -879.97476800
   -879.93568770
   -879.94768324
   -879.93437864
   -879.92713070
   -879.95967969
   -879.94113070
   -879.94932748
   -879.93618538
   -879.91645599
   -879.95335477
   -879.95342376
   -879.93018852
   -879.96328817
   -879.95612443
   -879.94889186
   -879.93949069
   -879.95098258
   -879.94172253
   -879.94423990
   -879.93085425
   -879.92839632
   -879.95666522
   -879.94205719
   -879.92066066
   -879.93512779
   -879.92623469
   -879.94694054
   -879.93532667
   -879.93506339
   -879.96933415
   -879.92565818
   -879.93920849
   -879.94334335
   -879.94252875
   -879.94819833
   -879.94781267
   -879.91519301
   -879.96833211
   -879.95406811
   -879.97542787
   -879.92424891
   -879.96043210
   -879.94293653
   -879.93664864
   -879.95707039
   -879.93978289
   -879.90807179
   -879.94475588
   -879.95726449
   -879.93106440
   -879.93068411
   -879.97215483
   -879.97023209
   -879.94598069
   -879.94152320
   -879.92804976
   -879.95740550
   -879.94452382
   -879.94181980
   -879.93498158
   -879.94495512
   -879.96716318
   -879.93315866
   -879.97258511
   -879.93159062
   -879.94866862
   -879.95464043
   -879.94093913
   -879.96558819
   -879.95502923
   -879.94513230
   -879.93012806
   -879.94597367
   -879.91917493
   -879.94238903
   -879.94611161
   -879.97347397
   -879.91119879
   -879.91708028
   -879.93871386
   -879.96364392
   -879.95904282
   -879.93064975
   -879.95554876
   -879.97051677
   -879.92798002
   -879.95540643
   -879.95825225
   -879.96996776
   -879.94409837
   -879.94385091
   -879.95332184
   -879.93036130
   -879.94226623
   -879.95135970
   -879.96127264
   -879.97150820
   -879.93870317
   -879.94438339
   -879.97405770
   -879.97273286
   -879.97910270
   -879.95292248
   -879.94330623
   -879.94175609
   -879.96524719
   -879.95247353
   -879.93281113
   -879.88595244
   -879.95447307
   -879.95013940
   -879.94123239
   -879.95513613
   -879.91387727
   -879.94768640
   -879.93633660
   -879.95040336
   -879.93372732
   -879.95264758
   -879.93216618
   -879.94032285
   -879.95897703
   -879.94986997
   -879.92225903
   -879.94701331
   -879.94249417
   -879.93108277
   -879.95046518
   -879.92153059
   -879.95531128
   -879.96152371
   -879.94193412
   -879.93830465
   -879.91154567
   -879.90674892
   -879.96425276
   -879.96772287
   -879.92513179
   -879.95895725
   -879.95128508
   -879.97694014
   -879.95548081
   -879.97279038
   -879.95127271
   -879.94793755
   -879.97736163
   -879.94046068
   -879.96374363
   -879.95839317
   -879.96988679
   -879.93859865
   -879.93942689
   -879.96606893
   -879.90316786
   -879.94421549
   -879.92612717
   -879.92522959
   -879.94386677
   -879.97743717
   -879.95438394
   -879.92139719
   -879.95032836
   -879.93790680
   -879.93422753
   -879.96532676
   -879.95905991
   -879.95125678
   -879.96066946
   -879.95515989
   -879.91846031
   -879.93772111
   -879.93229576
   -879.90479530
   -879.95072411
   -879.93054990
   -879.96480717
   -879.95496639
   -879.95024950
   -879.96725043
   -879.96331746
   -879.96829400
   -879.94905615
   -879.96935015
   -879.95039008
   -879.96264415
   -879.97165114
   -879.92895214
   -879.93350069
   -879.94428624
   -879.98592630
   -879.93657379
   -879.95385387
   -879.94884110
   -879.91775660
   -879.95373547
   -879.94162660
   -879.93044044
   -879.95784549
   -879.96700746
   -879.97405401
   -879.94061245
   -879.97097883
   -879.96032261
   -879.96890580
   -879.94402545
   -879.96249234
   -879.93389603
   -879.91390863
   -879.97539864
   -879.94827993
   -879.93829536
   -879.94385805
   -879.97112643
   -879.96718219
   -879.94034290
   -879.96157195
   -879.94185865
   -879.94693541
   -879.94186741
   -879.93576927
   -879.95706446
   -879.95748808
   -879.94677017
   -879.96147833
   -879.94178015
   -879.95408904
   -879.96754943
   -879.93865058
   -879.89685977
   -879.95662330
   -879.94547890
   -879.94242487
   -879.95722664
   -879.93053048
   -879.96809037
   -879.96520729
   -879.95778142
   -879.97064651
   -879.96442746
   -879.93956957
   -879.93661527
   -879.91623426
   -879.95230118
   -879.93358470
   -879.93710315
   -879.90746507
   -879.93522475
   -879.97899893
   -879.95461648
   -879.94897031
   -879.93520699
   -879.93793737
   -879.95125786
   -879.94500013
   -879.92993163
   -879.97095753
   -879.97851347
   -879.94904104
   -879.92236000
   -879.97890417
   -879.92511832
   -879.96051590
   -879.95474698
   -879.98187990
   -879.96130364
   -879.94967913
   -879.97026297
   -879.92073045
   -879.95849911
   -879.91051736
   -879.92708561
   -879.94949186
   -879.89903441
   -879.97335933
   -879.92097308
   -879.91388988
   -879.96821720
   -879.96129096
   -879.95422620
   -879.94963495
   -879.95192230
   -879.93304650
   -879.92810695
   -879.94490925
   -879.94218983
   -879.95142029
   -879.94417470
   -879.96745285
   -879.93662396
   -879.96030140
   -879.95612217
   -879.95839670
   -879.94799484
   -879.94738083
   -879.95520047
   -879.96933234
   -879.93240655
   -879.92755548
   -879.93531025
   -879.95675055
   -879.94964800
   -879.93067974
   -879.94924769
   -879.94617501
   -879.97320587
   -879.94884694
   -879.96334573
   -879.93034011
   -879.91989254
   -879.93727856
   -879.95109324
   -879.94432957
   -879.97118718
   -879.94908736
   -879.95319191
   -879.92753067
   -879.94167846
   -879.92879099
   -879.95256684
   -879.90757576
   -879.94693180
   -879.94698381
   -879.92900806
   -879.94852288
   -879.91178236
   -879.94540612
   -879.95656463
   -879.91342047
   -879.94772111
   -879.95925261
   -879.94825637
   -879.94026472
   -879.95732008
   -879.95605186
   -879.97131444
   -879.95220519
   -879.95037526
   -879.96322357
   -879.95649740
   -879.94538849
   -879.94020914
   -879.93496483
   -879.93469419
   -879.91266444
   -879.91390846
   -879.94891470
   -879.96269579
   -879.93658357
   -879.95594138
   -879.95822552
   -879.95499993
   -879.97607257
   -879.89541742
   -879.95451825
   -879.92528347
   -879.96328510
   -879.96155893
   -879.95012704
   -879.94317094
   -879.95824508
   -879.94317075
   -879.94499438
   -879.91676460
   -879.94022273
   -879.93824209
   -879.93222532
   -879.95290186
   -879.92390634
   -879.96261371
   -879.95399084
   -879.94299345
   -879.97416334
   -879.93717786
   -879.93608224
   -879.96280991
   -879.93528137
   -879.93272459
   -879.93491036
   -879.94575754
   -879.93164556
   -879.94445616
   -879.92142731
   -879.94436175
   -879.93067227
   -879.95971678
   -879.93826584
   -879.92617959
   -879.95141982
   -879.97246198
   -879.93020050
   -879.93927628
   -879.96875453
   -879.94525238
   -879.93691872
   -879.94687410
   -879.91843506
   -879.90189795
   -879.93809423
   -879.93702024
   -879.95615567
   -879.95456562
   -879.95542975
   -879.95661568
   -879.93804455
   -879.91505952
   -879.93090158
   -879.94562977
   -879.92942302
   -879.92833283
   -879.96148818
   -879.92715550
   -879.96150164
   -879.94675512
   -879.95831307
   -879.96522488
   -879.95471386
   -879.93623850
   -879.92118823
   -879.95194777
   -879.96926017
   -879.94391049
   -879.95802029
   -879.93781950
   -879.94033291
   -879.93116751
   -879.96521020
   -879.93123250
   -879.97067196
   -879.95386298
   -879.95955141
   -879.95108202
   -879.93739567
   -879.95322257
   -879.95786494
   -879.93100290
   -879.92350718
   -879.93689661
   -879.94325926
   -879.93166402
   -879.95700108
   -879.94982070
   -879.94244654
   -879.94820676
   -879.95125320
   -879.92836933
   -879.96794456
   -879.96575004
   -879.94810336
   -879.96608643
   -879.93153589
   -879.92437512
   -879.93998738
   -879.93023952
   -879.92981965
   -879.94734083
   -879.93909384
   -879.96726194
   -879.95927474
   -879.93913839
   -879.93939434
   -879.94089851
   -879.92165217
   -879.98390238
   -879.95643872
   -879.92836889
   -879.95364882
   -879.95810900
   -879.94237198
   -879.94219944
   -879.93102787
   -879.93946313
   -879.91770783
   -879.93137786
   -879.91490589
   -879.93709040
   -879.93205409
   -879.95728891
   -879.96862932
   -879.96183702
   -879.96608773
   -879.91506883
   -879.91993147
   -879.96957097
   -879.94961689
   -879.91844324
   -879.96385317
   -879.96279742
   -879.92050315
   -879.90010695
   -879.96706701
   -879.95975596
   -879.93960661
   -879.91382210
   -879.94419424
   -879.96929335
   -879.91534415
   -879.94268428
   -879.93564591
   -879.96287542
   -879.94395635
   -879.97131500
   -879.95232090
   -879.95111295
   -879.96362171
   -879.96347041
   -879.94772855
   -879.94092620
