% The following energies apply to conformations described by the topology 
% R68.top.  Structures are given in trajectory coords.cdf, count: 277.

% Item 0:
%   Energy -> orca_structures/coor*/Conf*.out
   -649.24200469
   -649.23894895
   -649.16135664
   -649.22836425
   -649.15646303
   -649.20703133
   -649.23113339
   -649.20243223
   -649.22903354
   -649.16667064
   -649.23124630
   -649.20439783
   -649.22469799
   -649.23778203
   -649.23121934
   -649.14771886
   -649.12798102
   -649.21110614
   -649.14872271
   -649.20143187
   -649.23006083
   -649.22446873
   -649.20032543
   -649.23941495
   -649.16944851
   -649.20319198
   -649.18052608
   -649.23450063
   -649.25004825
   -649.13589498
   -649.17222114
   -649.20929405
   -649.24045498
   -649.23419299
   -649.23241533
   -649.23388313
   -649.24712586
   -649.22788907
   -649.20615322
   -649.13680243
   -649.24725610
   -649.17266310
   -649.22298537
   -649.14337502
   -649.22813817
   -649.13987638
   -649.24467311
   -649.23866700
   -649.15153911
   -649.23564647
   -649.15885096
   -649.22762883
   -649.21772487
   -649.17353581
   -649.14679736
   -649.21927278
   -649.20609203
   -649.18597177
   -649.22917006
   -649.15205289
   -649.24025260
   -649.18228071
   -649.17916038
   -649.18498215
   -649.17309895
   -649.19514190
   -649.20831952
   -649.16467475
   -649.25018110
   -649.19610604
   -649.21823062
   -649.22285879
   -649.23599650
   -649.18763046
   -649.20921891
   -649.18334766
   -649.22347900
   -649.22796038
   -649.22758782
   -649.18818809
   -649.17778258
   -649.20601707
   -649.17626138
   -649.16051450
   -649.24225071
   -649.23061847
   -649.14313204
   -649.22490014
   -649.23345429
   -649.23707208
   -649.18324029
   -649.12668690
   -649.20374468
   -649.22010460
   -649.23813808
   -649.23223182
   -649.24464405
   -649.23693517
   -649.22601896
   -649.19557014
   -649.15255195
   -649.20398332
   -649.22010892
   -649.19504806
   -649.09649029
   -649.14898006
   -649.21642936
   -649.15403595
   -649.24107538
   -649.24299039
   -649.23831744
   -649.21473302
   -649.19711620
   -649.22162121
   -649.23380189
   -649.24426265
   -649.22010238
   -649.10052642
   -649.21669478
   -649.20796020
   -649.18009840
   -649.20692170
   -649.16731043
   -649.21125664
   -649.22977140
   -649.22523941
   -649.13733682
   -649.15460338
   -649.17326437
   -649.23510843
   -649.17321874
   -649.22206425
   -649.24193845
   -649.24170180
   -649.18167193
   -649.13165037
   -649.15431973
   -649.23522398
   -649.18259082
   -649.22196021
   -649.23125273
   -649.21711619
   -649.18241493
   -649.17779650
   -649.23122843
   -649.23780449
   -649.17375715
   -649.12092989
   -649.22668489
   -649.25307907
   -649.23543524
   -649.17923135
   -649.24034964
   -649.24058341
   -649.22916347
   -649.15809624
   -649.12871022
   -649.21457490
   -649.24315114
   -649.20762652
   -649.22332581
   -649.25189799
   -649.17583633
   -649.20967485
   -649.23725773
   -649.21162759
   -649.22319443
   -649.21542263
   -649.23578867
   -649.19933637
   -649.21599712
   -649.22688576
   -649.22214260
   -649.21721873
   -649.24133737
   -649.22602618
   -649.20848955
   -649.14240329
   -649.15233308
   -649.19392365
   -649.18489598
   -649.17341401
   -649.21033546
   -649.23215844
   -649.23457010
   -649.21878937
   -649.20110818
   -649.21123156
   -649.23485640
   -649.24145551
   -649.21801914
   -649.18600215
   -649.22602333
   -649.21282143
   -649.23327404
   -649.24278977
   -649.23005780
   -649.15272424
   -649.19969294
   -649.22606622
   -649.19528293
   -649.23768056
   -649.21099987
   -649.22582810
   -649.21646362
   -649.23817080
   -649.17233569
   -649.22436002
   -649.17802614
   -649.21386240
   -649.17390745
   -649.13636415
   -649.20945526
   -649.23722936
   -649.20617328
   -649.19286792
   -649.15745496
   -649.23263623
   -649.20070594
   -649.21979952
   -649.23616941
   -649.17233608
   -649.17743431
   -649.23198572
   -649.21587039
   -649.17982489
   -649.22543111
   -649.22083008
   -649.16526191
   -649.19588674
   -649.16215539
   -649.20021740
   -649.14141393
   -649.22966931
   -649.23973306
   -649.18159334
   -649.21301499
   -649.20170529
   -649.21737347
   -649.23471545
   -649.20063270
   -649.13072602
   -649.23356306
   -649.22126859
   -649.22447581
   -649.22625160
   -649.23627368
   -649.22441726
   -649.19830339
   -649.18861690
   -649.19784060
   -649.18758013
   -649.24074453
   -649.17739920
   -649.13826532
   -649.18955168
   -649.14636347
   -649.15860033
   -649.23525020
   -649.07770574
   -649.24241618
   -649.17602273
   -649.14501143
   -649.15437084
   -649.20317927
   -649.23259618
   -649.22397363
   -649.22113619
   -649.15709172
   -649.24317048
   -649.23723678
   -649.23415744
   -649.21791977
   -649.20412725
   -649.18454137
   -649.22643126
   -649.23564297
