% The following energies apply to conformations described by the topology 
% R41_iter1.top.  Structures are given in trajectory coords.cdf, count: 235.

% Item 0:
%   Energy -> orca_structures/coor*/NConf*.out
   -731.24715092
   -731.25102978
   -731.25168166
   -731.24819036
   -731.25174311
   -731.25615045
   -731.24967425
   -731.25506063
   -731.25355438
   -731.25677077
   -731.25282032
   -731.25075797
   -731.24922179
   -731.25750445
   -731.24232178
   -731.25521711
   -731.24816802
   -731.25285529
   -731.25164348
   -731.25872930
   -731.25437056
   -731.24620640
   -731.25564613
   -731.25239489
   -731.24558160
   -731.25675100
   -731.25360433
   -731.25211907
   -731.25808451
   -731.25137657
   -731.25604555
   -731.24620022
   -731.25414468
   -731.25461460
   -731.24998467
   -731.24313873
   -731.25440025
   -731.25229989
   -731.25336378
   -731.25695982
   -731.24854204
   -731.25588752
   -731.25203182
   -731.25397145
   -731.25031038
   -731.25623325
   -731.25308611
   -731.25438878
   -731.25633711
   -731.25373264
   -731.25844066
   -731.25409290
   -731.24759532
   -731.25072596
   -731.25127535
   -731.25633532
   -731.24401588
   -731.25212096
   -731.25210962
   -731.24832648
   -731.25230226
   -731.25090408
   -731.24605656
   -731.25653471
   -731.25283588
   -731.25330424
   -731.25782393
   -731.25377787
   -731.25018801
   -731.24613796
   -731.25474527
   -731.25527833
   -731.25357977
   -731.25254437
   -731.25109712
   -731.25269453
   -731.25422095
   -731.25310554
   -731.25043695
   -731.25584591
   -731.25492779
   -731.25473376
   -731.25856749
   -731.24923288
   -731.24625138
   -731.25536851
   -731.25844007
   -731.25558520
   -731.25613887
   -731.25166564
   -731.24285344
   -731.25206305
   -731.25719165
   -731.25251519
   -731.24895163
   -731.25718226
   -731.25330743
   -731.25681064
   -731.25451254
   -731.24480459
   -731.25489658
   -731.25796286
   -731.25532027
   -731.25620958
   -731.24742158
   -731.24720072
   -731.25684211
   -731.25736033
   -731.25032605
   -731.25438234
   -731.25566568
   -731.25472160
   -731.25541141
   -731.25577130
   -731.25629906
   -731.25530095
   -731.25193837
   -731.25046098
   -731.25109359
   -731.25523134
   -731.24948985
   -731.24349775
   -731.24947038
   -731.24739340
   -731.25624176
   -731.24981698
   -731.23911913
   -731.25548858
   -731.25412074
   -731.24471307
   -731.25396206
   -731.25503646
   -731.25570805
   -731.24270945
   -731.25557404
   -731.25709173
   -731.24922336
   -731.25579638
   -731.24448551
   -731.24907035
   -731.25217316
   -731.25636280
   -731.25492840
   -731.25013661
   -731.25086977
   -731.25429994
   -731.24903026
   -731.24462505
   -731.25278864
   -731.24893851
   -731.25791065
   -731.24571415
   -731.24883600
   -731.25197200
   -731.25509623
   -731.25276672
   -731.25291525
   -731.24267536
   -731.25153218
   -731.25366775
   -731.25577696
   -731.25101455
   -731.25587545
   -731.25391441
   -731.24471574
   -731.25611973
   -731.25162820
   -731.25150867
   -731.25530554
   -731.24437577
   -731.25861558
   -731.25721145
   -731.25808052
   -731.24560458
   -731.25521444
   -731.24888775
   -731.25114198
   -731.24585891
   -731.25245440
   -731.25451498
   -731.25382131
   -731.25021366
   -731.25608174
   -731.24943215
   -731.24991842
   -731.25581895
   -731.25530683
   -731.24930161
   -731.24985505
   -731.25560760
   -731.25934998
   -731.25266536
   -731.25492576
   -731.25693328
   -731.25331121
   -731.25636383
   -731.24915954
   -731.23709132
   -731.25447410
   -731.25633222
   -731.25091693
   -731.25526674
   -731.25032188
   -731.25722226
   -731.25750944
   -731.25118243
   -731.24885698
   -731.25016387
   -731.24486393
   -731.24659716
   -731.25718904
   -731.24823379
   -731.25329938
   -731.23812138
   -731.23474148
   -731.25056047
   -731.25083347
   -731.25400901
   -731.25576228
   -731.25501633
   -731.25265029
   -731.25264134
   -731.25802999
   -731.25861148
   -731.25023169
   -731.25173143
   -731.24971577
   -731.24686190
   -731.25179774
   -731.25559336
   -731.23713429
   -731.25052411
   -731.25370572
   -731.25431803
   -731.25503080
