% The following energies apply to conformations described by the topology 
% R52_iter1.top.  Structures are given in trajectory coords.cdf, count: 170.

% Item 0:
%   Energy -> orca_structures/coor*/NConf*.out
   -882.38417093
   -882.38866413
   -882.38859022
   -882.38488209
   -882.38534314
   -882.38836887
   -882.38916403
   -882.37963036
   -882.37631843
   -882.37320641
   -882.38716041
   -882.38602645
   -882.38951506
   -882.39075202
   -882.37925373
   -882.38161320
   -882.38493600
   -882.38911641
   -882.38133947
   -882.37893093
   -882.38662496
   -882.37878190
   -882.38395634
   -882.38215171
   -882.37573692
   -882.38767273
   -882.38704467
   -882.38214413
   -882.37556305
   -882.38755287
   -882.39136925
   -882.37887524
   -882.38721258
   -882.38398996
   -882.37918972
   -882.38279820
   -882.38228246
   -882.38474002
   -882.38872207
   -882.38090505
   -882.38340471
   -882.37999484
   -882.38461735
   -882.38095073
   -882.38986007
   -882.38665279
   -882.38991722
   -882.38485652
   -882.38205997
   -882.38745651
   -882.38526392
   -882.38219574
   -882.38984033
   -882.38225674
   -882.39071601
   -882.38772300
   -882.38906094
   -882.38736557
   -882.39027757
   -882.38905256
   -882.38831830
   -882.37929482
   -882.38698886
   -882.38059068
   -882.39010335
   -882.38224806
   -882.38818972
   -882.38368814
   -882.38472122
   -882.38595525
   -882.38823820
   -882.38420915
   -882.37809419
   -882.37957703
   -882.37788362
   -882.37889385
   -882.38866233
   -882.38733944
   -882.38360459
   -882.37149001
   -882.38846863
   -882.38399663
   -882.37724545
   -882.38638513
   -882.38834114
   -882.38451780
   -882.37946700
   -882.38972080
   -882.38221943
   -882.38884667
   -882.38902371
   -882.37294149
   -882.38530020
   -882.38700155
   -882.38385329
   -882.38990349
   -882.37838356
   -882.38298066
   -882.38380919
   -882.39085959
   -882.38737546
   -882.38583367
   -882.37965290
   -882.37890931
   -882.38246995
   -882.37401146
   -882.39024552
   -882.38202676
   -882.38767199
   -882.38722156
   -882.38387638
   -882.38552800
   -882.38943254
   -882.38387720
   -882.37948599
   -882.38733215
   -882.38674401
   -882.38953876
   -882.37560588
   -882.38007801
   -882.38748661
   -882.38571051
   -882.38728920
   -882.38740293
   -882.38367914
   -882.38724061
   -882.38807041
   -882.38445986
   -882.37798892
   -882.38364177
   -882.38996586
   -882.38357634
   -882.38916546
   -882.38853588
   -882.38578565
   -882.38601337
   -882.38274424
   -882.38392754
   -882.38217285
   -882.38589919
   -882.38668832
   -882.38190396
   -882.38882916
   -882.38928218
   -882.38107119
   -882.37901474
   -882.38772864
   -882.38932349
   -882.38895786
   -882.37939448
   -882.38486650
   -882.38389981
   -882.37953679
   -882.37056232
   -882.38398654
   -882.38526020
   -882.38098331
   -882.38701273
   -882.38863932
   -882.37949261
   -882.38718364
   -882.37992585
   -882.39038696
   -882.38889881
   -882.38711659
   -882.38644566
   -882.38987311
   -882.38336058
   -882.38516599
   -882.38361087
