   -0.13580507
    0.27406676
   -0.46200627
   -0.09736267
    0.03651274
   -0.11905714
   -0.02726785
   -0.05953353
   -0.05504499
   -0.05624915
   -0.05463755
   -0.05683902
   -0.02590468
    0.26033705
   -0.44365540
   -0.09243728
   -0.05416742
   -0.05006117
    0.06505477
    0.06618930
    0.05157333
    0.04625089
    0.04042727
    0.07442369
    0.04180705
    0.03321405
    0.03370098
    0.03018400
    0.03132716
    0.02874619
    0.02783410
    0.03114757
    0.03135375
    0.02843107
    0.03194193
    0.02585546
    0.09384709
    0.04610158
    0.05795747
    0.04832724
    0.06681580
    0.08920655
    0.05004693
    0.04734745
