           1           2  0.98966940331355580     
           2           3   1.6590937411448330     
           2           4   1.2385891615291815     
           3           4  0.18658612817212863     
           4           5  0.97036093677571222     
           5           6   1.0003384391569385     
           5           7  0.97068886865881487     
           7           8  0.99603976900620994     
           8           9   1.0073552993513988     
           9          10   1.0091903924520618     
          10          11   1.0091287999017378     
           7          12  0.99753373911975096     
          11          12   1.0075316970705641     
           4          13  0.99908801127857982     
          13          14  0.95340687488773745     
          14          15   1.6669676340557478     
          14          16   1.2484693760576533     
          15          16  0.19585033605841912     
          16          17   1.0051914611962856     
          16          18  0.99604628765797454     
           1          19  0.98221620060109971     
           1          20  0.96146504229758256     
           1          21  0.96763919611337612     
           5          22  0.96351878444606087     
           6          23  0.98371176743550981     
           6          24  0.97742706868093721     
           6          25  0.98320464682635833     
           7          26  0.95811989690725097     
           8          27  0.97459107950986423     
           8          28  0.97609387223845956     
           9          29  0.97753965285124844     
           9          30  0.97730504694509723     
          10          31  0.97760755349801287     
          10          32  0.97753722212357208     
          11          33  0.97742083890351150     
          11          34  0.97735394766237460     
          12          35  0.97539128816723641     
          12          36  0.97552968692151520     
          13          37  0.93734041004915114     
          13          38  0.95286940022068611     
          17          39  0.97315326820254155     
          17          40  0.97448075451732552     
          17          41  0.98160330888887104     
          18          42  0.97246282487508429     
          18          43  0.97690484031082925     
          18          44  0.97785230302986381     
