% The following energies apply to conformations described by the topology 
% R08.top.  Structures are given in trajectory coords.cdf, count: 2579.

% Item 0:
%   Energy -> orca_structures/coor*/Conf*.out
  -1264.47922964
  -1264.49852723
  -1264.51180432
  -1264.50131160
  -1264.49357246
  -1264.47888623
  -1264.47318379
  -1264.53202275
  -1264.45688213
  -1264.48202574
  -1264.40729354
  -1264.47430801
  -1264.52130422
  -1264.48762163
  -1264.45631434
  -1264.47503727
  -1264.46203698
  -1264.51233195
  -1264.50535928
  -1264.52266339
  -1264.49192676
  -1264.50914100
  -1264.52806362
  -1264.48932348
  -1264.51363134
  -1264.50922774
  -1264.50562150
  -1264.44875034
  -1264.50316224
  -1264.48086748
  -1264.48301395
  -1264.48066605
  -1264.50799621
  -1264.49640048
  -1264.48200674
  -1264.51369593
  -1264.49583363
  -1264.51275013
  -1264.47618404
  -1264.48823892
  -1264.48004775
  -1264.48037081
  -1264.51509071
  -1264.46079834
  -1264.49209094
  -1264.48405734
  -1264.46183714
  -1264.49777662
  -1264.51909983
  -1264.49293368
  -1264.51963315
  -1264.48660827
  -1264.44142172
  -1264.48949331
  -1264.47053406
  -1264.51579954
  -1264.47406895
  -1264.45872243
  -1264.44127952
  -1264.50369511
  -1264.49258464
  -1264.46984323
  -1264.52214754
  -1264.50779436
  -1264.47453435
  -1264.50054417
  -1264.47254108
  -1264.49928141
  -1264.49436596
  -1264.46849840
  -1264.48322121
  -1264.47816482
  -1264.49192335
  -1264.45880665
  -1264.51082529
  -1264.47847820
  -1264.51385688
  -1264.48611590
  -1264.49069336
  -1264.48241550
  -1264.50516281
  -1264.51230841
  -1264.43842914
  -1264.50725673
  -1264.48007506
  -1264.48589952
  -1264.47604116
  -1264.48877526
  -1264.49178275
  -1264.48512291
  -1264.49680815
  -1264.49158639
  -1264.50283121
  -1264.48101946
  -1264.52188946
  -1264.48377825
  -1264.47952234
  -1264.49172090
  -1264.52978772
  -1264.49244850
  -1264.50213540
  -1264.51001029
  -1264.50790065
  -1264.46889850
  -1264.48453330
  -1264.51464835
  -1264.44501425
  -1264.48860757
  -1264.49992656
  -1264.49133899
  -1264.50129383
  -1264.50446190
  -1264.44048716
  -1264.47564726
  -1264.45852715
  -1264.46415223
  -1264.48380158
  -1264.51302583
  -1264.47709691
  -1264.51190981
  -1264.46587372
  -1264.46885641
  -1264.51283597
  -1264.48547560
  -1264.49726145
  -1264.48074042
  -1264.49135001
  -1264.47969152
  -1264.50843561
  -1264.48227744
  -1264.50119456
  -1264.48982661
  -1264.48202047
  -1264.50771130
  -1264.49557915
  -1264.52314904
  -1264.49387126
  -1264.47571588
  -1264.48541502
  -1264.48321906
  -1264.49472532
  -1264.52035322
  -1264.47960235
  -1264.50599263
  -1264.48880149
  -1264.47696899
  -1264.50767331
  -1264.50081944
  -1264.51921308
  -1264.49087860
  -1264.47492125
  -1264.50194498
  -1264.50103157
  -1264.50749035
  -1264.44065955
  -1264.49631287
  -1264.50047169
  -1264.50298860
  -1264.47189777
  -1264.50064880
  -1264.46902786
  -1264.48029976
  -1264.49694386
  -1264.48990039
  -1264.50488334
  -1264.47562890
  -1264.51683237
  -1264.50968779
  -1264.46385230
  -1264.50668887
  -1264.47033821
  -1264.48816116
  -1264.48074801
  -1264.50643501
  -1264.49126330
  -1264.48082275
  -1264.48737967
  -1264.51966455
  -1264.46757391
  -1264.47985924
  -1264.44274123
  -1264.48049702
  -1264.50585646
  -1264.47118393
  -1264.48711533
  -1264.50419548
  -1264.47798565
  -1264.52257765
  -1264.49611561
  -1264.51722678
  -1264.49924872
  -1264.46717540
  -1264.51101267
  -1264.48738584
  -1264.48850736
  -1264.44264535
  -1264.49230281
  -1264.51560490
  -1264.44241624
  -1264.51205388
  -1264.48842400
  -1264.48481018
  -1264.50783316
  -1264.46970027
  -1264.50880576
  -1264.44658857
  -1264.52195258
  -1264.49252830
  -1264.49928245
  -1264.49471917
  -1264.50147711
  -1264.48342816
  -1264.50099446
  -1264.49240900
  -1264.49664660
  -1264.50813468
  -1264.50395125
  -1264.47346995
  -1264.51864668
  -1264.48835626
  -1264.51386856
  -1264.49988005
  -1264.47212974
  -1264.50234464
  -1264.49343084
  -1264.49782643
  -1264.47823437
  -1264.47805094
  -1264.48813684
  -1264.48819589
  -1264.51079055
  -1264.49530556
  -1264.50017044
  -1264.50225986
  -1264.47680144
  -1264.49079703
  -1264.48193091
  -1264.49827070
  -1264.49713782
  -1264.50462548
  -1264.48830265
  -1264.51931464
  -1264.49935056
  -1264.48347508
  -1264.48675151
  -1264.50922344
  -1264.50438198
  -1264.53224635
  -1264.48391462
  -1264.48560979
  -1264.45459558
  -1264.45726727
  -1264.48213939
  -1264.47221501
  -1264.50519955
  -1264.48489282
  -1264.46103671
  -1264.48051370
  -1264.50569183
  -1264.51600874
  -1264.49756332
  -1264.45944642
  -1264.51394049
  -1264.49771299
  -1264.50392286
  -1264.52774575
  -1264.49634040
  -1264.49079724
  -1264.46234414
  -1264.47821322
  -1264.46523846
  -1264.50475840
  -1264.51383171
  -1264.52440241
  -1264.49444949
  -1264.51254142
  -1264.50267765
  -1264.51562246
  -1264.49537304
  -1264.49661563
  -1264.48031203
  -1264.46591029
  -1264.48669414
  -1264.49608065
  -1264.47933723
  -1264.50923234
  -1264.48274656
  -1264.47932574
  -1264.43407529
  -1264.51767842
  -1264.50774905
  -1264.51239754
  -1264.51463692
  -1264.49606138
  -1264.46171156
  -1264.50483736
  -1264.51787310
  -1264.50359178
  -1264.47213872
  -1264.50719598
  -1264.48849142
  -1264.48243663
  -1264.49453265
  -1264.50073875
  -1264.49807996
  -1264.48218321
  -1264.49750367
  -1264.46579959
  -1264.49744958
  -1264.47314126
  -1264.50221810
  -1264.48418432
  -1264.52337612
  -1264.49447880
  -1264.48043088
  -1264.48564551
  -1264.49684189
  -1264.50591954
  -1264.49284506
  -1264.47905297
  -1264.48944241
  -1264.49599611
  -1264.52520724
  -1264.48663427
  -1264.48411930
  -1264.51396373
  -1264.48495427
  -1264.50748776
  -1264.51837606
  -1264.47967430
  -1264.50715142
  -1264.47889735
  -1264.50231346
  -1264.46692678
  -1264.48423591
  -1264.52509880
  -1264.50726601
  -1264.48512540
  -1264.48526999
  -1264.51858360
  -1264.52241039
  -1264.49815983
  -1264.49178620
  -1264.51469130
  -1264.52000677
  -1264.50752696
  -1264.48473887
  -1264.51704341
  -1264.48728899
  -1264.50990377
  -1264.49665540
  -1264.49172794
  -1264.49458192
  -1264.45873145
  -1264.50968851
  -1264.49882424
  -1264.49182221
  -1264.50193598
  -1264.48703232
  -1264.47085666
  -1264.47928123
  -1264.46579515
  -1264.50931432
  -1264.51680713
  -1264.47334269
  -1264.49119768
  -1264.49134011
  -1264.51416287
  -1264.51984141
  -1264.48712638
  -1264.48302284
  -1264.49653131
  -1264.48279988
  -1264.53035041
  -1264.51249153
  -1264.45804868
  -1264.51326561
  -1264.48812714
  -1264.47073126
  -1264.52497608
  -1264.50573509
  -1264.49553353
  -1264.50997134
  -1264.50483787
  -1264.49324683
  -1264.50343694
  -1264.50221490
  -1264.53113615
  -1264.48449087
  -1264.53663363
  -1264.49859088
  -1264.47915292
  -1264.42693863
  -1264.49552834
  -1264.48150108
  -1264.42032051
  -1264.47190107
  -1264.52469991
  -1264.49934793
  -1264.46003165
  -1264.47049205
  -1264.48360503
  -1264.50950668
  -1264.48863407
  -1264.48167789
  -1264.43319438
  -1264.45916562
  -1264.46876802
  -1264.50633730
  -1264.50123670
  -1264.48027900
  -1264.50455343
  -1264.51104885
  -1264.50623148
  -1264.50620922
  -1264.52026253
  -1264.50855097
  -1264.43778045
  -1264.49756729
  -1264.50221205
  -1264.48159276
  -1264.50269288
  -1264.51333495
  -1264.48181775
  -1264.51854268
  -1264.44905740
  -1264.49306324
  -1264.49994126
  -1264.51240479
  -1264.48259716
  -1264.49205811
  -1264.49517387
  -1264.51552967
  -1264.48538072
  -1264.48599989
  -1264.46118467
  -1264.51337810
  -1264.50073942
  -1264.49993833
  -1264.46877146
  -1264.49100011
  -1264.48091934
  -1264.49740659
  -1264.49129289
  -1264.50526498
  -1264.51795939
  -1264.51706633
  -1264.41709952
  -1264.48319054
  -1264.48614398
  -1264.49772328
  -1264.51807083
  -1264.48237311
  -1264.47005903
  -1264.49984632
  -1264.51709894
  -1264.48791090
  -1264.49439083
  -1264.51743823
  -1264.46712819
  -1264.48149221
  -1264.50845262
  -1264.48986932
  -1264.48910066
  -1264.49612082
  -1264.49151831
  -1264.45910176
  -1264.51798614
  -1264.48290529
  -1264.50622058
  -1264.47365269
  -1264.48510658
  -1264.49635954
  -1264.50050776
  -1264.50825480
  -1264.49187223
  -1264.45158031
  -1264.51635985
  -1264.46819276
  -1264.44366999
  -1264.50713654
  -1264.50886596
  -1264.51002799
  -1264.50879814
  -1264.50931939
  -1264.49360302
  -1264.47970252
  -1264.50675017
  -1264.47580399
  -1264.50300891
  -1264.50893587
  -1264.47504562
  -1264.49905906
  -1264.47467124
  -1264.52749783
  -1264.49794173
  -1264.49232642
  -1264.48533634
  -1264.48611556
  -1264.49542450
  -1264.47635940
  -1264.50504030
  -1264.48951395
  -1264.47066655
  -1264.44505281
  -1264.48398659
  -1264.48872451
  -1264.49144536
  -1264.48436322
  -1264.47100126
  -1264.49470900
  -1264.49628802
  -1264.51741499
  -1264.49419148
  -1264.46892500
  -1264.49778488
  -1264.47921781
  -1264.52024917
  -1264.46488602
  -1264.46833928
  -1264.50229310
  -1264.45917256
  -1264.51484893
  -1264.46927601
  -1264.45445943
  -1264.52649305
  -1264.44269633
  -1264.50909588
  -1264.49247442
  -1264.50136713
  -1264.50968553
  -1264.49299303
  -1264.49166803
  -1264.49387278
  -1264.49147014
  -1264.48364575
  -1264.52437965
  -1264.49691588
  -1264.45575644
  -1264.50280483
  -1264.50191775
  -1264.49735149
  -1264.46750823
  -1264.47547231
  -1264.49251703
  -1264.43475667
  -1264.51142899
  -1264.48414328
  -1264.50845331
  -1264.48545001
  -1264.47863626
  -1264.49960495
  -1264.49725747
  -1264.48442813
  -1264.49644196
  -1264.50065484
  -1264.51536154
  -1264.48363503
  -1264.41417380
  -1264.48478492
  -1264.50777958
  -1264.48652781
  -1264.46472598
  -1264.51477989
  -1264.53791248
  -1264.48491883
  -1264.46105411
  -1264.43782185
  -1264.48264055
  -1264.43718453
  -1264.47270396
  -1264.41707626
  -1264.44427916
  -1264.51458277
  -1264.52875704
  -1264.52079791
  -1264.50968729
  -1264.45836989
  -1264.51099206
  -1264.51391679
  -1264.47165442
  -1264.52195677
  -1264.52389253
  -1264.44945410
  -1264.49310552
  -1264.51309482
  -1264.50011001
  -1264.49014022
  -1264.47657539
  -1264.46943278
  -1264.47449729
  -1264.48865585
  -1264.50230768
  -1264.52627958
  -1264.44261788
  -1264.50465186
  -1264.49563221
  -1264.49637570
  -1264.48865147
  -1264.47232459
  -1264.50787871
  -1264.45603760
  -1264.53277364
  -1264.51464982
  -1264.50629656
  -1264.48965312
  -1264.48708279
  -1264.48709377
  -1264.43776334
  -1264.51406435
  -1264.48846163
  -1264.47069571
  -1264.49405200
  -1264.50427079
  -1264.50807108
  -1264.51448181
  -1264.45909590
  -1264.51130581
  -1264.49146955
  -1264.41465696
  -1264.48324598
  -1264.52343474
  -1264.49186402
  -1264.52313432
  -1264.49775040
  -1264.51263553
  -1264.47894613
  -1264.48898457
  -1264.47371726
  -1264.49020716
  -1264.45291934
  -1264.48957881
  -1264.49756448
  -1264.46103013
  -1264.51186097
  -1264.49216364
  -1264.50480096
  -1264.48174326
  -1264.46409579
  -1264.51952040
  -1264.50013782
  -1264.47269422
  -1264.43335442
  -1264.50441275
  -1264.48861418
  -1264.43776896
  -1264.49555699
  -1264.51460261
  -1264.48370275
  -1264.51730319
  -1264.52140758
  -1264.46570388
  -1264.51130757
  -1264.49549638
  -1264.50718078
  -1264.51551685
  -1264.47828713
  -1264.49937412
  -1264.46396662
  -1264.49764752
  -1264.47127111
  -1264.43882252
  -1264.49368143
  -1264.47215621
  -1264.48164814
  -1264.47284162
  -1264.49988955
  -1264.49848993
  -1264.51389271
  -1264.49213992
  -1264.53552074
  -1264.48668472
  -1264.52164111
  -1264.49456904
  -1264.50770925
  -1264.50483459
  -1264.49859605
  -1264.45435739
  -1264.51100907
  -1264.47303073
  -1264.50038256
  -1264.51900311
  -1264.48204907
  -1264.47531045
  -1264.52040695
  -1264.50469119
  -1264.47420964
  -1264.48629245
  -1264.46382152
  -1264.47562744
  -1264.49964811
  -1264.45373675
  -1264.48175761
  -1264.51636564
  -1264.45386608
  -1264.50527848
  -1264.46393983
  -1264.50207332
  -1264.46599645
  -1264.48803487
  -1264.45273709
  -1264.47884459
  -1264.44624887
  -1264.50039934
  -1264.51110115
  -1264.46129037
  -1264.42875208
  -1264.48373826
  -1264.51653064
  -1264.50350686
  -1264.49434934
  -1264.47816558
  -1264.49400803
  -1264.52427939
  -1264.48143306
  -1264.50631620
  -1264.45225627
  -1264.48755044
  -1264.49070180
  -1264.49616577
  -1264.50484258
  -1264.51110061
  -1264.50325014
  -1264.45827687
  -1264.49893724
  -1264.52556294
  -1264.46289424
  -1264.48960925
  -1264.48365285
  -1264.50288015
  -1264.49094895
  -1264.50208608
  -1264.47989492
  -1264.51909326
  -1264.50186377
  -1264.48759356
  -1264.49787842
  -1264.50180466
  -1264.49841671
  -1264.48903937
  -1264.47863859
  -1264.49162537
  -1264.47823228
  -1264.49722152
  -1264.51758439
  -1264.46622213
  -1264.52517753
  -1264.50403283
  -1264.48270565
  -1264.49678537
  -1264.41012145
  -1264.47461115
  -1264.48705482
  -1264.50611496
  -1264.45397466
  -1264.49066705
  -1264.49831116
  -1264.52123458
  -1264.49348545
  -1264.50665539
  -1264.48312634
  -1264.51946584
  -1264.48835560
  -1264.48059397
  -1264.48795165
  -1264.49869849
  -1264.48806278
  -1264.50812673
  -1264.52450484
  -1264.51064162
  -1264.49213525
  -1264.51216371
  -1264.48762937
  -1264.50048725
  -1264.49215654
  -1264.49786136
  -1264.48921166
  -1264.48963258
  -1264.46639885
  -1264.49567473
  -1264.49255681
  -1264.45061931
  -1264.53208662
  -1264.49390141
  -1264.48366780
  -1264.52421346
  -1264.48577926
  -1264.49038311
  -1264.50615057
  -1264.49146317
  -1264.51446480
  -1264.47700102
  -1264.48489773
  -1264.44269520
  -1264.48941807
  -1264.51796907
  -1264.49376097
  -1264.47422343
  -1264.49256010
  -1264.49122061
  -1264.47639382
  -1264.50743690
  -1264.51319995
  -1264.50173802
  -1264.48005150
  -1264.49123297
  -1264.43861996
  -1264.51489163
  -1264.48984530
  -1264.49518017
  -1264.50140634
  -1264.49615255
  -1264.52351253
  -1264.48071339
  -1264.48431386
  -1264.51555543
  -1264.50169467
  -1264.51835981
  -1264.49384896
  -1264.50219802
  -1264.49862866
  -1264.52384645
  -1264.49644842
  -1264.47897773
  -1264.49238726
  -1264.48731348
  -1264.49428732
  -1264.49962564
  -1264.49296763
  -1264.48012481
  -1264.50405381
  -1264.52566666
  -1264.43891264
  -1264.43629687
  -1264.46118412
  -1264.46704761
  -1264.50040602
  -1264.47109455
  -1264.49510422
  -1264.50152399
  -1264.49881654
  -1264.47745861
  -1264.46195287
  -1264.50095597
  -1264.52830538
  -1264.43593668
  -1264.51744259
  -1264.51122406
  -1264.42376561
  -1264.50824171
  -1264.47365550
  -1264.49188884
  -1264.51191120
  -1264.46088015
  -1264.50556073
  -1264.49073517
  -1264.48833658
  -1264.46988198
  -1264.49117855
  -1264.48073366
  -1264.50039233
  -1264.49420131
  -1264.49325888
  -1264.50070913
  -1264.52670467
  -1264.49098257
  -1264.52104631
  -1264.48714340
  -1264.50282249
  -1264.46492191
  -1264.51329090
  -1264.51950533
  -1264.47721635
  -1264.45686496
  -1264.46958327
  -1264.49671898
  -1264.48173451
  -1264.48959846
  -1264.48552894
  -1264.50265233
  -1264.50253623
  -1264.45841658
  -1264.51475928
  -1264.50228921
  -1264.50730233
  -1264.48775286
  -1264.49596724
  -1264.48582231
  -1264.50764236
  -1264.51252736
  -1264.46622844
  -1264.44385451
  -1264.48194556
  -1264.49893875
  -1264.47385245
  -1264.52362785
  -1264.51863613
  -1264.51567093
  -1264.51760387
  -1264.48685055
  -1264.51143956
  -1264.51251431
  -1264.51222398
  -1264.49506215
  -1264.49753230
  -1264.49888075
  -1264.48504150
  -1264.51167543
  -1264.48928003
  -1264.49599679
  -1264.51430884
  -1264.50892516
  -1264.50286418
  -1264.49232983
  -1264.50290450
  -1264.50421733
  -1264.50520182
  -1264.49319941
  -1264.50955559
  -1264.51273357
  -1264.46458176
  -1264.50472751
  -1264.51011982
  -1264.48154983
  -1264.50382776
  -1264.49363195
  -1264.46590040
  -1264.49147958
  -1264.48629698
  -1264.47729202
  -1264.47200660
  -1264.48552654
  -1264.51614304
  -1264.47167695
  -1264.50921819
  -1264.49835342
  -1264.49125799
  -1264.46500177
  -1264.51669101
  -1264.49760773
  -1264.50171455
  -1264.50501497
  -1264.53692243
  -1264.49769983
  -1264.51810467
  -1264.48368756
  -1264.51634319
  -1264.47334753
  -1264.52887238
  -1264.51609828
  -1264.52650660
  -1264.53614025
  -1264.43393921
  -1264.47102854
  -1264.45066113
  -1264.51565862
  -1264.47458074
  -1264.49991110
  -1264.50553996
  -1264.46354261
  -1264.43563813
  -1264.48459197
  -1264.44420064
  -1264.54064573
  -1264.50223474
  -1264.50257182
  -1264.48413853
  -1264.49659512
  -1264.51562445
  -1264.48605636
  -1264.48643221
  -1264.49031209
  -1264.49835915
  -1264.49002685
  -1264.47064963
  -1264.49658732
  -1264.49827651
  -1264.48832902
  -1264.52817125
  -1264.42453670
  -1264.50567254
  -1264.46189324
  -1264.51781578
  -1264.51731724
  -1264.49298124
  -1264.50110419
  -1264.49026297
  -1264.48921279
  -1264.50369046
  -1264.49811964
  -1264.42662768
  -1264.50063972
  -1264.49929537
  -1264.49799335
  -1264.51915743
  -1264.49978870
  -1264.49305914
  -1264.50141686
  -1264.51526740
  -1264.50864896
  -1264.47326224
  -1264.48595939
  -1264.45369060
  -1264.51947291
  -1264.46731153
  -1264.45253378
  -1264.45372790
  -1264.47199524
  -1264.44100649
  -1264.48512564
  -1264.46199726
  -1264.49400676
  -1264.49535281
  -1264.51943314
  -1264.51168276
  -1264.45886229
  -1264.51465193
  -1264.52180659
  -1264.50525499
  -1264.51820210
  -1264.49049449
  -1264.46239629
  -1264.53159664
  -1264.46256115
  -1264.51467609
  -1264.49684985
  -1264.47249948
  -1264.45808598
  -1264.49618077
  -1264.50213386
  -1264.45610232
  -1264.50849652
  -1264.48725099
  -1264.48632986
  -1264.49181890
  -1264.50217124
  -1264.45148936
  -1264.49074285
  -1264.44616843
  -1264.49121520
  -1264.44607895
  -1264.45549292
  -1264.49906309
  -1264.48005345
  -1264.42743017
  -1264.49464565
  -1264.49812109
  -1264.49787142
  -1264.46181460
  -1264.48920241
  -1264.49560462
  -1264.47381389
  -1264.47134329
  -1264.46880273
  -1264.48907215
  -1264.48852623
  -1264.47686173
  -1264.48208301
  -1264.51738496
  -1264.50080849
  -1264.46464691
  -1264.45315439
  -1264.52125121
  -1264.45893735
  -1264.49554301
  -1264.47725680
  -1264.46737691
  -1264.51493000
  -1264.49503750
  -1264.50608986
  -1264.52893725
  -1264.52895240
  -1264.43235503
  -1264.50303684
  -1264.45109497
  -1264.44414208
  -1264.49562264
  -1264.49317611
  -1264.48748614
  -1264.47219979
  -1264.50234294
  -1264.49920034
  -1264.52976013
  -1264.48326612
  -1264.50978432
  -1264.48587585
  -1264.48806585
  -1264.46420663
  -1264.51176310
  -1264.46917344
  -1264.48215175
  -1264.48060899
  -1264.48321573
  -1264.51630222
  -1264.49345568
  -1264.50242441
  -1264.50598969
  -1264.48577198
  -1264.48265943
  -1264.50146101
  -1264.49217588
  -1264.49763962
  -1264.48452092
  -1264.51434668
  -1264.50573648
  -1264.49793403
  -1264.48764272
  -1264.45974587
  -1264.48265886
  -1264.44665280
  -1264.47866715
  -1264.49732298
  -1264.45990855
  -1264.49506468
  -1264.49555682
  -1264.51350892
  -1264.53036872
  -1264.47340605
  -1264.46340858
  -1264.46321895
  -1264.49244583
  -1264.50545935
  -1264.50569966
  -1264.47440411
  -1264.49564474
  -1264.45046127
  -1264.51053068
  -1264.52002883
  -1264.51429835
  -1264.53668329
  -1264.52574572
  -1264.51217984
  -1264.46995115
  -1264.49038418
  -1264.48761024
  -1264.50643065
  -1264.51171496
  -1264.50195520
  -1264.49888118
  -1264.43216808
  -1264.48735818
  -1264.45588327
  -1264.51870473
  -1264.47516585
  -1264.48815997
  -1264.48464238
  -1264.47912052
  -1264.51182641
  -1264.49161629
  -1264.50678905
  -1264.50073910
  -1264.50318520
  -1264.48274344
  -1264.49984775
  -1264.49291917
  -1264.51570105
  -1264.49670489
  -1264.50984414
  -1264.49788671
  -1264.50527371
  -1264.50554136
  -1264.47608980
  -1264.50391260
  -1264.44923914
  -1264.50684195
  -1264.46509554
  -1264.49996114
  -1264.51698117
  -1264.46015987
  -1264.46501494
  -1264.49136881
  -1264.51786526
  -1264.42461621
  -1264.49801951
  -1264.48753290
  -1264.45356491
  -1264.49210591
  -1264.44203006
  -1264.50500803
  -1264.53222741
  -1264.48193172
  -1264.49097676
  -1264.49192925
  -1264.51300636
  -1264.44607854
  -1264.49056627
  -1264.51904404
  -1264.47398561
  -1264.50871839
  -1264.50887945
  -1264.45851299
  -1264.51555499
  -1264.44901210
  -1264.50216444
  -1264.49269281
  -1264.49424858
  -1264.49278841
  -1264.50486138
  -1264.48141491
  -1264.48670590
  -1264.50845288
  -1264.43983611
  -1264.48007804
  -1264.48176172
  -1264.47639940
  -1264.50047877
  -1264.47679490
  -1264.52491227
  -1264.51998677
  -1264.51743160
  -1264.52256171
  -1264.49957518
  -1264.48803510
  -1264.49904301
  -1264.50300670
  -1264.48432821
  -1264.47194988
  -1264.50264216
  -1264.42048518
  -1264.43016827
  -1264.49080257
  -1264.50131350
  -1264.50284557
  -1264.50114814
  -1264.50230268
  -1264.52826612
  -1264.39647856
  -1264.49301314
  -1264.46564591
  -1264.51222534
  -1264.48393126
  -1264.51637798
  -1264.48481745
  -1264.50404866
  -1264.50441449
  -1264.50031956
  -1264.46129440
  -1264.51295659
  -1264.50250371
  -1264.47668048
  -1264.49622714
  -1264.44461223
  -1264.50577588
  -1264.50390099
  -1264.49618986
  -1264.47218431
  -1264.48294641
  -1264.50103500
  -1264.51042476
  -1264.44714185
  -1264.49685147
  -1264.44858061
  -1264.49869926
  -1264.50595427
  -1264.47050430
  -1264.47007290
  -1264.48432579
  -1264.46591215
  -1264.46936632
  -1264.52808965
  -1264.49573669
  -1264.49270761
  -1264.50522664
  -1264.49743749
  -1264.45679344
  -1264.48125914
  -1264.47643507
  -1264.50650746
  -1264.42899199
  -1264.49381203
  -1264.51492671
  -1264.48964627
  -1264.48842346
  -1264.49607240
  -1264.43569334
  -1264.48727223
  -1264.48523352
  -1264.46332514
  -1264.47829116
  -1264.49233922
  -1264.41265170
  -1264.52247236
  -1264.47264620
  -1264.48343052
  -1264.49320893
  -1264.48331927
  -1264.50288162
  -1264.48697301
  -1264.48293276
  -1264.49818837
  -1264.49971297
  -1264.50361746
  -1264.50500403
  -1264.49004730
  -1264.51107587
  -1264.46696106
  -1264.48558332
  -1264.49665683
  -1264.48184192
  -1264.46592226
  -1264.51405585
  -1264.45445783
  -1264.50992868
  -1264.50412426
  -1264.51119872
  -1264.50593933
  -1264.48952241
  -1264.48308715
  -1264.50854212
  -1264.45974727
  -1264.50454883
  -1264.48648939
  -1264.49430450
  -1264.49267160
  -1264.48708294
  -1264.49920474
  -1264.45576090
  -1264.49766802
  -1264.48622190
  -1264.50869524
  -1264.48974084
  -1264.48790351
  -1264.49020743
  -1264.49480687
  -1264.47843374
  -1264.47276378
  -1264.49726267
  -1264.51007087
  -1264.47988145
  -1264.48456150
  -1264.46718275
  -1264.49818567
  -1264.48166816
  -1264.45806514
  -1264.51423472
  -1264.49415023
  -1264.47714670
  -1264.49136061
  -1264.51957241
  -1264.49619027
  -1264.46717726
  -1264.48193921
  -1264.49205957
  -1264.46445785
  -1264.50694676
  -1264.48261430
  -1264.49160959
  -1264.48692097
  -1264.49614513
  -1264.49282845
  -1264.48812498
  -1264.52211034
  -1264.49468642
  -1264.50536228
  -1264.47458398
  -1264.50804855
  -1264.47612998
  -1264.48677465
  -1264.45677469
  -1264.48417062
  -1264.43940868
  -1264.47840980
  -1264.49185894
  -1264.47363777
  -1264.49921512
  -1264.50609275
  -1264.50489608
  -1264.44544299
  -1264.47368079
  -1264.48189233
  -1264.49402814
  -1264.51252435
  -1264.48992112
  -1264.45156295
  -1264.50201304
  -1264.50322804
  -1264.48744637
  -1264.51489340
  -1264.46900032
  -1264.48770797
  -1264.45968852
  -1264.45651821
  -1264.51761759
  -1264.49324711
  -1264.49224617
  -1264.51043305
  -1264.52227937
  -1264.51440077
  -1264.49409517
  -1264.49569682
  -1264.50610787
  -1264.52345147
  -1264.50248357
  -1264.45895787
  -1264.46834404
  -1264.44969526
  -1264.47799264
  -1264.51361422
  -1264.46391606
  -1264.46010929
  -1264.50631200
  -1264.50058084
  -1264.49522969
  -1264.52595401
  -1264.51837449
  -1264.48451455
  -1264.47220899
  -1264.49277622
  -1264.46772351
  -1264.51596671
  -1264.51509753
  -1264.50365428
  -1264.49444605
  -1264.49003208
  -1264.45344158
  -1264.47398681
  -1264.45565634
  -1264.48666838
  -1264.42080661
  -1264.47234496
  -1264.50643658
  -1264.50558390
  -1264.47158574
  -1264.47891275
  -1264.49986844
  -1264.48749954
  -1264.51328593
  -1264.48448242
  -1264.52560301
  -1264.48386158
  -1264.48421431
  -1264.47572113
  -1264.52993930
  -1264.46182618
  -1264.49436983
  -1264.49961461
  -1264.51147394
  -1264.49932805
  -1264.45500030
  -1264.47854023
  -1264.49035440
  -1264.49557058
  -1264.47294456
  -1264.49023797
  -1264.49088958
  -1264.48389316
  -1264.46692340
  -1264.47510401
  -1264.50363497
  -1264.46928493
  -1264.42881969
  -1264.47924295
  -1264.51260652
  -1264.45871515
  -1264.49481507
  -1264.48663070
  -1264.46586863
  -1264.51133493
  -1264.50142502
  -1264.51078858
  -1264.48939174
  -1264.48925891
  -1264.48079741
  -1264.49317526
  -1264.46024968
  -1264.44378693
  -1264.52336016
  -1264.45489422
  -1264.49841158
  -1264.50161454
  -1264.48402593
  -1264.51004425
  -1264.49481915
  -1264.49405224
  -1264.46198102
  -1264.49904709
  -1264.49680516
  -1264.52227557
  -1264.49137420
  -1264.46678277
  -1264.53617425
  -1264.49403086
  -1264.46551276
  -1264.49952748
  -1264.51282545
  -1264.51799734
  -1264.50774827
  -1264.48675016
  -1264.47369175
  -1264.45711045
  -1264.46904335
  -1264.47797116
  -1264.49056704
  -1264.51174907
  -1264.45639835
  -1264.42186582
  -1264.52238870
  -1264.51799505
  -1264.50870611
  -1264.53859311
  -1264.47808994
  -1264.50168761
  -1264.51691280
  -1264.47519214
  -1264.46290956
  -1264.49735334
  -1264.49804220
  -1264.47138810
  -1264.49165716
  -1264.48746251
  -1264.48928649
  -1264.50300563
  -1264.44907144
  -1264.46729146
  -1264.50347903
  -1264.48420516
  -1264.49287538
  -1264.49903169
  -1264.45007750
  -1264.47945183
  -1264.52061577
  -1264.51414859
  -1264.50340445
  -1264.53201826
  -1264.47087813
  -1264.48454147
  -1264.48049335
  -1264.51547544
  -1264.47323806
  -1264.49499995
  -1264.49210812
  -1264.49357691
  -1264.47032323
  -1264.51037048
  -1264.48917751
  -1264.50006760
  -1264.47941156
  -1264.48100959
  -1264.48728708
  -1264.52069431
  -1264.49452916
  -1264.50007701
  -1264.51877455
  -1264.48199938
  -1264.49798719
  -1264.48285987
  -1264.48404761
  -1264.50536049
  -1264.49556239
  -1264.51596018
  -1264.50897200
  -1264.52270144
  -1264.49470170
  -1264.48533832
  -1264.49801193
  -1264.51381298
  -1264.51188492
  -1264.43194056
  -1264.49502976
  -1264.46582454
  -1264.49195120
  -1264.50715082
  -1264.51777220
  -1264.50693074
  -1264.42410111
  -1264.46676655
  -1264.50763527
  -1264.45792815
  -1264.48561624
  -1264.51312028
  -1264.50092167
  -1264.48458188
  -1264.44463029
  -1264.50143570
  -1264.50826042
  -1264.50497346
  -1264.47223172
  -1264.50439954
  -1264.48725511
  -1264.46460704
  -1264.49581112
  -1264.46066517
  -1264.50847067
  -1264.48870102
  -1264.50184517
  -1264.49702372
  -1264.49305768
  -1264.49724096
  -1264.52500293
  -1264.49989554
  -1264.51157364
  -1264.48373100
  -1264.44243074
  -1264.49501664
  -1264.51326074
  -1264.49454952
  -1264.40832246
  -1264.51924408
  -1264.48117265
  -1264.48801594
  -1264.53574941
  -1264.49936396
  -1264.49412235
  -1264.50411833
  -1264.50557433
  -1264.47392466
  -1264.47980890
  -1264.51206112
  -1264.46236973
  -1264.48221175
  -1264.48552325
  -1264.48133836
  -1264.50588057
  -1264.50097067
  -1264.50392799
  -1264.50128318
  -1264.48972462
  -1264.48237689
  -1264.46757711
  -1264.50485933
  -1264.51229457
  -1264.50896301
  -1264.53058033
  -1264.48538409
  -1264.49424158
  -1264.51344642
  -1264.49467498
  -1264.49549893
  -1264.46822905
  -1264.49849591
  -1264.48112763
  -1264.47218894
  -1264.47106179
  -1264.50339289
  -1264.51375833
  -1264.51407552
  -1264.49542245
  -1264.47661977
  -1264.49570893
  -1264.40704177
  -1264.52763576
  -1264.51560001
  -1264.46407427
  -1264.47777745
  -1264.45519878
  -1264.49055982
  -1264.50888229
  -1264.48616043
  -1264.46110240
  -1264.50095933
  -1264.48123721
  -1264.50510777
  -1264.51656875
  -1264.49534015
  -1264.47331469
  -1264.49814155
  -1264.49475684
  -1264.47974744
  -1264.49655211
  -1264.50168706
  -1264.52005383
  -1264.48832796
  -1264.50650825
  -1264.47952741
  -1264.44639992
  -1264.46554926
  -1264.48037105
  -1264.47681804
  -1264.47777449
  -1264.48021504
  -1264.50658692
  -1264.49521287
  -1264.50276858
  -1264.49118190
  -1264.48883563
  -1264.47303192
  -1264.47879834
  -1264.49675017
  -1264.50610154
  -1264.45748918
  -1264.48642271
  -1264.50151730
  -1264.43902448
  -1264.46472835
  -1264.50802292
  -1264.49596300
  -1264.49377863
  -1264.51389501
  -1264.51448766
  -1264.45000925
  -1264.50695742
  -1264.52531063
  -1264.47986919
  -1264.48017563
  -1264.49244528
  -1264.50366149
  -1264.43153462
  -1264.52074564
  -1264.47734706
  -1264.47168785
  -1264.46379685
  -1264.50173913
  -1264.49334644
  -1264.48911472
  -1264.48106047
  -1264.50957400
  -1264.51349572
  -1264.45898351
  -1264.50523543
  -1264.50295643
  -1264.47968741
  -1264.51140281
  -1264.49172467
  -1264.49175238
  -1264.47629768
  -1264.49602468
  -1264.48863409
  -1264.52381659
  -1264.50022206
  -1264.49963286
  -1264.50904611
  -1264.47200331
  -1264.51906153
  -1264.50116273
  -1264.50375640
  -1264.51683744
  -1264.48206678
  -1264.48925968
  -1264.50677665
  -1264.49806668
  -1264.48448128
  -1264.50896550
  -1264.47074798
  -1264.50265845
  -1264.47123207
  -1264.50549631
  -1264.50819595
  -1264.48374940
  -1264.48129108
  -1264.47792540
  -1264.50547338
  -1264.48986007
  -1264.50130328
  -1264.46408116
  -1264.51297820
  -1264.51150087
  -1264.50946451
  -1264.51636209
  -1264.48983957
  -1264.49176165
  -1264.50824174
  -1264.48273688
  -1264.52521106
  -1264.48609174
  -1264.42834739
  -1264.50563805
  -1264.52869904
  -1264.49657990
  -1264.50875932
  -1264.52599746
  -1264.47669490
  -1264.48761586
  -1264.50915903
  -1264.49894545
  -1264.51849950
  -1264.50424333
  -1264.49675963
  -1264.50910649
  -1264.50011381
  -1264.43604778
  -1264.45960163
  -1264.50603397
  -1264.46206304
  -1264.48024494
  -1264.48930605
  -1264.50097661
  -1264.48039954
  -1264.50990262
  -1264.51877463
  -1264.49795441
  -1264.48282006
  -1264.48296560
  -1264.50511389
  -1264.48467295
  -1264.50957005
  -1264.47813009
  -1264.48247887
  -1264.49033563
  -1264.50712881
  -1264.51707709
  -1264.51049431
  -1264.49941892
  -1264.49618588
  -1264.49502162
  -1264.51530006
  -1264.48667065
  -1264.49977564
  -1264.49474522
  -1264.49368936
  -1264.52638952
  -1264.46043160
  -1264.46119203
  -1264.50340000
  -1264.50874040
  -1264.49371300
  -1264.49389518
  -1264.48306491
  -1264.49142257
  -1264.49737734
  -1264.48001784
  -1264.50029951
  -1264.47139531
  -1264.50960190
  -1264.48033217
  -1264.49605202
  -1264.48560303
  -1264.48536673
  -1264.48873926
  -1264.44512491
  -1264.48977012
  -1264.49661035
  -1264.50600052
  -1264.48734941
  -1264.46307359
  -1264.51730036
  -1264.47942584
  -1264.48925176
  -1264.50307200
  -1264.50622081
  -1264.48429049
  -1264.51483875
  -1264.52621861
  -1264.49649998
  -1264.48251906
  -1264.49302967
  -1264.50521907
  -1264.46984765
  -1264.47985396
  -1264.46974259
  -1264.46522537
  -1264.51701735
  -1264.46981235
  -1264.51163903
  -1264.51551556
  -1264.49182565
  -1264.49758854
  -1264.50545549
  -1264.48898944
  -1264.48481422
  -1264.47906645
  -1264.50704664
  -1264.47260035
  -1264.51851821
  -1264.51374641
  -1264.50434605
  -1264.51026476
  -1264.50835041
  -1264.48643583
  -1264.49059167
  -1264.44061725
  -1264.46702734
  -1264.46679627
  -1264.45928137
  -1264.46897342
  -1264.48851443
  -1264.51705822
  -1264.49341064
  -1264.48092900
  -1264.48247628
  -1264.51895963
  -1264.48331911
  -1264.49891354
  -1264.49604862
  -1264.49942512
  -1264.49998358
  -1264.49101779
  -1264.46842589
  -1264.47536841
  -1264.47732705
  -1264.49816590
  -1264.50223528
  -1264.52964548
  -1264.46496943
  -1264.47303898
  -1264.43498122
  -1264.51403262
  -1264.48219109
  -1264.48588893
  -1264.49482945
  -1264.49731968
  -1264.50350735
  -1264.50331278
  -1264.46508229
  -1264.47742198
  -1264.48314947
  -1264.51811586
  -1264.49894212
  -1264.46367342
  -1264.48582535
  -1264.50947290
  -1264.49838722
  -1264.51669491
  -1264.46310601
  -1264.47378751
  -1264.49832824
  -1264.47052389
  -1264.50925359
  -1264.44289998
  -1264.48586703
  -1264.53151293
  -1264.49507459
  -1264.47889027
  -1264.48791964
  -1264.49511675
  -1264.47046152
  -1264.48685003
  -1264.50864997
  -1264.48861391
  -1264.48209510
  -1264.49990115
  -1264.50602014
  -1264.48741095
  -1264.50792377
  -1264.50309597
  -1264.47212768
  -1264.47936346
  -1264.47546544
  -1264.44928964
  -1264.51171060
  -1264.49310718
  -1264.51734412
  -1264.47728265
  -1264.48011252
  -1264.50464038
  -1264.48808086
  -1264.45144734
  -1264.47194930
  -1264.47897672
  -1264.51778529
  -1264.51664636
  -1264.46645172
  -1264.49314722
  -1264.49302346
  -1264.48099978
  -1264.50826433
  -1264.47118826
  -1264.46882274
  -1264.49154748
  -1264.50732728
  -1264.46978031
  -1264.51718228
  -1264.51581969
  -1264.50921490
  -1264.49448443
  -1264.51806144
  -1264.48430973
  -1264.49114154
  -1264.46687545
  -1264.50376545
  -1264.49781560
  -1264.50232595
  -1264.51015810
  -1264.48848469
  -1264.50664054
  -1264.49923612
  -1264.52347851
  -1264.50389313
  -1264.50099578
  -1264.50973526
  -1264.44800494
  -1264.50418935
  -1264.50528858
  -1264.49796588
  -1264.45269449
  -1264.50200305
  -1264.50895329
  -1264.47929523
  -1264.44879120
  -1264.49128843
  -1264.46420376
  -1264.47312017
  -1264.48138121
  -1264.52347827
  -1264.47077248
  -1264.52215556
  -1264.52542633
  -1264.51347690
  -1264.48889161
  -1264.50136323
  -1264.46619394
  -1264.50737676
  -1264.50852948
  -1264.50304249
  -1264.50958307
  -1264.49896089
  -1264.49119801
  -1264.47803384
  -1264.49955892
  -1264.49997505
  -1264.49863218
  -1264.46175383
  -1264.46411376
  -1264.51229672
  -1264.47234835
  -1264.49281495
  -1264.52483622
  -1264.50018523
  -1264.45349735
  -1264.50958926
  -1264.50215326
  -1264.48034243
  -1264.48166104
  -1264.50432723
  -1264.44942524
  -1264.53894646
  -1264.48455055
  -1264.48461768
  -1264.45433479
  -1264.50279701
  -1264.42559662
  -1264.50873861
  -1264.45868878
  -1264.51052106
  -1264.50744168
  -1264.49048356
  -1264.48790112
  -1264.52784731
  -1264.50163427
  -1264.51916540
  -1264.52525878
  -1264.46572301
  -1264.48597731
  -1264.48228792
  -1264.44104368
  -1264.49637767
  -1264.49774019
  -1264.53488063
  -1264.48061952
  -1264.47966241
  -1264.48838714
  -1264.48220089
  -1264.51706414
  -1264.48040520
  -1264.48571973
  -1264.49562387
  -1264.49207349
  -1264.49275526
  -1264.53100458
  -1264.47938104
  -1264.46667975
  -1264.48488972
  -1264.47044575
  -1264.49125395
  -1264.52207172
  -1264.49680006
  -1264.47903974
  -1264.49348369
  -1264.48656525
  -1264.47377605
  -1264.50471414
  -1264.47894259
  -1264.45040425
  -1264.47148006
  -1264.51271933
  -1264.52155797
  -1264.47512998
  -1264.50174670
  -1264.47700365
  -1264.49779769
  -1264.51150594
  -1264.50683874
  -1264.49348799
  -1264.48290756
  -1264.47250365
  -1264.49308692
  -1264.45014468
  -1264.49553491
  -1264.51123504
  -1264.45766726
  -1264.47715415
  -1264.50188369
  -1264.53804255
  -1264.44431732
  -1264.47533307
  -1264.48854915
  -1264.48135366
  -1264.51603219
  -1264.49914304
  -1264.48011448
  -1264.45720280
  -1264.50401830
  -1264.48354069
  -1264.51456030
  -1264.49906022
  -1264.52613196
  -1264.46980437
  -1264.52900733
  -1264.47311271
  -1264.48877095
  -1264.49500374
  -1264.46093800
  -1264.51090161
  -1264.50031992
  -1264.48993305
  -1264.47663605
  -1264.46568388
  -1264.50619292
  -1264.49911241
  -1264.46745882
  -1264.50732545
  -1264.43233828
  -1264.48749773
  -1264.48499532
  -1264.48805317
  -1264.50496664
  -1264.49015617
  -1264.45536811
  -1264.49970403
  -1264.49904891
  -1264.48694087
  -1264.48985349
  -1264.47349120
  -1264.48369586
  -1264.47455695
  -1264.49652421
  -1264.43807647
  -1264.46284730
  -1264.49527281
  -1264.50737650
  -1264.48236130
  -1264.42480898
  -1264.52017519
  -1264.48708211
  -1264.52001743
  -1264.48005514
  -1264.49958360
  -1264.43244171
  -1264.49263680
  -1264.47621274
  -1264.48459815
  -1264.47028683
  -1264.50058593
  -1264.50490560
  -1264.47321260
  -1264.41289618
  -1264.51816203
  -1264.51592826
  -1264.50955419
  -1264.49146283
  -1264.48690510
  -1264.49872895
  -1264.49646065
  -1264.47470095
  -1264.51692557
  -1264.48610858
  -1264.51848198
  -1264.48521615
  -1264.49401825
  -1264.51227092
  -1264.49534311
  -1264.51783576
  -1264.48566833
  -1264.44956816
  -1264.48565378
  -1264.50167406
  -1264.48672854
  -1264.47794007
  -1264.49802850
  -1264.52703980
  -1264.43968335
  -1264.49355746
  -1264.47089816
  -1264.51238406
  -1264.51678389
  -1264.47791586
  -1264.49315475
  -1264.51327070
  -1264.48828116
  -1264.50646077
  -1264.49848704
  -1264.45901904
  -1264.51525193
  -1264.49686506
  -1264.48593289
  -1264.51492551
  -1264.47109284
  -1264.49082791
  -1264.52461129
  -1264.52403221
  -1264.49445676
  -1264.48756263
  -1264.52530693
  -1264.50964371
  -1264.52854278
  -1264.49854357
  -1264.49345412
  -1264.49402717
  -1264.50385267
  -1264.51110884
  -1264.48001114
  -1264.45840595
  -1264.50453144
  -1264.49655208
  -1264.50128725
  -1264.52014036
  -1264.47557339
  -1264.46661205
  -1264.48724706
  -1264.49457689
  -1264.49428560
  -1264.50495643
  -1264.46949774
  -1264.47452234
  -1264.50245213
  -1264.49862655
  -1264.46508461
  -1264.48380573
  -1264.50220864
  -1264.49861148
  -1264.47946908
  -1264.51232452
  -1264.47911831
  -1264.47995984
  -1264.46839451
  -1264.45859549
  -1264.51341851
  -1264.51955753
  -1264.49716913
  -1264.51538777
  -1264.49827144
  -1264.50484223
  -1264.52259674
  -1264.49640422
  -1264.50294396
  -1264.48817820
  -1264.48372676
  -1264.53246357
  -1264.48425076
  -1264.50698957
  -1264.50142318
  -1264.50683473
  -1264.47803563
  -1264.46779981
  -1264.51086489
  -1264.46874648
  -1264.49162892
  -1264.48705436
  -1264.47814220
  -1264.47837824
  -1264.51384607
  -1264.51324107
  -1264.43253918
  -1264.48560542
  -1264.45173462
  -1264.49306330
  -1264.51570120
  -1264.51351421
  -1264.49701935
  -1264.51399575
  -1264.50074638
  -1264.46758185
  -1264.43948108
  -1264.47910781
  -1264.47067472
  -1264.48848744
  -1264.47533785
  -1264.50744505
  -1264.51466458
  -1264.49410083
  -1264.51248485
  -1264.52066392
  -1264.51621630
  -1264.49395212
  -1264.52655187
  -1264.50431779
  -1264.49687724
  -1264.51785382
  -1264.48651085
  -1264.46383967
  -1264.47655949
  -1264.53864798
  -1264.47386773
  -1264.48144834
  -1264.50317446
  -1264.46130432
  -1264.47712259
  -1264.49142013
  -1264.50059798
  -1264.50139770
  -1264.51385037
  -1264.47887514
  -1264.51920428
  -1264.50198690
  -1264.37684198
  -1264.47704854
  -1264.50539260
  -1264.46273268
  -1264.48946171
  -1264.52191417
  -1264.50034972
  -1264.47827315
  -1264.48849360
  -1264.51473362
  -1264.51522794
  -1264.48452909
  -1264.43658249
  -1264.47438124
  -1264.48723286
  -1264.46194631
  -1264.42648683
  -1264.50496326
  -1264.44445468
  -1264.50257423
  -1264.51985528
  -1264.49693074
  -1264.49399426
  -1264.53246944
  -1264.47276011
  -1264.50964385
  -1264.49514689
  -1264.49140724
  -1264.50768974
  -1264.47556578
  -1264.51552467
  -1264.50271932
  -1264.50388392
  -1264.51920531
  -1264.50749544
  -1264.46217856
  -1264.48603647
  -1264.48487543
  -1264.52265405
  -1264.47767379
  -1264.40278856
  -1264.47949498
  -1264.47344388
  -1264.53181908
  -1264.47810480
  -1264.50512700
  -1264.49305290
  -1264.45346733
  -1264.48880124
  -1264.49917186
  -1264.48590846
  -1264.51534526
  -1264.53005645
  -1264.48741690
  -1264.46639289
  -1264.47071086
  -1264.50570932
  -1264.49642275
  -1264.54248520
  -1264.49996934
  -1264.52903280
  -1264.51479712
  -1264.48861866
  -1264.47778669
  -1264.48530820
  -1264.47747460
  -1264.53535899
  -1264.47893084
  -1264.47148863
  -1264.51588180
  -1264.50090963
  -1264.50116998
  -1264.48720345
  -1264.48715546
  -1264.50931728
  -1264.50169832
  -1264.51393724
  -1264.50147735
  -1264.49743539
  -1264.51668461
  -1264.48708760
  -1264.50645857
  -1264.50469142
  -1264.50224328
  -1264.49534590
  -1264.49949542
  -1264.49476709
  -1264.51242750
  -1264.49213345
  -1264.47664990
  -1264.45831426
  -1264.50816419
  -1264.47365249
  -1264.50900549
  -1264.48757672
  -1264.50920960
  -1264.51597396
  -1264.50014270
  -1264.44213245
  -1264.49196236
  -1264.49929482
  -1264.50359870
  -1264.51727460
  -1264.49631386
  -1264.49780666
  -1264.47238016
  -1264.50352113
  -1264.49527153
  -1264.50355901
  -1264.42241486
  -1264.48470582
  -1264.48408094
  -1264.49527624
  -1264.43753609
  -1264.46959960
  -1264.51073042
  -1264.49027650
  -1264.49920377
  -1264.50548759
  -1264.50843016
  -1264.50478193
  -1264.49999363
  -1264.50279158
  -1264.52211443
  -1264.49209103
  -1264.51090781
  -1264.48525857
  -1264.50433123
  -1264.51149217
  -1264.44256307
  -1264.48405721
  -1264.42903204
  -1264.48335009
  -1264.50314725
  -1264.50535012
  -1264.44229733
  -1264.50504394
  -1264.50600703
  -1264.43370276
  -1264.51530491
  -1264.47205239
  -1264.50703943
  -1264.48235667
  -1264.50781623
  -1264.49745858
  -1264.51178457
  -1264.47735491
  -1264.51170279
  -1264.49330037
  -1264.47996957
  -1264.47575038
  -1264.49627151
  -1264.49826606
  -1264.47965233
  -1264.49660374
  -1264.42230665
  -1264.50164770
  -1264.50526107
  -1264.49183260
  -1264.53247084
  -1264.43746659
  -1264.48556491
  -1264.46491039
  -1264.50390191
  -1264.47415953
  -1264.49340918
  -1264.48520974
  -1264.49467061
  -1264.48946571
  -1264.51726197
  -1264.46831054
  -1264.47159980
  -1264.49098036
  -1264.52460288
  -1264.47913175
  -1264.49093059
  -1264.50733776
  -1264.49760478
  -1264.43674731
  -1264.47928613
  -1264.48398432
  -1264.47161056
  -1264.43532008
  -1264.48548432
  -1264.48422570
  -1264.49348492
  -1264.50128452
  -1264.49027523
  -1264.50195429
  -1264.39668939
  -1264.46723092
  -1264.49718182
  -1264.48354565
  -1264.48799104
  -1264.49353521
  -1264.46947136
  -1264.50901705
  -1264.49727873
  -1264.51082408
  -1264.51024212
  -1264.50620855
  -1264.41929231
  -1264.49899647
  -1264.47982929
  -1264.48862330
  -1264.48172396
  -1264.49236585
  -1264.51836828
  -1264.48094369
  -1264.52170893
  -1264.50688797
  -1264.50849389
  -1264.50500790
  -1264.45313647
  -1264.50273791
  -1264.49221430
  -1264.47435210
  -1264.47650099
  -1264.49095244
  -1264.48648079
  -1264.52224060
  -1264.49920131
  -1264.49226598
  -1264.49737657
  -1264.48021909
  -1264.47887202
  -1264.51024712
  -1264.52045186
  -1264.49829121
  -1264.51257409
  -1264.47027697
  -1264.47019527
  -1264.50606142
  -1264.47256895
  -1264.52238649
  -1264.47830893
  -1264.51858172
  -1264.49531796
  -1264.46550875
  -1264.46944828
  -1264.48528510
  -1264.48314497
  -1264.47652566
  -1264.53459588
  -1264.46042251
  -1264.45605663
  -1264.48529564
  -1264.44219516
  -1264.48824155
  -1264.49180193
  -1264.48001551
  -1264.45903748
  -1264.46533369
  -1264.47631806
  -1264.47894919
  -1264.50401478
  -1264.43385577
  -1264.51520473
  -1264.51330101
  -1264.45787693
  -1264.47718554
  -1264.52417685
  -1264.47004721
  -1264.46359612
  -1264.51232533
  -1264.51728732
  -1264.46654801
  -1264.46286155
  -1264.51576536
  -1264.48919831
  -1264.50197513
  -1264.50607435
  -1264.48958671
  -1264.50657401
  -1264.47897851
  -1264.50160578
  -1264.48955872
  -1264.51390290
  -1264.47845587
  -1264.52410626
  -1264.51054744
  -1264.47578481
  -1264.51125695
  -1264.49187618
  -1264.49225840
  -1264.49062532
