% The following energies apply to conformations described by the topology 
% R33.top.  Structures are given in trajectory coords.cdf, count: 2414.

% Item 0:
%   Energy -> orca_structures/coor*/Conf*.out
  -1055.45724798
  -1055.49222915
  -1055.50375339
  -1055.39653319
  -1055.48030988
  -1055.51780074
  -1055.44420072
  -1055.52069804
  -1055.47494854
  -1055.46943328
  -1055.48177636
  -1055.48682948
  -1055.52617054
  -1055.46540547
  -1055.47887811
  -1055.47051232
  -1055.51971445
  -1055.50949129
  -1055.49473424
  -1055.46325925
  -1055.49313824
  -1055.53000808
  -1055.47378694
  -1055.50076580
  -1055.49670762
  -1055.49246811
  -1055.48476530
  -1055.46440984
  -1055.50735927
  -1055.47731059
  -1055.49590656
  -1055.51001608
  -1055.52316581
  -1055.45961263
  -1055.50587227
  -1055.47972525
  -1055.49610933
  -1055.50699259
  -1055.47060067
  -1055.48890909
  -1055.47095509
  -1055.48788811
  -1055.45504304
  -1055.44917492
  -1055.46862921
  -1055.46329736
  -1055.48723640
  -1055.50350083
  -1055.46161846
  -1055.47648677
  -1055.46930315
  -1055.47251690
  -1055.45151776
  -1055.49322492
  -1055.48527089
  -1055.45041031
  -1055.46662890
  -1055.50885953
  -1055.47466994
  -1055.45897599
  -1055.53101857
  -1055.49333368
  -1055.47477810
  -1055.49819548
  -1055.47333769
  -1055.49173505
  -1055.49904867
  -1055.47280724
  -1055.49739327
  -1055.47736948
  -1055.49240872
  -1055.50906074
  -1055.44883220
  -1055.52334294
  -1055.50237036
  -1055.51440255
  -1055.48216143
  -1055.48608170
  -1055.50992100
  -1055.53418441
  -1055.45798023
  -1055.49921897
  -1055.48028777
  -1055.48797000
  -1055.44901517
  -1055.47618595
  -1055.47695828
  -1055.47469195
  -1055.50485492
  -1055.49613797
  -1055.51270567
  -1055.47465047
  -1055.51431929
  -1055.47886511
  -1055.50472563
  -1055.36432625
  -1055.43771056
  -1055.52011614
  -1055.49159335
  -1055.49344588
  -1055.49716273
  -1055.49327588
  -1055.50038666
  -1055.48807842
  -1055.50004953
  -1055.49167456
  -1055.44024213
  -1055.46016494
  -1055.45116647
  -1055.49265944
  -1055.50733627
  -1055.46694085
  -1055.50166751
  -1055.49525750
  -1055.50770735
  -1055.49297021
  -1055.48716871
  -1055.49668511
  -1055.52616327
  -1055.48609953
  -1055.48027650
  -1055.49582632
  -1055.47789186
  -1055.50831754
  -1055.47609696
  -1055.46227852
  -1055.51623129
  -1055.49251883
  -1055.49187845
  -1055.49341919
  -1055.49880985
  -1055.50698406
  -1055.47504022
  -1055.49397256
  -1055.49657604
  -1055.50689342
  -1055.50806952
  -1055.49478758
  -1055.50059371
  -1055.46867123
  -1055.47477619
  -1055.48009564
  -1055.50283236
  -1055.42631371
  -1055.49022463
  -1055.49527968
  -1055.44626816
  -1055.50048434
  -1055.46358816
  -1055.49783221
  -1055.50405798
  -1055.51021791
  -1055.48630533
  -1055.51349681
  -1055.50983446
  -1055.47556241
  -1055.48628828
  -1055.47022441
  -1055.45444135
  -1055.51894176
  -1055.46464924
  -1055.45832852
  -1055.50167350
  -1055.50375046
  -1055.46744612
  -1055.48661410
  -1055.46191159
  -1055.39640110
  -1055.46855800
  -1055.50019582
  -1055.49091917
  -1055.50853703
  -1055.52861752
  -1055.49338487
  -1055.51765139
  -1055.45886406
  -1055.46988922
  -1055.47611544
  -1055.46972969
  -1055.44018695
  -1055.49711026
  -1055.46736313
  -1055.50888459
  -1055.41645060
  -1055.50598410
  -1055.47505777
  -1055.46251874
  -1055.49520423
  -1055.49909041
  -1055.42219861
  -1055.49605803
  -1055.43788997
  -1055.52727791
  -1055.48012286
  -1055.48344308
  -1055.47647750
  -1055.42590843
  -1055.49339557
  -1055.48987509
  -1055.49507300
  -1055.47501096
  -1055.52082139
  -1055.51494747
  -1055.44926086
  -1055.51800238
  -1055.49171777
  -1055.50473743
  -1055.53021576
  -1055.47023779
  -1055.51024977
  -1055.47328200
  -1055.48112971
  -1055.48674540
  -1055.41542970
  -1055.47128997
  -1055.50438949
  -1055.46359719
  -1055.51709437
  -1055.50111921
  -1055.49077973
  -1055.48378585
  -1055.48032611
  -1055.48541404
  -1055.45011984
  -1055.48819492
  -1055.50135128
  -1055.52314590
  -1055.49351688
  -1055.51007083
  -1055.53088783
  -1055.48971697
  -1055.49064957
  -1055.48002793
  -1055.50153277
  -1055.52679692
  -1055.48965363
  -1055.47588192
  -1055.47306108
  -1055.46255082
  -1055.47227186
  -1055.50340081
  -1055.47801857
  -1055.47952276
  -1055.48486976
  -1055.42458658
  -1055.49125504
  -1055.50531630
  -1055.51432928
  -1055.50050801
  -1055.50679691
  -1055.51505332
  -1055.51638969
  -1055.50613150
  -1055.50075517
  -1055.50146899
  -1055.45508874
  -1055.46501702
  -1055.48322795
  -1055.50321720
  -1055.51762836
  -1055.51004598
  -1055.49574846
  -1055.49701546
  -1055.51282988
  -1055.51675843
  -1055.50607003
  -1055.47411057
  -1055.49394233
  -1055.45102008
  -1055.44688080
  -1055.46517550
  -1055.49110987
  -1055.44559622
  -1055.50930346
  -1055.49386273
  -1055.47321587
  -1055.51207186
  -1055.52048381
  -1055.46936611
  -1055.50222306
  -1055.45027546
  -1055.49671070
  -1055.50944698
  -1055.48783374
  -1055.47884569
  -1055.51707904
  -1055.48516299
  -1055.50840271
  -1055.49491834
  -1055.48122206
  -1055.46747092
  -1055.48708009
  -1055.50107494
  -1055.48796258
  -1055.48665991
  -1055.51085848
  -1055.49688558
  -1055.53459781
  -1055.49986170
  -1055.47307803
  -1055.47394463
  -1055.51198725
  -1055.50002251
  -1055.46867798
  -1055.49852107
  -1055.49900389
  -1055.50649975
  -1055.51404941
  -1055.52436368
  -1055.48883839
  -1055.50778107
  -1055.49096075
  -1055.51792670
  -1055.50368453
  -1055.50117605
  -1055.45452830
  -1055.49479587
  -1055.46936653
  -1055.46944474
  -1055.51817358
  -1055.51672399
  -1055.48620681
  -1055.49169477
  -1055.46709478
  -1055.53115896
  -1055.53228765
  -1055.48964073
  -1055.49553425
  -1055.52118375
  -1055.52918354
  -1055.48536803
  -1055.50291792
  -1055.51261939
  -1055.47439297
  -1055.49338024
  -1055.51251421
  -1055.48157723
  -1055.47532468
  -1055.46263009
  -1055.52713074
  -1055.49654790
  -1055.51283274
  -1055.50202778
  -1055.48473389
  -1055.48459219
  -1055.50446472
  -1055.51652074
  -1055.51691594
  -1055.47185095
  -1055.50580816
  -1055.48386000
  -1055.53014777
  -1055.50658424
  -1055.52146073
  -1055.49990996
  -1055.47849290
  -1055.53065016
  -1055.46299585
  -1055.52196496
  -1055.49348670
  -1055.45578066
  -1055.50601622
  -1055.51429483
  -1055.50606762
  -1055.51547640
  -1055.47162151
  -1055.50486146
  -1055.50335622
  -1055.51288468
  -1055.53808988
  -1055.47652985
  -1055.48780850
  -1055.47735170
  -1055.48558917
  -1055.41431002
  -1055.46191146
  -1055.50780909
  -1055.47401810
  -1055.46161574
  -1055.49658915
  -1055.48898545
  -1055.48997553
  -1055.52530107
  -1055.45794738
  -1055.45743325
  -1055.48814968
  -1055.52109556
  -1055.49931198
  -1055.47589049
  -1055.48904771
  -1055.51676755
  -1055.51539173
  -1055.49783308
  -1055.51350830
  -1055.51157044
  -1055.48945558
  -1055.50440026
  -1055.49257380
  -1055.48410524
  -1055.51972349
  -1055.47253505
  -1055.50571809
  -1055.49527890
  -1055.49551721
  -1055.52128740
  -1055.45648733
  -1055.46853580
  -1055.52130687
  -1055.48828056
  -1055.49136142
  -1055.47659135
  -1055.50590531
  -1055.50738759
  -1055.46194651
  -1055.52640006
  -1055.45469938
  -1055.49723621
  -1055.49253964
  -1055.48265995
  -1055.49629272
  -1055.50257055
  -1055.51595581
  -1055.51517038
  -1055.52569572
  -1055.44618068
  -1055.46464012
  -1055.48779778
  -1055.50257563
  -1055.52730658
  -1055.48249977
  -1055.48923469
  -1055.52790951
  -1055.48319500
  -1055.49793692
  -1055.52726455
  -1055.48740294
  -1055.49489543
  -1055.50528407
  -1055.50661752
  -1055.49948200
  -1055.49322820
  -1055.44247867
  -1055.49210243
  -1055.45773375
  -1055.50787759
  -1055.50087253
  -1055.48151123
  -1055.48482805
  -1055.48486179
  -1055.47322337
  -1055.48206037
  -1055.45248391
  -1055.51736334
  -1055.44708903
  -1055.52401206
  -1055.51246783
  -1055.49540393
  -1055.49072933
  -1055.44903267
  -1055.49079355
  -1055.48098051
  -1055.47556240
  -1055.50138574
  -1055.51177576
  -1055.48166350
  -1055.48408912
  -1055.49984607
  -1055.53332036
  -1055.50831738
  -1055.47892841
  -1055.45297393
  -1055.49737144
  -1055.48364627
  -1055.45696225
  -1055.49758307
  -1055.49604742
  -1055.46636504
  -1055.45076519
  -1055.48252366
  -1055.47867629
  -1055.49950034
  -1055.46863498
  -1055.45002703
  -1055.50137324
  -1055.47730902
  -1055.51305281
  -1055.49133146
  -1055.47045881
  -1055.48109444
  -1055.48575906
  -1055.50226084
  -1055.47512405
  -1055.46237143
  -1055.44537748
  -1055.50549860
  -1055.46684817
  -1055.49998272
  -1055.47168477
  -1055.46054694
  -1055.46801680
  -1055.53017756
  -1055.44778657
  -1055.52672019
  -1055.45499458
  -1055.47976687
  -1055.49190043
  -1055.52297058
  -1055.47915209
  -1055.51623924
  -1055.48358644
  -1055.51372190
  -1055.50839292
  -1055.45472985
  -1055.51152074
  -1055.51176015
  -1055.48932498
  -1055.44799883
  -1055.47267557
  -1055.47568725
  -1055.51624030
  -1055.45556846
  -1055.50773742
  -1055.48591760
  -1055.49723435
  -1055.48247852
  -1055.49147915
  -1055.46428500
  -1055.48317627
  -1055.48669267
  -1055.48624958
  -1055.50856286
  -1055.47288603
  -1055.43875066
  -1055.50813301
  -1055.46153622
  -1055.46376189
  -1055.50575723
  -1055.52074748
  -1055.49818426
  -1055.44649181
  -1055.48608161
  -1055.45105261
  -1055.45747150
  -1055.49093162
  -1055.43878250
  -1055.45430742
  -1055.52513498
  -1055.49860726
  -1055.53245740
  -1055.50831870
  -1055.50706759
  -1055.50157472
  -1055.45517573
  -1055.52881309
  -1055.52385682
  -1055.43567867
  -1055.50174343
  -1055.50380282
  -1055.48606810
  -1055.49796070
  -1055.46321362
  -1055.47453339
  -1055.46940901
  -1055.49419727
  -1055.51359650
  -1055.48432331
  -1055.45171644
  -1055.51110487
  -1055.49221134
  -1055.47964981
  -1055.52955727
  -1055.50647099
  -1055.48012749
  -1055.52563272
  -1055.52406404
  -1055.49054966
  -1055.47609163
  -1055.44222787
  -1055.49086239
  -1055.51831222
  -1055.51492755
  -1055.47650029
  -1055.47880691
  -1055.51031236
  -1055.51757372
  -1055.36920552
  -1055.52338245
  -1055.44490816
  -1055.51880741
  -1055.47273368
  -1055.41184954
  -1055.47038753
  -1055.50989267
  -1055.49885947
  -1055.53861235
  -1055.48352968
  -1055.49078522
  -1055.49086566
  -1055.47794002
  -1055.49764883
  -1055.49295691
  -1055.45201510
  -1055.46951290
  -1055.45153040
  -1055.49782579
  -1055.49118113
  -1055.48211437
  -1055.48794249
  -1055.45920167
  -1055.52877065
  -1055.51367159
  -1055.46198272
  -1055.43176617
  -1055.48723507
  -1055.49897514
  -1055.43842558
  -1055.48273497
  -1055.51046409
  -1055.52710235
  -1055.52250341
  -1055.52167080
  -1055.46711470
  -1055.49708322
  -1055.48363600
  -1055.49527153
  -1055.50989182
  -1055.51381210
  -1055.50586455
  -1055.47637368
  -1055.47645681
  -1055.45668769
  -1055.50157396
  -1055.48495521
  -1055.47587304
  -1055.48040164
  -1055.50640774
  -1055.50895055
  -1055.50081196
  -1055.49663035
  -1055.53310213
  -1055.47666022
  -1055.50754894
  -1055.52389261
  -1055.49582286
  -1055.51241247
  -1055.50662792
  -1055.47182334
  -1055.52036711
  -1055.50921446
  -1055.50356392
  -1055.52188636
  -1055.47298630
  -1055.51549429
  -1055.48371648
  -1055.50933532
  -1055.46885350
  -1055.45398042
  -1055.46523518
  -1055.51065773
  -1055.49445236
  -1055.47129072
  -1055.51231087
  -1055.50157722
  -1055.47583706
  -1055.48577974
  -1055.45187179
  -1055.46932236
  -1055.48122803
  -1055.48741258
  -1055.50587840
  -1055.46355694
  -1055.51003919
  -1055.51641996
  -1055.43370818
  -1055.41039183
  -1055.43271952
  -1055.50788912
  -1055.50427116
  -1055.47296181
  -1055.46237330
  -1055.47227437
  -1055.53591901
  -1055.48156861
  -1055.49827917
  -1055.46461483
  -1055.48786625
  -1055.46006130
  -1055.48668428
  -1055.48730669
  -1055.51622239
  -1055.49933460
  -1055.50974789
  -1055.45352292
  -1055.47915294
  -1055.46855159
  -1055.49440740
  -1055.49206275
  -1055.50607232
  -1055.50744330
  -1055.48407275
  -1055.51321217
  -1055.51283556
  -1055.51115100
  -1055.49590539
  -1055.49467477
  -1055.49826253
  -1055.45355140
  -1055.49474314
  -1055.50008203
  -1055.48572543
  -1055.50402021
  -1055.45518173
  -1055.53172994
  -1055.49266892
  -1055.47439424
  -1055.48842581
  -1055.48027035
  -1055.49493283
  -1055.48209848
  -1055.47377509
  -1055.47766685
  -1055.49285792
  -1055.51693677
  -1055.45704136
  -1055.51405726
  -1055.45789786
  -1055.52098601
  -1055.49233297
  -1055.49374666
  -1055.47344412
  -1055.49971667
  -1055.47945853
  -1055.49788143
  -1055.53147751
  -1055.48368137
  -1055.49883133
  -1055.50685464
  -1055.45841732
  -1055.49500293
  -1055.48465733
  -1055.49576978
  -1055.47626073
  -1055.48038747
  -1055.47003749
  -1055.49548615
  -1055.49519926
  -1055.47366608
  -1055.45990829
  -1055.53864330
  -1055.48403730
  -1055.45713525
  -1055.46447340
  -1055.49720465
  -1055.51987585
  -1055.48463151
  -1055.51374395
  -1055.50577833
  -1055.50600796
  -1055.49399435
  -1055.50256715
  -1055.46892454
  -1055.48460323
  -1055.48768635
  -1055.47122512
  -1055.51151938
  -1055.43310576
  -1055.50071417
  -1055.49815573
  -1055.47910507
  -1055.47536364
  -1055.45361551
  -1055.45678697
  -1055.52358259
  -1055.47469846
  -1055.49309133
  -1055.49807250
  -1055.45235864
  -1055.45934648
  -1055.52635469
  -1055.49438961
  -1055.50581735
  -1055.48566780
  -1055.48306635
  -1055.49759062
  -1055.51497377
  -1055.50051481
  -1055.48377281
  -1055.46914569
  -1055.49911331
  -1055.48298836
  -1055.49541697
  -1055.48711411
  -1055.51191590
  -1055.53257615
  -1055.49111314
  -1055.46304237
  -1055.47395830
  -1055.45245434
  -1055.51105412
  -1055.43226058
  -1055.50015466
  -1055.51150202
  -1055.48929956
  -1055.45715588
  -1055.45318462
  -1055.49400078
  -1055.52478390
  -1055.45878428
  -1055.52493369
  -1055.49547205
  -1055.44411549
  -1055.51006017
  -1055.50089216
  -1055.52914513
  -1055.48360177
  -1055.49035119
  -1055.50490660
  -1055.46071225
  -1055.46039790
  -1055.42278489
  -1055.46433753
  -1055.49270085
  -1055.47343911
  -1055.51437140
  -1055.49296350
  -1055.52877096
  -1055.50293946
  -1055.47559870
  -1055.51042357
  -1055.50435928
  -1055.50336415
  -1055.48454235
  -1055.48162840
  -1055.49028034
  -1055.49095642
  -1055.49837577
  -1055.46611085
  -1055.48858449
  -1055.50934802
  -1055.51127968
  -1055.45384402
  -1055.50747262
  -1055.48932385
  -1055.47596869
  -1055.49934465
  -1055.50193980
  -1055.51643024
  -1055.51453784
  -1055.47583845
  -1055.48889653
  -1055.47245752
  -1055.51143167
  -1055.47180556
  -1055.53462702
  -1055.52539440
  -1055.48795809
  -1055.52083199
  -1055.47195491
  -1055.51661402
  -1055.47412457
  -1055.50372852
  -1055.51870560
  -1055.47290585
  -1055.49633931
  -1055.52008126
  -1055.51498199
  -1055.48121924
  -1055.50692269
  -1055.51301421
  -1055.51359788
  -1055.47030876
  -1055.48886820
  -1055.52023487
  -1055.47023757
  -1055.49805935
  -1055.49578143
  -1055.48150693
  -1055.49929370
  -1055.46542850
  -1055.45969368
  -1055.49190969
  -1055.49699104
  -1055.46379062
  -1055.48327632
  -1055.38685830
  -1055.50212082
  -1055.46965182
  -1055.51953938
  -1055.49655912
  -1055.47405980
  -1055.47894290
  -1055.50841130
  -1055.50479823
  -1055.46868721
  -1055.47976183
  -1055.53679942
  -1055.51081204
  -1055.50411795
  -1055.45171212
  -1055.46651328
  -1055.48369162
  -1055.51433932
  -1055.53624259
  -1055.54772684
  -1055.46505548
  -1055.48025461
  -1055.50856727
  -1055.45649080
  -1055.50953126
  -1055.51506345
  -1055.45536752
  -1055.47543334
  -1055.45809081
  -1055.54371785
  -1055.50858064
  -1055.48918466
  -1055.49458054
  -1055.48211716
  -1055.52181051
  -1055.49494982
  -1055.49649756
  -1055.47209998
  -1055.47866799
  -1055.47928201
  -1055.48418748
  -1055.51008236
  -1055.48453050
  -1055.51710805
  -1055.48930324
  -1055.48038029
  -1055.52000194
  -1055.48212610
  -1055.49322955
  -1055.50572602
  -1055.50804614
  -1055.48633591
  -1055.43263237
  -1055.50510934
  -1055.50020983
  -1055.50231035
  -1055.51303883
  -1055.46297730
  -1055.47817191
  -1055.50820843
  -1055.52468827
  -1055.49299218
  -1055.46659148
  -1055.46948172
  -1055.50519350
  -1055.42446592
  -1055.47699071
  -1055.46066126
  -1055.44466440
  -1055.46913793
  -1055.49120579
  -1055.44060134
  -1055.49382537
  -1055.50875642
  -1055.46130601
  -1055.48334567
  -1055.49964810
  -1055.49979683
  -1055.50182044
  -1055.52484522
  -1055.38625520
  -1055.53681149
  -1055.44749888
  -1055.51621169
  -1055.51745995
  -1055.46271825
  -1055.46526270
  -1055.48618419
  -1055.48762975
  -1055.51646651
  -1055.47502925
  -1055.47042634
  -1055.44692079
  -1055.47214076
  -1055.50082821
  -1055.45058078
  -1055.48048047
  -1055.53121771
  -1055.43135867
  -1055.43667874
  -1055.47501152
  -1055.48180042
  -1055.44595251
  -1055.50121878
  -1055.50967706
  -1055.49026274
  -1055.46113439
  -1055.49461161
  -1055.50318948
  -1055.46712775
  -1055.45021363
  -1055.48762634
  -1055.48251604
  -1055.48592218
  -1055.44744948
  -1055.49700939
  -1055.51769940
  -1055.48609737
  -1055.48401025
  -1055.45384474
  -1055.51246992
  -1055.44912079
  -1055.48426954
  -1055.48953969
  -1055.52480207
  -1055.52433226
  -1055.49525224
  -1055.51849900
  -1055.45181885
  -1055.49549901
  -1055.46112422
  -1055.52241775
  -1055.46844633
  -1055.48144961
  -1055.49591746
  -1055.46639808
  -1055.51074000
  -1055.51169678
  -1055.50724735
  -1055.50566177
  -1055.47169015
  -1055.50221955
  -1055.48329616
  -1055.49588549
  -1055.47620328
  -1055.50288471
  -1055.43920958
  -1055.48376375
  -1055.46051236
  -1055.52646103
  -1055.48521874
  -1055.49314132
  -1055.51389777
  -1055.49882236
  -1055.43743169
  -1055.51062096
  -1055.51727451
  -1055.49179495
  -1055.48065724
  -1055.52392367
  -1055.51347962
  -1055.49169469
  -1055.47233246
  -1055.47053079
  -1055.47506566
  -1055.48967050
  -1055.49985308
  -1055.45672131
  -1055.47014905
  -1055.50865583
  -1055.50012497
  -1055.51512559
  -1055.47274552
  -1055.45061411
  -1055.44285027
  -1055.50184265
  -1055.49404038
  -1055.52309811
  -1055.44475440
  -1055.50248576
  -1055.43226487
  -1055.47538186
  -1055.51883889
  -1055.54181576
  -1055.53783542
  -1055.46334902
  -1055.46686706
  -1055.48635522
  -1055.51322290
  -1055.52234405
  -1055.49532832
  -1055.49622099
  -1055.43994154
  -1055.44047299
  -1055.50401703
  -1055.47548087
  -1055.49768963
  -1055.49757619
  -1055.46864190
  -1055.46964619
  -1055.48766214
  -1055.49241249
  -1055.50690612
  -1055.48718364
  -1055.51718560
  -1055.50941161
  -1055.46852015
  -1055.33684891
  -1055.49130146
  -1055.49921055
  -1055.50430337
  -1055.50477369
  -1055.43630558
  -1055.48057253
  -1055.44265882
  -1055.48048209
  -1055.52244273
  -1055.47565342
  -1055.48804453
  -1055.52823852
  -1055.45658524
  -1055.49517108
  -1055.47650059
  -1055.44983253
  -1055.49485264
  -1055.44179952
  -1055.49554003
  -1055.53592461
  -1055.50222159
  -1055.48290981
  -1055.49589355
  -1055.51652978
  -1055.49412049
  -1055.52658433
  -1055.51238351
  -1055.51741345
  -1055.47175730
  -1055.45455534
  -1055.51056337
  -1055.44948069
  -1055.49592911
  -1055.45860862
  -1055.49223470
  -1055.50280294
  -1055.48637046
  -1055.51150730
  -1055.47234768
  -1055.48009445
  -1055.50148838
  -1055.43321948
  -1055.48697087
  -1055.47997590
  -1055.48031658
  -1055.49374610
  -1055.46225267
  -1055.48841458
  -1055.54335429
  -1055.51816515
  -1055.51217347
  -1055.48280613
  -1055.47717098
  -1055.49834665
  -1055.48063589
  -1055.46749478
  -1055.47525812
  -1055.44982419
  -1055.48256478
  -1055.48355662
  -1055.48328680
  -1055.48434921
  -1055.50453651
  -1055.52973107
  -1055.42283368
  -1055.48168395
  -1055.50329570
  -1055.47690385
  -1055.53074761
  -1055.46590740
  -1055.51712271
  -1055.50390988
  -1055.46532767
  -1055.50593196
  -1055.48167594
  -1055.50689518
  -1055.49248165
  -1055.51249049
  -1055.46816439
  -1055.45600262
  -1055.51428139
  -1055.49011822
  -1055.49620045
  -1055.46081030
  -1055.48235065
  -1055.49673617
  -1055.50438030
  -1055.49882202
  -1055.47941182
  -1055.43508822
  -1055.47761100
  -1055.46427958
  -1055.47784528
  -1055.48723212
  -1055.51864735
  -1055.49969997
  -1055.50309790
  -1055.49808327
  -1055.46167742
  -1055.45124494
  -1055.46353967
  -1055.52133688
  -1055.47813202
  -1055.49859723
  -1055.48103921
  -1055.45277993
  -1055.51617635
  -1055.45581235
  -1055.45783197
  -1055.48379223
  -1055.46106131
  -1055.47617570
  -1055.47615009
  -1055.50807313
  -1055.48319428
  -1055.48333901
  -1055.48492266
  -1055.49607225
  -1055.49194184
  -1055.46481067
  -1055.48229959
  -1055.46132105
  -1055.48558180
  -1055.49242376
  -1055.48916794
  -1055.51256238
  -1055.44885469
  -1055.52198663
  -1055.47784100
  -1055.46790626
  -1055.48663948
  -1055.44984605
  -1055.50663545
  -1055.46502938
  -1055.49416599
  -1055.49912775
  -1055.50208585
  -1055.51143022
  -1055.49801762
  -1055.43421003
  -1055.51055095
  -1055.50585533
  -1055.44648307
  -1055.44152468
  -1055.47976473
  -1055.51332303
  -1055.48520875
  -1055.50670246
  -1055.43629744
  -1055.40316756
  -1055.49277201
  -1055.47120956
  -1055.48647570
  -1055.48288885
  -1055.49295365
  -1055.49325975
  -1055.48564634
  -1055.45401866
  -1055.45808823
  -1055.49147327
  -1055.51587680
  -1055.46158050
  -1055.49300178
  -1055.43867285
  -1055.50045180
  -1055.48878598
  -1055.47739922
  -1055.49921971
  -1055.50643078
  -1055.49804444
  -1055.50017948
  -1055.48828449
  -1055.51146238
  -1055.49880958
  -1055.45183354
  -1055.48635760
  -1055.50305060
  -1055.50083768
  -1055.48248964
  -1055.47825316
  -1055.48818997
  -1055.50289305
  -1055.49820338
  -1055.51959266
  -1055.50607813
  -1055.51486164
  -1055.48614676
  -1055.45974528
  -1055.49875600
  -1055.47873587
  -1055.49708696
  -1055.47169342
  -1055.48408357
  -1055.45358173
  -1055.48652966
  -1055.48764499
  -1055.46234723
  -1055.50288318
  -1055.50963805
  -1055.49515496
  -1055.43471327
  -1055.47529552
  -1055.49226219
  -1055.48656871
  -1055.52220998
  -1055.47765128
  -1055.49522826
  -1055.48063600
  -1055.49458300
  -1055.44112360
  -1055.47971928
  -1055.46510214
  -1055.47220144
  -1055.52021321
  -1055.46819625
  -1055.47878523
  -1055.51149286
  -1055.51610838
  -1055.51578589
  -1055.47892308
  -1055.49838690
  -1055.51380450
  -1055.51769386
  -1055.52959810
  -1055.46117241
  -1055.48001312
  -1055.34055253
  -1055.46585892
  -1055.45492995
  -1055.49493772
  -1055.51558699
  -1055.46311921
  -1055.48277958
  -1055.50058853
  -1055.49247435
  -1055.45915795
  -1055.49748809
  -1055.49573152
  -1055.49549336
  -1055.50250401
  -1055.51024799
  -1055.50792766
  -1055.45635293
  -1055.42220774
  -1055.47715936
  -1055.46149761
  -1055.50147585
  -1055.44745265
  -1055.49489421
  -1055.51307271
  -1055.47284443
  -1055.49495436
  -1055.52009289
  -1055.49690824
  -1055.49988427
  -1055.47503722
  -1055.51248736
  -1055.51852184
  -1055.47416954
  -1055.49276967
  -1055.50076524
  -1055.50440527
  -1055.48966915
  -1055.49985153
  -1055.46937540
  -1055.49652387
  -1055.49748071
  -1055.47579969
  -1055.47489933
  -1055.51012130
  -1055.49310309
  -1055.45568575
  -1055.46219950
  -1055.48830653
  -1055.47410886
  -1055.45582643
  -1055.47345157
  -1055.50155199
  -1055.46788505
  -1055.48634387
  -1055.46780499
  -1055.47362844
  -1055.49961612
  -1055.49279504
  -1055.51976269
  -1055.52447936
  -1055.46775453
  -1055.48441374
  -1055.51747403
  -1055.47429823
  -1055.52296899
  -1055.46059619
  -1055.48496244
  -1055.48728746
  -1055.46755798
  -1055.49966962
  -1055.46283817
  -1055.51031054
  -1055.50670592
  -1055.45572289
  -1055.41506338
  -1055.46098531
  -1055.53293047
  -1055.48859562
  -1055.48168699
  -1055.49454501
  -1055.48596133
  -1055.50483720
  -1055.51464903
  -1055.47710392
  -1055.45530464
  -1055.46757861
  -1055.47011895
  -1055.49480050
  -1055.48654467
  -1055.47704867
  -1055.45360403
  -1055.53021743
  -1055.50574181
  -1055.46306656
  -1055.51582357
  -1055.48854126
  -1055.48326130
  -1055.50194792
  -1055.48354303
  -1055.45028686
  -1055.48567926
  -1055.45895162
  -1055.42200778
  -1055.48052460
  -1055.49329608
  -1055.50297909
  -1055.45109220
  -1055.48869806
  -1055.48098612
  -1055.48376673
  -1055.50993437
  -1055.52811970
  -1055.52606709
  -1055.48840626
  -1055.52300418
  -1055.47033706
  -1055.47834705
  -1055.46335476
  -1055.52378229
  -1055.47037057
  -1055.44145307
  -1055.49934741
  -1055.49590635
  -1055.47996840
  -1055.51867612
  -1055.51777233
  -1055.45274794
  -1055.46814336
  -1055.49080032
  -1055.50772211
  -1055.50177060
  -1055.49380426
  -1055.45068228
  -1055.52665497
  -1055.46666354
  -1055.50755348
  -1055.50644608
  -1055.48213714
  -1055.50578601
  -1055.49948732
  -1055.47571670
  -1055.51174498
  -1055.47635678
  -1055.46845216
  -1055.50282179
  -1055.52136300
  -1055.44882780
  -1055.49847767
  -1055.46087123
  -1055.48416223
  -1055.50104606
  -1055.52064230
  -1055.45370010
  -1055.45990154
  -1055.45655854
  -1055.47104564
  -1055.51036226
  -1055.51338989
  -1055.46020885
  -1055.46463404
  -1055.51382933
  -1055.50610824
  -1055.50937297
  -1055.45732036
  -1055.51773524
  -1055.48063194
  -1055.47450349
  -1055.49090243
  -1055.47435761
  -1055.50834556
  -1055.51286632
  -1055.49323496
  -1055.48183993
  -1055.47782164
  -1055.51407696
  -1055.47559400
  -1055.52354391
  -1055.48057208
  -1055.47339970
  -1055.49097094
  -1055.49491133
  -1055.50304696
  -1055.50181859
  -1055.43480548
  -1055.52680018
  -1055.48274830
  -1055.49991874
  -1055.53964395
  -1055.49436747
  -1055.50261129
  -1055.48895600
  -1055.49972401
  -1055.47647272
  -1055.45645201
  -1055.49533080
  -1055.48862579
  -1055.50322023
  -1055.48799348
  -1055.45088056
  -1055.49093816
  -1055.50696662
  -1055.50605129
  -1055.49879289
  -1055.47770797
  -1055.49395250
  -1055.50822410
  -1055.49960779
  -1055.51536636
  -1055.52560763
  -1055.46161582
  -1055.48903629
  -1055.50258339
  -1055.47351330
  -1055.47491523
  -1055.49305265
  -1055.48823555
  -1055.46229163
  -1055.49714610
  -1055.52879286
  -1055.38314773
  -1055.47934654
  -1055.47249135
  -1055.50277300
  -1055.45168443
  -1055.52393239
  -1055.49724357
  -1055.47065424
  -1055.48214703
  -1055.50336790
  -1055.51520072
  -1055.49186073
  -1055.46493398
  -1055.49658909
  -1055.44147519
  -1055.49703292
  -1055.50613354
  -1055.50277203
  -1055.49098346
  -1055.47609432
  -1055.50352886
  -1055.43183817
  -1055.48885429
  -1055.39394667
  -1055.52157198
  -1055.48281466
  -1055.51258388
  -1055.45566411
  -1055.45445170
  -1055.43194612
  -1055.42576330
  -1055.44365846
  -1055.45829269
  -1055.50674540
  -1055.49111355
  -1055.48027573
  -1055.51199130
  -1055.50174964
  -1055.49405266
  -1055.48038097
  -1055.45462787
  -1055.49319119
  -1055.49955225
  -1055.45195532
  -1055.48679237
  -1055.51112635
  -1055.45502687
  -1055.45831877
  -1055.51311402
  -1055.49329911
  -1055.49281982
  -1055.44073988
  -1055.47717338
  -1055.53335673
  -1055.48358279
  -1055.48165296
  -1055.50093683
  -1055.49126176
  -1055.45081714
  -1055.52241949
  -1055.44620054
  -1055.46567242
  -1055.46059991
  -1055.50810464
  -1055.49358290
  -1055.49837484
  -1055.45670961
  -1055.51957997
  -1055.49369405
  -1055.50799369
  -1055.48519626
  -1055.52658245
  -1055.51820799
  -1055.44648804
  -1055.47071541
  -1055.49286124
  -1055.53518559
  -1055.50601067
  -1055.49333416
  -1055.49908437
  -1055.49563145
  -1055.49734221
  -1055.51378915
  -1055.51284300
  -1055.47319015
  -1055.48230610
  -1055.49055828
  -1055.46231615
  -1055.48516205
  -1055.47394313
  -1055.50958643
  -1055.46513760
  -1055.49024943
  -1055.48144685
  -1055.49779891
  -1055.48084272
  -1055.45890646
  -1055.48137326
  -1055.46318594
  -1055.49185860
  -1055.49827003
  -1055.50728866
  -1055.49197442
  -1055.49717462
  -1055.50571755
  -1055.51368103
  -1055.48508925
  -1055.50811373
  -1055.47260663
  -1055.45933876
  -1055.49764781
  -1055.53847585
  -1055.48396196
  -1055.52259528
  -1055.44337576
  -1055.50944486
  -1055.51492226
  -1055.49429429
  -1055.50319281
  -1055.50983326
  -1055.50517385
  -1055.39915182
  -1055.47441634
  -1055.42525056
  -1055.47133182
  -1055.51472620
  -1055.47019080
  -1055.48936209
  -1055.47725408
  -1055.48856311
  -1055.46384732
  -1055.51278259
  -1055.52749604
  -1055.49124772
  -1055.44682835
  -1055.51199905
  -1055.50747278
  -1055.47551666
  -1055.45492009
  -1055.46772324
  -1055.47581192
  -1055.47837858
  -1055.51519112
  -1055.49607545
  -1055.51132727
  -1055.49574283
  -1055.48368875
  -1055.47926076
  -1055.51108099
  -1055.48257323
  -1055.47384310
  -1055.51592383
  -1055.47142644
  -1055.50780097
  -1055.51294126
  -1055.48575065
  -1055.47254568
  -1055.49225380
  -1055.47943339
  -1055.50890643
  -1055.47094045
  -1055.47166464
  -1055.46759626
  -1055.46747258
  -1055.49717344
  -1055.48328539
  -1055.50070150
  -1055.47967345
  -1055.47757707
  -1055.49745558
  -1055.51303619
  -1055.45875023
  -1055.44076439
  -1055.49115466
  -1055.50062443
  -1055.48404338
  -1055.47766824
  -1055.50769361
  -1055.51701459
  -1055.47341772
  -1055.50775881
  -1055.53532506
  -1055.46663867
  -1055.48918254
  -1055.48760853
  -1055.46170790
  -1055.47857055
  -1055.47369419
  -1055.44640558
  -1055.51509139
  -1055.47282662
  -1055.49801350
  -1055.49917825
  -1055.48050094
  -1055.49584829
  -1055.50646886
  -1055.47404021
  -1055.47633216
  -1055.47245389
  -1055.48646917
  -1055.50748577
  -1055.52970748
  -1055.51059301
  -1055.47382032
  -1055.51905016
  -1055.52433137
  -1055.48944022
  -1055.47277049
  -1055.43499317
  -1055.47445373
  -1055.44691070
  -1055.48089749
  -1055.48910691
  -1055.49042939
  -1055.52518587
  -1055.52300462
  -1055.48462291
  -1055.48682981
  -1055.51032709
  -1055.50858952
  -1055.50396372
  -1055.51820442
  -1055.46810866
  -1055.48490441
  -1055.50790502
  -1055.48283581
  -1055.53565449
  -1055.45634459
  -1055.52295051
  -1055.46899893
  -1055.47517225
  -1055.47881912
  -1055.51778929
  -1055.46237435
  -1055.49665762
  -1055.50191813
  -1055.48318335
  -1055.49087480
  -1055.48405783
  -1055.48823801
  -1055.49957452
  -1055.46981872
  -1055.47331851
  -1055.48900151
  -1055.47531670
  -1055.51914776
  -1055.47104610
  -1055.51448663
  -1055.50316497
  -1055.46067692
  -1055.50474168
  -1055.48951719
  -1055.46987034
  -1055.51843524
  -1055.47280695
  -1055.50773883
  -1055.48588742
  -1055.49636880
  -1055.48664717
  -1055.50705376
  -1055.46581110
  -1055.49236737
  -1055.46154506
  -1055.50932734
  -1055.48121668
  -1055.47005369
  -1055.47670824
  -1055.51526054
  -1055.47562975
  -1055.46692421
  -1055.45094186
  -1055.44432158
  -1055.52018403
  -1055.52460090
  -1055.47030142
  -1055.48061478
  -1055.46928989
  -1055.49627161
  -1055.50184579
  -1055.45026621
  -1055.50942274
  -1055.48844405
  -1055.51026104
  -1055.44748145
  -1055.50662753
  -1055.50363254
  -1055.50065353
  -1055.52116587
  -1055.47632897
  -1055.49856178
  -1055.46143274
  -1055.51723081
  -1055.49043515
  -1055.49884989
  -1055.49294162
  -1055.49480043
  -1055.51461476
  -1055.53133355
  -1055.50754248
  -1055.49076967
  -1055.51653841
  -1055.45030048
  -1055.49915444
  -1055.48869054
  -1055.50695951
  -1055.48656916
  -1055.52085299
  -1055.49214115
  -1055.45884542
  -1055.50487695
  -1055.45869455
  -1055.48673861
  -1055.45072264
  -1055.46470647
  -1055.50894336
  -1055.44844456
  -1055.52488155
  -1055.53049517
  -1055.49758298
  -1055.47974254
  -1055.51139863
  -1055.44155100
  -1055.50098095
  -1055.50647383
  -1055.48240385
  -1055.51860243
  -1055.48351625
  -1055.48697600
  -1055.48815133
  -1055.47744572
  -1055.48453256
  -1055.44014141
  -1055.50617449
  -1055.47569412
  -1055.50174902
  -1055.48885960
  -1055.44203801
  -1055.51712156
  -1055.48895522
  -1055.48849274
  -1055.48837489
  -1055.46979598
  -1055.54727769
  -1055.48982922
  -1055.48976641
  -1055.45326825
  -1055.50521799
  -1055.43037661
  -1055.50566317
  -1055.47996631
  -1055.48901088
  -1055.48897611
  -1055.47893156
  -1055.53343797
  -1055.50380787
  -1055.51139096
  -1055.51120829
  -1055.44239137
  -1055.47474614
  -1055.47620819
  -1055.43712674
  -1055.48384730
  -1055.49351083
  -1055.52587731
  -1055.47392849
  -1055.49540613
  -1055.46092885
  -1055.47570680
  -1055.47804078
  -1055.49310757
  -1055.49928387
  -1055.45932614
  -1055.48781827
  -1055.53811269
  -1055.45166510
  -1055.45944268
  -1055.47236407
  -1055.46832265
  -1055.46691099
  -1055.51365311
  -1055.47753255
  -1055.48333796
  -1055.48870545
  -1055.44764617
  -1055.51269173
  -1055.46224587
  -1055.45097699
  -1055.43422217
  -1055.49984392
  -1055.50762233
  -1055.47508227
  -1055.50632545
  -1055.48547758
  -1055.49844375
  -1055.51885023
  -1055.49461206
  -1055.50166001
  -1055.48784544
  -1055.47871929
  -1055.50676700
  -1055.47022543
  -1055.49376841
  -1055.51812119
  -1055.49441748
  -1055.48694881
  -1055.52373472
  -1055.47895075
  -1055.47498413
  -1055.46983983
  -1055.48845690
  -1055.51541099
  -1055.47813650
  -1055.49879718
  -1055.43198561
  -1055.48581794
  -1055.48152172
  -1055.52215867
  -1055.49978669
  -1055.51776609
  -1055.48040538
  -1055.51451457
  -1055.45544231
  -1055.46491222
  -1055.48015379
  -1055.46775334
  -1055.50395095
  -1055.50666957
  -1055.46483276
  -1055.49287191
  -1055.44969213
  -1055.49339294
  -1055.44483395
  -1055.44156181
  -1055.49925700
  -1055.49462352
  -1055.49056624
  -1055.46027967
  -1055.51251180
  -1055.48072381
  -1055.50433153
  -1055.47712093
  -1055.47527813
  -1055.49028611
  -1055.51236841
  -1055.46493070
  -1055.49164720
  -1055.47514737
  -1055.52594480
  -1055.43028495
  -1055.45578874
  -1055.46135761
  -1055.48621628
  -1055.48324187
  -1055.48759493
  -1055.46210299
  -1055.52613407
  -1055.52118001
  -1055.52129756
  -1055.48366005
  -1055.47409345
  -1055.49752702
  -1055.49766738
  -1055.45484443
  -1055.51317408
  -1055.50956749
  -1055.44267413
  -1055.45048217
  -1055.50878904
  -1055.51415318
  -1055.50508168
  -1055.48358678
  -1055.48759951
  -1055.50552391
  -1055.48686879
  -1055.49310212
  -1055.45216335
  -1055.48280540
  -1055.50834519
  -1055.52190769
  -1055.49181813
  -1055.48932345
  -1055.50365853
  -1055.51142265
  -1055.50256974
  -1055.47371019
  -1055.47932492
  -1055.50769457
  -1055.45608380
  -1055.44908594
  -1055.50879290
  -1055.53141825
  -1055.43489565
  -1055.49953429
  -1055.47285918
  -1055.51790216
  -1055.51629324
  -1055.48064103
  -1055.50332404
  -1055.52520408
  -1055.46756542
  -1055.48712995
  -1055.47958520
  -1055.52008458
  -1055.49278713
  -1055.49220838
  -1055.48791839
  -1055.45017975
  -1055.50454197
  -1055.53155273
  -1055.50580312
  -1055.48328060
  -1055.48708814
  -1055.50948163
  -1055.50105704
  -1055.52847974
  -1055.51070446
  -1055.47972070
  -1055.48811233
  -1055.51542144
  -1055.51603993
  -1055.48038161
  -1055.49853701
  -1055.49374379
  -1055.48910961
  -1055.52780406
  -1055.48924357
  -1055.49154031
  -1055.48375122
  -1055.49908266
  -1055.48912480
  -1055.44529476
  -1055.45057266
  -1055.49528994
  -1055.48569016
  -1055.47948284
  -1055.50325977
  -1055.45220873
  -1055.47548972
  -1055.41712549
  -1055.48983635
  -1055.50649902
  -1055.49141274
  -1055.49401659
  -1055.50110767
  -1055.48004815
  -1055.50480005
  -1055.37991884
  -1055.48811186
  -1055.52250096
  -1055.49444587
  -1055.51686934
  -1055.48357980
  -1055.51545755
  -1055.47309103
  -1055.46244418
  -1055.48042714
  -1055.46174493
  -1055.47603150
  -1055.51139843
  -1055.48929579
  -1055.47354518
  -1055.51930231
  -1055.50397685
  -1055.43604185
  -1055.50211816
  -1055.48629165
  -1055.47736341
  -1055.52047095
  -1055.49194114
  -1055.48778065
  -1055.49279095
  -1055.48919281
  -1055.43921187
  -1055.48559124
  -1055.46144462
  -1055.48108816
  -1055.47770370
  -1055.52089891
  -1055.49600140
  -1055.47732932
  -1055.49836664
  -1055.50224313
  -1055.51392892
  -1055.45249104
  -1055.52812223
  -1055.49264238
  -1055.46353563
  -1055.48768812
  -1055.47839892
  -1055.51942726
  -1055.47594434
  -1055.45907881
  -1055.51186378
  -1055.47313642
  -1055.50416617
  -1055.45333557
  -1055.50006799
  -1055.50589507
  -1055.50825775
  -1055.52311702
  -1055.48669768
  -1055.51634668
  -1055.50096016
  -1055.48675169
  -1055.49238016
  -1055.48313570
  -1055.47780840
  -1055.52596173
  -1055.48859659
  -1055.48740880
  -1055.49191936
  -1055.50710965
  -1055.51617462
  -1055.49033514
  -1055.46088468
  -1055.47453814
  -1055.46590954
  -1055.49252852
  -1055.48941568
  -1055.48251389
  -1055.49513645
  -1055.53856333
  -1055.45870288
  -1055.44014913
  -1055.52011285
  -1055.47931324
  -1055.47314105
  -1055.44141957
  -1055.51395542
  -1055.49155917
  -1055.51637334
  -1055.48990941
  -1055.48463506
  -1055.49867360
  -1055.49898053
  -1055.43358324
  -1055.50988956
  -1055.46386840
  -1055.46110941
  -1055.45179795
  -1055.53912022
  -1055.51244967
  -1055.49855240
  -1055.47326984
  -1055.45662028
  -1055.48242631
  -1055.49146217
  -1055.46886620
  -1055.49976429
  -1055.51304861
  -1055.48771445
  -1055.44024735
  -1055.43968721
  -1055.48674014
  -1055.48516017
  -1055.53753482
  -1055.45924165
  -1055.50295223
  -1055.51042802
  -1055.47079548
  -1055.49294837
  -1055.47413798
  -1055.54199493
  -1055.41348044
  -1055.48826228
  -1055.48364145
  -1055.49485814
  -1055.46794844
  -1055.49525767
  -1055.51544064
  -1055.50912681
  -1055.48168229
  -1055.47541524
  -1055.48688076
  -1055.52664115
  -1055.50262151
  -1055.50810166
  -1055.47878567
  -1055.50323967
  -1055.50313901
  -1055.48438401
  -1055.50130154
  -1055.44671490
  -1055.46077528
  -1055.50081371
  -1055.48678462
  -1055.50066220
  -1055.46847522
  -1055.52053180
  -1055.47670648
  -1055.52294534
  -1055.48647174
  -1055.44946969
  -1055.48470254
  -1055.48636392
  -1055.49411886
  -1055.52532025
  -1055.49283542
  -1055.47297598
  -1055.44956809
  -1055.48860067
  -1055.50112106
  -1055.47822874
  -1055.41954955
  -1055.49493271
  -1055.50353941
  -1055.47381859
  -1055.42697163
  -1055.46557561
  -1055.49398986
  -1055.48432570
  -1055.48851065
  -1055.49580916
  -1055.49514769
  -1055.48795890
  -1055.50840486
  -1055.50237688
  -1055.48813918
  -1055.48993694
  -1055.49015060
  -1055.49902050
  -1055.48132650
  -1055.47880736
  -1055.44344004
  -1055.46433136
  -1055.50478423
  -1055.51056465
  -1055.46383412
  -1055.48885738
  -1055.48793001
  -1055.46301362
  -1055.50272392
  -1055.46963684
  -1055.48797227
  -1055.45897049
  -1055.51565465
  -1055.49593599
  -1055.49782697
  -1055.45654592
  -1055.52145246
  -1055.47741314
  -1055.45631234
  -1055.46528849
  -1055.49653166
  -1055.47428707
  -1055.46723210
  -1055.48805865
  -1055.44443086
  -1055.49435453
  -1055.50462070
  -1055.53617705
  -1055.43513312
  -1055.46616341
  -1055.50972245
  -1055.44931648
  -1055.49198399
  -1055.47824819
  -1055.48473965
  -1055.48155104
  -1055.49265370
  -1055.47682255
  -1055.46890131
  -1055.48872067
  -1055.45590296
  -1055.47464590
  -1055.53158118
  -1055.47437919
  -1055.49907129
  -1055.51865563
  -1055.47513250
  -1055.45706596
  -1055.48549491
  -1055.49116008
  -1055.48084331
  -1055.46216412
  -1055.47143008
  -1055.49150337
  -1055.50105573
  -1055.49058787
  -1055.49519228
  -1055.48751059
  -1055.48748200
  -1055.43162054
  -1055.47653655
  -1055.50027309
  -1055.49128783
  -1055.47537384
  -1055.51898234
  -1055.47636729
  -1055.49461350
  -1055.50672210
  -1055.49349591
  -1055.50928208
  -1055.49421601
  -1055.43756006
  -1055.47573501
  -1055.50543778
  -1055.50449864
  -1055.48724172
  -1055.50386058
  -1055.47623653
  -1055.46813298
  -1055.47949421
  -1055.52433597
  -1055.46263718
  -1055.50909386
  -1055.50276877
  -1055.49205108
  -1055.47030090
  -1055.50490645
  -1055.50169858
  -1055.47532466
  -1055.47741676
  -1055.46527294
  -1055.48459649
  -1055.52218702
  -1055.49597741
  -1055.47186443
  -1055.47144957
  -1055.49145257
  -1055.45799635
  -1055.48085748
  -1055.53731408
  -1055.50590469
  -1055.51233802
  -1055.47420473
  -1055.45958976
  -1055.47335717
  -1055.44273301
  -1055.46941092
  -1055.49186809
  -1055.51265729
  -1055.52778067
  -1055.48925583
  -1055.45540485
  -1055.48316868
  -1055.47979014
  -1055.49571575
  -1055.48219817
  -1055.53714211
  -1055.48799831
  -1055.45399931
  -1055.48858947
  -1055.46884860
  -1055.47109752
  -1055.49509728
  -1055.49143699
  -1055.46978064
  -1055.47268370
  -1055.49560642
  -1055.51561631
  -1055.52585892
  -1055.50633534
  -1055.44296739
  -1055.47068675
  -1055.50548528
  -1055.47508613
  -1055.45735333
  -1055.49852137
  -1055.51610068
  -1055.47369624
  -1055.49912145
  -1055.50979102
  -1055.50899504
  -1055.52090599
  -1055.46877661
  -1055.49640381
  -1055.46131054
  -1055.48183028
  -1055.51789143
  -1055.51526693
  -1055.49457199
  -1055.50868219
  -1055.49420233
  -1055.52270358
  -1055.48994696
  -1055.47486784
