% The following energies apply to conformations described by the topology 
% R33_iter1.top.  Structures are given in trajectory coords.cdf, count: 438.

% Item 0:
%   Energy -> orca_structures/coor*/NConf*.out
  -1055.54733952
  -1055.53096721
  -1055.54833466
  -1055.53750178
  -1055.55520231
  -1055.55400763
  -1055.55527781
  -1055.53966378
  -1055.53571929
  -1055.53115681
  -1055.54107322
  -1055.55027609
  -1055.54099416
  -1055.55428678
  -1055.53923504
  -1055.53219677
  -1055.55065529
  -1055.53877880
  -1055.52847090
  -1055.52628306
  -1055.54333005
  -1055.53107246
  -1055.55530106
  -1055.53633702
  -1055.53669822
  -1055.55228857
  -1055.54874976
  -1055.54049222
  -1055.53485658
  -1055.53683035
  -1055.53458509
  -1055.54341544
  -1055.55154865
  -1055.55195932
  -1055.54192164
  -1055.52704251
  -1055.55130733
  -1055.55242725
  -1055.55080186
  -1055.55112252
  -1055.52779837
  -1055.53201179
  -1055.53681153
  -1055.54666562
  -1055.53886310
  -1055.54898010
  -1055.54442095
  -1055.54458210
  -1055.54715335
  -1055.52920295
  -1055.55043756
  -1055.53069060
  -1055.53491915
  -1055.53209298
  -1055.53864833
  -1055.52173486
  -1055.54713433
  -1055.53958531
  -1055.52811185
  -1055.53397614
  -1055.54513444
  -1055.53438916
  -1055.55487463
  -1055.55726304
  -1055.52498431
  -1055.53767361
  -1055.53200204
  -1055.55476391
  -1055.53124527
  -1055.53724414
  -1055.54380877
  -1055.54338473
  -1055.53497638
  -1055.55631090
  -1055.53761767
  -1055.53705313
  -1055.52966892
  -1055.55143272
  -1055.53167280
  -1055.53465017
  -1055.55228823
  -1055.54301604
  -1055.54544558
  -1055.53500169
  -1055.53675847
  -1055.53479128
  -1055.54970642
  -1055.53822254
  -1055.54219252
  -1055.53822291
  -1055.54999970
  -1055.53804091
  -1055.54827173
  -1055.54618114
  -1055.54643343
  -1055.53469038
  -1055.53102825
  -1055.55157028
  -1055.53864428
  -1055.53616045
  -1055.54484961
  -1055.53860917
  -1055.55181556
  -1055.54600900
  -1055.53989862
  -1055.54200337
  -1055.53824165
  -1055.55210541
  -1055.55425414
  -1055.53479393
  -1055.54948813
  -1055.55259281
  -1055.55237191
  -1055.55275564
  -1055.55150077
  -1055.54519373
  -1055.55266114
  -1055.55477768
  -1055.55547658
  -1055.52861635
  -1055.54604885
  -1055.53682918
  -1055.55104788
  -1055.52623844
  -1055.55368131
  -1055.52004088
  -1055.54428920
  -1055.55473805
  -1055.53646137
  -1055.53257869
  -1055.55050107
  -1055.52819104
  -1055.55319084
  -1055.53451060
  -1055.55121687
  -1055.54941277
  -1055.54276218
  -1055.54001678
  -1055.54047410
  -1055.53617685
  -1055.54832117
  -1055.52923697
  -1055.53839833
  -1055.55447137
  -1055.54396040
  -1055.54932224
  -1055.54828254
  -1055.55183482
  -1055.54607027
  -1055.55554172
  -1055.54252561
  -1055.53029300
  -1055.53987835
  -1055.54043970
  -1055.54618125
  -1055.53621333
  -1055.55220589
  -1055.54554479
  -1055.52661782
  -1055.53200809
  -1055.55235557
  -1055.54436195
  -1055.55133682
  -1055.54966096
  -1055.54379212
  -1055.53913255
  -1055.53249267
  -1055.55171920
  -1055.53470671
  -1055.54844652
  -1055.55398651
  -1055.54606169
  -1055.53728326
  -1055.53704955
  -1055.54043364
  -1055.54106967
  -1055.55142892
  -1055.55298553
  -1055.54042638
  -1055.53408442
  -1055.52914066
  -1055.54761135
  -1055.53500606
  -1055.53235881
  -1055.53821826
  -1055.52887465
  -1055.54465402
  -1055.52837985
  -1055.55189739
  -1055.53103458
  -1055.52126869
  -1055.52822106
  -1055.55175278
  -1055.54292816
  -1055.52951980
  -1055.55442486
  -1055.54619963
  -1055.53385539
  -1055.55138387
  -1055.53302948
  -1055.53084169
  -1055.53202341
  -1055.52902712
  -1055.53191207
  -1055.55155064
  -1055.54610049
  -1055.54024732
  -1055.53595091
  -1055.55176404
  -1055.54333636
  -1055.53079810
  -1055.55244020
  -1055.54149193
  -1055.53655004
  -1055.53251678
  -1055.54386652
  -1055.53167972
  -1055.52767234
  -1055.52690145
  -1055.53855539
  -1055.53888722
  -1055.53679877
  -1055.54024315
  -1055.55167816
  -1055.52635592
  -1055.53171178
  -1055.55124738
  -1055.54267664
  -1055.53662071
  -1055.54491760
  -1055.53830038
  -1055.53475565
  -1055.52588522
  -1055.55136486
  -1055.54856921
  -1055.54588852
  -1055.55372908
  -1055.52826555
  -1055.53440246
  -1055.55158913
  -1055.54860292
  -1055.53834822
  -1055.55400487
  -1055.53767522
  -1055.54179875
  -1055.54031620
  -1055.54794690
  -1055.55226982
  -1055.54991735
  -1055.52732335
  -1055.53647400
  -1055.53762688
  -1055.52161941
  -1055.52686038
  -1055.53273601
  -1055.53177406
  -1055.54693631
  -1055.54839019
  -1055.52823580
  -1055.55385695
  -1055.54725883
  -1055.53679098
  -1055.55658380
  -1055.53756001
  -1055.54597915
  -1055.53864935
  -1055.54978358
  -1055.54604082
  -1055.53124416
  -1055.54830335
  -1055.53996699
  -1055.54774874
  -1055.53259386
  -1055.54106115
  -1055.55141053
  -1055.53756431
  -1055.55521819
  -1055.54509057
  -1055.53894266
  -1055.52974425
  -1055.52828538
  -1055.53301207
  -1055.54113738
  -1055.54705921
  -1055.55108730
  -1055.54593860
  -1055.52995323
  -1055.53392766
  -1055.53613757
  -1055.53354657
  -1055.53453970
  -1055.52135775
  -1055.53260023
  -1055.55086957
  -1055.54963963
  -1055.53121548
  -1055.54985133
  -1055.53754225
  -1055.52883051
  -1055.53484463
  -1055.55474468
  -1055.55068913
  -1055.55153328
  -1055.52646902
  -1055.53434709
  -1055.53906482
  -1055.53539175
  -1055.55119846
  -1055.53633679
  -1055.53367199
  -1055.54666559
  -1055.52609148
  -1055.54714979
  -1055.55017672
  -1055.53079391
  -1055.52721110
  -1055.55585742
  -1055.54507770
  -1055.52924395
  -1055.52772521
  -1055.55480990
  -1055.53405654
  -1055.55160080
  -1055.53387347
  -1055.54294421
  -1055.54857853
  -1055.55199952
  -1055.55199783
  -1055.53491153
  -1055.53437811
  -1055.54045111
  -1055.55093660
  -1055.54951787
  -1055.53909386
  -1055.53825274
  -1055.52628247
  -1055.53782401
  -1055.53765992
  -1055.55234131
  -1055.52837658
  -1055.53170693
  -1055.55333661
  -1055.54526279
  -1055.54060247
  -1055.55064698
  -1055.55603190
  -1055.53814901
  -1055.54592799
  -1055.54518280
  -1055.52878686
  -1055.55325054
  -1055.54265951
  -1055.55117344
  -1055.54598079
  -1055.53876162
  -1055.53466447
  -1055.53808509
  -1055.54845583
  -1055.54020951
  -1055.53901827
  -1055.54554949
  -1055.55407771
  -1055.52211476
  -1055.52875300
  -1055.53965590
  -1055.54940202
  -1055.53859691
  -1055.53092806
  -1055.55003562
  -1055.52072152
  -1055.54840501
  -1055.52885463
  -1055.53270552
  -1055.53854368
  -1055.53439457
  -1055.52218298
  -1055.53339929
  -1055.53749320
  -1055.54916899
  -1055.55236479
  -1055.54135552
  -1055.52703177
  -1055.54839775
  -1055.53350349
  -1055.53218782
  -1055.53832299
  -1055.53752946
  -1055.54589609
  -1055.53233723
  -1055.53755090
  -1055.53920721
  -1055.54764456
  -1055.52511778
  -1055.53695276
  -1055.54842773
  -1055.53572866
  -1055.52765367
  -1055.53669294
  -1055.54768782
  -1055.52661639
  -1055.54018790
  -1055.54021843
  -1055.53806141
  -1055.53433194
  -1055.53894757
  -1055.54141229
  -1055.53878261
  -1055.53209665
  -1055.54912858
  -1055.55141482
  -1055.52657560
  -1055.52957351
  -1055.53227575
  -1055.55400891
  -1055.53704361
  -1055.54461224
  -1055.54267649
  -1055.55024861
  -1055.52652635
  -1055.54258767
  -1055.53410385
  -1055.53101597
  -1055.53319041
  -1055.53246292
  -1055.54752394
  -1055.54323668
  -1055.54580384
  -1055.54116423
  -1055.55146920
  -1055.55529059
  -1055.53741641
  -1055.54912895
  -1055.52616798
  -1055.53381687
  -1055.54030579
  -1055.53490586
  -1055.53809822
  -1055.54518517
