% The following energies apply to conformations described by the topology 
% R64_iter1.top.  Structures are given in trajectory coords.cdf, count: 225.

% Item 0:
%   Energy -> orca_structures/coor*/NConf*.out
   -707.98602318
   -708.00221432
   -707.99839391
   -707.98197047
   -708.00048974
   -708.00005456
   -707.99668403
   -708.00047474
   -707.99682255
   -707.99426153
   -707.99390906
   -707.99072875
   -707.99849630
   -707.99511645
   -708.00067930
   -707.99430052
   -707.99796214
   -707.99434147
   -707.99727061
   -707.99908603
   -707.98672035
   -707.99903467
   -708.00025035
   -708.00081147
   -707.99863551
   -707.99726880
   -708.00147308
   -707.98516852
   -707.99852843
   -707.99775114
   -707.99879655
   -707.99602813
   -707.99461027
   -708.00204278
   -707.99679928
   -707.99826919
   -707.99842012
   -708.00012966
   -707.99423100
   -707.99542440
   -707.99356994
   -707.99821499
   -707.99845635
   -707.99350291
   -707.99854349
   -707.99531638
   -707.99318694
   -707.99345193
   -707.99894696
   -707.99550502
   -707.99751074
   -707.99820389
   -707.99381514
   -707.99350401
   -707.99314207
   -707.99979232
   -708.00015988
   -707.99583249
   -707.99354053
   -707.99720143
   -707.98244167
   -707.99985541
   -707.99336644
   -708.00123862
   -707.99903261
   -707.98454414
   -707.98813887
   -707.99620123
   -707.99245050
   -707.99839914
   -707.99673117
   -707.99866447
   -707.98580366
   -707.99941186
   -707.99936156
   -707.99630693
   -707.99731344
   -707.98540703
   -707.98564165
   -707.99700730
   -707.99685472
   -708.00026725
   -707.99548063
   -708.00066703
   -707.99612354
   -707.99314577
   -707.99828775
   -707.99852529
   -707.99601110
   -708.00269933
   -707.99425875
   -707.99578035
   -707.99449464
   -708.00149512
   -708.00047444
   -708.00065597
   -707.99569359
   -707.99575442
   -707.98570523
   -707.99152777
   -707.98865723
   -707.99606257
   -707.99228245
   -707.99288632
   -707.99172349
   -707.99583444
   -707.99436455
   -707.99473121
   -707.99869713
   -707.99670609
   -707.99386056
   -707.99849830
   -707.99346610
   -708.00043699
   -707.99682679
   -707.99800062
   -707.99590499
   -707.99462488
   -707.99391105
   -707.99397763
   -707.99402065
   -708.00086236
   -707.99606742
   -708.00012418
   -707.99777822
   -707.99946059
   -707.99509663
   -707.99831667
   -707.99591055
   -707.99710425
   -707.99453722
   -707.99554125
   -707.98924579
   -707.99954747
   -707.99426653
   -707.99109572
   -707.99197306
   -707.99421901
   -707.99963754
   -707.99364521
   -707.99685228
   -707.99160924
   -707.99904130
   -707.99718002
   -707.99443155
   -707.98974303
   -707.99458891
   -707.99065472
   -707.99509828
   -707.99599129
   -707.99584478
   -707.99787067
   -707.98389750
   -707.99472370
   -707.99717009
   -707.98775004
   -707.99802729
   -707.99733411
   -707.99205395
   -707.99628166
   -708.00263689
   -707.99474496
   -707.99421490
   -708.00017540
   -707.99992400
   -707.99936422
   -707.99890481
   -708.00041920
   -707.99782121
   -707.99611367
   -707.99119053
   -707.99418389
   -707.99910047
   -707.99978959
   -707.99655043
   -707.99377959
   -707.99823490
   -707.99418076
   -707.99207054
   -707.99736755
   -707.99466980
   -707.99544123
   -707.99988972
   -707.99450847
   -707.99268100
   -707.99838367
   -707.99329459
   -707.99816467
   -708.00066299
   -707.99315775
   -707.99057409
   -707.99691332
   -707.99731291
   -707.99942704
   -707.99309286
   -707.99866846
   -707.99963942
   -708.00214787
   -707.99341701
   -707.98096374
   -707.99476477
   -707.99322176
   -708.00017304
   -707.99603469
   -707.99602090
   -707.99705295
   -707.99970500
   -707.99817635
   -707.99547905
   -707.99810008
   -707.98861005
   -707.99964532
   -707.99489895
   -707.99958449
   -707.99057993
   -707.99418867
   -707.99976893
   -707.99416895
   -707.99410158
   -707.99678779
   -707.99937787
   -707.98986920
   -707.99676477
   -707.99448605
   -707.99877067
