% The following energies apply to conformations described by the topology 
% R64.top.  Structures are given in trajectory coords.cdf, count: 2448.

% Item 0:
%   Energy -> orca_structures/coor*/Conf*.out
   -707.93072769
   -707.94683150
   -707.95901381
   -707.89644146
   -707.94595736
   -707.91593492
   -707.91152066
   -707.98129836
   -707.88905560
   -707.93152184
   -707.91941156
   -707.93374098
   -707.96589061
   -707.93705789
   -707.90394389
   -707.93023001
   -707.92655079
   -707.96274793
   -707.94285630
   -707.97333245
   -707.93786536
   -707.95543793
   -707.97568309
   -707.93234897
   -707.95612554
   -707.95940057
   -707.95827473
   -707.87899331
   -707.95369914
   -707.92984399
   -707.93271494
   -707.92925272
   -707.96552887
   -707.95084349
   -707.96447897
   -707.94823915
   -707.95994794
   -707.92620369
   -707.94194398
   -707.92051861
   -707.93362811
   -707.91722068
   -707.96671814
   -707.86800294
   -707.93900892
   -707.91128084
   -707.94198142
   -707.96655574
   -707.92412099
   -707.96922714
   -707.91770969
   -707.88409823
   -707.93149998
   -707.92829199
   -707.94253724
   -707.91422075
   -707.90476192
   -707.87755894
   -707.94055449
   -707.91804871
   -707.96620076
   -707.95538893
   -707.91685588
   -707.95056506
   -707.91618335
   -707.90982665
   -707.93859258
   -707.86611644
   -707.93048337
   -707.92088575
   -707.93321194
   -707.90455058
   -707.95699699
   -707.92381809
   -707.95319142
   -707.94463146
   -707.93636399
   -707.94699617
   -707.96369933
   -707.94404538
   -707.90297682
   -707.95847016
   -707.91911068
   -707.93391564
   -707.93414338
   -707.93080035
   -707.92525358
   -707.94654278
   -707.93251601
   -707.95322183
   -707.92061756
   -707.97042333
   -707.92518596
   -707.93544354
   -707.93392865
   -707.98027803
   -707.93803746
   -707.95497755
   -707.91954037
   -707.90658287
   -707.96289475
   -707.91957791
   -707.95440535
   -707.88898092
   -707.93003172
   -707.95028287
   -707.94124400
   -707.94436407
   -707.95206485
   -707.91058237
   -707.92938832
   -707.90999063
   -707.90353537
   -707.95303184
   -707.93005756
   -707.96654191
   -707.89493050
   -707.92982995
   -707.95950968
   -707.93347173
   -707.94010135
   -707.93270555
   -707.92434929
   -707.93009011
   -707.92935157
   -707.96130882
   -707.93498354
   -707.92156487
   -707.95526706
   -707.95081412
   -707.90814082
   -707.92348570
   -707.93561974
   -707.93533535
   -707.96949393
   -707.93098769
   -707.94368952
   -707.94058207
   -707.93088064
   -707.95302131
   -707.95606959
   -707.88146013
   -707.90458224
   -707.93500377
   -707.94833955
   -707.96059185
   -707.87727689
   -707.94616529
   -707.94756115
   -707.93287399
   -707.94363232
   -707.92281006
   -707.93287127
   -707.94026600
   -707.94573439
   -707.93610552
   -707.94541091
   -707.92417061
   -707.95545742
   -707.89079098
   -707.87121887
   -707.94855504
   -707.93060528
   -707.91966385
   -707.95449131
   -707.94638831
   -707.91992236
   -707.93340928
   -707.94932278
   -707.91110508
   -707.92636403
   -707.89535949
   -707.93706695
   -707.92255394
   -707.92858432
   -707.95115388
   -707.94365630
   -707.94542268
   -707.94332494
   -707.95936991
   -707.93972580
   -707.91660283
   -707.96178858
   -707.92702193
   -707.92344694
   -707.89964481
   -707.94159815
   -707.93631482
   -707.96143087
   -707.87833410
   -707.95992479
   -707.94761867
   -707.91813529
   -707.93340033
   -707.95944294
   -707.90991943
   -707.96589536
   -707.87971822
   -707.96964878
   -707.96863049
   -707.95647893
   -707.94890739
   -707.94363484
   -707.92327805
   -707.93239886
   -707.95867910
   -707.94058550
   -707.94678379
   -707.96049668
   -707.95546126
   -707.91506551
   -707.97087826
   -707.93245296
   -707.96816225
   -707.93961369
   -707.91851180
   -707.94971051
   -707.93515504
   -707.94719895
   -707.95097732
   -707.93237850
   -707.92887224
   -707.93441826
   -707.94350156
   -707.94206429
   -707.95770958
   -707.91793833
   -707.94854932
   -707.95586050
   -707.92384211
   -707.93193594
   -707.95554875
   -707.93553137
   -707.95499121
   -707.93300551
   -707.95675318
   -707.97501548
   -707.94180498
   -707.92994872
   -707.93654152
   -707.95343819
   -707.95730421
   -707.98184190
   -707.93177005
   -707.91242341
   -707.93368741
   -707.90056594
   -707.90717909
   -707.94929997
   -707.93009735
   -707.91870303
   -707.95348997
   -707.89558562
   -707.91741712
   -707.93644774
   -707.96393274
   -707.93778064
   -707.90606507
   -707.96072818
   -707.95019737
   -707.95314218
   -707.96686413
   -707.94815387
   -707.93462914
   -707.91587413
   -707.92447454
   -707.92322393
   -707.94021436
   -707.96041954
   -707.95389356
   -707.93725579
   -707.96317622
   -707.95474933
   -707.96639593
   -707.94486250
   -707.94807241
   -707.93883305
   -707.93316499
   -707.92907080
   -707.94841679
   -707.91564646
   -707.95774380
   -707.93537994
   -707.93522499
   -707.89527318
   -707.96045004
   -707.95181406
   -707.95486513
   -707.96739999
   -707.94344208
   -707.89641886
   -707.94892719
   -707.93767715
   -707.94816387
   -707.95522447
   -707.94017335
   -707.94902097
   -707.94742424
   -707.93883467
   -707.93785754
   -707.92418869
   -707.94934967
   -707.93081026
   -707.93692409
   -707.93948886
   -707.96770446
   -707.94329197
   -707.93667760
   -707.93299736
   -707.95286923
   -707.94748485
   -707.96010626
   -707.94296654
   -707.94353375
   -707.94057168
   -707.94743196
   -707.96799423
   -707.93179205
   -707.93341417
   -707.96078181
   -707.93208641
   -707.95224943
   -707.97002957
   -707.90309619
   -707.95947584
   -707.91492894
   -707.94797722
   -707.90889710
   -707.92909941
   -707.93822255
   -707.95414143
   -707.96317748
   -707.92836681
   -707.93582677
   -707.91708304
   -707.96751775
   -707.96494143
   -707.93626202
   -707.92867231
   -707.96251641
   -707.97042149
   -707.95467996
   -707.93416496
   -707.96420114
   -707.91667113
   -707.96334906
   -707.94481717
   -707.94594654
   -707.90321312
   -707.95687872
   -707.93653092
   -707.94428374
   -707.95161717
   -707.94117368
   -707.91006171
   -707.92382127
   -707.89373806
   -707.96536974
   -707.96664041
   -707.92590398
   -707.93542524
   -707.93839187
   -707.97339227
   -707.97387129
   -707.92729202
   -707.92036887
   -707.94034633
   -707.92729922
   -707.96378000
   -707.97747461
   -707.96377715
   -707.90409153
   -707.95661895
   -707.93315856
   -707.91547349
   -707.97765523
   -707.96152302
   -707.94410919
   -707.93809192
   -707.94340283
   -707.94215751
   -707.92026558
   -707.95704164
   -707.95243899
   -707.98754203
   -707.98262389
   -707.93054909
   -707.94976686
   -707.93626310
   -707.85511092
   -707.92302575
   -707.97284913
   -707.89176442
   -707.91831032
   -707.93545933
   -707.93212917
   -707.95994385
   -707.93541532
   -707.93749576
   -707.91073563
   -707.91238446
   -707.96138667
   -707.95482765
   -707.92495038
   -707.95135058
   -707.95252338
   -707.95377692
   -707.95757731
   -707.97468821
   -707.97759285
   -707.87715637
   -707.93645873
   -707.95192043
   -707.93170079
   -707.94212490
   -707.95637431
   -707.93816098
   -707.96019050
   -707.93656606
   -707.93747473
   -707.91320589
   -707.94013422
   -707.95312593
   -707.97300051
   -707.92498790
   -707.93476791
   -707.91599908
   -707.95687129
   -707.94983818
   -707.93568807
   -707.95454617
   -707.91952908
   -707.93896790
   -707.92925653
   -707.94785296
   -707.93976528
   -707.94306103
   -707.96156990
   -707.94649256
   -707.96818192
   -707.92477525
   -707.94005905
   -707.96294527
   -707.87891669
   -707.91627669
   -707.94759032
   -707.97154878
   -707.94274395
   -707.93693419
   -707.97218523
   -707.91866535
   -707.95436397
   -707.95034218
   -707.94188203
   -707.94183641
   -707.94041053
   -707.93049219
   -707.89593605
   -707.93097631
   -707.93496516
   -707.96076583
   -707.90933109
   -707.93250862
   -707.94227493
   -707.93359756
   -707.94327370
   -707.96588732
   -707.89590050
   -707.96211731
   -707.90475145
   -707.89012262
   -707.96068949
   -707.95465770
   -707.95353919
   -707.95431321
   -707.94756552
   -707.93907491
   -707.93142643
   -707.96199538
   -707.92110684
   -707.96185056
   -707.94639583
   -707.95662166
   -707.92294598
   -707.97309678
   -707.94660452
   -707.93986211
   -707.93220233
   -707.94052194
   -707.94570278
   -707.92557882
   -707.95034427
   -707.93651499
   -707.92333795
   -707.90245407
   -707.93234758
   -707.93453019
   -707.93611724
   -707.94946365
   -707.93182350
   -707.92168213
   -707.93531905
   -707.94956532
   -707.96800632
   -707.93359190
   -707.95346122
   -707.94098034
   -707.91853525
   -707.91663634
   -707.87142585
   -707.94723609
   -707.87848806
   -707.95300992
   -707.93954700
   -707.90451550
   -707.94678340
   -707.97790284
   -707.89685958
   -707.96821207
   -707.93879367
   -707.94270485
   -707.95365714
   -707.95237735
   -707.94143340
   -707.95271682
   -707.93715097
   -707.94052901
   -707.97477171
   -707.94758750
   -707.89993471
   -707.95156854
   -707.90174584
   -707.93763991
   -707.91253570
   -707.93308051
   -707.94593240
   -707.88537521
   -707.95842710
   -707.93034551
   -707.95301071
   -707.93722381
   -707.94104171
   -707.95064241
   -707.92814786
   -707.95316854
   -707.94002850
   -707.96929249
   -707.93887303
   -707.86737498
   -707.94604767
   -707.92718024
   -707.90515930
   -707.95666047
   -707.95702740
   -707.87874192
   -707.91732689
   -707.91564160
   -707.88001619
   -707.92118192
   -707.89031695
   -707.89745019
   -707.87851372
   -707.96697348
   -707.96767217
   -707.96808337
   -707.95721660
   -707.89072968
   -707.95876152
   -707.96029482
   -707.92603711
   -707.96434510
   -707.97036040
   -707.89836883
   -707.93604222
   -707.96065959
   -707.94472387
   -707.92580476
   -707.92510034
   -707.92479258
   -707.92875638
   -707.94445714
   -707.95399876
   -707.97539007
   -707.93389956
   -707.95668224
   -707.95043491
   -707.91580233
   -707.95536041
   -707.90504897
   -707.98342709
   -707.96161928
   -707.96098836
   -707.93105748
   -707.93151486
   -707.96273470
   -707.93700051
   -707.92498672
   -707.92767447
   -707.96011175
   -707.95405890
   -707.96748770
   -707.96669596
   -707.91402700
   -707.96156499
   -707.93874668
   -707.87493759
   -707.92494962
   -707.97174246
   -707.95074114
   -707.97147681
   -707.94600162
   -707.96476239
   -707.92315215
   -707.94467630
   -707.94058071
   -707.93780967
   -707.91715240
   -707.95417985
   -707.91856822
   -707.95174508
   -707.94389378
   -707.94476902
   -707.92629088
   -707.90743422
   -707.96340645
   -707.93264076
   -707.92262599
   -707.86638498
   -707.95941659
   -707.93871050
   -707.87750534
   -707.92920861
   -707.95820344
   -707.96042991
   -707.96203677
   -707.97316080
   -707.90969960
   -707.95781313
   -707.94041474
   -707.95503609
   -707.96328584
   -707.92278186
   -707.94735743
   -707.90900289
   -707.88286825
   -707.91143956
   -707.87500036
   -707.94707290
   -707.91803943
   -707.91425288
   -707.92588530
   -707.94739761
   -707.94507961
   -707.94277121
   -707.94246769
   -707.98180757
   -707.94268062
   -707.97111815
   -707.93729733
   -707.96124209
   -707.94077502
   -707.95876574
   -707.93935495
   -707.88547087
   -707.95907694
   -707.90047954
   -707.94904761
   -707.96026639
   -707.92446186
   -707.90868767
   -707.96313935
   -707.86124290
   -707.95328354
   -707.94574992
   -707.92499805
   -707.95096782
   -707.92937715
   -707.96375984
   -707.89380276
   -707.91986724
   -707.95440582
   -707.92913879
   -707.93559180
   -707.90048225
   -707.92589286
   -707.88941148
   -707.94675753
   -707.95419390
   -707.87428460
   -707.86792123
   -707.92348362
   -707.95654077
   -707.95275976
   -707.95156256
   -707.93928876
   -707.97248482
   -707.93742298
   -707.95904689
   -707.91340247
   -707.94311396
   -707.91351863
   -707.93674548
   -707.95210915
   -707.95640917
   -707.94646444
   -707.97637302
   -707.90149243
   -707.90793550
   -707.93251984
   -707.94754763
   -707.92576810
   -707.94978953
   -707.91931028
   -707.95304668
   -707.95123927
   -707.95751654
   -707.95528446
   -707.94022910
   -707.94448507
   -707.92859048
   -707.94230193
   -707.92990146
   -707.94768937
   -707.96596171
   -707.91305357
   -707.97432402
   -707.92324376
   -707.92032514
   -707.95321715
   -707.87476015
   -707.92159563
   -707.94293241
   -707.96128199
   -707.88500345
   -707.97074749
   -707.93226841
   -707.95374546
   -707.93607407
   -707.96759217
   -707.92722637
   -707.92731166
   -707.94450795
   -707.94682032
   -707.93192382
   -707.95786456
   -707.96960853
   -707.94930609
   -707.94125522
   -707.96312403
   -707.95328297
   -707.93645392
   -707.94476287
   -707.93361757
   -707.93480489
   -707.97107524
   -707.93287682
   -707.91979533
   -707.93434435
   -707.94508023
   -707.89788276
   -707.97605483
   -707.93938978
   -707.94172196
   -707.92976811
   -707.86255443
   -707.93859561
   -707.94919577
   -707.94183441
   -707.96361193
   -707.94394788
   -707.94425494
   -707.89013526
   -707.93359286
   -707.97007303
   -707.93822387
   -707.93698822
   -707.94001133
   -707.94621459
   -707.92118747
   -707.95018716
   -707.94025995
   -707.93537230
   -707.93783621
   -707.90628807
   -707.96653463
   -707.95028008
   -707.93566891
   -707.92018102
   -707.96735349
   -707.95402225
   -707.96657444
   -707.94442263
   -707.95637499
   -707.94894083
   -707.97048614
   -707.94674760
   -707.92225523
   -707.92963391
   -707.93812836
   -707.93589338
   -707.95067430
   -707.93174186
   -707.92948945
   -707.95931640
   -707.96988368
   -707.91202619
   -707.90948754
   -707.90054011
   -707.90279264
   -707.94758667
   -707.95121684
   -707.94372985
   -707.95196194
   -707.95398972
   -707.91118041
   -707.94641093
   -707.97848248
   -707.91178704
   -707.97129146
   -707.96677846
   -707.86400710
   -707.95330496
   -707.93096102
   -707.94497599
   -707.96471426
   -707.91517025
   -707.96077696
   -707.93881636
   -707.92569561
   -707.89490980
   -707.92458881
   -707.92831245
   -707.93805507
   -707.95709271
   -707.95165483
   -707.97202166
   -707.96934349
   -707.93028413
   -707.95332285
   -707.91036932
   -707.96136420
   -707.96929726
   -707.92218494
   -707.93231895
   -707.93148113
   -707.93629937
   -707.93496022
   -707.94349720
   -707.92490073
   -707.94843215
   -707.95760324
   -707.90985853
   -707.94828888
   -707.95435079
   -707.95048592
   -707.94472920
   -707.96861519
   -707.94034915
   -707.94168206
   -707.95296215
   -707.95362145
   -707.93247680
   -707.91517791
   -707.92720786
   -707.94426769
   -707.95878291
   -707.96598028
   -707.97281518
   -707.93065428
   -707.96172162
   -707.96547689
   -707.95396619
   -707.95094191
   -707.94795069
   -707.96346576
   -707.94043554
   -707.94776179
   -707.96100059
   -707.95523458
   -707.94565686
   -707.94502848
   -707.95331686
   -707.95291816
   -707.95102943
   -707.95034920
   -707.93573902
   -707.93778296
   -707.94966299
   -707.96368585
   -707.95894632
   -707.96372266
   -707.95492970
   -707.92486926
   -707.92154942
   -707.94876467
   -707.94170826
   -707.92884367
   -707.96748088
   -707.90360477
   -707.96007513
   -707.95802669
   -707.94869391
   -707.91776566
   -707.95132584
   -707.94531114
   -707.95807935
   -707.94193245
   -707.98235333
   -707.93554227
   -707.96299776
   -707.92629821
   -707.93055565
   -707.97681631
   -707.96365017
   -707.97658979
   -707.98694153
   -707.87114004
   -707.92366540
   -707.90333955
   -707.94135985
   -707.89688542
   -707.87707172
   -707.94172834
   -707.98865924
   -707.95794434
   -707.91233386
   -707.96810353
   -707.97006581
   -707.93160803
   -707.94426941
   -707.93695045
   -707.93732864
   -707.93475044
   -707.95397975
   -707.90569501
   -707.92755119
   -707.93585531
   -707.97680185
   -707.86584069
   -707.92959250
   -707.93411483
   -707.95517515
   -707.95709647
   -707.94778212
   -707.95361742
   -707.91460883
   -707.95231267
   -707.93985691
   -707.87716446
   -707.94648229
   -707.92626668
   -707.91215463
   -707.97571119
   -707.95270048
   -707.96253091
   -707.96262422
   -707.93240082
   -707.90104708
   -707.96785073
   -707.89246357
   -707.90268001
   -707.91254509
   -707.88396766
   -707.94124738
   -707.94883915
   -707.97146086
   -707.95616441
   -707.92956087
   -707.96319969
   -707.95897664
   -707.94735288
   -707.95795617
   -707.93894554
   -707.90017931
   -707.97899354
   -707.90654362
   -707.95891886
   -707.94782410
   -707.92312791
   -707.90412362
   -707.92112222
   -707.91439582
   -707.89394472
   -707.95716193
   -707.93771804
   -707.90050280
   -707.93040203
   -707.94326290
   -707.90412962
   -707.94346508
   -707.90277394
   -707.97242707
   -707.89606091
   -707.94324638
   -707.90080413
   -707.95665439
   -707.93633362
   -707.86475356
   -707.93984043
   -707.94647508
   -707.95198055
   -707.91080793
   -707.92883788
   -707.93805833
   -707.93408735
   -707.91435045
   -707.90445756
   -707.92350845
   -707.92212297
   -707.93532608
   -707.96266575
   -707.93920192
   -707.86630989
   -707.89187434
   -707.96031400
   -707.90324421
   -707.94918141
   -707.92526394
   -707.92049327
   -707.90526910
   -707.96588026
   -707.93094653
   -707.95131350
   -707.97519151
   -707.97752034
   -707.87310030
   -707.94872549
   -707.90812578
   -707.89464216
   -707.95572919
   -707.87854617
   -707.94726333
   -707.93170089
   -707.91762341
   -707.96508578
   -707.94861592
   -707.95197366
   -707.98234181
   -707.93418819
   -707.95056761
   -707.92413377
   -707.93116418
   -707.91876674
   -707.96083687
   -707.91593934
   -707.92438119
   -707.92087901
   -707.93889719
   -707.96369123
   -707.94406150
   -707.95737436
   -707.93809643
   -707.93541400
   -707.95175709
   -707.95328774
   -707.94521576
   -707.94561023
   -707.95617848
   -707.93794063
   -707.93002641
   -707.89410368
   -707.93992496
   -707.90214003
   -707.92313487
   -707.94386439
   -707.90457446
   -707.94714946
   -707.95028360
   -707.96100947
   -707.97879751
   -707.92311556
   -707.90375047
   -707.91468889
   -707.94099065
   -707.95095277
   -707.95716557
   -707.92179906
   -707.94355017
   -707.88824363
   -707.91082253
   -707.96291060
   -707.98937078
   -707.98116453
   -707.97002872
   -707.89414761
   -707.92797399
   -707.93955595
   -707.95724983
   -707.96458085
   -707.92336871
   -707.94947466
   -707.88557335
   -707.94186271
   -707.89074712
   -707.96506585
   -707.92978760
   -707.94372592
   -707.94275966
   -707.94000977
   -707.95759512
   -707.96782449
   -707.93675869
   -707.95236543
   -707.94534957
   -707.94243598
   -707.95353532
   -707.95100193
   -707.94276754
   -707.95729287
   -707.94374793
   -707.95821752
   -707.91944529
   -707.94271693
   -707.95368693
   -707.92248668
   -707.94982532
   -707.88675565
   -707.92091876
   -707.94747114
   -707.96030009
   -707.90825423
   -707.84571335
   -707.94045385
   -707.96508677
   -707.90961627
   -707.93877135
   -707.93615240
   -707.90110908
   -707.93296662
   -707.87629217
   -707.95438196
   -707.97889014
   -707.92993299
   -707.93815872
   -707.93556272
   -707.92183065
   -707.95306112
   -707.95750297
   -707.87459384
   -707.93966092
   -707.96711293
   -707.96367180
   -707.96064362
   -707.95708087
   -707.97398338
   -707.93011950
   -707.95303936
   -707.91309119
   -707.93864375
   -707.94638611
   -707.94279374
   -707.95586722
   -707.93485925
   -707.95515528
   -707.87462656
   -707.92520593
   -707.93124192
   -707.92290134
   -707.94689673
   -707.96736393
   -707.97656939
   -707.97138898
   -707.96115722
   -707.94423359
   -707.91875163
   -707.94387360
   -707.94652560
   -707.93244235
   -707.91639253
   -707.90780916
   -707.95140414
   -707.93808769
   -707.94730657
   -707.94160340
   -707.95027857
   -707.97286983
   -707.83603255
   -707.93838570
   -707.92208658
   -707.95174202
   -707.94141189
   -707.96743675
   -707.92536804
   -707.95531108
   -707.94847365
   -707.94262022
   -707.90558315
   -707.96470599
   -707.94370864
   -707.91859936
   -707.94341425
   -707.94487649
   -707.95701544
   -707.95389165
   -707.93526414
   -707.91785974
   -707.91642955
   -707.95070142
   -707.88343952
   -707.89463578
   -707.93984170
   -707.94370553
   -707.92376264
   -707.87143428
   -707.91612136
   -707.94166894
   -707.94011831
   -707.95612279
   -707.93162773
   -707.90526680
   -707.90502452
   -707.92319541
   -707.95660295
   -707.94390808
   -707.92371343
   -707.94713346
   -707.93269476
   -707.96221729
   -707.87680782
   -707.93768284
   -707.92316042
   -707.91802988
   -707.94565472
   -707.93879958
   -707.96848562
   -707.92957535
   -707.93202734
   -707.92740086
   -707.94181691
   -707.92829732
   -707.93507485
   -707.92374348
   -707.95073401
   -707.94783659
   -707.94607305
   -707.96189281
   -707.94763302
   -707.95769240
   -707.91298541
   -707.94399174
   -707.90232096
   -707.93633343
   -707.96051942
   -707.95158114
   -707.95456106
   -707.93103518
   -707.95235189
   -707.93845233
   -707.92705460
   -707.95429300
   -707.95321964
   -707.90587028
   -707.90406832
   -707.93787495
   -707.93912498
   -707.93974490
   -707.93742808
   -707.94943160
   -707.92440920
   -707.88676811
   -707.93173571
   -707.92485535
   -707.95479968
   -707.93763656
   -707.93662747
   -707.94457606
   -707.91550074
   -707.92624602
   -707.94330217
   -707.96226722
   -707.91333928
   -707.94062693
   -707.91262046
   -707.93431600
   -707.92643224
   -707.90055000
   -707.94537566
   -707.93366015
   -707.91788182
   -707.93744640
   -707.96864051
   -707.95009438
   -707.92011564
   -707.93093030
   -707.93501178
   -707.90974464
   -707.95405863
   -707.92809673
   -707.93454370
   -707.93396996
   -707.94091918
   -707.94204162
   -707.94294355
   -707.96331743
   -707.92111084
   -707.95313692
   -707.90923703
   -707.95277530
   -707.92293952
   -707.89263434
   -707.92518398
   -707.94261592
   -707.92920531
   -707.94306035
   -707.95340918
   -707.94240980
   -707.89500835
   -707.90392234
   -707.92463423
   -707.94734077
   -707.95987606
   -707.94457352
   -707.92013374
   -707.94565943
   -707.95780378
   -707.94419943
   -707.96882070
   -707.90311294
   -707.94507962
   -707.90940337
   -707.95720536
   -707.94765328
   -707.94518962
   -707.95708990
   -707.96511217
   -707.96077945
   -707.94683967
   -707.93836675
   -707.95321473
   -707.97000413
   -707.94850157
   -707.90970070
   -707.91405059
   -707.93877001
   -707.92486981
   -707.95545416
   -707.89887539
   -707.90736466
   -707.95655150
   -707.95018913
   -707.95010667
   -707.94827953
   -707.97851709
   -707.97089435
   -707.93584083
   -707.92711538
   -707.94230853
   -707.94459601
   -707.94145859
   -707.94182547
   -707.96274231
   -707.91156123
   -707.94713811
   -707.94020364
   -707.89341260
   -707.94869349
   -707.93825915
   -707.90307770
   -707.92851488
   -707.94696718
   -707.95775347
   -707.91067777
   -707.92428731
   -707.95937050
   -707.93913763
   -707.96260246
   -707.92286989
   -707.97170607
   -707.93720694
   -707.92156754
   -707.94414363
   -707.90605803
   -707.93776773
   -707.94443304
   -707.94989380
   -707.95761124
   -707.95430564
   -707.90394435
   -707.93519037
   -707.93102026
   -707.94450848
   -707.91196752
   -707.94684809
   -707.93536956
   -707.93531769
   -707.91377671
   -707.93908286
   -707.86680730
   -707.93148360
   -707.97801331
   -707.88281737
   -707.93464443
   -707.94125449
   -707.90388856
   -707.93890061
   -707.94199421
   -707.95729805
   -707.92001789
   -707.92743606
   -707.91843499
   -707.94341706
   -707.90228084
   -707.89024195
   -707.96377915
   -707.90969090
   -707.92628757
   -707.90282548
   -707.95927576
   -707.94126893
   -707.94291701
   -707.91637009
   -707.95355250
   -707.96086410
   -707.96745680
   -707.93729255
   -707.88021110
   -707.91134564
   -707.98388648
   -707.93961957
   -707.92271501
   -707.94465516
   -707.95996572
   -707.95945618
   -707.95842285
   -707.95469054
   -707.91741226
   -707.91494942
   -707.91835069
   -707.91735506
   -707.94162588
   -707.96254403
   -707.86060264
   -707.97449056
   -707.96715740
   -707.93818871
   -707.95798469
   -707.98707277
   -707.92934226
   -707.94205086
   -707.95684622
   -707.92165070
   -707.91704614
   -707.95062284
   -707.94556056
   -707.91857273
   -707.93092026
   -707.93914427
   -707.93767766
   -707.89417691
   -707.91176281
   -707.95064136
   -707.95705517
   -707.93759195
   -707.93850095
   -707.89803306
   -707.93013557
   -707.96944822
   -707.96629790
   -707.94747206
   -707.98203335
   -707.91589756
   -707.92975988
   -707.95638097
   -707.92631307
   -707.91790828
   -707.94076026
   -707.93766777
   -707.93503454
   -707.96207907
   -707.94598425
   -707.94696826
   -707.93381155
   -707.92687729
   -707.93363762
   -707.94580799
   -707.94439076
   -707.90010561
   -707.96629633
   -707.94666549
   -707.92772999
   -707.94225682
   -707.94710261
   -707.94846234
   -707.95027285
   -707.96492744
   -707.96248166
   -707.94830770
   -707.93364737
   -707.96447823
   -707.96670674
   -707.93690895
   -707.90821248
   -707.90772721
   -707.94674278
   -707.96884674
   -707.91833522
   -707.95483821
   -707.90832888
   -707.93263773
   -707.95737453
   -707.94647420
   -707.92143095
   -707.90102060
   -707.95474140
   -707.95754769
   -707.91174989
   -707.94988062
   -707.87579882
   -707.91982329
   -707.93851306
   -707.95290297
   -707.95098067
   -707.93440566
   -707.94199056
   -707.94803807
   -707.96334641
   -707.93927140
   -707.97153298
   -707.94605112
   -707.96283353
   -707.92434871
   -707.90790240
   -707.95681199
   -707.92080909
   -707.84862204
   -707.96620868
   -707.92723915
   -707.93694090
   -707.98429199
   -707.94660334
   -707.87710432
   -707.95122344
   -707.93711241
   -707.95004269
   -707.92034861
   -707.92899964
   -707.95136645
   -707.89916584
   -707.88633707
   -707.91206971
   -707.91984869
   -707.94866798
   -707.94877325
   -707.95105653
   -707.93804109
   -707.93599634
   -707.91472555
   -707.94993421
   -707.96247917
   -707.95641996
   -707.97012953
   -707.94027690
   -707.95396750
   -707.94302636
   -707.95097333
   -707.91739364
   -707.91865345
   -707.92345385
   -707.91857221
   -707.94675076
   -707.96496275
   -707.96121538
   -707.87466412
   -707.91712623
   -707.94076104
   -707.85053332
   -707.97582903
   -707.97030703
   -707.91837239
   -707.85912921
   -707.93939589
   -707.91095265
   -707.93940671
   -707.93811998
   -707.95200632
   -707.93679893
   -707.95049070
   -707.96653511
   -707.92707950
   -707.93920823
   -707.94200613
   -707.92714304
   -707.94720841
   -707.95977105
   -707.96304331
   -707.92936613
   -707.95289619
   -707.94012169
   -707.94476783
   -707.89154847
   -707.91650331
   -707.92037817
   -707.93372453
   -707.92513298
   -707.89203629
   -707.95793388
   -707.94588981
   -707.95142507
   -707.93792018
   -707.93877462
   -707.91954720
   -707.93386523
   -707.94115210
   -707.95365794
   -707.89788651
   -707.94241451
   -707.95261764
   -707.88238515
   -707.88364315
   -707.95138944
   -707.93605006
   -707.96063227
   -707.89365869
   -707.94820395
   -707.97743392
   -707.92237249
   -707.92753355
   -707.93965546
   -707.93407774
   -707.86472648
   -707.96961112
   -707.91206319
   -707.87105742
   -707.89898716
   -707.95594124
   -707.94578059
   -707.93123199
   -707.92694703
   -707.96430767
   -707.96454135
   -707.95378145
   -707.97176412
   -707.92000555
   -707.91998152
   -707.92837601
   -707.93800569
   -707.93747387
   -707.92178484
   -707.97616486
   -707.94331727
   -707.95267890
   -707.95111040
   -707.90585603
   -707.96827108
   -707.94908542
   -707.95537601
   -707.96163863
   -707.94001776
   -707.94469307
   -707.95230257
   -707.94768946
   -707.95570239
   -707.94931003
   -707.91485891
   -707.96118956
   -707.95483856
   -707.90824940
   -707.92141435
   -707.95338947
   -707.91303078
   -707.96879687
   -707.96111607
   -707.94819282
   -707.96255732
   -707.93684650
   -707.93383297
   -707.93756175
   -707.92486477
   -707.96497786
   -707.93360434
   -707.87805686
   -707.97690586
   -707.90611725
   -707.95225379
   -707.97453344
   -707.93608847
   -707.95148842
   -707.95242381
   -707.94510328
   -707.94546927
   -707.95104028
   -707.89831041
   -707.90306549
   -707.95037179
   -707.87013097
   -707.88172767
   -707.90938624
   -707.92949427
   -707.93434063
   -707.94825515
   -707.88775137
   -707.94503756
   -707.96927086
   -707.92938929
   -707.93237084
   -707.93205873
   -707.90045574
   -707.93541244
   -707.95577070
   -707.93144372
   -707.92913860
   -707.95254134
   -707.96804164
   -707.95763776
   -707.95542319
   -707.92133807
   -707.96411477
   -707.97250619
   -707.93726209
   -707.94722798
   -707.93784457
   -707.89962740
   -707.90137931
   -707.93169236
   -707.94860563
   -707.93981414
   -707.94055283
   -707.92712157
   -707.94170660
   -707.92964536
   -707.92403768
   -707.94921172
   -707.89156056
   -707.95733989
   -707.93318079
   -707.93978500
   -707.92675882
   -707.94096776
   -707.89853616
   -707.94370455
   -707.94114132
   -707.94301587
   -707.93382171
   -707.94828174
   -707.95855928
   -707.92275410
   -707.91767346
   -707.94221157
   -707.95956704
   -707.91177925
   -707.96969265
   -707.97859337
   -707.94197268
   -707.92107337
   -707.93027796
   -707.88179474
   -707.94446384
   -707.89540709
   -707.89056649
   -707.92759270
   -707.90928894
   -707.91994032
   -707.96610370
   -707.94461071
   -707.96701992
   -707.96188158
   -707.94701435
   -707.94493593
   -707.93563212
   -707.93689203
   -707.92969564
   -707.96072471
   -707.90571499
   -707.96135338
   -707.95540873
   -707.96219489
   -707.95972225
   -707.96003637
   -707.93214898
   -707.94398892
   -707.88491291
   -707.91623586
   -707.91295874
   -707.91945657
   -707.94552039
   -707.86789826
   -707.93468125
   -707.83624783
   -707.92847940
   -707.96656070
   -707.96371205
   -707.94258998
   -707.94781078
   -707.94048959
   -707.93715315
   -707.96736032
   -707.88660279
   -707.93993191
   -707.88598595
   -707.92456064
   -707.92471393
   -707.94544509
   -707.98088562
   -707.90950864
   -707.92752369
   -707.90082485
   -707.97189033
   -707.93642322
   -707.93057833
   -707.94858193
   -707.95688650
   -707.95136964
   -707.95750070
   -707.90538005
   -707.93485010
   -707.94272800
   -707.93790535
   -707.87457712
   -707.92893240
   -707.94907548
   -707.94441350
   -707.94546963
   -707.91841190
   -707.86494288
   -707.94567098
   -707.91037768
   -707.93854948
   -707.89022349
   -707.95002266
   -707.97575854
   -707.93975657
   -707.93560914
   -707.93641537
   -707.94771334
   -707.93031762
   -707.95901185
   -707.93951158
   -707.91228955
   -707.89075592
   -707.94467539
   -707.94768415
   -707.93743204
   -707.94943746
   -707.94322328
   -707.94403776
   -707.92642040
   -707.94065902
   -707.89800318
   -707.95771793
   -707.94438750
   -707.92681000
   -707.95272447
   -707.93654819
   -707.89893498
   -707.93657286
   -707.96577516
   -707.96556808
   -707.90455443
   -707.93492812
   -707.93674186
   -707.92924490
   -707.95474391
   -707.91595407
   -707.92435141
   -707.92395147
   -707.91001500
   -707.96472595
   -707.95540280
   -707.93738141
   -707.96679352
   -707.94120302
   -707.93506462
   -707.91934683
   -707.96311455
   -707.94091930
   -707.94910689
   -707.95702772
   -707.93252843
   -707.95358400
   -707.97547219
   -707.95121494
   -707.94612579
   -707.95732162
   -707.88307481
   -707.95210315
   -707.95785551
   -707.94942760
   -707.89679294
   -707.94319637
   -707.95740488
   -707.92573907
   -707.89497820
   -707.88224077
   -707.91788169
   -707.93446486
   -707.89912158
   -707.97176306
   -707.92645152
   -707.95898451
   -707.97346464
   -707.96474680
   -707.93310103
   -707.94865250
   -707.91803387
   -707.97141205
   -707.94746281
   -707.96016215
   -707.94620570
   -707.93964297
   -707.92786191
   -707.95658260
   -707.94968593
   -707.90630907
   -707.90838227
   -707.96168174
   -707.89894740
   -707.94949748
   -707.96821988
   -707.94359885
   -707.90684588
   -707.96099943
   -707.94509460
   -707.92289050
   -707.93073470
   -707.94978019
   -707.88963886
   -707.98994152
   -707.93701475
   -707.86712741
   -707.91490744
   -707.94215318
   -707.88856434
   -707.95551414
   -707.93218079
   -707.96148561
   -707.96180248
   -707.94152796
   -707.97431268
   -707.94964294
   -707.96769236
   -707.96845398
   -707.92470781
   -707.94175787
   -707.89078461
   -707.94705225
   -707.93744424
   -707.94222364
   -707.97190962
   -707.93301628
   -707.94931194
   -707.92972393
   -707.90906363
   -707.93807559
   -707.92627857
   -707.94218094
   -707.94138098
   -707.94619245
   -707.98034576
   -707.92682790
   -707.92307858
   -707.93998003
   -707.92625389
   -707.94832845
   -707.96730596
   -707.94794562
   -707.93575678
   -707.94666637
   -707.93524210
   -707.92304714
   -707.94783001
   -707.92829012
   -707.87849552
   -707.91640795
   -707.97137386
   -707.92976672
   -707.93753236
   -707.92455025
   -707.95007287
   -707.95857684
   -707.95853741
   -707.95668228
   -707.94970211
   -707.93662457
   -707.94198097
   -707.90451011
   -707.94075782
   -707.96944204
   -707.92866318
   -707.93046856
   -707.91138984
   -707.94455893
   -707.96071254
   -707.95641067
   -707.92424289
   -707.92883935
   -707.92263049
   -707.95006927
   -707.94073505
   -707.96381696
   -707.93914117
   -707.97433401
   -707.97082621
   -707.92817408
   -707.92338676
   -707.94077830
   -707.90226336
   -707.94548104
   -707.94453060
   -707.93694541
   -707.86773583
   -707.95852620
   -707.95457257
   -707.91974342
   -707.95007118
   -707.95814635
   -707.92833529
   -707.89709584
   -707.94193063
   -707.95253290
   -707.92690294
   -707.94473847
   -707.89686581
   -707.94598571
   -707.94875475
   -707.92191154
   -707.93465759
   -707.94147226
   -707.92363070
   -707.91730958
   -707.94152398
   -707.89061141
   -707.92132187
   -707.91373695
   -707.94330981
   -707.95694350
   -707.93162637
   -707.90666846
   -707.96582611
   -707.94185220
   -707.96147277
   -707.95321646
   -707.89407877
   -707.93932249
   -707.92732340
   -707.93099025
   -707.91406653
   -707.95253814
   -707.95139163
   -707.92991644
   -707.87324968
   -707.96219689
   -707.96737814
   -707.94451744
   -707.93827681
   -707.94522318
   -707.90486651
   -707.94629524
   -707.92719324
   -707.90228655
   -707.95040176
   -707.93232511
   -707.96320923
   -707.92807122
   -707.95859854
   -707.93759440
   -707.96904124
   -707.93515922
   -707.91194137
   -707.92595481
   -707.94823722
   -707.93333356
   -707.94572241
   -707.97464607
   -707.88925494
   -707.94318165
   -707.91446415
   -707.95831774
   -707.96629786
   -707.92162517
   -707.93517398
   -707.96591886
   -707.93439153
   -707.96128586
   -707.94749976
   -707.86318461
   -707.96550644
   -707.94787350
   -707.93493152
   -707.94873885
   -707.93156888
   -707.92728546
   -707.94176552
   -707.97148161
   -707.97224315
   -707.94456090
   -707.93720402
   -707.97348449
   -707.96198383
   -707.97422284
   -707.94665323
   -707.94570103
   -707.93748770
   -707.94909914
   -707.95716548
   -707.93067610
   -707.89632694
   -707.95116291
   -707.94293962
   -707.96853785
   -707.92998581
   -707.90486929
   -707.93565690
   -707.94462672
   -707.86290182
   -707.95196402
   -707.95047661
   -707.95167615
   -707.92759876
   -707.95227600
   -707.93404427
   -707.96206960
   -707.95682795
   -707.93609824
   -707.92944659
   -707.94571708
   -707.90810456
   -707.94719753
   -707.96723277
   -707.94684962
   -707.93929725
   -707.95945583
   -707.94493790
   -707.95285987
   -707.89301950
   -707.98123902
   -707.89659796
   -707.95740981
   -707.95536911
   -707.91610864
   -707.96773054
   -707.94560014
   -707.92266759
   -707.92561846
   -707.91072983
   -707.96406485
   -707.96727872
   -707.89712874
   -707.94011728
   -707.92147160
   -707.94622274
   -707.95957274
   -707.96311621
   -707.94853525
   -707.96814452
   -707.95751974
   -707.87298111
   -707.92338861
   -707.91940708
   -707.94587478
   -707.90696940
   -707.95926558
   -707.94496297
   -707.93224076
   -707.96660623
   -707.95756714
   -707.94389930
   -707.97243014
   -707.96432000
   -707.94379592
   -707.96606530
   -707.93071561
   -707.92594811
   -707.88312931
   -707.98053921
   -707.92743588
   -707.92862793
   -707.95484858
   -707.91625178
   -707.95272656
   -707.93440617
   -707.94206624
   -707.94890273
   -707.94718712
   -707.96530951
   -707.92822762
   -707.96781417
   -707.95219781
   -707.95674189
   -707.91523424
   -707.93361594
   -707.91981226
   -707.93802977
   -707.96788302
   -707.95387022
   -707.93313375
   -707.93722094
   -707.96187886
   -707.96534069
   -707.93305188
   -707.89043791
   -707.91923793
   -707.94636138
   -707.90235011
   -707.94782044
   -707.88663003
   -707.94521532
   -707.96631803
   -707.92387910
   -707.94882366
   -707.96950436
   -707.88764879
   -707.91827625
   -707.95769974
   -707.94672002
   -707.96032728
   -707.92933030
   -707.96477330
   -707.95420373
   -707.95187765
   -707.97065836
   -707.95494982
   -707.93565638
   -707.92981492
   -707.94584171
   -707.92850645
   -707.95944951
   -707.84716384
   -707.92751810
   -707.98072243
   -707.94758789
   -707.94779415
   -707.94718604
   -707.89564106
   -707.94183203
   -707.94029509
   -707.93944197
   -707.95757859
   -707.92275322
   -707.92039306
   -707.97103752
   -707.94479669
   -707.94704699
   -707.98342139
   -707.95925419
   -707.95766352
   -707.96844814
   -707.93072070
   -707.92456849
   -707.93601261
   -707.93625245
   -707.97762552
   -707.93623396
   -707.92314457
   -707.97146412
   -707.92600937
   -707.94016035
   -707.95166685
   -707.91547848
   -707.92763530
   -707.95550538
   -707.95312924
   -707.97092065
   -707.94241118
   -707.96492943
   -707.95146805
   -707.94561793
   -707.94885396
   -707.94062575
   -707.95548717
   -707.93497501
   -707.95328515
   -707.93275788
   -707.95876995
   -707.94548070
   -707.90651132
   -707.95613380
   -707.96120523
   -707.88889663
   -707.96459532
   -707.89298700
   -707.94416876
   -707.90134662
   -707.96640074
   -707.95402012
   -707.92659950
   -707.94717727
   -707.94568652
   -707.95654806
   -707.90079335
   -707.93729018
   -707.93678072
   -707.91709504
   -707.95083159
   -707.94116754
   -707.94532551
   -707.95301135
   -707.95461037
   -707.94307534
   -707.94442360
   -707.95656367
   -707.96646542
   -707.93129311
   -707.96198175
   -707.92747847
   -707.96515166
   -707.95602791
   -707.93029197
   -707.92912376
   -707.88183690
   -707.92183680
   -707.94694249
   -707.94988658
   -707.89722249
   -707.93787568
   -707.96095396
   -707.87052833
   -707.95395438
   -707.90383845
   -707.95352542
   -707.91851448
   -707.95790666
   -707.94909960
   -707.95744055
   -707.91547113
   -707.95282521
   -707.92723604
   -707.92198793
   -707.91675860
   -707.94642421
   -707.94249765
   -707.93398431
   -707.94147274
   -707.87137893
   -707.95545023
   -707.95892997
   -707.93733384
   -707.98162398
   -707.87471349
   -707.92535539
   -707.95724163
   -707.90223707
   -707.94051938
   -707.93587651
   -707.94521273
   -707.91116492
   -707.93470460
   -707.93106541
   -707.91356308
   -707.91478810
   -707.86329520
   -707.93031462
   -707.97581648
   -707.93449910
   -707.95931427
   -707.94959653
   -707.91291394
   -707.93427965
   -707.92734121
   -707.88764275
   -707.93089649
   -707.92914651
   -707.93965108
   -707.89297845
   -707.95115813
   -707.94909212
   -707.83562081
   -707.92647001
   -707.95823438
   -707.95380916
   -707.93405765
   -707.96714227
   -707.91718036
   -707.93995406
   -707.95921444
   -707.85575586
   -707.91949767
   -707.95599643
   -707.94880129
   -707.95283878
   -707.93248145
   -707.93582345
   -707.91450709
   -707.96720649
   -707.91605956
   -707.96933143
   -707.94578599
   -707.95980041
   -707.95974453
   -707.94101410
   -707.93895965
   -707.91743645
   -707.93292100
   -707.93566776
   -707.93385946
   -707.97398688
   -707.94412966
   -707.93666751
   -707.92702243
   -707.95475509
   -707.96975982
   -707.94673763
   -707.96268881
   -707.91238970
   -707.93029563
   -707.91636851
   -707.91962121
   -707.96828034
   -707.94273995
   -707.96734972
   -707.93387855
   -707.91986584
   -707.91997564
   -707.93036910
   -707.92864632
   -707.91552780
   -707.98178301
   -707.91625460
   -707.90438620
   -707.92851035
   -707.91691402
   -707.94002668
   -707.89133288
   -707.94195783
   -707.93572043
   -707.93090188
   -707.90730673
   -707.91968026
   -707.93239068
   -707.93433475
   -707.95504608
   -707.88641141
   -707.96040399
   -707.96680848
   -707.91154213
   -707.92964096
   -707.97388924
   -707.91335529
   -707.90918551
   -707.95890046
   -707.96256748
   -707.90922240
   -707.96857787
   -707.95227024
   -707.94351910
   -707.96418902
   -707.89911811
   -707.88464709
   -707.94477688
   -707.93339056
   -707.95405504
   -707.95983904
   -707.91846143
   -707.95381769
   -707.95997610
   -707.90743709
   -707.96405606
   -707.96521761
   -707.94133429
