% The following energies apply to conformations described by the topology 
% R46.top.  Structures are given in trajectory coords.cdf, count: 2523.

% Item 0:
%   Energy -> orca_structures/coor*/Conf*.out
   -727.77888205
   -727.80117749
   -727.81399051
   -727.79892418
   -727.79628132
   -727.76813804
   -727.82853661
   -727.77292297
   -727.78258064
   -727.76983812
   -727.78999824
   -727.82182913
   -727.79419393
   -727.73763322
   -727.76301915
   -727.81596337
   -727.80425094
   -727.82873123
   -727.74888326
   -727.80920067
   -727.83252653
   -727.78554436
   -727.81638353
   -727.81251520
   -727.80768631
   -727.70288464
   -727.79804691
   -727.77262781
   -727.80306003
   -727.77972193
   -727.79758355
   -727.81701504
   -727.78884905
   -727.81417052
   -727.76326785
   -727.79813152
   -727.80931280
   -727.77161546
   -727.77787121
   -727.77359742
   -727.82383122
   -727.74204177
   -727.79383386
   -727.75896458
   -727.79820799
   -727.81601014
   -727.77279743
   -727.82489151
   -727.77855943
   -727.74789255
   -727.78706828
   -727.74322465
   -727.79941782
   -727.76073132
   -727.72119340
   -727.74609904
   -727.81619575
   -727.79439293
   -727.77427760
   -727.82760002
   -727.80011865
   -727.78265126
   -727.80837248
   -727.76672760
   -727.80288945
   -727.79770298
   -727.76777403
   -727.78731154
   -727.76367668
   -727.78861656
   -727.81527040
   -727.75284978
   -727.81037835
   -727.82227599
   -727.81246614
   -727.79852252
   -727.77173829
   -727.80208850
   -727.82351696
   -727.75065371
   -727.78062672
   -727.77572083
   -727.79707745
   -727.79414377
   -727.78742273
   -727.78180250
   -727.79953628
   -727.79054135
   -727.80619531
   -727.76074853
   -727.82858081
   -727.78627045
   -727.78726881
   -727.76375720
   -727.83588851
   -727.79672466
   -727.79921428
   -727.76949876
   -727.80737622
   -727.81872844
   -727.79371481
   -727.76378387
   -727.81084220
   -727.75555871
   -727.78565597
   -727.81435325
   -727.75206002
   -727.80053384
   -727.80568010
   -727.73036092
   -727.78364250
   -727.74596843
   -727.76335314
   -727.79585566
   -727.81143512
   -727.78442194
   -727.82030122
   -727.78614124
   -727.81345815
   -727.80067681
   -727.79531706
   -727.80426135
   -727.80513722
   -727.78700926
   -727.77473392
   -727.81556284
   -727.78957654
   -727.80416357
   -727.80832102
   -727.78712347
   -727.81338358
   -727.79916262
   -727.82897974
   -727.80118535
   -727.78210302
   -727.78787049
   -727.79157518
   -727.82335285
   -727.78594375
   -727.79839793
   -727.78335779
   -727.78735827
   -727.80943550
   -727.80844071
   -727.82077796
   -727.78310472
   -727.75381084
   -727.81001493
   -727.74929645
   -727.81504478
   -727.75929784
   -727.80367057
   -727.79771406
   -727.80920166
   -727.78628047
   -727.80040846
   -727.73576687
   -727.79675985
   -727.80105744
   -727.83489320
   -727.80649405
   -727.74500772
   -727.82022470
   -727.80616360
   -727.75785069
   -727.77884196
   -727.78511888
   -727.72307820
   -727.82744767
   -727.80019081
   -727.71643598
   -727.78851370
   -727.82479200
   -727.76374465
   -727.78682390
   -727.77767103
   -727.81134094
   -727.77917587
   -727.79474962
   -727.80923394
   -727.78484335
   -727.81989356
   -727.79674209
   -727.81475954
   -727.77115672
   -727.73036699
   -727.81829794
   -727.78646305
   -727.77936144
   -727.72508637
   -727.79779129
   -727.78937553
   -727.81646246
   -727.81458452
   -727.78785725
   -727.77174575
   -727.75783033
   -727.81593976
   -727.73361696
   -727.82488512
   -727.81093344
   -727.75481444
   -727.77856770
   -727.81034684
   -727.78667211
   -727.80817760
   -727.79528779
   -727.80160176
   -727.81477579
   -727.80873398
   -727.72893493
   -727.82764325
   -727.78621582
   -727.82084161
   -727.81736389
   -727.78609150
   -727.80955910
   -727.79068305
   -727.80031501
   -727.79834050
   -727.78834741
   -727.77009373
   -727.79021708
   -727.79712048
   -727.81188183
   -727.77852205
   -727.80376127
   -727.81035443
   -727.77468832
   -727.79292092
   -727.79142193
   -727.81011104
   -727.79851365
   -727.82150459
   -727.78952718
   -727.81529326
   -727.83008798
   -727.79811355
   -727.80233498
   -727.79033494
   -727.79698537
   -727.84313018
   -727.78603582
   -727.75710483
   -727.76967498
   -727.75297641
   -727.76413412
   -727.80559394
   -727.78373895
   -727.79116778
   -727.80844138
   -727.79413367
   -727.73931843
   -727.78791055
   -727.80914129
   -727.80111425
   -727.81427801
   -727.73686930
   -727.81451215
   -727.80789638
   -727.81008951
   -727.82217093
   -727.82119907
   -727.79611230
   -727.76742558
   -727.80541454
   -727.77856209
   -727.79669299
   -727.81569063
   -727.82317622
   -727.79309503
   -727.81738596
   -727.80883852
   -727.80694993
   -727.78038890
   -727.80353916
   -727.79457446
   -727.78682820
   -727.76362498
   -727.77574348
   -727.80274240
   -727.81405548
   -727.78773888
   -727.79013458
   -727.79233139
   -727.81713758
   -727.80640217
   -727.81784149
   -727.82068886
   -727.79652112
   -727.72249500
   -727.80439142
   -727.80483451
   -727.80007701
   -727.77723221
   -727.81043115
   -727.79580990
   -727.78282965
   -727.81033766
   -727.79539555
   -727.79435975
   -727.80909639
   -727.77996410
   -727.79632464
   -727.80402738
   -727.78556891
   -727.80638249
   -727.79158019
   -727.82439846
   -727.79995420
   -727.80200697
   -727.78521502
   -727.79805071
   -727.80374716
   -727.81019728
   -727.79758219
   -727.79804906
   -727.79959035
   -727.81678930
   -727.83136485
   -727.79392082
   -727.78204533
   -727.81529806
   -727.77680205
   -727.80869743
   -727.82482780
   -727.80217902
   -727.81338093
   -727.71811117
   -727.80326387
   -727.75800582
   -727.78078192
   -727.79331610
   -727.83064131
   -727.81051970
   -727.78346527
   -727.79020237
   -727.75486225
   -727.82386818
   -727.83015834
   -727.79298132
   -727.79403575
   -727.82139488
   -727.82332939
   -727.78318478
   -727.81280843
   -727.81905998
   -727.78767481
   -727.81691358
   -727.79901416
   -727.80193828
   -727.80103010
   -727.82268442
   -727.79868361
   -727.80043023
   -727.79902817
   -727.79610671
   -727.78507759
   -727.77186480
   -727.71671780
   -727.81935516
   -727.79583044
   -727.82302295
   -727.76808814
   -727.79421279
   -727.79695043
   -727.83133671
   -727.82780484
   -727.78383486
   -727.80287953
   -727.79629834
   -727.77375443
   -727.80582707
   -727.83621426
   -727.81437784
   -727.75393660
   -727.81215069
   -727.79566310
   -727.76646135
   -727.83608002
   -727.82852438
   -727.80209371
   -727.81083567
   -727.79864040
   -727.76602337
   -727.80472168
   -727.80947490
   -727.83760443
   -727.84169269
   -727.78543486
   -727.73785356
   -727.80318319
   -727.80036297
   -727.70114440
   -727.76625053
   -727.82814327
   -727.78819143
   -727.75655648
   -727.81660947
   -727.79162557
   -727.78464950
   -727.81663285
   -727.79422080
   -727.80294253
   -727.73663275
   -727.77927519
   -727.81044537
   -727.80981074
   -727.74473433
   -727.80749250
   -727.81531443
   -727.80831393
   -727.81388867
   -727.82730807
   -727.82039513
   -727.70584896
   -727.79990338
   -727.79788035
   -727.78988864
   -727.79693653
   -727.81885751
   -727.78741007
   -727.81640503
   -727.78180765
   -727.78711729
   -727.81055720
   -727.81610867
   -727.79210818
   -727.75526821
   -727.82140417
   -727.78229774
   -727.78621356
   -727.77154258
   -727.80953852
   -727.80577941
   -727.82192365
   -727.76614309
   -727.78989528
   -727.78506977
   -727.80087149
   -727.79550406
   -727.80233226
   -727.81888393
   -727.81893290
   -727.81509239
   -727.73694781
   -727.79480981
   -727.78498949
   -727.79577505
   -727.81747447
   -727.81043839
   -727.78002267
   -727.80271610
   -727.82475977
   -727.79754301
   -727.79984413
   -727.82477564
   -727.74937141
   -727.79067644
   -727.81231955
   -727.79588813
   -727.80554722
   -727.79377278
   -727.78639133
   -727.76688497
   -727.82645632
   -727.78839862
   -727.81362382
   -727.79342824
   -727.78793972
   -727.80441554
   -727.78978370
   -727.80105910
   -727.79868550
   -727.74195628
   -727.81865067
   -727.75722562
   -727.81315342
   -727.81330866
   -727.81014824
   -727.81163012
   -727.79305890
   -727.78665688
   -727.80496457
   -727.81615189
   -727.78958763
   -727.80739039
   -727.80182662
   -727.75875791
   -727.79343171
   -727.82606867
   -727.80614198
   -727.79927847
   -727.76105481
   -727.79510508
   -727.78635626
   -727.72842763
   -727.80372674
   -727.79502110
   -727.74542662
   -727.79130154
   -727.79242446
   -727.79371160
   -727.80261641
   -727.79710464
   -727.77531457
   -727.79932723
   -727.80380773
   -727.82686880
   -727.79501716
   -727.75346578
   -727.81090886
   -727.78112081
   -727.82280431
   -727.77571371
   -727.76486926
   -727.75966113
   -727.80371004
   -727.76213637
   -727.79730574
   -727.78113886
   -727.74519956
   -727.77812388
   -727.82690407
   -727.74047797
   -727.81949543
   -727.79572958
   -727.80775724
   -727.79510979
   -727.80047120
   -727.79212214
   -727.80797033
   -727.77964337
   -727.82830171
   -727.80327607
   -727.74907806
   -727.80376005
   -727.81087904
   -727.79054440
   -727.79384531
   -727.72062494
   -727.77251670
   -727.79985642
   -727.73542794
   -727.81346477
   -727.81278363
   -727.77990041
   -727.78283198
   -727.79722611
   -727.80594113
   -727.79231973
   -727.78444295
   -727.79690442
   -727.79400528
   -727.77638268
   -727.74839248
   -727.80178271
   -727.75604315
   -727.75904242
   -727.81478478
   -727.81880589
   -727.83827398
   -727.78954255
   -727.77091328
   -727.72906873
   -727.77736705
   -727.72628591
   -727.74565561
   -727.72363141
   -727.82133204
   -727.81847961
   -727.83209164
   -727.81311117
   -727.69327125
   -727.81266623
   -727.81836739
   -727.78123116
   -727.81922056
   -727.82804788
   -727.70393434
   -727.79228973
   -727.81602742
   -727.79474920
   -727.78983760
   -727.79169406
   -727.74474187
   -727.77416902
   -727.78501046
   -727.80906894
   -727.83160079
   -727.80500464
   -727.74119207
   -727.81048247
   -727.80366224
   -727.79302665
   -727.83553503
   -727.80961826
   -727.81159650
   -727.83834217
   -727.81628303
   -727.81366427
   -727.78766919
   -727.80179374
   -727.80574861
   -727.75809851
   -727.82226709
   -727.81518490
   -727.78375636
   -727.78292094
   -727.81142395
   -727.80851290
   -727.82119513
   -727.82312154
   -727.77785294
   -727.81322560
   -727.79252427
   -727.70659062
   -727.72542651
   -727.82717365
   -727.79818979
   -727.83005862
   -727.79938975
   -727.78487076
   -727.76784788
   -727.80758637
   -727.82080592
   -727.79248987
   -727.74406299
   -727.77376967
   -727.80801903
   -727.77299841
   -727.80873497
   -727.80406519
   -727.80199619
   -727.77610310
   -727.71861737
   -727.81957317
   -727.79840627
   -727.77059211
   -727.71740921
   -727.81434708
   -727.79243619
   -727.73227712
   -727.79328231
   -727.82250608
   -727.80278354
   -727.81714471
   -727.83084960
   -727.76161259
   -727.81262860
   -727.79618287
   -727.81032395
   -727.81752503
   -727.82894995
   -727.79343165
   -727.75012515
   -727.80396545
   -727.76885224
   -727.74521677
   -727.80292475
   -727.76437788
   -727.79282563
   -727.78650316
   -727.80160188
   -727.76390761
   -727.79911600
   -727.78538884
   -727.83709973
   -727.79696348
   -727.82783723
   -727.81154101
   -727.78303100
   -727.79528836
   -727.81051187
   -727.79438140
   -727.76796577
   -727.81472433
   -727.79427707
   -727.80262190
   -727.81564852
   -727.78197078
   -727.81955806
   -727.80806006
   -727.78588836
   -727.78972207
   -727.77285388
   -727.76926066
   -727.81091263
   -727.80969978
   -727.77945657
   -727.81857722
   -727.71562215
   -727.80826733
   -727.78091203
   -727.80830134
   -727.75405832
   -727.78383237
   -727.80671746
   -727.80064115
   -727.74545264
   -727.80353800
   -727.81571115
   -727.69598503
   -727.77105139
   -727.81337115
   -727.81193748
   -727.80602251
   -727.77670271
   -727.81998262
   -727.82223263
   -727.77703673
   -727.75298701
   -727.79626217
   -727.73487491
   -727.79251692
   -727.79010424
   -727.81445083
   -727.81675138
   -727.80278456
   -727.75218723
   -727.74017940
   -727.83131656
   -727.75892442
   -727.78618443
   -727.73631720
   -727.80669360
   -727.80653816
   -727.77652440
   -727.82662544
   -727.81277769
   -727.79229347
   -727.80736265
   -727.79643109
   -727.80103424
   -727.71612255
   -727.80986062
   -727.79125790
   -727.80427385
   -727.82150857
   -727.71639891
   -727.83068442
   -727.77049180
   -727.77460069
   -727.79174567
   -727.78491083
   -727.77022781
   -727.79335202
   -727.81555133
   -727.76905144
   -727.80631398
   -727.82928788
   -727.78725447
   -727.81607601
   -727.79231068
   -727.81960235
   -727.78288199
   -727.78151861
   -727.79152217
   -727.80986518
   -727.79093487
   -727.81068526
   -727.82906411
   -727.80152429
   -727.79083174
   -727.81524342
   -727.78816733
   -727.80820221
   -727.79313203
   -727.80044582
   -727.78549860
   -727.78999067
   -727.78239953
   -727.78650761
   -727.80469306
   -727.76248428
   -727.83827965
   -727.79322070
   -727.82528545
   -727.79453138
   -727.74782111
   -727.81714448
   -727.82009327
   -727.79495932
   -727.81750944
   -727.80262312
   -727.80198656
   -727.73913579
   -727.78202328
   -727.80732529
   -727.74320838
   -727.77856672
   -727.79730365
   -727.79760581
   -727.82038160
   -727.71883800
   -727.80632511
   -727.81996475
   -727.79034838
   -727.79366631
   -727.74025766
   -727.81508309
   -727.80740052
   -727.81681028
   -727.81786242
   -727.82617627
   -727.78848700
   -727.82395603
   -727.81054635
   -727.81278746
   -727.80091413
   -727.81078175
   -727.80424596
   -727.82720244
   -727.80215548
   -727.77728999
   -727.78621667
   -727.79529297
   -727.79098541
   -727.80590140
   -727.78688072
   -727.78181521
   -727.81534573
   -727.83192946
   -727.79092640
   -727.76371999
   -727.76615027
   -727.75001862
   -727.80441814
   -727.77283542
   -727.79747114
   -727.80737902
   -727.80729720
   -727.75507749
   -727.80221937
   -727.83048002
   -727.73855394
   -727.82366676
   -727.81900177
   -727.72368881
   -727.80893807
   -727.79610478
   -727.82715776
   -727.80822357
   -727.81566003
   -727.79332900
   -727.74394259
   -727.77559794
   -727.79375881
   -727.74636130
   -727.80626745
   -727.79481051
   -727.79915286
   -727.77294580
   -727.83012572
   -727.79227809
   -727.82509647
   -727.78678183
   -727.80621410
   -727.75731297
   -727.82133216
   -727.82219124
   -727.77120693
   -727.78801867
   -727.77577763
   -727.79051004
   -727.79054681
   -727.79693075
   -727.76574263
   -727.80532956
   -727.80933623
   -727.74561057
   -727.80464942
   -727.80846209
   -727.81156899
   -727.82527905
   -727.79669317
   -727.79597601
   -727.81549154
   -727.80817152
   -727.77420210
   -727.75997695
   -727.78248217
   -727.79614651
   -727.78039842
   -727.78763995
   -727.81474758
   -727.82190935
   -727.82352973
   -727.78997506
   -727.81763399
   -727.81871583
   -727.80944847
   -727.79856703
   -727.80602428
   -727.80138153
   -727.82962024
   -727.79961114
   -727.80507553
   -727.81566234
   -727.81035936
   -727.80360098
   -727.80818046
   -727.80980378
   -727.81110264
   -727.80569771
   -727.75589141
   -727.80668107
   -727.81883017
   -727.76416084
   -727.81209445
   -727.81552068
   -727.80881606
   -727.78207387
   -727.77632697
   -727.80555899
   -727.79629252
   -727.78031148
   -727.76594462
   -727.78676727
   -727.82166271
   -727.76284726
   -727.81857431
   -727.80647478
   -727.81077474
   -727.77311175
   -727.82042226
   -727.80196286
   -727.75778425
   -727.81325681
   -727.83675051
   -727.80638601
   -727.82260428
   -727.76513642
   -727.81862411
   -727.75975675
   -727.78628444
   -727.83079501
   -727.82083996
   -727.82956472
   -727.84053200
   -727.76683162
   -727.77702288
   -727.81913202
   -727.79786716
   -727.80978304
   -727.70975678
   -727.75919590
   -727.74452131
   -727.84227870
   -727.80957018
   -727.81501556
   -727.78276336
   -727.80627874
   -727.82035263
   -727.78585701
   -727.79710669
   -727.72925811
   -727.79398746
   -727.79388959
   -727.81358831
   -727.78608535
   -727.79992195
   -727.77900204
   -727.83271162
   -727.79066236
   -727.80731310
   -727.80004297
   -727.78572676
   -727.81512784
   -727.80199536
   -727.76649110
   -727.80925343
   -727.78667932
   -727.80615907
   -727.80048128
   -727.70906159
   -727.77852977
   -727.79992212
   -727.79570585
   -727.82985758
   -727.79347687
   -727.80781013
   -727.81960841
   -727.81669213
   -727.76988716
   -727.78821605
   -727.75017601
   -727.82220729
   -727.73382828
   -727.76077159
   -727.77175934
   -727.69961375
   -727.76492113
   -727.77149622
   -727.79425529
   -727.80160170
   -727.81071007
   -727.77750802
   -727.81756786
   -727.81470190
   -727.80712307
   -727.81382910
   -727.79516321
   -727.74262966
   -727.83406358
   -727.73448132
   -727.81311907
   -727.80064377
   -727.77952748
   -727.75271742
   -727.79390057
   -727.76872363
   -727.73828573
   -727.80964393
   -727.79126150
   -727.75221812
   -727.73952544
   -727.77402991
   -727.79356689
   -727.81197932
   -727.74687485
   -727.82149998
   -727.74233694
   -727.80020061
   -727.74719086
   -727.73069452
   -727.80300556
   -727.80646003
   -727.80757467
   -727.79305121
   -727.78634630
   -727.79487333
   -727.77289996
   -727.78052082
   -727.77377577
   -727.78833896
   -727.78839601
   -727.73042169
   -727.79226550
   -727.81932037
   -727.79546583
   -727.75685917
   -727.74835945
   -727.81741196
   -727.75607381
   -727.76882005
   -727.79830968
   -727.77262134
   -727.75862714
   -727.82110819
   -727.80722173
   -727.80767151
   -727.82818047
   -727.83082703
   -727.73771529
   -727.80392303
   -727.73701287
   -727.69632224
   -727.81100641
   -727.73848387
   -727.80382733
   -727.78890625
   -727.76799558
   -727.82424381
   -727.80316118
   -727.80692813
   -727.81806185
   -727.78855845
   -727.80699739
   -727.78029576
   -727.78091441
   -727.78322406
   -727.80923461
   -727.73349925
   -727.77118389
   -727.77283699
   -727.79034322
   -727.82480751
   -727.79395362
   -727.80037710
   -727.81177276
   -727.79398517
   -727.78905708
   -727.80704328
   -727.81193557
   -727.80082474
   -727.79610253
   -727.82021006
   -727.81125055
   -727.79561807
   -727.75430356
   -727.77029462
   -727.77667592
   -727.79783737
   -727.75619202
   -727.80164169
   -727.80551246
   -727.82033473
   -727.82767774
   -727.76310258
   -727.71970714
   -727.77007255
   -727.79601206
   -727.80618108
   -727.80669927
   -727.80101048
   -727.80026402
   -727.72642315
   -727.81222420
   -727.82572490
   -727.81600097
   -727.79469602
   -727.83359525
   -727.78466464
   -727.79213075
   -727.81163325
   -727.82165232
   -727.81027306
   -727.80166981
   -727.72255740
   -727.79126399
   -727.74273076
   -727.80242295
   -727.75957491
   -727.80066411
   -727.79623633
   -727.79353283
   -727.81143455
   -727.81801902
   -727.78293552
   -727.80502005
   -727.80086338
   -727.79850889
   -727.78588580
   -727.80707264
   -727.79777603
   -727.81387924
   -727.79914456
   -727.81584018
   -727.79050411
   -727.79957837
   -727.80898976
   -727.77519250
   -727.80847321
   -727.75020222
   -727.81379486
   -727.77239035
   -727.79418989
   -727.80534505
   -727.76043286
   -727.76323216
   -727.81335680
   -727.73179644
   -727.79979974
   -727.76220649
   -727.78512433
   -727.78807182
   -727.73328958
   -727.78964169
   -727.83315371
   -727.82555317
   -727.79174330
   -727.79064785
   -727.79710964
   -727.81369808
   -727.78953727
   -727.79536693
   -727.82727298
   -727.81462286
   -727.81712936
   -727.81042534
   -727.82313329
   -727.74564938
   -727.80691669
   -727.72826258
   -727.79370031
   -727.80194809
   -727.80660880
   -727.81086279
   -727.78155225
   -727.80353903
   -727.80919164
   -727.72869788
   -727.78552146
   -727.77298227
   -727.77039391
   -727.79949507
   -727.82082476
   -727.82975833
   -727.83834430
   -727.81932107
   -727.82475834
   -727.79992774
   -727.79565705
   -727.79613762
   -727.80239073
   -727.79508774
   -727.76763930
   -727.72999909
   -727.75404073
   -727.79258957
   -727.81035158
   -727.79826593
   -727.80274428
   -727.80788435
   -727.83148198
   -727.69220313
   -727.76092834
   -727.77733909
   -727.80853725
   -727.79486514
   -727.81975650
   -727.72559714
   -727.83043143
   -727.80443076
   -727.79826267
   -727.75901679
   -727.78476851
   -727.79955101
   -727.77563582
   -727.79832582
   -727.80245865
   -727.81201283
   -727.81026066
   -727.79015343
   -727.77448849
   -727.80139717
   -727.80581595
   -727.80497258
   -727.75955875
   -727.79241386
   -727.80978182
   -727.79652055
   -727.76465214
   -727.77710954
   -727.74246956
   -727.79391136
   -727.75644933
   -727.76434590
   -727.82416729
   -727.79844303
   -727.79322807
   -727.81012003
   -727.78838133
   -727.75955807
   -727.75541144
   -727.76572765
   -727.74120548
   -727.81225740
   -727.79863634
   -727.79496136
   -727.82142451
   -727.72545166
   -727.79985230
   -727.74868894
   -727.79138662
   -727.76497273
   -727.76754539
   -727.78937865
   -727.79476104
   -727.74829772
   -727.81462245
   -727.77436868
   -727.78722899
   -727.77890941
   -727.79682454
   -727.77502424
   -727.75098280
   -727.75331928
   -727.80418533
   -727.79831215
   -727.82552443
   -727.80965825
   -727.81429730
   -727.76153816
   -727.78300226
   -727.77842583
   -727.76570272
   -727.81660992
   -727.76479316
   -727.80788427
   -727.81120896
   -727.80618675
   -727.80733754
   -727.79460557
   -727.77374759
   -727.81121981
   -727.80927294
   -727.71904643
   -727.76641598
   -727.76181006
   -727.80252367
   -727.80913308
   -727.79404389
   -727.80546945
   -727.77383829
   -727.79955601
   -727.76620439
   -727.80588236
   -727.78478653
   -727.79082068
   -727.77374032
   -727.80134982
   -727.73929491
   -727.78127554
   -727.79675367
   -727.81686538
   -727.77065664
   -727.77853212
   -727.70200514
   -727.78957723
   -727.78097461
   -727.76603087
   -727.80207486
   -727.82083773
   -727.78848761
   -727.78257647
   -727.79325622
   -727.82683264
   -727.80331251
   -727.77214670
   -727.78717436
   -727.79866973
   -727.72302700
   -727.81013024
   -727.79491943
   -727.79485484
   -727.78505964
   -727.79673605
   -727.79773860
   -727.79949683
   -727.82478858
   -727.80437553
   -727.80543082
   -727.76537699
   -727.74956332
   -727.80112489
   -727.76645302
   -727.79522660
   -727.75529894
   -727.77738059
   -727.74600867
   -727.77372400
   -727.79600801
   -727.77846957
   -727.80991688
   -727.80809135
   -727.80374226
   -727.74029762
   -727.76721856
   -727.77512281
   -727.79746076
   -727.81354332
   -727.79898472
   -727.77463018
   -727.79963529
   -727.81435636
   -727.81802746
   -727.80000482
   -727.76240492
   -727.77990370
   -727.81197486
   -727.78495447
   -727.79512163
   -727.81035341
   -727.81626698
   -727.80974645
   -727.80120764
   -727.79295671
   -727.80348240
   -727.82303406
   -727.81740451
   -727.73671577
   -727.78958401
   -727.76613744
   -727.81159709
   -727.76293689
   -727.75731934
   -727.80648409
   -727.81293029
   -727.79901147
   -727.78958422
   -727.80700312
   -727.79523169
   -727.78286512
   -727.79022108
   -727.78178116
   -727.79843455
   -727.79798387
   -727.79784703
   -727.81779807
   -727.80007844
   -727.80777551
   -727.79852617
   -727.71624923
   -727.78144562
   -727.74759824
   -727.77198096
   -727.73181608
   -727.78517052
   -727.80269955
   -727.81267077
   -727.74848156
   -727.76928478
   -727.81493320
   -727.79709406
   -727.81676335
   -727.74355064
   -727.82826668
   -727.79283636
   -727.77625708
   -727.80085165
   -727.82304594
   -727.76186653
   -727.79222627
   -727.79976016
   -727.80632016
   -727.81765248
   -727.80921415
   -727.79781849
   -727.69507568
   -727.78796543
   -727.79683934
   -727.76847894
   -727.78963064
   -727.78786945
   -727.77635725
   -727.79585304
   -727.75496998
   -727.78817248
   -727.73489821
   -727.79048984
   -727.79545208
   -727.76189869
   -727.81448051
   -727.79840879
   -727.81975154
   -727.80656042
   -727.78490292
   -727.76147028
   -727.81560919
   -727.75306475
   -727.73879282
   -727.81866652
   -727.75789379
   -727.78006822
   -727.80893617
   -727.80209734
   -727.81485062
   -727.78898784
   -727.76175829
   -727.80549737
   -727.81467027
   -727.80123571
   -727.78230562
   -727.75174078
   -727.75902879
   -727.83607928
   -727.79769577
   -727.80683274
   -727.82270762
   -727.81668862
   -727.81395262
   -727.79527502
   -727.76529221
   -727.75988933
   -727.76759036
   -727.77924923
   -727.79967056
   -727.81544111
   -727.77526398
   -727.75139701
   -727.84303254
   -727.82244178
   -727.80328753
   -727.83938737
   -727.78712532
   -727.80229050
   -727.81537346
   -727.76761058
   -727.76741806
   -727.80164329
   -727.79963448
   -727.70439282
   -727.79391514
   -727.79195987
   -727.80861392
   -727.73638915
   -727.75764237
   -727.80755117
   -727.79616548
   -727.79600736
   -727.75261499
   -727.80138126
   -727.82603994
   -727.82204302
   -727.80525923
   -727.83775859
   -727.77745684
   -727.75089185
   -727.81158990
   -727.76608564
   -727.79827082
   -727.80075759
   -727.79279431
   -727.82372872
   -727.79916530
   -727.81133027
   -727.78054891
   -727.79728971
   -727.78659254
   -727.82465404
   -727.79761685
   -727.79305029
   -727.73564876
   -727.82029664
   -727.79910363
   -727.73087113
   -727.80162381
   -727.80696202
   -727.82452165
   -727.80632785
   -727.82029682
   -727.81967403
   -727.80274524
   -727.79190858
   -727.79831688
   -727.81824165
   -727.82022251
   -727.73974693
   -727.80649129
   -727.76504491
   -727.75288622
   -727.81465732
   -727.82088821
   -727.82321203
   -727.73365367
   -727.73334464
   -727.81085925
   -727.75426048
   -727.78785321
   -727.81336672
   -727.80229685
   -727.77878970
   -727.75376748
   -727.81076959
   -727.81624022
   -727.80076178
   -727.72527746
   -727.80539617
   -727.78335870
   -727.77524520
   -727.79336669
   -727.75566349
   -727.80771143
   -727.80919241
   -727.78530659
   -727.79689390
   -727.80280950
   -727.79729227
   -727.77959438
   -727.81460255
   -727.79368541
   -727.81754745
   -727.76761896
   -727.78046689
   -727.81249811
   -727.80003423
   -727.75319447
   -727.82364904
   -727.77233844
   -727.79243185
   -727.83799818
   -727.80311230
   -727.79772137
   -727.79174481
   -727.81205266
   -727.77485947
   -727.79819066
   -727.81054880
   -727.79722076
   -727.77491012
   -727.81202467
   -727.80316350
   -727.79884186
   -727.80760745
   -727.79825486
   -727.79024815
   -727.78254982
   -727.80268628
   -727.81613815
   -727.81486196
   -727.82744456
   -727.77342265
   -727.80112249
   -727.81521963
   -727.80302102
   -727.80444121
   -727.74597056
   -727.80433173
   -727.74537470
   -727.76670664
   -727.77456379
   -727.80438858
   -727.82079813
   -727.81439670
   -727.75435832
   -727.77172089
   -727.80012248
   -727.74246973
   -727.83040223
   -727.82216439
   -727.76657069
   -727.74669800
   -727.74642620
   -727.79956800
   -727.80462071
   -727.79146924
   -727.77131874
   -727.78962272
   -727.79611909
   -727.82008356
   -727.78967358
   -727.81289810
   -727.80291765
   -727.79607177
   -727.70613843
   -727.79990978
   -727.81621795
   -727.81843017
   -727.79652011
   -727.80827050
   -727.78912657
   -727.72207285
   -727.76605891
   -727.78100019
   -727.78990557
   -727.78549614
   -727.74188732
   -727.81287304
   -727.78867807
   -727.79360162
   -727.77120544
   -727.78728448
   -727.79562719
   -727.80925717
   -727.75175912
   -727.77797778
   -727.80636406
   -727.77047384
   -727.80820518
   -727.80313816
   -727.79410271
   -727.82064262
   -727.81674470
   -727.73689603
   -727.80275758
   -727.82795722
   -727.77805454
   -727.77609911
   -727.78947925
   -727.81319443
   -727.73832456
   -727.82521056
   -727.76730627
   -727.77906998
   -727.74346125
   -727.80556128
   -727.77543866
   -727.79563327
   -727.78162210
   -727.81695484
   -727.81903240
   -727.81000079
   -727.82942046
   -727.80615726
   -727.79672629
   -727.80657545
   -727.76991993
   -727.78112137
   -727.79410317
   -727.79865387
   -727.80848866
   -727.80770002
   -727.71458055
   -727.79947105
   -727.80450529
   -727.80916925
   -727.80558897
   -727.76574764
   -727.79429790
   -727.81171800
   -727.80374460
   -727.81097821
   -727.75511675
   -727.79116666
   -727.76692068
   -727.77596390
   -727.81113795
   -727.78175204
   -727.73406790
   -727.76807127
   -727.81133913
   -727.73437009
   -727.81450351
   -727.75794163
   -727.82119011
   -727.81589244
   -727.80880932
   -727.81839202
   -727.79169857
   -727.79583502
   -727.80702490
   -727.78067223
   -727.82190958
   -727.78695934
   -727.75125758
   -727.80901927
   -727.83350931
   -727.77373498
   -727.81332554
   -727.82807582
   -727.78520225
   -727.80819991
   -727.79466361
   -727.79602233
   -727.82280725
   -727.80822256
   -727.78612413
   -727.77587580
   -727.72330032
   -727.78389770
   -727.79308597
   -727.76497273
   -727.78515261
   -727.75411593
   -727.78082366
   -727.80003382
   -727.82464193
   -727.81558940
   -727.78493273
   -727.77163007
   -727.77305030
   -727.79865003
   -727.78889979
   -727.80285133
   -727.77616546
   -727.74212450
   -727.79719808
   -727.82405757
   -727.82380485
   -727.80601602
   -727.79986034
   -727.81791776
   -727.82152110
   -727.79233377
   -727.79986368
   -727.79402139
   -727.79093540
   -727.82103897
   -727.76029771
   -727.75733486
   -727.80406872
   -727.80414649
   -727.79529677
   -727.79059825
   -727.73980102
   -727.79702271
   -727.79199957
   -727.79824772
   -727.80382972
   -727.76506582
   -727.80243936
   -727.78794895
   -727.79469686
   -727.79551029
   -727.80594716
   -727.79759826
   -727.79760258
   -727.79660908
   -727.80448259
   -727.79762040
   -727.78345389
   -727.80046401
   -727.81790114
   -727.77721872
   -727.78693667
   -727.79945730
   -727.81450826
   -727.82260054
   -727.83062474
   -727.79875746
   -727.77737667
   -727.79527112
   -727.79921789
   -727.77398853
   -727.76212767
   -727.79156577
   -727.75030940
   -727.77497789
   -727.82509340
   -727.75885428
   -727.81621450
   -727.82082110
   -727.80048791
   -727.80373056
   -727.80121029
   -727.73456419
   -727.79173866
   -727.77091981
   -727.81489666
   -727.79171186
   -727.81686294
   -727.81177646
   -727.81659427
   -727.81582859
   -727.81477634
   -727.78401166
   -727.79847734
   -727.77251998
   -727.76797247
   -727.73956163
   -727.82033652
   -727.76793147
   -727.76920557
   -727.77789349
   -727.82168540
   -727.81993382
   -727.79782142
   -727.80004706
   -727.80242547
   -727.82227430
   -727.79296416
   -727.79774597
   -727.75977793
   -727.73823099
   -727.78742295
   -727.79787325
   -727.83479186
   -727.76393171
   -727.77984422
   -727.74240488
   -727.82146777
   -727.79083707
   -727.78626611
   -727.80450758
   -727.81264792
   -727.80472515
   -727.80945804
   -727.76083638
   -727.79089852
   -727.82268232
   -727.79371444
   -727.78184887
   -727.78389050
   -727.80616630
   -727.80743102
   -727.81607305
   -727.74686211
   -727.77454888
   -727.79976999
   -727.76452073
   -727.81418946
   -727.71453264
   -727.79538447
   -727.83043599
   -727.79306284
   -727.78695648
   -727.81242744
   -727.80207118
   -727.77401122
   -727.80398538
   -727.81595600
   -727.79573305
   -727.78647340
   -727.72536115
   -727.80052887
   -727.80298528
   -727.79492868
   -727.80551407
   -727.79961711
   -727.77560807
   -727.80600096
   -727.79168814
   -727.75245923
   -727.80288435
   -727.79801764
   -727.82121181
   -727.77533709
   -727.73368677
   -727.78824936
   -727.79256710
   -727.76455704
   -727.82278092
   -727.82662644
   -727.76059613
   -727.79039019
   -727.79923317
   -727.79100989
   -727.80950461
   -727.76660675
   -727.80864448
   -727.79602657
   -727.80664633
   -727.81898668
   -727.81364699
   -727.80950467
   -727.79386860
   -727.82041161
   -727.79267941
   -727.80556582
   -727.75686632
   -727.81645720
   -727.79700946
   -727.79861371
   -727.81211983
   -727.78815579
   -727.81099426
   -727.81469958
   -727.82892046
   -727.80263317
   -727.80177671
   -727.81165979
   -727.74071428
   -727.80903213
   -727.81201947
   -727.80063077
   -727.74567876
   -727.80377177
   -727.81256070
   -727.79467743
   -727.76172743
   -727.78729043
   -727.75130923
   -727.79076853
   -727.74994140
   -727.78203464
   -727.82807159
   -727.77987324
   -727.81415691
   -727.82634056
   -727.81882845
   -727.80508741
   -727.76907070
   -727.82904890
   -727.81077788
   -727.81722170
   -727.80318750
   -727.79591989
   -727.77230095
   -727.81041945
   -727.80417193
   -727.76333391
   -727.73223316
   -727.81607777
   -727.75708379
   -727.82403240
   -727.77542029
   -727.77796147
   -727.80785458
   -727.80879511
   -727.76519802
   -727.78583676
   -727.80941749
   -727.76045007
   -727.84620508
   -727.78740141
   -727.77671869
   -727.74446944
   -727.80633772
   -727.71942038
   -727.81682224
   -727.78826578
   -727.80272383
   -727.81500225
   -727.79934141
   -727.83309028
   -727.79872420
   -727.82370405
   -727.82470556
   -727.76423036
   -727.78246826
   -727.76056362
   -727.75037657
   -727.80594487
   -727.80073372
   -727.83207379
   -727.78791169
   -727.80954365
   -727.77253348
   -727.81142905
   -727.78399625
   -727.77370714
   -727.77471550
   -727.79116775
   -727.79777325
   -727.80070367
   -727.83425528
   -727.72584589
   -727.78014217
   -727.78190760
   -727.80968131
   -727.80455613
   -727.79193609
   -727.79767893
   -727.77585834
   -727.79028472
   -727.80016470
   -727.80028169
   -727.78251071
   -727.74881201
   -727.73807266
   -727.82539073
   -727.77063441
   -727.80367599
   -727.77943213
   -727.78429432
   -727.81804991
   -727.81385990
   -727.81228770
   -727.78933032
   -727.79173391
   -727.79001190
   -727.75867445
   -727.79548355
   -727.81751774
   -727.81725695
   -727.78151583
   -727.84053129
   -727.77069688
   -727.76734922
   -727.78685798
   -727.78350519
   -727.81561509
   -727.81120952
   -727.78092392
   -727.76964816
   -727.77700125
   -727.80525804
   -727.79232843
   -727.81657559
   -727.79418201
   -727.82830215
   -727.80778847
   -727.78109763
   -727.79797941
   -727.79606321
   -727.75479772
   -727.81476129
   -727.80211474
   -727.79609474
   -727.78914534
   -727.73830784
   -727.76429875
   -727.80409816
   -727.77607019
   -727.78895668
   -727.81301189
   -727.78263334
   -727.80883800
   -727.79235046
   -727.80979341
   -727.78336612
   -727.80495114
   -727.79671743
   -727.78746702
   -727.77786435
   -727.78639252
   -727.76747957
   -727.76553079
   -727.78815256
   -727.76692998
   -727.81452432
   -727.71019268
   -727.74540632
   -727.73327764
   -727.79830146
   -727.81140994
   -727.80391965
   -727.75845904
   -727.82468683
   -727.81719028
   -727.81843605
   -727.79209627
   -727.76443722
   -727.79414826
   -727.81055153
   -727.79640089
   -727.72675304
   -727.81028297
   -727.81007815
   -727.74503356
   -727.81827213
   -727.82216612
   -727.81158805
   -727.79907481
   -727.79435131
   -727.79823293
   -727.76371821
   -727.80490512
   -727.77844162
   -727.77450382
   -727.81267357
   -727.78887644
   -727.81370714
   -727.78402783
   -727.80121271
   -727.81362863
   -727.80538473
   -727.82789690
   -727.78679136
   -727.76535147
   -727.79212705
   -727.80955729
   -727.71664734
   -727.78817332
   -727.79899180
   -727.82951029
   -727.72782118
   -727.77864414
   -727.76356364
   -727.80334555
   -727.81578905
   -727.77252842
   -727.78339456
   -727.81891443
   -727.75259856
   -727.81507297
   -727.80379062
   -727.77792581
   -727.82266706
   -727.79434839
   -727.78916174
   -727.80363047
   -727.79673210
   -727.79821390
   -727.82266873
   -727.82781982
   -727.79578224
   -727.79461737
   -727.82949744
   -727.81434857
   -727.83178622
   -727.80056108
   -727.80289680
   -727.79359612
   -727.80593079
   -727.80309330
   -727.78229136
   -727.80588744
   -727.80681350
   -727.80623442
   -727.82577380
   -727.76931422
   -727.77219923
   -727.79172402
   -727.78747378
   -727.77561980
   -727.80633270
   -727.72654699
   -727.74172311
   -727.80847039
   -727.80519725
   -727.80533168
   -727.80662149
   -727.78410853
   -727.81819076
   -727.81395782
   -727.77648123
   -727.75064072
   -727.81404812
   -727.82238029
   -727.80042225
   -727.82422945
   -727.79483106
   -727.81353157
   -727.82973488
   -727.79957078
   -727.80424397
   -727.77385156
   -727.83547274
   -727.78293336
   -727.81082750
   -727.81267842
   -727.81009656
   -727.77270155
   -727.73394797
   -727.82238892
   -727.77893035
   -727.79811847
   -727.79162514
   -727.77832195
   -727.75948607
   -727.81326760
   -727.81898985
   -727.73117538
   -727.79659990
   -727.75920211
   -727.80033288
   -727.81500504
   -727.81763069
   -727.80347138
   -727.82234085
   -727.81189562
   -727.76214344
   -727.77888784
   -727.71875096
   -727.77492330
   -727.81493806
   -727.81986978
   -727.80385964
   -727.81285590
   -727.82140309
   -727.82234014
   -727.79907162
   -727.83033657
   -727.81736830
   -727.79979660
   -727.82215206
   -727.77132739
   -727.78145387
   -727.77005112
   -727.83624580
   -727.78122713
   -727.77794457
   -727.81273177
   -727.77108142
   -727.80776895
   -727.77712304
   -727.79454105
   -727.80215726
   -727.80091448
   -727.82302494
   -727.78718199
   -727.82405367
   -727.80899399
   -727.81145330
   -727.76414845
   -727.80820502
   -727.78003835
   -727.77437830
   -727.82528389
   -727.79778888
   -727.78822219
   -727.79316941
   -727.81806220
   -727.82382117
   -727.78738361
   -727.80110646
   -727.72875371
   -727.80264970
   -727.75212607
   -727.72865480
   -727.81684029
   -727.78172857
   -727.79959299
   -727.82118863
   -727.79540484
   -727.80153566
   -727.83766959
   -727.76250218
   -727.71788320
   -727.81440574
   -727.80203296
   -727.80010949
   -727.81332223
   -727.78456964
   -727.81563274
   -727.80429463
   -727.81191891
   -727.82472069
   -727.81555760
   -727.79152653
   -727.77111311
   -727.79420514
   -727.77250449
   -727.81637059
   -727.75386432
   -727.77593505
   -727.78291812
   -727.83313733
   -727.79561520
   -727.81375498
   -727.80040496
   -727.75006895
   -727.79616831
   -727.79715524
   -727.79333202
   -727.81212056
   -727.83332334
   -727.77485634
   -727.77492464
   -727.82792211
   -727.73110769
   -727.80354183
   -727.84263220
   -727.81399783
   -727.81277901
   -727.82974805
   -727.74678101
   -727.79667174
   -727.76724464
   -727.77941180
   -727.78624971
   -727.76686060
   -727.83330343
   -727.77889027
   -727.79568048
   -727.80940485
   -727.79233070
   -727.80803198
   -727.78313935
   -727.77652441
   -727.80491567
   -727.80352585
   -727.82467109
   -727.79452481
   -727.82213091
   -727.80808672
   -727.80334004
   -727.80430170
   -727.79587161
   -727.80947929
   -727.79037834
   -727.80982941
   -727.78908913
   -727.80995698
   -727.80197396
   -727.77751268
   -727.81119538
   -727.81602225
   -727.77166041
   -727.82220859
   -727.80090218
   -727.73640293
   -727.79960697
   -727.79899897
   -727.81845356
   -727.80930160
   -727.80691928
   -727.78054440
   -727.80448462
   -727.79040295
   -727.81073148
   -727.73270710
   -727.77351013
   -727.77708736
   -727.78606427
   -727.76456330
   -727.72386189
   -727.73951259
   -727.80728887
   -727.78213442
   -727.79572301
   -727.80733750
   -727.81174206
   -727.79955824
   -727.79677123
   -727.80803250
   -727.81517341
   -727.79383196
   -727.82107144
   -727.78578400
   -727.82261681
   -727.81147783
   -727.73857725
   -727.80411399
   -727.78911345
   -727.73445428
   -727.77654316
   -727.80713318
   -727.80893636
   -727.74952842
   -727.80121392
   -727.81600004
   -727.76393217
   -727.80997869
   -727.74340085
   -727.80984671
   -727.77491770
   -727.81593449
   -727.80924463
   -727.81441547
   -727.80871928
   -727.79052333
   -727.71550723
   -727.76837294
   -727.80687420
   -727.80589557
   -727.79760503
   -727.79887927
   -727.74048198
   -727.79380936
   -727.81346742
   -727.79378393
   -727.83556028
   -727.75201307
   -727.75078009
   -727.81369854
   -727.74914463
   -727.79601405
   -727.76463074
   -727.79281179
   -727.76489333
   -727.78976881
   -727.80000499
   -727.78574511
   -727.83022051
   -727.76496048
   -727.78011465
   -727.83019873
   -727.75794769
   -727.79055217
   -727.81840159
   -727.80413405
   -727.74314445
   -727.80006275
   -727.78613326
   -727.77805364
   -727.70528308
   -727.79227381
   -727.78942495
   -727.78458413
   -727.81131924
   -727.78072929
   -727.80593748
   -727.77272966
   -727.73332613
   -727.78292155
   -727.79178635
   -727.79142050
   -727.74514516
   -727.81891754
   -727.79770488
   -727.79603694
   -727.81261382
   -727.82043392
   -727.80647771
   -727.75658078
   -727.77514153
   -727.81428745
   -727.80386600
   -727.76398786
   -727.80990733
   -727.78798321
   -727.78535408
   -727.79417915
   -727.82306981
   -727.77319742
   -727.80213534
   -727.81440610
   -727.81421739
   -727.76106548
   -727.79677716
   -727.78326432
   -727.76887698
   -727.77221731
   -727.77733793
   -727.78771629
   -727.81953779
   -727.80616901
   -727.79934156
   -727.80631017
   -727.77756957
   -727.81817730
   -727.82597218
   -727.80328092
   -727.81613381
   -727.76702608
   -727.75637041
   -727.76785044
   -727.80702522
   -727.79256789
   -727.81825044
   -727.78934196
   -727.76340919
   -727.77660033
   -727.78293216
   -727.79266573
   -727.75649020
   -727.83882421
   -727.77131629
   -727.75070798
   -727.77789510
   -727.75036191
   -727.79747090
   -727.79646833
   -727.79329319
   -727.78794410
   -727.74348714
   -727.76500072
   -727.76754228
   -727.78773808
   -727.81454361
   -727.80581298
   -727.82672753
   -727.82037053
   -727.76313625
   -727.78496596
   -727.83058240
   -727.76679806
   -727.71257742
   -727.82022373
   -727.81981289
   -727.78726372
   -727.82629938
   -727.80932186
   -727.80446821
   -727.82006616
   -727.74635051
   -727.77836410
   -727.80365060
   -727.78863121
   -727.80817441
   -727.75483298
   -727.81760124
   -727.72166188
   -727.82702929
   -727.77400107
   -727.79719729
   -727.81859632
   -727.82334619
   -727.81120294
