% The following energies apply to conformations described by the topology 
% R37.top.  Structures are given in trajectory coords.cdf, count: 2692.

% Item 0:
%   Energy -> orca_structures/coor*/Conf*.out
   -652.62126259
   -652.60725945
   -652.65055767
   -652.65287060
   -652.63768769
   -652.64373598
   -652.61427738
   -652.65782261
   -652.58375216
   -652.62751817
   -652.62509152
   -652.64350132
   -652.65714665
   -652.62551221
   -652.61679421
   -652.62715698
   -652.65712530
   -652.61025525
   -652.65215720
   -652.64037536
   -652.66675886
   -652.64635837
   -652.65230611
   -652.66683296
   -652.62222686
   -652.65099094
   -652.63979111
   -652.66547276
   -652.61564280
   -652.65227706
   -652.64136638
   -652.65076911
   -652.61999649
   -652.65610850
   -652.64619062
   -652.64996560
   -652.65689128
   -652.62900096
   -652.65413571
   -652.63105458
   -652.62403328
   -652.63840032
   -652.62924079
   -652.63239707
   -652.64260292
   -652.63131211
   -652.66117881
   -652.60770261
   -652.63437237
   -652.64241562
   -652.59997096
   -652.63713081
   -652.65308349
   -652.63396669
   -652.65579330
   -652.63400722
   -652.63419359
   -652.62813315
   -652.63104428
   -652.63887521
   -652.62833553
   -652.62222640
   -652.58230063
   -652.65921562
   -652.64070715
   -652.61609450
   -652.64345744
   -652.64481819
   -652.64678471
   -652.64522968
   -652.62429047
   -652.64083016
   -652.63477769
   -652.61813513
   -652.63281101
   -652.62737947
   -652.62999091
   -652.66157136
   -652.59943972
   -652.65027412
   -652.65775456
   -652.64938896
   -652.64801337
   -652.63890228
   -652.64124808
   -652.61608897
   -652.65392494
   -652.61421125
   -652.63560683
   -652.64663111
   -652.61437065
   -652.64406470
   -652.60336459
   -652.64315825
   -652.62423594
   -652.61921705
   -652.64149905
   -652.64763673
   -652.65130373
   -652.62167188
   -652.66407343
   -652.62934469
   -652.63279810
   -652.64587364
   -652.66521994
   -652.63711211
   -652.65069831
   -652.63792600
   -652.66332938
   -652.63089065
   -652.62393216
   -652.63427305
   -652.64333382
   -652.63510328
   -652.65774922
   -652.63460943
   -652.63736189
   -652.64235369
   -652.58548532
   -652.60580219
   -652.61449630
   -652.61542477
   -652.63576204
   -652.64788786
   -652.61662913
   -652.65415420
   -652.62966410
   -652.64671826
   -652.66247358
   -652.64710603
   -652.62991963
   -652.63072055
   -652.65098489
   -652.64657804
   -652.63054575
   -652.66369434
   -652.63521257
   -652.62955868
   -652.64353181
   -652.61740411
   -652.62439334
   -652.62644146
   -652.64673421
   -652.64730870
   -652.59721260
   -652.62611178
   -652.64112273
   -652.63920929
   -652.65643117
   -652.64689938
   -652.63963443
   -652.65067699
   -652.60810801
   -652.65987744
   -652.65110397
   -652.65400629
   -652.61386059
   -652.63675830
   -652.65382378
   -652.65338496
   -652.64982027
   -652.59105141
   -652.63600428
   -652.65558499
   -652.64759614
   -652.64126161
   -652.64325373
   -652.64795029
   -652.65188584
   -652.63841006
   -652.64159949
   -652.67186663
   -652.63981506
   -652.62239432
   -652.65917154
   -652.63298217
   -652.64068374
   -652.65499121
   -652.63312833
   -652.63417680
   -652.63126288
   -652.68053654
   -652.65046345
   -652.61763639
   -652.63825824
   -652.64869930
   -652.62357759
   -652.62526253
   -652.59767246
   -652.63892436
   -652.65285139
   -652.62210944
   -652.62852693
   -652.65904360
   -652.62396070
   -652.65899707
   -652.64660895
   -652.64886144
   -652.65458287
   -652.62254646
   -652.65503749
   -652.63296607
   -652.63498794
   -652.63879371
   -652.63205960
   -652.63900751
   -652.65771203
   -652.59947369
   -652.64730839
   -652.67357444
   -652.64719253
   -652.62087067
   -652.65300229
   -652.60008391
   -652.65050676
   -652.58140748
   -652.65146713
   -652.65088285
   -652.65429393
   -652.65979140
   -652.64243540
   -652.65139185
   -652.63255438
   -652.63975473
   -652.63344198
   -652.63831753
   -652.64109186
   -652.65742709
   -652.62635037
   -652.66206187
   -652.64403766
   -652.66489626
   -652.64140148
   -652.62480449
   -652.63906151
   -652.63379825
   -652.64636100
   -652.64421805
   -652.63310150
   -652.61578567
   -652.62319032
   -652.63752114
   -652.64489029
   -652.65905559
   -652.64052583
   -652.63107677
   -652.64138161
   -652.63308908
   -652.63593840
   -652.64529855
   -652.64691661
   -652.64013721
   -652.65269072
   -652.62572591
   -652.64391000
   -652.65573300
   -652.65451583
   -652.64567210
   -652.63428573
   -652.63769434
   -652.64448334
   -652.67048950
   -652.60113304
   -652.58237855
   -652.62373185
   -652.60972911
   -652.63356701
   -652.63787375
   -652.63079866
   -652.64036163
   -652.65733688
   -652.62321120
   -652.61995757
   -652.64398545
   -652.65142438
   -652.65299900
   -652.62287527
   -652.64943194
   -652.63349187
   -652.64044073
   -652.65518838
   -652.65382181
   -652.64213690
   -652.61635056
   -652.64472262
   -652.63252983
   -652.63487773
   -652.62367741
   -652.59161725
   -652.66674922
   -652.63166532
   -652.65055850
   -652.64457105
   -652.64416282
   -652.63460046
   -652.63971794
   -652.61726682
   -652.63007618
   -652.62416131
   -652.62000362
   -652.65508002
   -652.60394361
   -652.62582039
   -652.63047509
   -652.63516907
   -652.62341412
   -652.64923276
   -652.64345961
   -652.64277352
   -652.64844085
   -652.63741628
   -652.60649795
   -652.65250679
   -652.64273440
   -652.63776202
   -652.64801723
   -652.64342532
   -652.64410617
   -652.64639406
   -652.64926176
   -652.63598582
   -652.63442315
   -652.64254966
   -652.63302952
   -652.64110337
   -652.63823919
   -652.62307812
   -652.64339369
   -652.63030375
   -652.65299354
   -652.61988786
   -652.62606348
   -652.62409891
   -652.64441260
   -652.64269632
   -652.66151347
   -652.63496419
   -652.63988391
   -652.63502798
   -652.64417879
   -652.66379033
   -652.62899126
   -652.63166456
   -652.66318359
   -652.62697697
   -652.64110349
   -652.67149392
   -652.62449251
   -652.65959765
   -652.63015820
   -652.64800800
   -652.62160811
   -652.61133047
   -652.62771627
   -652.66324352
   -652.65802598
   -652.63640605
   -652.62510963
   -652.60596494
   -652.63308292
   -652.67730823
   -652.63072310
   -652.63827951
   -652.65921638
   -652.66330551
   -652.63393243
   -652.66759257
   -652.63792112
   -652.63216502
   -652.64748770
   -652.64253597
   -652.64361750
   -652.63941949
   -652.65656698
   -652.64417468
   -652.63060966
   -652.63535424
   -652.63986109
   -652.61475822
   -652.61136655
   -652.63813717
   -652.65537236
   -652.65378502
   -652.65156280
   -652.63425261
   -652.63750963
   -652.63375212
   -652.64938956
   -652.66130123
   -652.63458058
   -652.64223614
   -652.63454656
   -652.63699456
   -652.65802381
   -652.67210118
   -652.63831880
   -652.60340605
   -652.62666654
   -652.63342280
   -652.60897676
   -652.66912820
   -652.65981507
   -652.64226289
   -652.65417375
   -652.65662143
   -652.64267949
   -652.63475421
   -652.64105305
   -652.65296239
   -652.66950176
   -652.65809334
   -652.66999489
   -652.64617352
   -652.62507662
   -652.61704786
   -652.63937767
   -652.62901145
   -652.58635492
   -652.64042823
   -652.65145971
   -652.63022575
   -652.59580573
   -652.66348216
   -652.62319439
   -652.63908728
   -652.63814141
   -652.64861537
   -652.65696897
   -652.61784446
   -652.57928627
   -652.59408865
   -652.65273289
   -652.64585306
   -652.59843480
   -652.64070845
   -652.64194969
   -652.64185354
   -652.65893103
   -652.64890511
   -652.65867561
   -652.59082526
   -652.61142610
   -652.64458007
   -652.62904813
   -652.63623504
   -652.63175033
   -652.64364779
   -652.65826883
   -652.64751582
   -652.62742409
   -652.64809312
   -652.65587812
   -652.64014877
   -652.65345461
   -652.64897901
   -652.65034650
   -652.63282538
   -652.62473741
   -652.64146675
   -652.65674032
   -652.64022249
   -652.63925834
   -652.66192370
   -652.62486180
   -652.63041481
   -652.62860633
   -652.62063725
   -652.64795465
   -652.64710624
   -652.65170026
   -652.65404803
   -652.65465382
   -652.60353289
   -652.63444920
   -652.64850916
   -652.62334724
   -652.65953854
   -652.63715118
   -652.62948463
   -652.63793030
   -652.64536469
   -652.63724499
   -652.64105387
   -652.66197157
   -652.63047702
   -652.64783037
   -652.64999244
   -652.64496443
   -652.65004536
   -652.63411593
   -652.63397182
   -652.59981600
   -652.64081141
   -652.61526731
   -652.64851002
   -652.65497269
   -652.63528488
   -652.64317882
   -652.59385640
   -652.64139447
   -652.65196612
   -652.63900305
   -652.61090460
   -652.63357719
   -652.61293746
   -652.64085408
   -652.64327453
   -652.63380968
   -652.65363727
   -652.64612927
   -652.64897275
   -652.64074086
   -652.62163082
   -652.65407688
   -652.67259082
   -652.65762815
   -652.65668731
   -652.63961448
   -652.60326453
   -652.64881817
   -652.62001067
   -652.65943217
   -652.64088489
   -652.65861254
   -652.62810264
   -652.64301307
   -652.65242240
   -652.62010379
   -652.65485878
   -652.63430861
   -652.63015565
   -652.59478940
   -652.62741821
   -652.63182657
   -652.64068531
   -652.63970405
   -652.62779402
   -652.63738776
   -652.64775395
   -652.66687279
   -652.64498373
   -652.61909570
   -652.64224887
   -652.62763161
   -652.65394145
   -652.65136021
   -652.61723893
   -652.62941929
   -652.62575559
   -652.58776768
   -652.64651777
   -652.63769191
   -652.61236301
   -652.63517765
   -652.64952417
   -652.56755035
   -652.66382123
   -652.65804770
   -652.60506577
   -652.66000131
   -652.64181375
   -652.63404516
   -652.62599002
   -652.66037825
   -652.63400596
   -652.63829008
   -652.66334675
   -652.63747928
   -652.61184267
   -652.64465738
   -652.63695953
   -652.63333973
   -652.63778079
   -652.60573943
   -652.65220226
   -652.64140574
   -652.60037632
   -652.62733997
   -652.63584077
   -652.64598690
   -652.63384405
   -652.64443934
   -652.63362963
   -652.63730995
   -652.64205223
   -652.63326705
   -652.63976184
   -652.63520861
   -652.65879006
   -652.63099937
   -652.57317025
   -652.65378655
   -652.64032787
   -652.61953646
   -652.60780223
   -652.65238073
   -652.67647355
   -652.62388670
   -652.64169990
   -652.57966273
   -652.62978298
   -652.59571464
   -652.58442819
   -652.64904762
   -652.56691513
   -652.63290577
   -652.63575608
   -652.66746579
   -652.65923453
   -652.65567474
   -652.62103223
   -652.65653939
   -652.65032046
   -652.62834882
   -652.64280898
   -652.66025113
   -652.59908783
   -652.63421779
   -652.65093487
   -652.63325717
   -652.62693594
   -652.64026321
   -652.65196748
   -652.63973919
   -652.63087691
   -652.64207723
   -652.66583676
   -652.64636554
   -652.65640160
   -652.63877966
   -652.63690338
   -652.64611340
   -652.66830453
   -652.65175832
   -652.65184221
   -652.67018931
   -652.65263063
   -652.64315688
   -652.63180943
   -652.64343164
   -652.63764369
   -652.60932305
   -652.64434167
   -652.63424520
   -652.61353354
   -652.64064117
   -652.65448680
   -652.64800046
   -652.65611446
   -652.65641782
   -652.64927080
   -652.65555387
   -652.63793106
   -652.56284876
   -652.60645497
   -652.66684317
   -652.63859102
   -652.66852578
   -652.63000694
   -652.65369203
   -652.62505745
   -652.63765687
   -652.64597936
   -652.62400023
   -652.62647508
   -652.61220528
   -652.66331702
   -652.61790629
   -652.63180624
   -652.64463755
   -652.64589553
   -652.64143404
   -652.61061987
   -652.63414169
   -652.65600570
   -652.64926043
   -652.62796132
   -652.61851069
   -652.64379798
   -652.63372124
   -652.58340938
   -652.62841340
   -652.65913288
   -652.65365804
   -652.65191130
   -652.66130836
   -652.59571150
   -652.64646108
   -652.62760548
   -652.64256760
   -652.66057361
   -652.65974294
   -652.63684788
   -652.60468682
   -652.62012004
   -652.64219461
   -652.57995540
   -652.65385084
   -652.63691442
   -652.62893261
   -652.64188225
   -652.64312990
   -652.64410546
   -652.64215867
   -652.64452400
   -652.65858709
   -652.63419728
   -652.66882582
   -652.63818303
   -652.65925817
   -652.63229460
   -652.64736688
   -652.62273808
   -652.58908869
   -652.65289447
   -652.63615873
   -652.64319869
   -652.65322400
   -652.62148502
   -652.60903802
   -652.66202568
   -652.62629914
   -652.65157519
   -652.65493548
   -652.63436965
   -652.61822831
   -652.62948460
   -652.64301386
   -652.65128001
   -652.64379729
   -652.64992575
   -652.61629973
   -652.65709621
   -652.63033401
   -652.66343782
   -652.64063958
   -652.61003524
   -652.64960830
   -652.64597026
   -652.64143952
   -652.63502859
   -652.65033289
   -652.65802137
   -652.60302701
   -652.57733131
   -652.61141613
   -652.64786379
   -652.65070478
   -652.64190051
   -652.63266330
   -652.63545076
   -652.65074367
   -652.63208510
   -652.65452516
   -652.59297615
   -652.64039415
   -652.57309122
   -652.63589260
   -652.65078649
   -652.65368525
   -652.63821594
   -652.65169916
   -652.65908029
   -652.63364162
   -652.61597731
   -652.64122597
   -652.66050629
   -652.59810942
   -652.61655627
   -652.63816993
   -652.63840593
   -652.64949838
   -652.62771490
   -652.63103669
   -652.66228219
   -652.63808710
   -652.65077573
   -652.65929358
   -652.64135593
   -652.64706280
   -652.63045700
   -652.64085992
   -652.63241772
   -652.64411139
   -652.63409415
   -652.63956403
   -652.65960576
   -652.60553043
   -652.65644259
   -652.64319031
   -652.61880455
   -652.63120010
   -652.62517024
   -652.61432129
   -652.65212786
   -652.66550652
   -652.59001009
   -652.66526084
   -652.64850496
   -652.64682578
   -652.63253499
   -652.65207305
   -652.61973656
   -652.65510397
   -652.62189691
   -652.62635161
   -652.65137455
   -652.65846086
   -652.62489685
   -652.64124074
   -652.64985266
   -652.64025671
   -652.63428322
   -652.64741694
   -652.63110742
   -652.65878033
   -652.62918173
   -652.64303054
   -652.65392351
   -652.63093443
   -652.65372654
   -652.63970892
   -652.61652848
   -652.63188229
   -652.64553764
   -652.58337072
   -652.66016217
   -652.64312166
   -652.63257329
   -652.66315594
   -652.63814238
   -652.67343844
   -652.65239519
   -652.62442333
   -652.64997146
   -652.61119011
   -652.63012919
   -652.63566757
   -652.62069358
   -652.65616755
   -652.64153073
   -652.61963225
   -652.63614137
   -652.64835021
   -652.66087819
   -652.61450043
   -652.64817383
   -652.67173436
   -652.66390988
   -652.62481470
   -652.63306120
   -652.57847368
   -652.62761214
   -652.64530456
   -652.64014228
   -652.66691921
   -652.65830254
   -652.64672927
   -652.61104240
   -652.60442826
   -652.65590150
   -652.64895830
   -652.65545096
   -652.64259750
   -652.64758989
   -652.64316580
   -652.66551234
   -652.63680910
   -652.60518310
   -652.63357874
   -652.63175177
   -652.63666996
   -652.66076278
   -652.63223234
   -652.63785333
   -652.66438253
   -652.66296727
   -652.62821960
   -652.60915382
   -652.61902540
   -652.59775744
   -652.62174245
   -652.61418610
   -652.64194810
   -652.64986744
   -652.65773205
   -652.63377130
   -652.63780321
   -652.64965666
   -652.66061251
   -652.56473762
   -652.66501043
   -652.64817357
   -652.58829802
   -652.64746154
   -652.64054801
   -652.63878176
   -652.66022666
   -652.64119153
   -652.63348218
   -652.64515263
   -652.62622629
   -652.64229216
   -652.63124437
   -652.64053632
   -652.64525817
   -652.63920974
   -652.63093153
   -652.65722901
   -652.65008375
   -652.64296502
   -652.66381723
   -652.62310890
   -652.64857346
   -652.63741074
   -652.65110017
   -652.65816146
   -652.63218371
   -652.63335458
   -652.62121456
   -652.63258750
   -652.62830531
   -652.64483163
   -652.62408335
   -652.63326652
   -652.63700141
   -652.60849070
   -652.64299735
   -652.65756029
   -652.64090381
   -652.65726506
   -652.65877405
   -652.62213743
   -652.64971854
   -652.63433949
   -652.62359754
   -652.64620027
   -652.63906916
   -652.63311623
   -652.64737630
   -652.64235320
   -652.65136711
   -652.65156922
   -652.63761866
   -652.65893205
   -652.64518437
   -652.65517910
   -652.65123501
   -652.64930811
   -652.64366232
   -652.62939616
   -652.66301611
   -652.63733281
   -652.62608243
   -652.65658878
   -652.66270064
   -652.64123356
   -652.64576013
   -652.64904293
   -652.63147696
   -652.65175848
   -652.64451698
   -652.64696030
   -652.65733476
   -652.64080117
   -652.64078632
   -652.64116303
   -652.64974196
   -652.64523526
   -652.60718243
   -652.65623002
   -652.65364432
   -652.64136922
   -652.64650339
   -652.63653721
   -652.61578386
   -652.64600543
   -652.64013974
   -652.64304472
   -652.61947455
   -652.61487307
   -652.65614252
   -652.61718788
   -652.66494858
   -652.66041097
   -652.62178742
   -652.63014672
   -652.65604102
   -652.63351846
   -652.65806797
   -652.64908672
   -652.67191358
   -652.64525469
   -652.65719683
   -652.63823768
   -652.64846934
   -652.62844374
   -652.63814994
   -652.65306459
   -652.65244870
   -652.66758176
   -652.67341172
   -652.57037428
   -652.65068948
   -652.60120618
   -652.63961148
   -652.63065771
   -652.63863593
   -652.65678509
   -652.62784227
   -652.57066152
   -652.61958231
   -652.59578150
   -652.67527502
   -652.64249014
   -652.65242563
   -652.63542407
   -652.66009220
   -652.65796841
   -652.64161877
   -652.62841228
   -652.65457821
   -652.63799944
   -652.62883086
   -652.64978076
   -652.66186358
   -652.62813700
   -652.64619826
   -652.65853144
   -652.64324311
   -652.66533981
   -652.63171896
   -652.64766688
   -652.63531191
   -652.63610437
   -652.64825012
   -652.63432049
   -652.64709842
   -652.65463159
   -652.63229248
   -652.64832006
   -652.62756121
   -652.56752493
   -652.64063545
   -652.63853013
   -652.64925162
   -652.65781454
   -652.64658733
   -652.62973485
   -652.65742766
   -652.65160384
   -652.65403941
   -652.63621126
   -652.63222903
   -652.59553181
   -652.67397023
   -652.61868784
   -652.62083310
   -652.61883009
   -652.62577530
   -652.56655083
   -652.65576533
   -652.64179446
   -652.65661177
   -652.64096527
   -652.65507587
   -652.63486786
   -652.64114866
   -652.64952315
   -652.64791955
   -652.64797210
   -652.63957464
   -652.62766948
   -652.65319523
   -652.61563926
   -652.65584656
   -652.63533153
   -652.61625718
   -652.60676568
   -652.63567855
   -652.65783922
   -652.62083818
   -652.63683384
   -652.62698827
   -652.66328455
   -652.60796899
   -652.62745846
   -652.63290486
   -652.63368089
   -652.64900087
   -652.57104653
   -652.66296787
   -652.61615754
   -652.63449116
   -652.62261935
   -652.66030171
   -652.63786620
   -652.59520657
   -652.63687758
   -652.62836122
   -652.64042203
   -652.63659284
   -652.64470821
   -652.63808467
   -652.62565371
   -652.64787149
   -652.65248431
   -652.63763353
   -652.63236635
   -652.63019091
   -652.63499244
   -652.65697105
   -652.63324199
   -652.60313706
   -652.59202222
   -652.65504976
   -652.59174926
   -652.63437040
   -652.62851030
   -652.62802156
   -652.61939824
   -652.65570488
   -652.65706283
   -652.64394507
   -652.65614655
   -652.67541181
   -652.62174031
   -652.64049784
   -652.57690056
   -652.62833845
   -652.65361411
   -652.62818303
   -652.65755915
   -652.62916039
   -652.61181094
   -652.65752479
   -652.64869756
   -652.63866955
   -652.67363149
   -652.62553929
   -652.64495831
   -652.62570966
   -652.61752005
   -652.63875711
   -652.64385426
   -652.64297769
   -652.61545137
   -652.61010327
   -652.64358201
   -652.64751583
   -652.62514746
   -652.63963124
   -652.64327537
   -652.63384732
   -652.65776975
   -652.63213967
   -652.63452038
   -652.63884481
   -652.64774324
   -652.63738820
   -652.66531398
   -652.64031917
   -652.63627728
   -652.58257162
   -652.64292876
   -652.58544865
   -652.62659291
   -652.63903133
   -652.61433848
   -652.65343739
   -652.64621849
   -652.65618147
   -652.65818774
   -652.63280077
   -652.59245302
   -652.62886219
   -652.61932456
   -652.65014714
   -652.63446543
   -652.64567441
   -652.64040931
   -652.62526936
   -652.65016734
   -652.66803549
   -652.63345198
   -652.67490878
   -652.65465385
   -652.65047866
   -652.64014516
   -652.64309673
   -652.63799964
   -652.64261976
   -652.64017021
   -652.63735440
   -652.64158496
   -652.58069947
   -652.63144991
   -652.59207542
   -652.65849197
   -652.66035032
   -652.63801463
   -652.63119504
   -652.63434609
   -652.63794107
   -652.63249058
   -652.62658805
   -652.62595037
   -652.63049181
   -652.64154349
   -652.65055910
   -652.65707739
   -652.64905606
   -652.65153263
   -652.64644716
   -652.65387076
   -652.61125807
   -652.64184449
   -652.64725090
   -652.63659073
   -652.63785683
   -652.58965675
   -652.65413327
   -652.64081299
   -652.63046736
   -652.65128280
   -652.61070541
   -652.62907747
   -652.64761689
   -652.64073321
   -652.57526149
   -652.64318956
   -652.63277962
   -652.62718507
   -652.61892375
   -652.59923631
   -652.66158779
   -652.67202665
   -652.67147082
   -652.64092185
   -652.63185579
   -652.62313237
   -652.63970205
   -652.65268873
   -652.63255366
   -652.63576217
   -652.63788428
   -652.65878995
   -652.65810115
   -652.64629040
   -652.65899519
   -652.62858679
   -652.65588987
   -652.61970685
   -652.64700673
   -652.62986393
   -652.63819247
   -652.65465526
   -652.63792203
   -652.63680428
   -652.63626346
   -652.66338596
   -652.56574187
   -652.64380673
   -652.62466286
   -652.59177107
   -652.64914407
   -652.63203949
   -652.66126333
   -652.67103434
   -652.65543431
   -652.65613235
   -652.64362978
   -652.62854410
   -652.64847433
   -652.63587718
   -652.62985964
   -652.63077670
   -652.65591630
   -652.56324659
   -652.64243992
   -652.63384357
   -652.64764895
   -652.63544956
   -652.63680697
   -652.58542321
   -652.64955055
   -652.57828425
   -652.64285283
   -652.62588352
   -652.64587461
   -652.63361733
   -652.64871793
   -652.61002691
   -652.64427350
   -652.62823929
   -652.63338288
   -652.60744083
   -652.65038810
   -652.63857103
   -652.63795958
   -652.64244906
   -652.63635189
   -652.63822359
   -652.65357686
   -652.63129654
   -652.63712798
   -652.63015368
   -652.64613116
   -652.65170018
   -652.57903922
   -652.62871104
   -652.64698218
   -652.65410747
   -652.63132588
   -652.61158546
   -652.62552136
   -652.62525662
   -652.60927670
   -652.59771541
   -652.65193088
   -652.63255739
   -652.64803086
   -652.64619677
   -652.63599859
   -652.64642263
   -652.62880474
   -652.63735382
   -652.65580050
   -652.63539614
   -652.64510716
   -652.65634743
   -652.60853799
   -652.62777902
   -652.64844397
   -652.57881085
   -652.62729199
   -652.62834305
   -652.59619656
   -652.63910053
   -652.63286569
   -652.61028392
   -652.65485406
   -652.63399882
   -652.63265617
   -652.61274798
   -652.64170564
   -652.64411667
   -652.65894875
   -652.61400101
   -652.62934944
   -652.66197892
   -652.63814330
   -652.66299416
   -652.65805431
   -652.62872924
   -652.65719678
   -652.62143820
   -652.63944418
   -652.64231963
   -652.59808139
   -652.64175619
   -652.64952975
   -652.63140092
   -652.64307389
   -652.64920996
   -652.65824440
   -652.64830453
   -652.63359499
   -652.63105607
   -652.64160455
   -652.65311068
   -652.62077658
   -652.65224664
   -652.63433607
   -652.64091760
   -652.63480755
   -652.61289931
   -652.63940216
   -652.64296137
   -652.61528867
   -652.62611137
   -652.64531479
   -652.64004373
   -652.63550334
   -652.63021799
   -652.65292286
   -652.63623278
   -652.62262178
   -652.62236745
   -652.63191328
   -652.63908488
   -652.62190147
   -652.66764392
   -652.63421749
   -652.62921149
   -652.62063848
   -652.63890191
   -652.62586488
   -652.65358554
   -652.62686114
   -652.65127765
   -652.63615840
   -652.66333066
   -652.64779583
   -652.61745552
   -652.63513824
   -652.63452035
   -652.62484526
   -652.65129048
   -652.63640674
   -652.63549903
   -652.63844098
   -652.63418473
   -652.63456094
   -652.62535177
   -652.65828072
   -652.63629297
   -652.63563620
   -652.62558220
   -652.63221889
   -652.63663157
   -652.65932327
   -652.59306259
   -652.62750057
   -652.55638761
   -652.63746551
   -652.64760402
   -652.63680034
   -652.63912078
   -652.63075025
   -652.63414952
   -652.58184404
   -652.60916590
   -652.62687993
   -652.63267716
   -652.64919420
   -652.64046186
   -652.62326402
   -652.64995130
   -652.64155651
   -652.64067574
   -652.65636120
   -652.60294219
   -652.64845819
   -652.61595790
   -652.61849937
   -652.64561594
   -652.62479672
   -652.63410863
   -652.64966094
   -652.65729505
   -652.64309516
   -652.64452323
   -652.63080863
   -652.64729940
   -652.66865442
   -652.65114250
   -652.63220059
   -652.61340981
   -652.62109912
   -652.62561177
   -652.64652843
   -652.59939177
   -652.64741089
   -652.62832445
   -652.65308859
   -652.62610371
   -652.63130465
   -652.66675441
   -652.65877662
   -652.61545601
   -652.61488759
   -652.63744729
   -652.63239800
   -652.64361695
   -652.63064242
   -652.65416798
   -652.63926106
   -652.63831790
   -652.65603066
   -652.60563819
   -652.63907265
   -652.61275787
   -652.64646921
   -652.57574465
   -652.62365636
   -652.64263662
   -652.63887030
   -652.61307817
   -652.63276280
   -652.66166445
   -652.63190791
   -652.64782351
   -652.64004122
   -652.64604007
   -652.64105970
   -652.62223903
   -652.64775101
   -652.65870332
   -652.60603598
   -652.63156218
   -652.64391906
   -652.64153204
   -652.64494690
   -652.64707766
   -652.61998143
   -652.64652549
   -652.62710427
   -652.63861818
   -652.63627386
   -652.64333618
   -652.63539614
   -652.63266701
   -652.63133756
   -652.61291706
   -652.63405125
   -652.63671447
   -652.57011220
   -652.63016609
   -652.66947006
   -652.58026556
   -652.62988971
   -652.63666829
   -652.58981411
   -652.64443220
   -652.64548485
   -652.65389910
   -652.65621254
   -652.63968865
   -652.63247333
   -652.65462511
   -652.63043235
   -652.62750231
   -652.65879361
   -652.61614934
   -652.62904523
   -652.65004091
   -652.64911625
   -652.65752544
   -652.63283838
   -652.64438644
   -652.63266929
   -652.63736786
   -652.64595694
   -652.65279655
   -652.63285464
   -652.60616478
   -652.66903174
   -652.63661723
   -652.63076705
   -652.63960228
   -652.65796035
   -652.65284957
   -652.65167374
   -652.64139972
   -652.62182455
   -652.59258932
   -652.60315725
   -652.60761945
   -652.63826420
   -652.64521976
   -652.62646148
   -652.56551812
   -652.66907127
   -652.66304927
   -652.65762701
   -652.64017805
   -652.63675975
   -652.63993339
   -652.65551394
   -652.62270620
   -652.62519642
   -652.65285798
   -652.64093565
   -652.62489353
   -652.65537367
   -652.63173362
   -652.63719570
   -652.64248919
   -652.63920255
   -652.60059674
   -652.63072720
   -652.65149833
   -652.63083176
   -652.63606637
   -652.63510247
   -652.62627010
   -652.65780297
   -652.65450358
   -652.64225589
   -652.66654362
   -652.62661145
   -652.61957728
   -652.63877253
   -652.65237109
   -652.64389988
   -652.64725610
   -652.63527918
   -652.65464286
   -652.62459288
   -652.66256941
   -652.64108815
   -652.66176304
   -652.64434044
   -652.66135720
   -652.64065540
   -652.66095207
   -652.63250977
   -652.63625756
   -652.66168460
   -652.66047635
   -652.63551367
   -652.62293635
   -652.63345037
   -652.64212124
   -652.65028998
   -652.64529217
   -652.65252846
   -652.65908343
   -652.63819848
   -652.63952394
   -652.62409713
   -652.65558422
   -652.64145934
   -652.56979265
   -652.64584425
   -652.64385219
   -652.64031281
   -652.64567978
   -652.64898881
   -652.66744743
   -652.65661727
   -652.57659360
   -652.59310875
   -652.63851176
   -652.61034192
   -652.63070976
   -652.64729286
   -652.63243148
   -652.63404344
   -652.58175955
   -652.64502947
   -652.65331536
   -652.64409152
   -652.61771233
   -652.63148832
   -652.65572228
   -652.62779866
   -652.64091498
   -652.64039170
   -652.64289533
   -652.65751290
   -652.63402349
   -652.63122929
   -652.63893712
   -652.65338132
   -652.64188933
   -652.65706466
   -652.64560322
   -652.63908522
   -652.62011987
   -652.62410229
   -652.63926705
   -652.65016840
   -652.63475935
   -652.56259422
   -652.65742922
   -652.64049658
   -652.63146076
   -652.65099419
   -652.63961553
   -652.63906979
   -652.63981258
   -652.64215609
   -652.65072134
   -652.64872784
   -652.65209420
   -652.65214955
   -652.63329051
   -652.63976395
   -652.64560080
   -652.63213995
   -652.66736679
   -652.63115306
   -652.63554589
   -652.64513098
   -652.64597289
   -652.62704263
   -652.62417133
   -652.64935638
   -652.65666521
   -652.64239590
   -652.66262514
   -652.63147689
   -652.63749989
   -652.64947589
   -652.62803073
   -652.63969860
   -652.64933413
   -652.63922251
   -652.61596609
   -652.63160230
   -652.63162169
   -652.63759239
   -652.64794325
   -652.66325563
   -652.63874669
   -652.61861806
   -652.63760916
   -652.62108520
   -652.66259363
   -652.65743359
   -652.61785549
   -652.63348575
   -652.60498077
   -652.63667471
   -652.64132563
   -652.63524133
   -652.63659312
   -652.65055409
   -652.64644861
   -652.62439767
   -652.64629577
   -652.65532171
   -652.64158479
   -652.63451814
   -652.64534620
   -652.63089996
   -652.64875740
   -652.65020258
   -652.64631712
   -652.65361230
   -652.64682758
   -652.64562333
   -652.66057973
   -652.59680923
   -652.61368218
   -652.63109151
   -652.62079998
   -652.63351262
   -652.64309313
   -652.64221605
   -652.63985899
   -652.62212079
   -652.64060904
   -652.64082904
   -652.63587275
   -652.59835236
   -652.64054253
   -652.64004094
   -652.65262430
   -652.61330640
   -652.62789526
   -652.65629295
   -652.58858949
   -652.64176166
   -652.65190534
   -652.65683516
   -652.62752276
   -652.65607196
   -652.64818739
   -652.62767954
   -652.64084016
   -652.66912937
   -652.60303200
   -652.64249487
   -652.64799429
   -652.65428046
   -652.61975519
   -652.64209846
   -652.64157987
   -652.58673144
   -652.62002405
   -652.64300568
   -652.63922818
   -652.63333978
   -652.62400865
   -652.65860146
   -652.66697263
   -652.62728774
   -652.64282310
   -652.67017741
   -652.66107267
   -652.63545745
   -652.65062790
   -652.62909474
   -652.64618392
   -652.65628939
   -652.58422594
   -652.63778386
   -652.65866235
   -652.67282641
   -652.61554771
   -652.64538313
   -652.64591085
   -652.62361675
   -652.66636429
   -652.64357986
   -652.65102320
   -652.65454216
   -652.64476794
   -652.64768298
   -652.64308782
   -652.64150642
   -652.64257892
   -652.61684672
   -652.62524978
   -652.63994417
   -652.61604677
   -652.65664329
   -652.67223958
   -652.64530063
   -652.63371829
   -652.65271158
   -652.64843437
   -652.64476967
   -652.62033394
   -652.66421015
   -652.63299319
   -652.65591012
   -652.64907512
   -652.63571312
   -652.64670924
   -652.63441861
   -652.64121618
   -652.64332629
   -652.62940223
   -652.66228528
   -652.62598410
   -652.59871953
   -652.64648476
   -652.66496462
   -652.64764099
   -652.65816182
   -652.66367959
   -652.64222311
   -652.63046170
   -652.65439553
   -652.63782029
   -652.65489940
   -652.64412157
   -652.62023622
   -652.65513740
   -652.64978303
   -652.60018430
   -652.63138691
   -652.63418089
   -652.59301875
   -652.62419069
   -652.65524693
   -652.63606478
   -652.63382247
   -652.64606271
   -652.64942216
   -652.66438262
   -652.63361909
   -652.64559779
   -652.64143343
   -652.63783641
   -652.63180393
   -652.64402143
   -652.64657533
   -652.62128308
   -652.65098744
   -652.63200943
   -652.65655987
   -652.65857810
   -652.66115230
   -652.64328007
   -652.65243346
   -652.66365898
   -652.62569910
   -652.65795558
   -652.64323582
   -652.64188375
   -652.65709024
   -652.59960641
   -652.61060126
   -652.65591779
   -652.62150035
   -652.62899649
   -652.63237029
   -652.60418758
   -652.63584129
   -652.64580981
   -652.63180310
   -652.63769557
   -652.57009092
   -652.63549131
   -652.62142415
   -652.66127850
   -652.63702598
   -652.62396122
   -652.65522465
   -652.62643969
   -652.63242919
   -652.63308986
   -652.62679520
   -652.64935871
   -652.64503970
   -652.63810968
   -652.65149760
   -652.60386979
   -652.63778842
   -652.65060772
   -652.64514493
   -652.62998920
   -652.66076172
   -652.67220576
   -652.61867922
   -652.61710792
   -652.63476670
   -652.60800148
   -652.62230479
   -652.64390896
   -652.60937909
   -652.65810285
   -652.61076096
   -652.65007367
   -652.66175243
   -652.63681744
   -652.64549895
   -652.64664050
   -652.65120778
   -652.64396413
   -652.64502610
   -652.62369555
   -652.62672201
   -652.62292721
   -652.65137233
   -652.65236181
   -652.63449861
   -652.65063596
   -652.64907680
   -652.63977775
   -652.64698548
   -652.64068780
   -652.63966043
   -652.61238979
   -652.63008720
   -652.62570900
   -652.61259733
   -652.62758334
   -652.62590864
   -652.65277015
   -652.62513403
   -652.62464977
   -652.62812242
   -652.64507716
   -652.65662952
   -652.63463047
   -652.65380049
   -652.65882904
   -652.63353758
   -652.65590741
   -652.62466188
   -652.62824412
   -652.61279483
   -652.65024445
   -652.62658614
   -652.64414271
   -652.64683583
   -652.66434359
   -652.65393533
   -652.63120105
   -652.59082082
   -652.66242921
   -652.64374898
   -652.62382582
   -652.63545731
   -652.65586238
   -652.63983194
   -652.65399830
   -652.60848484
   -652.65047534
   -652.62751541
   -652.65656890
   -652.63742013
   -652.63738755
   -652.61690045
   -652.64399008
   -652.64339894
   -652.64676475
   -652.65025693
   -652.61778554
   -652.64741883
   -652.63289237
   -652.62850455
   -652.62573375
   -652.65966271
   -652.66510491
   -652.62847971
   -652.64659269
   -652.67223781
   -652.63415504
   -652.63209579
   -652.64814530
   -652.63664407
   -652.62174710
   -652.62425909
   -652.57122190
   -652.63275754
   -652.64871618
   -652.63612051
   -652.65266605
   -652.63695435
   -652.64694710
   -652.65635892
   -652.63100478
   -652.64488202
   -652.64309070
   -652.64152374
   -652.65902349
   -652.63315936
   -652.66545170
   -652.61521413
   -652.64063259
   -652.62621237
   -652.60607573
   -652.65637180
   -652.65839622
   -652.64973150
   -652.63636867
   -652.64206881
   -652.63552327
   -652.64818774
   -652.61206963
   -652.63410177
   -652.62893610
   -652.63203666
   -652.61580975
   -652.65561530
   -652.65689782
   -652.64593749
   -652.62553742
   -652.65318792
   -652.62940496
   -652.63178140
   -652.63874880
   -652.64875167
   -652.64189790
   -652.64875137
   -652.64841947
   -652.61044577
   -652.59409968
   -652.65518966
   -652.64756649
   -652.65655081
   -652.64103534
   -652.63440935
   -652.60581354
   -652.65565424
   -652.66088617
   -652.65775949
   -652.59482291
   -652.62786873
   -652.65010595
   -652.63808700
   -652.62865714
   -652.61054597
   -652.55292499
   -652.63756525
   -652.59070695
   -652.64214802
   -652.63521690
   -652.66190868
   -652.64851130
   -652.63604522
   -652.65977861
   -652.66799542
   -652.64880162
   -652.61505763
   -652.61230850
   -652.65131641
   -652.67012711
   -652.65829662
   -652.64937987
   -652.65040529
   -652.63748258
   -652.63537247
   -652.64533192
   -652.64614412
   -652.64036994
   -652.62342621
   -652.62507566
   -652.65331192
   -652.62950136
   -652.64284954
   -652.66939986
   -652.64594557
   -652.62490413
   -652.64987718
   -652.65810632
   -652.63248235
   -652.63072633
   -652.66558768
   -652.59112877
   -652.67177719
   -652.61965641
   -652.61796307
   -652.59002120
   -652.63181633
   -652.65608181
   -652.63240410
   -652.63752425
   -652.64541974
   -652.64926991
   -652.63499200
   -652.66123037
   -652.64092188
   -652.65830525
   -652.65836638
   -652.63435893
   -652.63627772
   -652.63592320
   -652.58596296
   -652.63324848
   -652.64029249
   -652.63440043
   -652.66621376
   -652.63581146
   -652.66909886
   -652.63415127
   -652.64799925
   -652.63895635
   -652.64329330
   -652.63442460
   -652.60067264
   -652.63580715
   -652.63417165
   -652.63090764
   -652.66418668
   -652.62084436
   -652.61808597
   -652.64508653
   -652.65635266
   -652.65018882
   -652.64974817
   -652.64029560
   -652.63154624
   -652.64650022
   -652.61415561
   -652.63268613
   -652.65781944
   -652.64060939
   -652.62461790
   -652.57305944
   -652.63774895
   -652.66433385
   -652.65842849
   -652.62781619
   -652.63825043
   -652.61662384
   -652.65739885
   -652.64875764
   -652.64619233
   -652.64984217
   -652.63709530
   -652.63654529
   -652.63071984
   -652.64018445
   -652.63864341
   -652.63210420
   -652.65328677
   -652.65803167
   -652.64240378
   -652.66834815
   -652.66632702
   -652.62715024
   -652.61107366
   -652.60979390
   -652.63580208
   -652.65223093
   -652.66118670
   -652.63918444
   -652.62391337
   -652.61628992
   -652.64124146
   -652.63096248
   -652.65851571
   -652.61338555
   -652.67064692
   -652.63892921
   -652.66292222
   -652.63324296
   -652.66048178
   -652.63706179
   -652.60534778
   -652.65739001
   -652.63589497
   -652.62262468
   -652.63564776
   -652.61708375
   -652.65150235
   -652.64635620
   -652.63571018
   -652.63241512
   -652.64639499
   -652.64911772
   -652.62336229
   -652.64403782
   -652.62762857
   -652.64657181
   -652.62225956
   -652.65170134
   -652.59931266
   -652.64570265
   -652.64277050
   -652.61855360
   -652.63423983
   -652.64393352
   -652.63919980
   -652.60631241
   -652.62719768
   -652.61300210
   -652.65347426
   -652.56756762
   -652.63390946
   -652.64370837
   -652.64524464
   -652.56768359
   -652.65862470
   -652.64540896
   -652.65931950
   -652.64070817
   -652.64003051
   -652.62929632
   -652.66376256
   -652.63818302
   -652.63460776
   -652.64823150
   -652.64892944
   -652.64996843
   -652.63599254
   -652.56376638
   -652.65379512
   -652.66184801
   -652.64057524
   -652.64005261
   -652.65023112
   -652.65264806
   -652.64600215
   -652.64537559
   -652.62531000
   -652.62480176
   -652.64963368
   -652.62395014
   -652.65297768
   -652.62417057
   -652.64652283
   -652.65021423
   -652.64827054
   -652.66141917
   -652.63847306
   -652.63247782
   -652.65665816
   -652.64603387
   -652.63077948
   -652.64037412
   -652.63749671
   -652.65908516
   -652.62484230
   -652.62756431
   -652.62092643
   -652.65190595
   -652.65519950
   -652.61634298
   -652.63912246
   -652.65208139
   -652.64978401
   -652.64825273
   -652.60624053
   -652.65862986
   -652.64197591
   -652.62971827
   -652.64932108
   -652.58271482
   -652.63452489
   -652.63293563
   -652.66956252
   -652.66937642
   -652.62570558
   -652.63326901
   -652.66004452
   -652.65350972
   -652.66484674
   -652.64508349
   -652.64855633
   -652.62951546
   -652.64405967
   -652.65553076
   -652.62777071
   -652.60273660
   -652.65185114
   -652.64132578
   -652.64175966
   -652.65989267
   -652.61978239
   -652.63839923
   -652.62773006
   -652.62344099
   -652.60910396
   -652.64681167
   -652.62699120
   -652.61865074
   -652.62999258
   -652.64019194
   -652.64852034
   -652.65285064
   -652.63902404
   -652.64156208
   -652.64692235
   -652.64174116
   -652.65457084
   -652.65445176
   -652.63081179
   -652.63366651
   -652.62778780
   -652.62316799
   -652.63487714
   -652.65541109
   -652.63827305
   -652.65548788
   -652.63808022
   -652.64885001
   -652.65119906
   -652.64236866
   -652.64617999
   -652.64547144
   -652.62265712
   -652.66814689
   -652.61429533
   -652.63072101
   -652.65385302
   -652.65250098
   -652.62408771
   -652.62236651
   -652.65796424
   -652.63483898
   -652.63099735
   -652.64872596
   -652.63492824
   -652.60345515
   -652.64475859
   -652.65525113
   -652.58315211
   -652.63964503
   -652.62051395
   -652.63919980
   -652.64712763
   -652.65576503
   -652.65482152
   -652.65683862
   -652.65069826
   -652.63888631
   -652.60417475
   -652.61352291
   -652.64922528
   -652.62343248
   -652.65540752
   -652.65402470
   -652.65071455
   -652.64481705
   -652.64846040
   -652.63221280
   -652.64611981
   -652.66166227
   -652.66679296
   -652.65080832
   -652.65028945
   -652.60994771
   -652.64368218
   -652.61966264
   -652.67755278
   -652.61667967
   -652.63078535
   -652.63733759
   -652.62217323
   -652.63719004
   -652.64673933
   -652.63240592
   -652.65326471
   -652.65037442
   -652.64509379
   -652.62347700
   -652.64542676
   -652.63772335
   -652.65053223
   -652.63705266
   -652.64896488
   -652.63818190
   -652.63059356
   -652.64751327
   -652.63620756
   -652.62605269
   -652.62612430
   -652.63551130
   -652.65823851
   -652.62833865
   -652.62828243
   -652.61645393
   -652.63769853
   -652.57137833
   -652.57262515
   -652.66772240
   -652.62354940
   -652.64391072
   -652.65815890
   -652.63803255
   -652.62550637
   -652.66932924
   -652.58476452
   -652.63802803
   -652.62823739
   -652.63049136
   -652.62375153
   -652.67041423
   -652.62133873
   -652.65095302
   -652.63856113
   -652.64738725
   -652.63350430
   -652.66833139
   -652.62884988
   -652.62138236
   -652.63226720
   -652.63026883
   -652.65391408
   -652.65035064
   -652.61083225
   -652.61131259
   -652.64256941
   -652.66387610
   -652.66240743
   -652.63053847
   -652.63267153
   -652.58399545
   -652.63418804
   -652.63832399
   -652.63162835
   -652.64143047
   -652.67235575
   -652.64304031
   -652.60296433
   -652.65213582
   -652.60272165
   -652.63791870
   -652.64824206
   -652.67431337
   -652.65409270
   -652.61618278
   -652.66457595
   -652.61924918
   -652.66086164
   -652.64170308
   -652.61661203
   -652.63177015
   -652.65671580
   -652.67075797
   -652.63612867
   -652.63005416
   -652.66052093
   -652.65575150
   -652.61335151
   -652.62555688
   -652.63485647
   -652.64270717
   -652.66375869
   -652.61535945
   -652.65412526
   -652.64646294
   -652.63760334
   -652.65270900
   -652.62651161
   -652.64586991
   -652.66129999
   -652.64091266
   -652.63486515
   -652.63731472
   -652.64264019
   -652.64757788
   -652.62642661
   -652.63170209
   -652.62382076
   -652.64322539
   -652.61172016
   -652.61406091
   -652.63926691
   -652.66374867
   -652.65689032
   -652.57955608
   -652.65418052
   -652.63410187
   -652.63835216
   -652.66365968
   -652.64126620
   -652.64869387
   -652.64497154
   -652.64270149
   -652.62108092
   -652.64629144
   -652.62104370
   -652.65801644
   -652.58568048
   -652.64705870
   -652.63620095
   -652.62909915
   -652.63232941
   -652.59882047
   -652.64581486
   -652.63812786
   -652.63493053
   -652.64625694
   -652.64223579
   -652.63753184
   -652.64850596
   -652.65283493
   -652.65703807
   -652.64537144
   -652.65725034
   -652.64096188
   -652.65838482
   -652.65976639
   -652.64648960
   -652.62598368
   -652.62298053
   -652.63517573
   -652.57497488
   -652.62814490
   -652.65872956
   -652.64449774
   -652.64541692
   -652.66028954
   -652.55369127
   -652.65626324
   -652.63426717
   -652.64921868
   -652.61476783
   -652.65908504
   -652.65962594
   -652.65383727
   -652.60684480
   -652.63402070
   -652.63781991
   -652.61911259
   -652.61794677
   -652.64455290
   -652.65481660
   -652.64441331
   -652.62484446
   -652.58939758
   -652.64495875
   -652.64793224
   -652.63279857
   -652.66545503
   -652.57555044
   -652.62578208
   -652.65233313
   -652.63626216
   -652.62511991
   -652.63766129
   -652.63793386
   -652.62923628
   -652.58356619
   -652.63430288
   -652.63906839
   -652.62471439
   -652.66657627
   -652.62296759
   -652.61891025
   -652.63395564
   -652.67292245
   -652.62573612
   -652.63018952
   -652.64198525
   -652.64645521
   -652.55996616
   -652.63296514
   -652.62440997
   -652.64240095
   -652.57565505
   -652.62614911
   -652.63874916
   -652.63724840
   -652.65507086
   -652.60115126
   -652.63805282
   -652.64519918
   -652.62162568
   -652.65124662
   -652.64995922
   -652.64950597
   -652.65967738
   -652.63184384
   -652.64293538
   -652.62499279
   -652.65550022
   -652.66032625
   -652.65218988
   -652.57958327
   -652.61242469
   -652.66832452
   -652.62361625
   -652.60059177
   -652.64878363
   -652.63067386
   -652.63499652
   -652.62736871
   -652.65629612
   -652.62342473
   -652.65810472
   -652.64197379
   -652.65433142
   -652.64581208
   -652.58536068
   -652.63856511
   -652.62388329
   -652.63487941
   -652.63874060
   -652.62969959
   -652.64719345
   -652.64005775
   -652.66722325
   -652.62206882
   -652.61796460
   -652.66619273
   -652.62033044
   -652.65809606
   -652.64184027
   -652.65540517
   -652.63509433
   -652.65193665
   -652.60886232
   -652.64255930
   -652.62727569
   -652.66388843
   -652.61859481
   -652.66289036
   -652.64536268
   -652.66344124
   -652.64173360
   -652.65568542
   -652.63631942
   -652.63546253
   -652.63288596
   -652.63024724
   -652.67127675
   -652.65886961
   -652.61625634
   -652.63978285
   -652.57632395
   -652.63036344
   -652.64822338
   -652.63121803
   -652.62969549
   -652.62428004
   -652.61596601
   -652.62421164
   -652.62060183
   -652.63706718
   -652.64513698
   -652.64656284
   -652.64938951
   -652.65132177
   -652.62121886
   -652.62838869
   -652.64365864
   -652.61196390
   -652.61904627
   -652.65532082
   -652.65252810
   -652.65022193
   -652.61826006
   -652.67153626
   -652.66537373
   -652.62175585
   -652.66161509
   -652.61807233
   -652.64217682
   -652.64873616
   -652.63120076
   -652.65635891
   -652.62624605
   -652.66105471
   -652.63002284
   -652.66364799
   -652.66141776
   -652.62674113
   -652.64146581
   -652.65105403
   -652.65220024
   -652.63984216
