% The following energies apply to conformations described by the topology 
% R37_iter1.top.  Structures are given in trajectory coords.cdf, count: 142.

% Item 0:
%   Energy -> orca_structures/coor*/NConf*.out
   -652.68267309
   -652.68176438
   -652.68558492
   -652.67240265
   -652.68399968
   -652.68655025
   -652.68806052
   -652.67724665
   -652.68534976
   -652.67588984
   -652.68708208
   -652.68511465
   -652.68590123
   -652.68221314
   -652.68654846
   -652.68797251
   -652.68530640
   -652.69009494
   -652.68834222
   -652.68445204
   -652.68343252
   -652.68656429
   -652.68237790
   -652.68654573
   -652.68164004
   -652.68897819
   -652.68217181
   -652.68861880
   -652.68800056
   -652.68236345
   -652.67869474
   -652.68552064
   -652.68773891
   -652.68450584
   -652.68273492
   -652.68725364
   -652.68372170
   -652.67946193
   -652.69002698
   -652.68684900
   -652.67898565
   -652.67806751
   -652.68145309
   -652.67739224
   -652.67638099
   -652.68496642
   -652.68581211
   -652.68354430
   -652.68166382
   -652.68037199
   -652.68378927
   -652.68119051
   -652.68398512
   -652.68635550
   -652.67628275
   -652.68163124
   -652.68213165
   -652.68107245
   -652.68814495
   -652.67208187
   -652.68623971
   -652.68258721
   -652.68493965
   -652.68178288
   -652.67621611
   -652.68484167
   -652.68136169
   -652.68452996
   -652.68914284
   -652.68449768
   -652.68953320
   -652.67716111
   -652.68582594
   -652.67280521
   -652.68003817
   -652.68735283
   -652.68227072
   -652.68546832
   -652.68739597
   -652.68693129
   -652.68629065
   -652.67587689
   -652.68791612
   -652.68284593
   -652.67745882
   -652.68185746
   -652.67975670
   -652.68756452
   -652.68541792
   -652.68466787
   -652.68655837
   -652.67800271
   -652.68791790
   -652.68335952
   -652.68861153
   -652.68537498
   -652.68423016
   -652.68748061
   -652.68204872
   -652.68693148
   -652.68562569
   -652.67125168
   -652.68908767
   -652.67976767
   -652.68461687
   -652.68342221
   -652.66974530
   -652.68782213
   -652.68266223
   -652.67313796
   -652.68209223
   -652.68725176
   -652.68538414
   -652.68272987
   -652.68554293
   -652.68217045
   -652.67939956
   -652.68207962
   -652.67472552
   -652.68421303
   -652.68253449
   -652.68974382
   -652.69020202
   -652.68235012
   -652.68697665
   -652.68560615
   -652.68203219
   -652.68369202
   -652.68228852
   -652.68443791
   -652.68175072
   -652.68619772
   -652.67707128
   -652.68050149
   -652.68741411
   -652.68128460
   -652.68419426
   -652.68282196
   -652.68906495
   -652.68642335
   -652.68472354
   -652.68251985
