% The following energies apply to conformations described by the topology 
% R10.top.  Structures are given in trajectory coords.cdf, count: 2623.

% Item 0:
%   Energy -> orca_structures/coor*/Conf*.out
   -860.27078644
   -860.23325265
   -860.29915155
   -860.29017401
   -860.21790507
   -860.26484996
   -860.26142150
   -860.25782035
   -860.30627315
   -860.28694580
   -860.24594478
   -860.28855447
   -860.31638631
   -860.28264032
   -860.22850807
   -860.28654263
   -860.22276795
   -860.24119189
   -860.29099554
   -860.27993074
   -860.30154468
   -860.30255627
   -860.32497773
   -860.27874835
   -860.29868079
   -860.29925556
   -860.27649883
   -860.29003136
   -860.24065024
   -860.28054553
   -860.29019897
   -860.23223128
   -860.30384645
   -860.26192268
   -860.30635323
   -860.28081842
   -860.30519585
   -860.28332697
   -860.27739890
   -860.28026705
   -860.26348471
   -860.26815574
   -860.26775501
   -860.25800232
   -860.23595155
   -860.25814748
   -860.23268019
   -860.28055990
   -860.23317291
   -860.27232737
   -860.30244857
   -860.25841340
   -860.31481431
   -860.27750561
   -860.29464673
   -860.26884385
   -860.26491149
   -860.27504157
   -860.28216622
   -860.29834627
   -860.28822060
   -860.27474857
   -860.30873458
   -860.29344851
   -860.24840387
   -860.29698360
   -860.27381305
   -860.29686003
   -860.30449900
   -860.26651659
   -860.23382114
   -860.27886609
   -860.30030609
   -860.27811376
   -860.28729126
   -860.27428285
   -860.29605527
   -860.23193815
   -860.28006852
   -860.26286727
   -860.30567120
   -860.23307853
   -860.28368090
   -860.28820774
   -860.17838989
   -860.30729613
   -860.27453947
   -860.28175599
   -860.24904726
   -860.28200003
   -860.26826850
   -860.27554349
   -860.27785227
   -860.27919165
   -860.29347638
   -860.30566309
   -860.28476357
   -860.27019615
   -860.29366349
   -860.32374504
   -860.28803120
   -860.25685772
   -860.28450658
   -860.26400864
   -860.27523272
   -860.29600395
   -860.28096364
   -860.30339256
   -860.29467744
   -860.29527371
   -860.27223855
   -860.25980563
   -860.27030913
   -860.27190013
   -860.30295026
   -860.26401840
   -860.28683581
   -860.26277110
   -860.28722373
   -860.28026634
   -860.28358155
   -860.29803190
   -860.26690652
   -860.27789640
   -860.28291764
   -860.29671178
   -860.27789024
   -860.24402955
   -860.25776336
   -860.29431937
   -860.26071717
   -860.30136709
   -860.29663067
   -860.31413875
   -860.29020856
   -860.29260382
   -860.27920252
   -860.23581271
   -860.25711339
   -860.27381967
   -860.30157779
   -860.22567722
   -860.26992972
   -860.28680307
   -860.26885410
   -860.26561629
   -860.29132615
   -860.27943515
   -860.28599075
   -860.28151246
   -860.28286187
   -860.26991942
   -860.26968001
   -860.28712462
   -860.27751429
   -860.26305254
   -860.25058579
   -860.29570541
   -860.27564387
   -860.20254160
   -860.28902992
   -860.27893604
   -860.32270297
   -860.30149422
   -860.28263676
   -860.30516480
   -860.30816256
   -860.24716764
   -860.24517945
   -860.30651187
   -860.27520198
   -860.21415955
   -860.30647841
   -860.26522053
   -860.27905172
   -860.23725965
   -860.30559552
   -860.26941144
   -860.26185707
   -860.28432128
   -860.31084513
   -860.28000467
   -860.26887393
   -860.29650081
   -860.29375093
   -860.30382914
   -860.28355350
   -860.30075347
   -860.24603618
   -860.30257425
   -860.28197507
   -860.26023096
   -860.25060432
   -860.27231595
   -860.29223333
   -860.30873926
   -860.29394623
   -860.22908825
   -860.25961684
   -860.26263298
   -860.27833649
   -860.30039781
   -860.29910526
   -860.27347708
   -860.28928648
   -860.27125734
   -860.26102352
   -860.29626583
   -860.29182108
   -860.30681713
   -860.27196135
   -860.28091238
   -860.28558183
   -860.28951124
   -860.30223177
   -860.28563812
   -860.31481874
   -860.26368740
   -860.30500081
   -860.30354285
   -860.27013330
   -860.29618199
   -860.26046687
   -860.26289750
   -860.29333432
   -860.25793341
   -860.24766807
   -860.29716942
   -860.29953601
   -860.27760516
   -860.27313800
   -860.27706922
   -860.26625536
   -860.28885861
   -860.26025884
   -860.24408100
   -860.27578949
   -860.29913544
   -860.27297971
   -860.27386276
   -860.30113236
   -860.28944790
   -860.29065945
   -860.27876510
   -860.31135545
   -860.18270740
   -860.30525827
   -860.31163294
   -860.28974026
   -860.28032474
   -860.27827221
   -860.26589502
   -860.26090641
   -860.27692433
   -860.27495530
   -860.28120204
   -860.30542364
   -860.28356249
   -860.28437112
   -860.27445032
   -860.29511540
   -860.30313599
   -860.24387777
   -860.30278609
   -860.31414651
   -860.30324127
   -860.22032183
   -860.27011146
   -860.26026114
   -860.26569051
   -860.28695073
   -860.26583491
   -860.28569450
   -860.30141922
   -860.30005180
   -860.29319261
   -860.30060456
   -860.30341151
   -860.30816617
   -860.29426904
   -860.27481829
   -860.26497771
   -860.27247290
   -860.28441160
   -860.28486311
   -860.29483678
   -860.27917495
   -860.28810891
   -860.27336199
   -860.31364754
   -860.29314735
   -860.29784560
   -860.28115667
   -860.22128673
   -860.24495643
   -860.29991189
   -860.28428605
   -860.29368304
   -860.29527889
   -860.26336227
   -860.29035604
   -860.27775142
   -860.27775881
   -860.30504729
   -860.28623123
   -860.26878011
   -860.29738081
   -860.28329143
   -860.29587297
   -860.28413853
   -860.28806765
   -860.27339464
   -860.27024528
   -860.29849926
   -860.28670576
   -860.27604471
   -860.27697740
   -860.29900579
   -860.29536447
   -860.30621198
   -860.29684367
   -860.27307193
   -860.22757252
   -860.28390021
   -860.28950993
   -860.31445512
   -860.29080637
   -860.27528214
   -860.24311870
   -860.25043652
   -860.27839468
   -860.28513953
   -860.30751564
   -860.30384528
   -860.28074170
   -860.29019480
   -860.25232314
   -860.27257966
   -860.27049263
   -860.30754890
   -860.28028810
   -860.27675516
   -860.25865042
   -860.27837771
   -860.31713539
   -860.29858156
   -860.27333633
   -860.29064652
   -860.31989726
   -860.28781667
   -860.27413995
   -860.30710122
   -860.31776854
   -860.28958811
   -860.27698578
   -860.28758683
   -860.28782608
   -860.27742035
   -860.23175957
   -860.30503391
   -860.29150884
   -860.29275800
   -860.28682267
   -860.27355940
   -860.29375367
   -860.26423858
   -860.25957335
   -860.30301715
   -860.27487179
   -860.28253406
   -860.26143355
   -860.29704221
   -860.22557890
   -860.28152133
   -860.27597789
   -860.23670371
   -860.27819598
   -860.27835668
   -860.27754535
   -860.29226560
   -860.33170935
   -860.29049756
   -860.27293909
   -860.31255012
   -860.27045890
   -860.27411104
   -860.27579266
   -860.30458542
   -860.27932774
   -860.28838875
   -860.25218548
   -860.28743949
   -860.28936293
   -860.23601516
   -860.30694386
   -860.29111988
   -860.32047168
   -860.23496845
   -860.33362108
   -860.27867769
   -860.26631874
   -860.29354554
   -860.27066893
   -860.22721929
   -860.27906706
   -860.30227666
   -860.27312019
   -860.26244556
   -860.24110161
   -860.27839638
   -860.29280088
   -860.31020436
   -860.27951895
   -860.23983335
   -860.29039522
   -860.29246780
   -860.28750969
   -860.31602076
   -860.28082756
   -860.24050274
   -860.24040627
   -860.29787360
   -860.30172456
   -860.29421091
   -860.30108539
   -860.30211770
   -860.27908604
   -860.28552248
   -860.27937124
   -860.29685753
   -860.29402365
   -860.28288364
   -860.31259485
   -860.12743768
   -860.28680295
   -860.27481141
   -860.30630423
   -860.26684268
   -860.28960497
   -860.29569550
   -860.23086919
   -860.27422274
   -860.27910121
   -860.24597777
   -860.24638258
   -860.29180021
   -860.29905426
   -860.24467414
   -860.31031313
   -860.26831055
   -860.28078446
   -860.27675495
   -860.29284887
   -860.27984620
   -860.27725160
   -860.29946556
   -860.29158326
   -860.30521860
   -860.26348368
   -860.26713365
   -860.28509849
   -860.29797465
   -860.30107433
   -860.30294301
   -860.26660652
   -860.28233486
   -860.28668337
   -860.27021768
   -860.30043952
   -860.23412409
   -860.28139602
   -860.25268664
   -860.28166732
   -860.29986289
   -860.26733607
   -860.29689153
   -860.28617148
   -860.28089844
   -860.28539670
   -860.28924192
   -860.29789210
   -860.27956337
   -860.29629415
   -860.26485946
   -860.27883951
   -860.26560560
   -860.25550549
   -860.28174783
   -860.30448924
   -860.29170356
   -860.24452690
   -860.31128204
   -860.22713517
   -860.26853028
   -860.30176637
   -860.30211424
   -860.29174249
   -860.30639958
   -860.28323311
   -860.27840521
   -860.28330431
   -860.29400952
   -860.27511825
   -860.28493459
   -860.29908430
   -860.29142194
   -860.28277215
   -860.31152611
   -860.28982570
   -860.28828436
   -860.27339605
   -860.23136119
   -860.28684040
   -860.27379756
   -860.28454210
   -860.30132356
   -860.27409854
   -860.23737684
   -860.28290533
   -860.27935046
   -860.28879444
   -860.28648628
   -860.29356178
   -860.26615020
   -860.28490768
   -860.26314515
   -860.29742343
   -860.27440088
   -860.26718022
   -860.29587815
   -860.28800738
   -860.26847404
   -860.28003023
   -860.26824659
   -860.29267003
   -860.29247046
   -860.23833195
   -860.29833369
   -860.27372583
   -860.26395047
   -860.31462355
   -860.25391050
   -860.29527796
   -860.25846093
   -860.28803781
   -860.29686607
   -860.28713090
   -860.29128635
   -860.29419894
   -860.27756552
   -860.30569682
   -860.29057327
   -860.27654815
   -860.26097406
   -860.28385788
   -860.28967924
   -860.25123796
   -860.28411946
   -860.29292598
   -860.29459434
   -860.25501335
   -860.25666956
   -860.30127639
   -860.29687344
   -860.27766122
   -860.28209572
   -860.30018452
   -860.28147946
   -860.26598972
   -860.27942590
   -860.28611981
   -860.28726392
   -860.31572863
   -860.28663609
   -860.23021221
   -860.25208261
   -860.20852024
   -860.29857216
   -860.24526372
   -860.27118620
   -860.28915178
   -860.30630756
   -860.31748983
   -860.29454114
   -860.23758413
   -860.27505684
   -860.26041045
   -860.29832733
   -860.19643570
   -860.22072775
   -860.29642802
   -860.27274459
   -860.31766137
   -860.29692619
   -860.28285859
   -860.29309455
   -860.27272098
   -860.26556998
   -860.32531038
   -860.29659796
   -860.26287999
   -860.29824418
   -860.28924793
   -860.28379359
   -860.26150937
   -860.27876555
   -860.27661369
   -860.25575668
   -860.22163146
   -860.28421652
   -860.24171258
   -860.27720404
   -860.27576513
   -860.29261159
   -860.28101548
   -860.32040890
   -860.29532255
   -860.24643528
   -860.31574352
   -860.29717222
   -860.27012329
   -860.26975419
   -860.25051259
   -860.28839683
   -860.25556094
   -860.31079991
   -860.24778168
   -860.29871597
   -860.27162836
   -860.29584427
   -860.28785892
   -860.31286385
   -860.31073056
   -860.25497102
   -860.29537358
   -860.29060900
   -860.21655206
   -860.26540689
   -860.29812113
   -860.29064289
   -860.30652895
   -860.26451527
   -860.31270264
   -860.26445513
   -860.29101090
   -860.26241783
   -860.27556252
   -860.26837529
   -860.24411007
   -860.28928993
   -860.29011790
   -860.28029230
   -860.26263648
   -860.31137220
   -860.25636850
   -860.27387478
   -860.26375843
   -860.27298361
   -860.27576591
   -860.23610370
   -860.28519988
   -860.31347641
   -860.29408214
   -860.29573534
   -860.30229367
   -860.31299834
   -860.27465487
   -860.25889572
   -860.28889405
   -860.29844925
   -860.30453068
   -860.27497864
   -860.29595803
   -860.27207324
   -860.29089110
   -860.26242152
   -860.24603541
   -860.28640012
   -860.27802411
   -860.28107904
   -860.26993646
   -860.27984582
   -860.26827311
   -860.27899765
   -860.32365077
   -860.26464530
   -860.31886551
   -860.28524412
   -860.30346095
   -860.28510805
   -860.28082734
   -860.30190952
   -860.30073191
   -860.26369549
   -860.29511413
   -860.30148791
   -860.28427902
   -860.21400223
   -860.30137581
   -860.23163829
   -860.30308034
   -860.27657745
   -860.28266496
   -860.26962312
   -860.28560821
   -860.24999027
   -860.23718549
   -860.28896198
   -860.30557169
   -860.24383809
   -860.27588559
   -860.26564385
   -860.24574881
   -860.25276343
   -860.22501953
   -860.29207181
   -860.25086636
   -860.26403797
   -860.27837174
   -860.27527512
   -860.28206646
   -860.30679856
   -860.22606908
   -860.26704324
   -860.29789939
   -860.29286825
   -860.26340623
   -860.28369697
   -860.29128150
   -860.30743961
   -860.28157520
   -860.30196925
   -860.24949476
   -860.26395168
   -860.28468658
   -860.28681779
   -860.30150075
   -860.30462267
   -860.29921955
   -860.29724461
   -860.30039253
   -860.28062213
   -860.31836405
   -860.27256321
   -860.24225502
   -860.30762099
   -860.20682588
   -860.29089549
   -860.25573853
   -860.30089512
   -860.29277034
   -860.30629818
   -860.24339363
   -860.27994268
   -860.29858772
   -860.28021658
   -860.27688556
   -860.28785393
   -860.27445499
   -860.29511004
   -860.28684582
   -860.29275965
   -860.27869880
   -860.30848977
   -860.26644275
   -860.26651414
   -860.29662950
   -860.27301586
   -860.27637245
   -860.26796783
   -860.28169975
   -860.28750870
   -860.28914006
   -860.29261920
   -860.27604155
   -860.28963021
   -860.24441515
   -860.31364760
   -860.28874551
   -860.27827457
   -860.29403384
   -860.29192064
   -860.29224067
   -860.29063265
   -860.31027479
   -860.29261174
   -860.29219990
   -860.22475855
   -860.30600901
   -860.27711358
   -860.29798430
   -860.28834685
   -860.30341600
   -860.28801162
   -860.29649610
   -860.26805361
   -860.28197512
   -860.27471163
   -860.28506287
   -860.31463399
   -860.28574869
   -860.24517044
   -860.30183043
   -860.25515671
   -860.27190947
   -860.29830011
   -860.27915184
   -860.28369009
   -860.28212836
   -860.29333151
   -860.30324178
   -860.26390723
   -860.31064952
   -860.28784017
   -860.28445556
   -860.25039045
   -860.29129849
   -860.23461148
   -860.27208480
   -860.30550480
   -860.25819208
   -860.27321140
   -860.28582641
   -860.26970384
   -860.23754879
   -860.29995356
   -860.27087200
   -860.29059964
   -860.28001108
   -860.23861808
   -860.32193273
   -860.25633861
   -860.29556103
   -860.24105745
   -860.27595765
   -860.30075888
   -860.22838260
   -860.31407710
   -860.22931713
   -860.28198603
   -860.28898930
   -860.27128665
   -860.26180170
   -860.24852761
   -860.27753232
   -860.28783900
   -860.30715918
   -860.26099963
   -860.24934789
   -860.29000812
   -860.27994412
   -860.29173354
   -860.30080856
   -860.27544491
   -860.27003424
   -860.28148496
   -860.21929554
   -860.27916883
   -860.26998320
   -860.28304310
   -860.29591341
   -860.22485615
   -860.26121335
   -860.26571162
   -860.29212268
   -860.29617908
   -860.24293908
   -860.30561967
   -860.30390321
   -860.28729338
   -860.27506751
   -860.29750260
   -860.22028881
   -860.31031767
   -860.28435901
   -860.27564957
   -860.28078011
   -860.29373277
   -860.28658615
   -860.28880624
   -860.23387389
   -860.30361982
   -860.29061314
   -860.27655860
   -860.29999387
   -860.31527898
   -860.28357941
   -860.29103426
   -860.27430139
   -860.26824924
   -860.27476306
   -860.25586154
   -860.21503972
   -860.27713628
   -860.28491229
   -860.28772218
   -860.25853408
   -860.28580178
   -860.29719247
   -860.27001643
   -860.30002946
   -860.27454716
   -860.28153643
   -860.31838099
   -860.28652317
   -860.27263766
   -860.30493200
   -860.30595276
   -860.25356450
   -860.25558919
   -860.28642940
   -860.27296612
   -860.27530689
   -860.28297146
   -860.31397791
   -860.30831005
   -860.30271681
   -860.28378877
   -860.27942046
   -860.26658451
   -860.30165262
   -860.25371390
   -860.29131421
   -860.29004338
   -860.31522581
   -860.25639158
   -860.28281419
   -860.30907236
   -860.29310089
   -860.26489092
   -860.29386196
   -860.28983586
   -860.29081979
   -860.24010158
   -860.28820293
   -860.26204540
   -860.23420690
   -860.29078921
   -860.24821247
   -860.29390101
   -860.30898671
   -860.29786336
   -860.29335694
   -860.24105247
   -860.28289095
   -860.25657230
   -860.27813036
   -860.27897013
   -860.28685691
   -860.27404610
   -860.28461009
   -860.28888405
   -860.26583722
   -860.29500759
   -860.29666695
   -860.29936296
   -860.26654869
   -860.29269930
   -860.27170250
   -860.27203073
   -860.23193502
   -860.32757239
   -860.29727324
   -860.30437068
   -860.30979107
   -860.28275769
   -860.28768015
   -860.32494436
   -860.31258502
   -860.32967612
   -860.33746886
   -860.22681981
   -860.28160815
   -860.28065098
   -860.26671726
   -860.27500302
   -860.27616284
   -860.28569773
   -860.26063969
   -860.27534732
   -860.33125813
   -860.29572818
   -860.27069737
   -860.29383823
   -860.27587107
   -860.27042898
   -860.28934521
   -860.27149280
   -860.29540452
   -860.29942445
   -860.26354848
   -860.29444375
   -860.27312428
   -860.29225851
   -860.26046811
   -860.23496120
   -860.27837496
   -860.30278270
   -860.28539610
   -860.27597052
   -860.24768921
   -860.23207333
   -860.31306260
   -860.29998139
   -860.28545889
   -860.28210497
   -860.29582590
   -860.28542064
   -860.29780549
   -860.29893261
   -860.24422957
   -860.27273726
   -860.27167737
   -860.26974552
   -860.25089657
   -860.22315244
   -860.29177034
   -860.29044101
   -860.30292122
   -860.28932984
   -860.27840861
   -860.17733399
   -860.27024401
   -860.26153061
   -860.25586567
   -860.29971215
   -860.23598520
   -860.27126135
   -860.27153545
   -860.30079225
   -860.29275385
   -860.26601620
   -860.30200798
   -860.23498981
   -860.30638677
   -860.30139093
   -860.30672798
   -860.29658186
   -860.28607667
   -860.23375748
   -860.30762478
   -860.24759703
   -860.30821099
   -860.29698445
   -860.28751209
   -860.25813199
   -860.29245174
   -860.21294964
   -860.29596133
   -860.21914853
   -860.28343707
   -860.25957092
   -860.29003746
   -860.25833190
   -860.28816975
   -860.28297453
   -860.25826137
   -860.30485862
   -860.25330927
   -860.27482251
   -860.27274362
   -860.24143909
   -860.23471263
   -860.23291951
   -860.27384625
   -860.29033456
   -860.26770447
   -860.26006093
   -860.26154728
   -860.28760044
   -860.28174510
   -860.24864415
   -860.22854690
   -860.27516123
   -860.26865952
   -860.27546775
   -860.28602074
   -860.30591486
   -860.28344705
   -860.26908862
   -860.30570680
   -860.26073493
   -860.24264414
   -860.28021174
   -860.25707444
   -860.28020493
   -860.28482701
   -860.29035015
   -860.28439138
   -860.31164699
   -860.30501313
   -860.23296163
   -860.27880928
   -860.28290862
   -860.28986389
   -860.23412412
   -860.26492092
   -860.27678797
   -860.27726564
   -860.28602746
   -860.27107810
   -860.31692690
   -860.27204948
   -860.30125684
   -860.29666039
   -860.27046656
   -860.27781415
   -860.30321772
   -860.27814166
   -860.26875169
   -860.25686055
   -860.30451452
   -860.28967206
   -860.28667563
   -860.30102591
   -860.28829895
   -860.26268676
   -860.25700116
   -860.29154041
   -860.28499332
   -860.23535844
   -860.28848129
   -860.22490130
   -860.29348798
   -860.30068051
   -860.29637860
   -860.23713501
   -860.28207543
   -860.27095758
   -860.29167558
   -860.25991264
   -860.27004948
   -860.30449224
   -860.28885918
   -860.19811002
   -860.25707892
   -860.28960073
   -860.25928810
   -860.27949882
   -860.29403870
   -860.27427338
   -860.28513389
   -860.29631654
   -860.24008721
   -860.29648645
   -860.31710735
   -860.31616602
   -860.32346571
   -860.29689742
   -860.23806815
   -860.26817484
   -860.27902060
   -860.29909583
   -860.30623493
   -860.26999557
   -860.23676227
   -860.29238639
   -860.25499889
   -860.29047997
   -860.26450092
   -860.28973230
   -860.27768852
   -860.23578786
   -860.25455000
   -860.28598150
   -860.28486776
   -860.28622707
   -860.26058527
   -860.30965584
   -860.28592576
   -860.28278155
   -860.29193040
   -860.26705476
   -860.28186729
   -860.27857481
   -860.28582506
   -860.30319582
   -860.28779260
   -860.29206424
   -860.27438541
   -860.28934622
   -860.30554731
   -860.28228270
   -860.22920280
   -860.29956056
   -860.24296289
   -860.25938041
   -860.29292720
   -860.28339923
   -860.29131641
   -860.26571620
   -860.27326791
   -860.31347625
   -860.28001684
   -860.27782802
   -860.26587999
   -860.25804507
   -860.28700770
   -860.26355820
   -860.30267186
   -860.31827248
   -860.32004588
   -860.28472141
   -860.28492855
   -860.25390394
   -860.23402768
   -860.29553603
   -860.29357838
   -860.27881110
   -860.29397634
   -860.31477939
   -860.30041696
   -860.29252097
   -860.30317243
   -860.22242261
   -860.27216740
   -860.25409291
   -860.29383447
   -860.23140485
   -860.28345405
   -860.25070505
   -860.28140452
   -860.27785074
   -860.29250122
   -860.29458354
   -860.28961377
   -860.26976711
   -860.27887439
   -860.23182662
   -860.24920812
   -860.29533430
   -860.28879280
   -860.28782850
   -860.30632737
   -860.30081186
   -860.23498570
   -860.31771699
   -860.30724063
   -860.31090483
   -860.27994630
   -860.27577976
   -860.29068972
   -860.29090077
   -860.26377000
   -860.23320897
   -860.24516541
   -860.24831256
   -860.26546452
   -860.27386484
   -860.25639287
   -860.29249763
   -860.28849134
   -860.28180195
   -860.25801592
   -860.30314123
   -860.27090355
   -860.28927339
   -860.31228559
   -860.29918184
   -860.30323058
   -860.26219757
   -860.25072180
   -860.31492944
   -860.27786209
   -860.24482025
   -860.26489995
   -860.27455008
   -860.30232961
   -860.29943850
   -860.28041079
   -860.27905869
   -860.26880784
   -860.23234254
   -860.27911380
   -860.28152000
   -860.30455774
   -860.29621680
   -860.24094729
   -860.27876319
   -860.25448877
   -860.24754721
   -860.28619140
   -860.23376766
   -860.25926006
   -860.30213038
   -860.30052472
   -860.27961999
   -860.30763421
   -860.29181085
   -860.27746665
   -860.19326657
   -860.28670454
   -860.27195564
   -860.30463566
   -860.27540420
   -860.25607206
   -860.23816767
   -860.27422570
   -860.27280435
   -860.28428862
   -860.25663865
   -860.28620431
   -860.28862520
   -860.25918481
   -860.25195857
   -860.31127619
   -860.26512723
   -860.26378834
   -860.28160435
   -860.27923325
   -860.26761592
   -860.22995118
   -860.29576736
   -860.31086028
   -860.30026942
   -860.26348460
   -860.29998449
   -860.25354692
   -860.23669479
   -860.28526867
   -860.26571655
   -860.25911921
   -860.21455197
   -860.30133087
   -860.24951930
   -860.29631441
   -860.29673854
   -860.30917257
   -860.28358080
   -860.30385224
   -860.30806956
   -860.29969911
   -860.27651315
   -860.27206748
   -860.30726885
   -860.31097564
   -860.28398935
   -860.27541621
   -860.23881363
   -860.26988001
   -860.27879350
   -860.28182780
   -860.26796067
   -860.26703040
   -860.28881419
   -860.27722746
   -860.30162039
   -860.29647147
   -860.24563922
   -860.26485454
   -860.29878991
   -860.26245079
   -860.30258752
   -860.27463171
   -860.29188671
   -860.28631315
   -860.23295183
   -860.22400401
   -860.28568578
   -860.23138318
   -860.29264765
   -860.24485922
   -860.27004313
   -860.28247137
   -860.29916105
   -860.26810208
   -860.24070001
   -860.27248421
   -860.29318479
   -860.25939064
   -860.28722842
   -860.28878327
   -860.26347161
   -860.23330412
   -860.27906867
   -860.28531271
   -860.29401770
   -860.29221760
   -860.30445632
   -860.28235054
   -860.29244567
   -860.27696725
   -860.23726327
   -860.11670241
   -860.29621939
   -860.21435789
   -860.24195109
   -860.23820400
   -860.27774609
   -860.28223823
   -860.29036981
   -860.30882628
   -860.28820478
   -860.23301493
   -860.28882804
   -860.24811839
   -860.29226393
   -860.29607607
   -860.27022997
   -860.25104221
   -860.29318231
   -860.28859024
   -860.21042203
   -860.32276210
   -860.25813007
   -860.25147947
   -860.25725684
   -860.30517146
   -860.29121142
   -860.29035198
   -860.30260004
   -860.29598159
   -860.26076099
   -860.27498816
   -860.29683881
   -860.31272025
   -860.30667237
   -860.26608119
   -860.27056272
   -860.29666951
   -860.30321940
   -860.27134450
   -860.23521408
   -860.30110259
   -860.30473671
   -860.28436016
   -860.29349344
   -860.28189377
   -860.31037307
   -860.27178114
   -860.26528568
   -860.22828814
   -860.29563275
   -860.22404647
   -860.29830488
   -860.29128834
   -860.28027511
   -860.29813440
   -860.23790706
   -860.26945911
   -860.29834134
   -860.24367341
   -860.29845800
   -860.25206851
   -860.29058640
   -860.29810699
   -860.28507772
   -860.27228387
   -860.28324879
   -860.29762955
   -860.26578788
   -860.28791986
   -860.31548501
   -860.27754254
   -860.29043514
   -860.29366766
   -860.31949223
   -860.26549740
   -860.28815649
   -860.29730276
   -860.28070248
   -860.28329819
   -860.25337804
   -860.28393633
   -860.29383672
   -860.29457392
   -860.26956532
   -860.23571932
   -860.28994234
   -860.26572917
   -860.25058730
   -860.27007939
   -860.29090179
   -860.20159340
   -860.26370015
   -860.26995300
   -860.26390335
   -860.26630164
   -860.27923783
   -860.27261285
   -860.21623537
   -860.29367373
   -860.30714624
   -860.29140485
   -860.27740927
   -860.25574720
   -860.27133727
   -860.28726801
   -860.24297916
   -860.24521062
   -860.31637393
   -860.27362744
   -860.25583942
   -860.23518424
   -860.30102834
   -860.22174955
   -860.26091131
   -860.28298981
   -860.24914856
   -860.28336533
   -860.28034927
   -860.26485543
   -860.28745716
   -860.30579901
   -860.31596016
   -860.29106094
   -860.23721505
   -860.28569726
   -860.23589808
   -860.31203959
   -860.27853674
   -860.27001762
   -860.29274607
   -860.23506602
   -860.30701039
   -860.28659525
   -860.26587898
   -860.28053347
   -860.24529833
   -860.24897433
   -860.29983865
   -860.28277864
   -860.30506988
   -860.32708353
   -860.29458229
   -860.25598997
   -860.29677996
   -860.32008290
   -860.28038175
   -860.28528099
   -860.28641035
   -860.27066852
   -860.26627260
   -860.28975846
   -860.29205357
   -860.27132769
   -860.29082058
   -860.31323081
   -860.23861924
   -860.30761038
   -860.28801920
   -860.28928182
   -860.29944571
   -860.22141472
   -860.28856389
   -860.29598660
   -860.28185965
   -860.31340948
   -860.31957482
   -860.29908170
   -860.30095403
   -860.25867835
   -860.28871186
   -860.26998564
   -860.28467003
   -860.23748350
   -860.30526910
   -860.25532012
   -860.28820160
   -860.24498057
   -860.27884836
   -860.27669227
   -860.26217402
   -860.30238738
   -860.27536742
   -860.29636827
   -860.22186660
   -860.29582842
   -860.20637752
   -860.28606365
   -860.29316210
   -860.29718331
   -860.30781713
   -860.29522713
   -860.29660171
   -860.27213927
   -860.31756564
   -860.24221981
   -860.28091545
   -860.29669065
   -860.30395155
   -860.31498458
   -860.29573267
   -860.25600487
   -860.22813155
   -860.24192041
   -860.29991503
   -860.28154321
   -860.31589712
   -860.27160948
   -860.28868019
   -860.29384007
   -860.28972334
   -860.25395705
   -860.23151713
   -860.28256043
   -860.31010024
   -860.31275094
   -860.25507083
   -860.28572912
   -860.29435451
   -860.30050062
   -860.29135573
   -860.28671935
   -860.28683758
   -860.23596606
   -860.25392388
   -860.28931523
   -860.25447347
   -860.27670010
   -860.18379703
   -860.28537925
   -860.27888080
   -860.25765185
   -860.29317396
   -860.25834693
   -860.31819990
   -860.29362122
   -860.30046924
   -860.28697069
   -860.29375404
   -860.28063357
   -860.26566583
   -860.25307946
   -860.23824300
   -860.30197536
   -860.28032471
   -860.25602737
   -860.30965237
   -860.28875805
   -860.32941033
   -860.29288642
   -860.28607370
   -860.29351511
   -860.24113723
   -860.26769160
   -860.30372414
   -860.26698685
   -860.27246459
   -860.22267689
   -860.30629878
   -860.21008601
   -860.25517907
   -860.27068779
   -860.26954869
   -860.29958985
   -860.24032362
   -860.30340227
   -860.28107316
   -860.29923717
   -860.28829342
   -860.26580654
   -860.26923241
   -860.29818356
   -860.28923588
   -860.29267642
   -860.32239890
   -860.27542873
   -860.27471853
   -860.30822610
   -860.25603800
   -860.29490213
   -860.27586021
   -860.29343243
   -860.27786737
   -860.28182312
   -860.28066426
   -860.29098304
   -860.31470960
   -860.28680422
   -860.28689438
   -860.28286313
   -860.31668426
   -860.30762499
   -860.26798752
   -860.26218092
   -860.27654254
   -860.30145411
   -860.24773421
   -860.27740556
   -860.26256953
   -860.27632429
   -860.25005775
   -860.27267611
   -860.30385317
   -860.23398460
   -860.27961092
   -860.29193479
   -860.29067897
   -860.27678925
   -860.31171828
   -860.30613237
   -860.25020606
   -860.29517300
   -860.25584141
   -860.26646416
   -860.29953105
   -860.22546827
   -860.23193022
   -860.28908421
   -860.25028125
   -860.29254497
   -860.30762348
   -860.29922017
   -860.27623816
   -860.29293088
   -860.27342521
   -860.25281996
   -860.28010244
   -860.30718475
   -860.24758038
   -860.28670769
   -860.27471099
   -860.20456144
   -860.30065458
   -860.29307270
   -860.22182042
   -860.28954106
   -860.30839193
   -860.30289997
   -860.27414819
   -860.28839686
   -860.31563347
   -860.27037000
   -860.27713261
   -860.14702707
   -860.26745799
   -860.26949117
   -860.30959642
   -860.27334684
   -860.28595406
   -860.30047273
   -860.26958165
   -860.28846173
   -860.28287408
   -860.29809674
   -860.29155669
   -860.23833905
   -860.29003265
   -860.25322372
   -860.30555025
   -860.20946897
   -860.27664762
   -860.27478508
   -860.28259347
   -860.27961313
   -860.29352266
   -860.26647566
   -860.31434982
   -860.30517004
   -860.27641115
   -860.29124588
   -860.29564011
   -860.29974858
   -860.29093989
   -860.29952825
   -860.28636162
   -860.29208867
   -860.28807361
   -860.31059164
   -860.29434989
   -860.22187413
   -860.23845039
   -860.30733625
   -860.23178967
   -860.28810210
   -860.28391472
   -860.30117171
   -860.25998507
   -860.29384979
   -860.23150933
   -860.29135059
   -860.29976854
   -860.29562288
   -860.30021426
   -860.26358527
   -860.30734519
   -860.30397319
   -860.29123933
   -860.31933365
   -860.27494888
   -860.29051744
   -860.29207238
   -860.27373225
   -860.23783793
   -860.30919271
   -860.27156477
   -860.24236667
   -860.29577246
   -860.32346563
   -860.29006225
   -860.31074250
   -860.25819076
   -860.30858111
   -860.23840374
   -860.31103646
   -860.30045825
   -860.28727660
   -860.27923679
   -860.21885182
   -860.28265743
   -860.24362453
   -860.25751353
   -860.28631173
   -860.25665433
   -860.28299911
   -860.28251222
   -860.29405090
   -860.22849168
   -860.29557422
   -860.30694860
   -860.28381016
   -860.28097845
   -860.26446034
   -860.26184415
   -860.27863324
   -860.24627824
   -860.29961348
   -860.28089028
   -860.20219089
   -860.29531052
   -860.29053734
   -860.30869216
   -860.28281647
   -860.25910964
   -860.21265292
   -860.25706991
   -860.29529308
   -860.27681700
   -860.27676523
   -860.28285904
   -860.28741983
   -860.31524632
   -860.28420096
   -860.28340637
   -860.27919832
   -860.30453713
   -860.23193346
   -860.28878058
   -860.27941401
   -860.27429856
   -860.27355577
   -860.24304446
   -860.28728771
   -860.29455184
   -860.27216503
   -860.23583339
   -860.27647692
   -860.26514470
   -860.22057805
   -860.28728544
   -860.25377245
   -860.28771602
   -860.27565653
   -860.29357927
   -860.26689111
   -860.25921484
   -860.30531930
   -860.27971682
   -860.28695273
   -860.28640935
   -860.29968317
   -860.26911579
   -860.30481263
   -860.32636631
   -860.28720741
   -860.27639458
   -860.27244648
   -860.29283671
   -860.30411416
   -860.24577275
   -860.22753127
   -860.28610946
   -860.26336516
   -860.26374163
   -860.30238339
   -860.25908169
   -860.23256661
   -860.30073420
   -860.27277517
   -860.27195956
   -860.29040565
   -860.29257392
   -860.29860290
   -860.27380959
   -860.28882576
   -860.28594983
   -860.26453409
   -860.31795164
   -860.30068283
   -860.30225933
   -860.30345114
   -860.29563544
   -860.27434722
   -860.29044134
   -860.26297036
   -860.17739734
   -860.26190377
   -860.26889066
   -860.25724217
   -860.21704669
   -860.24180959
   -860.29079708
   -860.27287781
   -860.27262702
   -860.27685919
   -860.29266512
   -860.28256951
   -860.29362419
   -860.28579072
   -860.28850560
   -860.27451902
   -860.29886977
   -860.25468960
   -860.27250075
   -860.29123340
   -860.30816492
   -860.28275723
   -860.24127970
   -860.21489788
   -860.26811226
   -860.31743355
   -860.27897922
   -860.28712884
   -860.29273606
   -860.30071919
   -860.29896063
   -860.28203602
   -860.28471732
   -860.21651772
   -860.27354540
   -860.29277101
   -860.29806928
   -860.23939085
   -860.28333239
   -860.30186810
   -860.27720486
   -860.27923710
   -860.22884040
   -860.29292415
   -860.27632479
   -860.29402617
   -860.27381683
   -860.30879733
   -860.29650250
   -860.25198893
   -860.24354757
   -860.29992061
   -860.26813587
   -860.27759046
   -860.27869273
   -860.28157015
   -860.28081969
   -860.26120297
   -860.29612730
   -860.29181236
   -860.29639958
   -860.29583504
   -860.26613404
   -860.26876587
   -860.21933465
   -860.28215762
   -860.30516302
   -860.27896531
   -860.29714248
   -860.27894854
   -860.29523448
   -860.29557470
   -860.29289798
   -860.24724704
   -860.24820149
   -860.31493442
   -860.30592781
   -860.27336576
   -860.29137127
   -860.28223726
   -860.27070489
   -860.28360140
   -860.28574627
   -860.26111817
   -860.27583285
   -860.29895866
   -860.23120801
   -860.29953579
   -860.30731209
   -860.29413361
   -860.29519584
   -860.30163681
   -860.28667663
   -860.25316761
   -860.24648348
   -860.29213587
   -860.27728458
   -860.21513588
   -860.28356609
   -860.29518253
   -860.29079932
   -860.22820115
   -860.24041383
   -860.30401900
   -860.30935084
   -860.29786455
   -860.29173194
   -860.31081352
   -860.26814468
   -860.30067843
   -860.21138335
   -860.28734881
   -860.29498314
   -860.29201459
   -860.27093773
   -860.26222847
   -860.27684763
   -860.24127257
   -860.28671372
   -860.25343015
   -860.21967052
   -860.28221991
   -860.21163487
   -860.26703238
   -860.31219373
   -860.30802094
   -860.29142236
   -860.28810304
   -860.30034843
   -860.26827468
   -860.23580432
   -860.30269984
   -860.31954372
   -860.25931468
   -860.29328979
   -860.27579656
   -860.29355155
   -860.27120894
   -860.29310536
   -860.26464653
   -860.29077308
   -860.24462221
   -860.23506499
   -860.30406142
   -860.25721041
   -860.24827749
   -860.30964105
   -860.30262815
   -860.25515570
   -860.30193580
   -860.27896277
   -860.27830117
   -860.25692487
   -860.32634005
   -860.28078756
   -860.27185424
   -860.28138646
   -860.30283899
   -860.26273505
   -860.29288392
   -860.28874806
   -860.31709984
   -860.27839721
   -860.24645869
   -860.28130310
   -860.31104890
   -860.22866733
   -860.30043259
   -860.30300872
   -860.26860167
   -860.33031095
   -860.29262915
   -860.29345637
   -860.27265824
   -860.28637249
   -860.32528056
   -860.26741668
   -860.23152640
   -860.27153948
   -860.28115917
   -860.31519817
   -860.28568355
   -860.29757757
   -860.23645028
   -860.29306926
   -860.26955208
   -860.29123753
   -860.32376641
   -860.28552658
   -860.27731524
   -860.25191839
   -860.30196632
   -860.27917486
   -860.29540550
   -860.28852176
   -860.27689540
   -860.23341349
   -860.27712399
   -860.31420996
   -860.29261600
   -860.27937188
   -860.22786141
   -860.27303246
   -860.27115874
   -860.26547548
   -860.30835962
   -860.28542382
   -860.30167907
   -860.27359753
   -860.30807239
   -860.27118393
   -860.29875789
   -860.29914779
   -860.25584653
   -860.24724995
   -860.29057992
   -860.24730278
   -860.29071406
   -860.28343603
   -860.30342429
   -860.26090343
   -860.29326530
   -860.21671731
   -860.31733782
   -860.27625572
   -860.26888048
   -860.28994463
   -860.29886601
   -860.26597644
   -860.26265710
   -860.26204229
   -860.23604070
   -860.28566722
   -860.27661593
   -860.29877791
   -860.29630781
   -860.29939443
   -860.22913229
   -860.32334226
   -860.28007357
   -860.25670520
   -860.29057859
   -860.26425272
   -860.29885832
   -860.29115897
   -860.24231017
   -860.26367527
   -860.28548363
   -860.26842933
   -860.29408367
   -860.23831985
   -860.22721007
   -860.28557275
   -860.26397044
   -860.29327795
   -860.22268132
   -860.26668510
   -860.25455115
   -860.28985347
   -860.29979453
   -860.27725813
   -860.27678204
   -860.25427971
   -860.23834267
   -860.29983746
   -860.22061234
   -860.25055828
   -860.24979684
   -860.28161716
   -860.27492873
   -860.31311107
   -860.28983880
   -860.23037264
   -860.30819909
   -860.28952050
   -860.30868277
   -860.21038416
   -860.30746261
   -860.25539968
   -860.28318734
   -860.30262378
   -860.28625614
   -860.28698295
   -860.30192724
   -860.25719012
   -860.30219017
   -860.31475005
   -860.30301564
   -860.27872477
   -860.28157357
   -860.28476975
   -860.26441285
   -860.28628538
   -860.28724522
   -860.25174093
   -860.29535377
   -860.28491654
   -860.29732091
   -860.28647539
   -860.26744012
   -860.29853768
   -860.28673628
   -860.28204759
   -860.28100506
   -860.24091513
   -860.28748771
   -860.29842100
   -860.25099004
   -860.26512248
   -860.29067001
   -860.32458163
   -860.24071636
   -860.27349676
   -860.25182989
   -860.29570668
   -860.30655871
   -860.27516161
   -860.27971927
   -860.29780477
   -860.28480419
   -860.27426820
   -860.28402598
   -860.28229407
   -860.31190549
   -860.29592187
   -860.28438503
   -860.28610433
   -860.26213138
   -860.24394609
   -860.28053164
   -860.30576390
   -860.28876348
   -860.28695574
   -860.28445112
   -860.30417882
   -860.31092374
   -860.29016129
   -860.27273321
   -860.27916621
   -860.29080550
   -860.29515901
   -860.28411367
   -860.28307746
   -860.28750700
   -860.29685021
   -860.29577617
   -860.30278633
   -860.27211900
   -860.28877479
   -860.27392917
   -860.28811717
   -860.29659526
   -860.23204912
   -860.29528041
   -860.27405330
   -860.24796045
   -860.25077732
   -860.28932301
   -860.28918084
   -860.25361773
   -860.27778610
   -860.28304228
   -860.30089306
   -860.30059587
   -860.24409740
   -860.28941187
   -860.26630081
   -860.23032404
   -860.29033949
   -860.29507487
   -860.28666685
   -860.28137065
   -860.28001040
   -860.27356014
   -860.30974589
   -860.30000987
   -860.24598819
   -860.25208389
   -860.32135289
   -860.25743290
   -860.29574799
   -860.27595629
   -860.30832323
   -860.31629698
   -860.28739680
   -860.25188998
   -860.27824873
   -860.26950142
   -860.23806926
   -860.24557558
   -860.30766820
   -860.30280635
   -860.23291992
   -860.23978281
   -860.26488767
   -860.28342889
   -860.25492163
   -860.28427037
   -860.23728044
   -860.23153039
   -860.24391066
   -860.27614618
   -860.25749973
   -860.25507293
   -860.24143666
   -860.30725764
   -860.26849742
   -860.26933160
   -860.30245569
   -860.27036432
   -860.31120829
   -860.27438132
   -860.31898720
   -860.31382492
   -860.27799212
   -860.22230734
   -860.28885221
   -860.27414154
   -860.24843916
   -860.30501703
   -860.27271450
   -860.29881532
   -860.26062808
   -860.22696641
   -860.29250495
   -860.27828840
   -860.22933693
   -860.28935313
   -860.27847200
   -860.29778991
   -860.28641538
   -860.28136101
   -860.27747992
   -860.30474701
   -860.29937245
   -860.23000590
   -860.28160234
   -860.27853356
   -860.26691940
   -860.29339916
   -860.30182056
   -860.28489029
   -860.26940330
   -860.28399274
   -860.28703196
   -860.31197226
   -860.28499402
   -860.29366160
   -860.26527955
   -860.23754781
   -860.25503093
   -860.27124629
   -860.25831618
   -860.29504114
   -860.31425650
   -860.28072363
   -860.28781847
   -860.31281614
   -860.27511751
   -860.28270490
   -860.29223842
   -860.28133597
   -860.27029832
   -860.29224885
   -860.25269046
   -860.30990918
   -860.22568769
   -860.29517049
   -860.31196475
   -860.29461767
   -860.26426461
   -860.25131992
   -860.29743374
   -860.30236731
   -860.23101542
   -860.23532764
   -860.27458252
   -860.24637123
   -860.30826350
   -860.28015820
   -860.28575350
   -860.28262313
   -860.26435974
   -860.27489242
   -860.29776464
   -860.25037804
   -860.30790472
   -860.26785217
   -860.26769612
   -860.27514452
   -860.28639962
   -860.26953252
   -860.33432749
   -860.31164267
   -860.22185370
   -860.27124025
   -860.31218675
   -860.22456076
   -860.30504062
   -860.27781104
   -860.28543943
   -860.29162055
   -860.32217040
   -860.21098620
   -860.22854972
   -860.31876744
   -860.27995450
   -860.28484558
   -860.29492245
   -860.29771416
   -860.27865439
   -860.27214066
   -860.22541658
   -860.28963419
   -860.30857926
   -860.26547802
   -860.29880703
   -860.30908649
   -860.26815993
   -860.29848713
   -860.29050562
   -860.28825449
   -860.29211473
   -860.25235306
   -860.26954842
   -860.28023891
   -860.27815309
   -860.26267026
   -860.30884217
   -860.27843490
   -860.26958945
   -860.29292724
   -860.23204948
   -860.31457182
   -860.28847337
   -860.29510460
   -860.30061855
   -860.23841440
   -860.29597170
   -860.25604780
   -860.29762584
   -860.30242579
   -860.29917786
   -860.29154881
   -860.27205679
   -860.21479207
   -860.29867463
   -860.28696592
   -860.26718270
   -860.33173854
   -860.27667752
   -860.27167724
   -860.26728473
   -860.24895091
   -860.29492318
   -860.27058623
   -860.29916515
   -860.29107186
   -860.29561347
   -860.28595208
   -860.29597506
   -860.29104990
   -860.31210365
   -860.27816949
   -860.28140616
   -860.27764441
   -860.31121648
   -860.28149426
   -860.27205941
   -860.29995690
   -860.27137002
   -860.25519276
   -860.28130055
   -860.30664936
   -860.29660842
   -860.27229489
   -860.28456406
   -860.27578340
   -860.30891490
   -860.24934762
   -860.29449078
   -860.26905427
   -860.30357228
   -860.28643600
   -860.30347678
   -860.30144388
   -860.29032365
   -860.25428004
   -860.28645839
   -860.23432258
   -860.26874062
   -860.26254825
   -860.28112012
   -860.26432640
   -860.27359870
   -860.29079758
   -860.31469439
   -860.29806868
   -860.23946606
   -860.26400833
   -860.27995381
   -860.28642474
   -860.29135234
   -860.29193607
   -860.27881489
   -860.26834446
   -860.26723133
   -860.27625860
   -860.23001084
   -860.26344842
   -860.23299298
   -860.30809052
   -860.27504126
   -860.28644694
   -860.30861080
   -860.28930985
   -860.24032393
   -860.27405378
   -860.26151956
   -860.25294068
   -860.26627734
   -860.27290618
   -860.28977843
   -860.28135622
   -860.27762604
   -860.27664998
   -860.29929879
   -860.25859166
   -860.27244060
   -860.29690000
   -860.27797143
   -860.28222645
   -860.27021422
   -860.27089190
   -860.23661760
   -860.29045828
   -860.28513005
   -860.23087806
   -860.29444529
   -860.26510855
   -860.24696700
   -860.30945347
   -860.30568608
   -860.26567755
   -860.30447102
   -860.29366793
   -860.28550619
   -860.28909633
   -860.31145167
   -860.27184896
   -860.30617569
   -860.30615103
   -860.27745626
   -860.28438791
   -860.30493441
   -860.28298744
   -860.23524205
   -860.28195161
   -860.29574442
   -860.31204442
   -860.28019640
   -860.30621012
   -860.29033856
   -860.28788286
   -860.26536525
   -860.26370021
   -860.24035173
   -860.27777752
   -860.30537136
   -860.28488397
   -860.28428260
   -860.27025628
   -860.24996685
   -860.28629542
   -860.29967985
   -860.28616624
   -860.29983032
   -860.25125662
   -860.29971531
   -860.29580886
   -860.26975710
   -860.27487382
   -860.29051154
   -860.27182974
   -860.32993557
   -860.28151981
   -860.27377959
   -860.27176303
   -860.29270646
   -860.27700525
   -860.23703153
   -860.28929549
   -860.25168678
   -860.27824998
   -860.25932271
   -860.25656088
   -860.28751012
   -860.29949371
   -860.29549924
   -860.30695771
   -860.29702363
   -860.25797147
   -860.28286441
   -860.23609800
   -860.31498602
   -860.28145897
   -860.28238453
   -860.31132740
   -860.28165737
   -860.28884143
   -860.28673114
   -860.28904163
   -860.30551807
   -860.24189332
   -860.22287825
   -860.26173937
   -860.29463981
   -860.25903567
   -860.29034125
   -860.29868381
   -860.30375950
   -860.30052317
   -860.27147471
   -860.28499129
   -860.29256800
   -860.28064722
   -860.27528203
