% The following energies apply to conformations described by the topology 
% R10_iter1.top.  Structures are given in trajectory coords.cdf, count: 138.

% Item 0:
%   Energy -> orca_structures/coor*/NConf*.out
   -860.31714067
   -860.32164954
   -860.31182100
   -860.31690077
   -860.31821979
   -860.31839644
   -860.31871174
   -860.31678091
   -860.32130980
   -860.31995118
   -860.31688606
   -860.30762653
   -860.32315701
   -860.31999454
   -860.31803662
   -860.32112030
   -860.31827860
   -860.31764020
   -860.31818967
   -860.31723943
   -860.32127751
   -860.32121723
   -860.32259351
   -860.32129049
   -860.32273488
   -860.31852074
   -860.31688612
   -860.31534357
   -860.32040337
   -860.32045777
   -860.32062726
   -860.31699924
   -860.32413540
   -860.32337826
   -860.32018198
   -860.32169514
   -860.32267576
   -860.31188669
   -860.31703606
   -860.31697675
   -860.32301383
   -860.31767094
   -860.31806440
   -860.31765573
   -860.30541081
   -860.31692187
   -860.32173781
   -860.32144918
   -860.32279840
   -860.31701427
   -860.32304947
   -860.31814335
   -860.31683287
   -860.30492880
   -860.31853795
   -860.32283790
   -860.31540663
   -860.31834385
   -860.31916516
   -860.31799724
   -860.31780164
   -860.31254503
   -860.32014794
   -860.31957789
   -860.30508381
   -860.31899364
   -860.32260166
   -860.32300808
   -860.31582429
   -860.32259529
   -860.31796556
   -860.32063172
   -860.32269508
   -860.32329907
   -860.32116490
   -860.31688904
   -860.32108104
   -860.31719833
   -860.31722091
   -860.31757425
   -860.32277289
   -860.31889860
   -860.32098314
   -860.31853902
   -860.32226749
   -860.32048274
   -860.32148802
   -860.31870685
   -860.31785154
   -860.32272024
   -860.31984839
   -860.32164074
   -860.31920548
   -860.30495907
   -860.32055070
   -860.32149138
   -860.31692257
   -860.31652460
   -860.32230173
   -860.31263507
   -860.31791363
   -860.31769954
   -860.31959700
   -860.32224198
   -860.31598144
   -860.31917487
   -860.31219788
   -860.31998586
   -860.32249949
   -860.31882107
   -860.31913814
   -860.32070207
   -860.31890143
   -860.31755129
   -860.31785890
   -860.31911805
   -860.31702866
   -860.32040549
   -860.31795831
   -860.31744483
   -860.32228705
   -860.31675886
   -860.31998704
   -860.32293058
   -860.31827290
   -860.32197678
   -860.31906756
   -860.31967996
   -860.30761009
   -860.32274911
   -860.30268906
   -860.32153051
   -860.32545464
   -860.31880582
   -860.31901360
   -860.31963835
   -860.32050115
   -860.31876070
