% The following energies apply to conformations described by the topology 
% R57.top.  Structures are given in trajectory coords.cdf, count: 2512.

% Item 0:
%   Energy -> orca_structures/coor*/Conf*.out
   -808.56521303
   -808.58259113
   -808.55044750
   -808.53202514
   -808.54041902
   -808.59318816
   -808.57124841
   -808.57499833
   -808.55829927
   -808.56594412
   -808.59457073
   -808.57084381
   -808.53113139
   -808.56970735
   -808.54445639
   -808.58216757
   -808.55255458
   -808.60107976
   -808.56019398
   -808.59020086
   -808.60217399
   -808.56052504
   -808.59038895
   -808.58717960
   -808.59274851
   -808.49301298
   -808.58832889
   -808.56284990
   -808.57577733
   -808.57744700
   -808.56515507
   -808.57588576
   -808.57346846
   -808.58048193
   -808.57475536
   -808.59240421
   -808.54623704
   -808.54780441
   -808.56173545
   -808.55346471
   -808.53223106
   -808.55002427
   -808.55860028
   -808.53698969
   -808.55825010
   -808.56861508
   -808.59072254
   -808.55339790
   -808.50800517
   -808.55616625
   -808.55605879
   -808.57808345
   -808.54833826
   -808.53684415
   -808.52640687
   -808.55344500
   -808.55756465
   -808.58371897
   -808.56779921
   -808.56151340
   -808.58261697
   -808.57802287
   -808.54382139
   -808.57810063
   -808.55346273
   -808.58005496
   -808.58877014
   -808.55510161
   -808.55570442
   -808.56591060
   -808.56402904
   -808.59365984
   -808.55799714
   -808.51631438
   -808.59765813
   -808.57456659
   -808.54306459
   -808.56554864
   -808.56343672
   -808.56668764
   -808.57228789
   -808.53522855
   -808.58931286
   -808.53944382
   -808.55392243
   -808.55966555
   -808.55990478
   -808.55831682
   -808.53776433
   -808.55865392
   -808.56920313
   -808.57349701
   -808.56839694
   -808.58799983
   -808.56305087
   -808.55261470
   -808.57220170
   -808.56007143
   -808.55001132
   -808.56646327
   -808.56435002
   -808.57273318
   -808.55551357
   -808.56869320
   -808.56158542
   -808.59767052
   -808.56398950
   -808.57324402
   -808.57494493
   -808.54762604
   -808.55543663
   -808.54799612
   -808.47281015
   -808.57720441
   -808.55709172
   -808.56657487
   -808.55033084
   -808.57874963
   -808.57292731
   -808.57813868
   -808.57401262
   -808.55951540
   -808.55145514
   -808.56217334
   -808.56605447
   -808.56698455
   -808.55449238
   -808.56830712
   -808.55622016
   -808.58595975
   -808.57975911
   -808.57046554
   -808.56649088
   -808.55537761
   -808.49668961
   -808.59096178
   -808.55788045
   -808.58595009
   -808.55574955
   -808.56693309
   -808.56442490
   -808.58142016
   -808.56130962
   -808.55901306
   -808.57185187
   -808.58045012
   -808.58381754
   -808.55971733
   -808.56673412
   -808.47050513
   -808.54769172
   -808.57962512
   -808.46814555
   -808.56679308
   -808.56617824
   -808.60752435
   -808.58006644
   -808.56004155
   -808.58389487
   -808.56938023
   -808.54132193
   -808.54014912
   -808.52649475
   -808.55753377
   -808.57407306
   -808.58233428
   -808.56438316
   -808.57044929
   -808.56367321
   -808.59377980
   -808.54808821
   -808.55320028
   -808.49971308
   -808.56311615
   -808.59520193
   -808.56625369
   -808.51192249
   -808.58241436
   -808.55769568
   -808.58433977
   -808.57220484
   -808.56042049
   -808.57893184
   -808.52970710
   -808.56756948
   -808.55044255
   -808.55712825
   -808.55385288
   -808.56982622
   -808.51350761
   -808.59304863
   -808.58601214
   -808.54749887
   -808.56301624
   -808.57923115
   -808.53867725
   -808.57759888
   -808.54934116
   -808.56499740
   -808.57661395
   -808.56176180
   -808.56930317
   -808.57340698
   -808.58545701
   -808.55985323
   -808.57712133
   -808.56439355
   -808.54783790
   -808.58692072
   -808.55817714
   -808.54616694
   -808.60080756
   -808.55998978
   -808.59036063
   -808.58895228
   -808.56685327
   -808.57466852
   -808.55724462
   -808.59078937
   -808.56089131
   -808.56815763
   -808.56794390
   -808.53649136
   -808.57581909
   -808.55250119
   -808.56341054
   -808.55543933
   -808.55161035
   -808.56307720
   -808.56021014
   -808.55208430
   -808.56955757
   -808.53914601
   -808.57334489
   -808.57696081
   -808.56414929
   -808.57685570
   -808.56230880
   -808.59276327
   -808.58841849
   -808.57766808
   -808.57176394
   -808.52300594
   -808.55929474
   -808.51222198
   -808.53981258
   -808.49756939
   -808.55403576
   -808.56377957
   -808.58879789
   -808.56467834
   -808.56420085
   -808.54982789
   -808.58054255
   -808.57393907
   -808.54641686
   -808.59345391
   -808.58942697
   -808.59188245
   -808.56995089
   -808.57408883
   -808.56751955
   -808.55173982
   -808.50379404
   -808.55729432
   -808.54974575
   -808.58424835
   -808.55284556
   -808.59916138
   -808.57513128
   -808.58090007
   -808.56620733
   -808.59908676
   -808.57576589
   -808.56927411
   -808.55756955
   -808.55253701
   -808.56174090
   -808.57083160
   -808.57007126
   -808.56464690
   -808.58547580
   -808.56218256
   -808.50347357
   -808.56834462
   -808.58663536
   -808.56854718
   -808.58918198
   -808.56258093
   -808.56380825
   -808.58464895
   -808.57384557
   -808.55081187
   -808.56494631
   -808.49944082
   -808.56205155
   -808.57296400
   -808.55662377
   -808.58837785
   -808.54864416
   -808.57235821
   -808.56311563
   -808.57577866
   -808.56670644
   -808.54966645
   -808.56943993
   -808.56417589
   -808.56276276
   -808.58095304
   -808.57746703
   -808.59494242
   -808.57920717
   -808.55130996
   -808.51605479
   -808.56862898
   -808.60248577
   -808.47703032
   -808.57262360
   -808.58555605
   -808.55695162
   -808.57285633
   -808.59446058
   -808.58523681
   -808.57929331
   -808.55609789
   -808.55063249
   -808.56372895
   -808.59749946
   -808.57031156
   -808.56141908
   -808.53249221
   -808.55381874
   -808.58278745
   -808.55937586
   -808.58249318
   -808.59393035
   -808.57209269
   -808.54543428
   -808.59213070
   -808.59548613
   -808.57184811
   -808.55312161
   -808.57248296
   -808.58155180
   -808.57796546
   -808.55634813
   -808.59084992
   -808.57732945
   -808.57399450
   -808.57733942
   -808.56463874
   -808.56898247
   -808.54903528
   -808.50390199
   -808.60603369
   -808.57827181
   -808.56047648
   -808.54391507
   -808.55917361
   -808.56202646
   -808.59544371
   -808.55818168
   -808.56982818
   -808.57360220
   -808.54286016
   -808.61856738
   -808.56128871
   -808.55650858
   -808.58758255
   -808.57488763
   -808.56310852
   -808.56084960
   -808.58844423
   -808.53630290
   -808.56862114
   -808.55404148
   -808.55496849
   -808.58967175
   -808.57372383
   -808.60180723
   -808.55516346
   -808.60401144
   -808.56509480
   -808.54415105
   -808.58159591
   -808.55202445
   -808.55622360
   -808.59379857
   -808.59532527
   -808.54220621
   -808.51576868
   -808.56927064
   -808.54987017
   -808.57516559
   -808.54235668
   -808.54202330
   -808.52744309
   -808.56798443
   -808.58447405
   -808.55589552
   -808.57052023
   -808.57717396
   -808.56445476
   -808.57206630
   -808.58460328
   -808.60166847
   -808.57149339
   -808.54454975
   -808.57403194
   -808.57585055
   -808.56769667
   -808.58282112
   -808.57769198
   -808.56801426
   -808.57269785
   -808.56616132
   -808.56359416
   -808.59772341
   -808.55953385
   -808.56881297
   -808.56624389
   -808.58002091
   -808.56803797
   -808.52005114
   -808.56941351
   -808.58241457
   -808.59351182
   -808.55081021
   -808.54350320
   -808.56160752
   -808.57991961
   -808.56028507
   -808.56669918
   -808.59693334
   -808.57577983
   -808.58399394
   -808.54195595
   -808.56659693
   -808.57447115
   -808.58478713
   -808.54741091
   -808.57718168
   -808.57861889
   -808.54619694
   -808.58619926
   -808.56995712
   -808.54733335
   -808.55915801
   -808.57695400
   -808.55639946
   -808.58451283
   -808.57572717
   -808.56343691
   -808.53991320
   -808.56774365
   -808.56501265
   -808.56273400
   -808.55387766
   -808.56279731
   -808.55807232
   -808.55908002
   -808.58526854
   -808.51960486
   -808.59770466
   -808.55755382
   -808.53867066
   -808.53413852
   -808.59108587
   -808.54859759
   -808.59805179
   -808.56978177
   -808.57303321
   -808.55014644
   -808.50807396
   -808.56413536
   -808.56955527
   -808.58699644
   -808.55107033
   -808.56302188
   -808.50103601
   -808.56502472
   -808.59998202
   -808.57466439
   -808.58570967
   -808.57244195
   -808.54262636
   -808.56491701
   -808.57610903
   -808.55759429
   -808.53430673
   -808.54706246
   -808.56889456
   -808.57806334
   -808.59297872
   -808.55584385
   -808.56420479
   -808.54696647
   -808.57206667
   -808.54511084
   -808.55238744
   -808.57792753
   -808.57083818
   -808.61404522
   -808.54953997
   -808.56089860
   -808.53668221
   -808.56536439
   -808.56422085
   -808.57195752
   -808.55945950
   -808.54610432
   -808.54449598
   -808.59064044
   -808.53168146
   -808.58386111
   -808.57519381
   -808.56907559
   -808.58098091
   -808.58095447
   -808.57686781
   -808.58265644
   -808.56620689
   -808.54556458
   -808.59712140
   -808.57146995
   -808.54242134
   -808.56981147
   -808.47693554
   -808.51510260
   -808.56351019
   -808.51226120
   -808.56693905
   -808.53900987
   -808.53350482
   -808.59401814
   -808.57881021
   -808.58267034
   -808.55283282
   -808.53743272
   -808.57826105
   -808.56688589
   -808.56232864
   -808.55886941
   -808.56786577
   -808.56126481
   -808.60198811
   -808.56311933
   -808.54094928
   -808.55177156
   -808.56989123
   -808.56115053
   -808.60280965
   -808.50247824
   -808.50911257
   -808.53859922
   -808.52753618
   -808.53592345
   -808.55954198
   -808.55654533
   -808.53123812
   -808.51222417
   -808.57952770
   -808.57185214
   -808.59796444
   -808.58130849
   -808.47744486
   -808.57147948
   -808.56968218
   -808.55848166
   -808.58741418
   -808.54235737
   -808.56210823
   -808.58533003
   -808.56879769
   -808.53847263
   -808.56341200
   -808.55779773
   -808.55164322
   -808.56627172
   -808.58347596
   -808.60172838
   -808.57680233
   -808.55549192
   -808.55979851
   -808.55040822
   -808.56528175
   -808.60478797
   -808.57155147
   -808.56149170
   -808.60649879
   -808.58164714
   -808.57271912
   -808.55225946
   -808.53890877
   -808.56927509
   -808.55202760
   -808.57744550
   -808.57062287
   -808.54833242
   -808.57519766
   -808.57280959
   -808.52175310
   -808.58890274
   -808.59416238
   -808.54037531
   -808.57045147
   -808.57726417
   -808.52378911
   -808.56712570
   -808.57644249
   -808.53290817
   -808.59653558
   -808.57964757
   -808.59278514
   -808.54583135
   -808.54439740
   -808.57240612
   -808.55931254
   -808.58100245
   -808.54684138
   -808.55188129
   -808.57370716
   -808.54380528
   -808.52733456
   -808.56716347
   -808.57691747
   -808.56291580
   -808.54480308
   -808.55333831
   -808.58108126
   -808.54754983
   -808.53428736
   -808.57731717
   -808.55766607
   -808.55045092
   -808.57182614
   -808.58391430
   -808.57108391
   -808.56867141
   -808.58456235
   -808.55165379
   -808.53282167
   -808.57735104
   -808.58877469
   -808.59532598
   -808.57478670
   -808.55636049
   -808.53551180
   -808.56128692
   -808.57365282
   -808.54670594
   -808.56353465
   -808.55500911
   -808.55784070
   -808.53577388
   -808.55392587
   -808.57235339
   -808.60798968
   -808.56214011
   -808.60020108
   -808.56306896
   -808.59242814
   -808.54112748
   -808.57051054
   -808.56480523
   -808.57852174
   -808.56572564
   -808.56555433
   -808.56844792
   -808.56811800
   -808.55717966
   -808.57935289
   -808.53400174
   -808.55691498
   -808.56723367
   -808.56047128
   -808.56088072
   -808.56868918
   -808.57411122
   -808.57638588
   -808.59207394
   -808.51715682
   -808.59348398
   -808.54858370
   -808.57825879
   -808.57286296
   -808.57070208
   -808.56177824
   -808.52015343
   -808.56212788
   -808.58722477
   -808.50946970
   -808.52006745
   -808.58023606
   -808.56784001
   -808.57852371
   -808.54530001
   -808.57491776
   -808.59472526
   -808.56184983
   -808.59071496
   -808.53384695
   -808.54830003
   -808.56006863
   -808.57098663
   -808.57633939
   -808.57822077
   -808.56972457
   -808.55865678
   -808.58424251
   -808.60947466
   -808.56789620
   -808.55326893
   -808.51000757
   -808.58762356
   -808.55842060
   -808.57535285
   -808.57202060
   -808.55461716
   -808.56152220
   -808.52105830
   -808.58586798
   -808.57005312
   -808.56165857
   -808.57255591
   -808.49943353
   -808.56241149
   -808.57072664
   -808.55576745
   -808.57584381
   -808.55002287
   -808.54879218
   -808.57187042
   -808.56078951
   -808.54652216
   -808.56968396
   -808.55862347
   -808.57314978
   -808.56471934
   -808.55484335
   -808.57601387
   -808.54515079
   -808.57342035
   -808.56278823
   -808.57536502
   -808.56722555
   -808.57754030
   -808.57213878
   -808.58638000
   -808.58361563
   -808.57497753
   -808.59369914
   -808.56768768
   -808.58547385
   -808.57042915
   -808.58710859
   -808.57623108
   -808.57690613
   -808.50831180
   -808.56771280
   -808.54815805
   -808.58298683
   -808.55425969
   -808.58484750
   -808.57080749
   -808.55073080
   -808.51162898
   -808.55651905
   -808.54930427
   -808.59112794
   -808.55483103
   -808.55855430
   -808.56541408
   -808.57805918
   -808.54897816
   -808.56946875
   -808.59945403
   -808.58392932
   -808.57288208
   -808.56292681
   -808.55854815
   -808.58983004
   -808.50511321
   -808.56647448
   -808.58864749
   -808.56969313
   -808.55353239
   -808.55672606
   -808.55114834
   -808.58858988
   -808.57278329
   -808.56353547
   -808.55218308
   -808.59647245
   -808.55850332
   -808.57236777
   -808.56334216
   -808.58864375
   -808.54846342
   -808.54721724
   -808.55563544
   -808.59041236
   -808.56448360
   -808.53917853
   -808.55047175
   -808.56899183
   -808.56514260
   -808.57205467
   -808.58452643
   -808.56771426
   -808.54590505
   -808.55816258
   -808.56460389
   -808.56190702
   -808.55543194
   -808.56061566
   -808.58722310
   -808.55228017
   -808.54523295
   -808.57379829
   -808.58123785
   -808.52958751
   -808.58177022
   -808.58570816
   -808.54231716
   -808.56501536
   -808.56260879
   -808.58269756
   -808.59489134
   -808.57061872
   -808.57883349
   -808.56626213
   -808.57722313
   -808.57799606
   -808.47669990
   -808.52178619
   -808.58010248
   -808.57866517
   -808.57466391
   -808.57808789
   -808.60694811
   -808.55355297
   -808.55929119
   -808.56208109
   -808.56998331
   -808.54433955
   -808.52845478
   -808.54949227
   -808.57931248
   -808.56002223
   -808.55667057
   -808.57450668
   -808.56973762
   -808.58298041
   -808.54650930
   -808.59136991
   -808.57060355
   -808.56093671
   -808.46927370
   -808.59684140
   -808.55940578
   -808.56791877
   -808.58511431
   -808.57512923
   -808.53555481
   -808.56940438
   -808.57011345
   -808.55360181
   -808.56084364
   -808.59034903
   -808.59568808
   -808.59441025
   -808.59148058
   -808.56947859
   -808.57825688
   -808.55954397
   -808.57456615
   -808.56566603
   -808.56865603
   -808.57174830
   -808.57943178
   -808.54155719
   -808.56209290
   -808.59553689
   -808.56462091
   -808.57946331
   -808.58191638
   -808.58025289
   -808.57710809
   -808.57671207
   -808.58057973
   -808.58461462
   -808.57315486
   -808.55316446
   -808.58236399
   -808.57920091
   -808.46546569
   -808.56397336
   -808.52808347
   -808.53827055
   -808.56770286
   -808.56669449
   -808.55949891
   -808.55629922
   -808.49438259
   -808.57314604
   -808.54885419
   -808.56835096
   -808.58208373
   -808.57810165
   -808.55299157
   -808.56681386
   -808.58248827
   -808.53323955
   -808.57138378
   -808.61160304
   -808.58641081
   -808.59595635
   -808.57461880
   -808.60029001
   -808.56410806
   -808.55512937
   -808.59679153
   -808.59362385
   -808.61244583
   -808.60285998
   -808.55971220
   -808.53829162
   -808.55286129
   -808.58805262
   -808.56123413
   -808.55507613
   -808.56391168
   -808.51001069
   -808.52672135
   -808.55381597
   -808.55528799
   -808.61571686
   -808.59178075
   -808.57474924
   -808.55942095
   -808.57954173
   -808.55884436
   -808.55565936
   -808.58363720
   -808.57798696
   -808.53237832
   -808.57054429
   -808.53984380
   -808.57277983
   -808.56785722
   -808.58150426
   -808.53407393
   -808.56028405
   -808.57493319
   -808.54912520
   -808.55311898
   -808.57174055
   -808.57526951
   -808.57218292
   -808.57520159
   -808.56675697
   -808.56970039
   -808.58440756
   -808.51979834
   -808.54951461
   -808.55385680
   -808.54866865
   -808.56326143
   -808.53984288
   -808.57651926
   -808.57795612
   -808.58165414
   -808.57554050
   -808.55386108
   -808.56587207
   -808.55313503
   -808.59022818
   -808.54821178
   -808.54914016
   -808.55836045
   -808.55014998
   -808.56325475
   -808.58001877
   -808.57110782
   -808.56143591
   -808.55445337
   -808.59376378
   -808.58545076
   -808.55181417
   -808.59650735
   -808.59613079
   -808.58746199
   -808.58008202
   -808.54213158
   -808.58055025
   -808.52662472
   -808.59274399
   -808.57368342
   -808.56609282
   -808.54453219
   -808.56954227
   -808.55092876
   -808.54718785
   -808.58667747
   -808.55086942
   -808.56646943
   -808.53038008
   -808.55921870
   -808.56467504
   -808.56239795
   -808.56056355
   -808.55218611
   -808.58200572
   -808.53636080
   -808.55666377
   -808.52754444
   -808.54714015
   -808.54581505
   -808.58067526
   -808.57645195
   -808.55108846
   -808.56020122
   -808.56746507
   -808.53043673
   -808.58306994
   -808.53827322
   -808.54372175
   -808.50651123
   -808.55275578
   -808.58540898
   -808.57011145
   -808.53848450
   -808.56101882
   -808.58369832
   -808.53887938
   -808.57461849
   -808.55903159
   -808.55098952
   -808.55538603
   -808.58062057
   -808.57094100
   -808.57359212
   -808.51928529
   -808.57804099
   -808.54966729
   -808.53959473
   -808.56029231
   -808.52396058
   -808.56991875
   -808.52780146
   -808.55145589
   -808.55484115
   -808.56119016
   -808.56489323
   -808.56569903
   -808.55364892
   -808.60648620
   -808.56276956
   -808.58131131
   -808.48527920
   -808.56122298
   -808.55380244
   -808.56295883
   -808.54523635
   -808.55342597
   -808.54567052
   -808.58482635
   -808.57348455
   -808.56237528
   -808.58764688
   -808.55574525
   -808.55721485
   -808.52420975
   -808.57451715
   -808.57532371
   -808.57242449
   -808.57747932
   -808.55903818
   -808.58062165
   -808.55973146
   -808.57469922
   -808.53173240
   -808.55385339
   -808.57037115
   -808.55080889
   -808.56598613
   -808.59372802
   -808.58033541
   -808.59821622
   -808.55948595
   -808.56886567
   -808.54632622
   -808.58334943
   -808.58110501
   -808.55566054
   -808.55282816
   -808.57940552
   -808.53012948
   -808.59007531
   -808.59449848
   -808.59088769
   -808.60277799
   -808.58218064
   -808.51006056
   -808.51827721
   -808.56859022
   -808.58791056
   -808.58680580
   -808.55326586
   -808.55643996
   -808.53465798
   -808.57690589
   -808.54484863
   -808.59675377
   -808.49296996
   -808.56290461
   -808.57127963
   -808.57326030
   -808.57869246
   -808.59345612
   -808.56496606
   -808.57246474
   -808.57444922
   -808.55926158
   -808.56297920
   -808.54914247
   -808.57881487
   -808.58233708
   -808.58734295
   -808.58435465
   -808.55622236
   -808.57184339
   -808.58779885
   -808.56174015
   -808.58566341
   -808.55533251
   -808.54104772
   -808.58787640
   -808.56435169
   -808.52627677
   -808.59739338
   -808.55648514
   -808.52607503
   -808.53703333
   -808.56104804
   -808.55535342
   -808.54695844
   -808.58420610
   -808.56694600
   -808.60413138
   -808.56485045
   -808.56653305
   -808.56947443
   -808.54925372
   -808.57345474
   -808.59505278
   -808.57309439
   -808.57684029
   -808.58691874
   -808.55560687
   -808.51667142
   -808.56376108
   -808.53483423
   -808.56514822
   -808.56919872
   -808.57357716
   -808.57029741
   -808.57251434
   -808.57364060
   -808.57083540
   -808.54768386
   -808.55559066
   -808.57885362
   -808.56282979
   -808.56747987
   -808.58281956
   -808.60029915
   -808.59976643
   -808.59560038
   -808.53656510
   -808.55576936
   -808.57898851
   -808.56560169
   -808.55948937
   -808.55088173
   -808.56738953
   -808.55799621
   -808.56836539
   -808.56421631
   -808.52634643
   -808.56603079
   -808.59725734
   -808.58017313
   -808.51162366
   -808.57161523
   -808.58373707
   -808.56571557
   -808.55255963
   -808.57201947
   -808.57146154
   -808.58369579
   -808.55044934
   -808.54245308
   -808.60034538
   -808.57001933
   -808.54281484
   -808.51874330
   -808.58425660
   -808.56803284
   -808.57419939
   -808.56027793
   -808.56208032
   -808.59233139
   -808.57200539
   -808.58083354
   -808.57426351
   -808.55976116
   -808.53853493
   -808.53669573
   -808.57350824
   -808.54020629
   -808.54542775
   -808.59768393
   -808.57605427
   -808.52891186
   -808.58522178
   -808.57220465
   -808.55275008
   -808.52912449
   -808.54621599
   -808.55285808
   -808.58539023
   -808.53889123
   -808.56394087
   -808.56169632
   -808.50354670
   -808.55177444
   -808.55129438
   -808.56900943
   -808.57565408
   -808.53884419
   -808.56445448
   -808.57847270
   -808.59681958
   -808.54753090
   -808.54285063
   -808.56502878
   -808.58357397
   -808.55379904
   -808.57997734
   -808.56682586
   -808.57876573
   -808.57429483
   -808.59208267
   -808.57644033
   -808.53778593
   -808.57768898
   -808.54324010
   -808.54325400
   -808.58959302
   -808.55754889
   -808.57615679
   -808.57087823
   -808.59293774
   -808.56233153
   -808.58536062
   -808.54744046
   -808.59955672
   -808.57904185
   -808.54577443
   -808.57501665
   -808.54153680
   -808.56895040
   -808.50532173
   -808.56946762
   -808.54523386
   -808.56495875
   -808.49138131
   -808.53666409
   -808.56745280
   -808.56919548
   -808.56608262
   -808.58593169
   -808.58432252
   -808.56481715
   -808.53053297
   -808.55475461
   -808.58207201
   -808.55120522
   -808.58756015
   -808.52154871
   -808.56601920
   -808.54973938
   -808.56787595
   -808.59693096
   -808.56897367
   -808.55427379
   -808.57666851
   -808.59029842
   -808.56080036
   -808.55918948
   -808.57698860
   -808.54625405
   -808.53791489
   -808.57804812
   -808.53560305
   -808.55838656
   -808.56621824
   -808.57421235
   -808.58178752
   -808.57875273
   -808.59392200
   -808.56558387
   -808.58140895
   -808.56107372
   -808.54610834
   -808.57029320
   -808.57220045
   -808.52384725
   -808.57288779
   -808.57194628
   -808.57424744
   -808.55961980
   -808.56762060
   -808.55449745
   -808.57731463
   -808.59375521
   -808.57618298
   -808.54168546
   -808.57085465
   -808.57232768
   -808.57949255
   -808.58658517
   -808.56728905
   -808.57900417
   -808.60917505
   -808.55382286
   -808.53838754
   -808.53267841
   -808.54369077
   -808.56991091
   -808.57739682
   -808.57386458
   -808.60087771
   -808.56236908
   -808.55830963
   -808.53717149
   -808.58772625
   -808.58761389
   -808.58623080
   -808.56555681
   -808.57676344
   -808.60052203
   -808.53953437
   -808.54027212
   -808.58170067
   -808.57938912
   -808.57291252
   -808.56745252
   -808.55732124
   -808.60040624
   -808.56155746
   -808.56072766
   -808.57273724
   -808.53088491
   -808.54964679
   -808.57782828
   -808.58347384
   -808.56302567
   -808.57836438
   -808.54509272
   -808.54029974
   -808.54025052
   -808.53454199
   -808.58324424
   -808.53301948
   -808.57329969
   -808.57240476
   -808.55869324
   -808.55354082
   -808.51423011
   -808.55850342
   -808.56183215
   -808.57293576
   -808.60396657
   -808.57220736
   -808.58008918
   -808.60656640
   -808.54846834
   -808.56390859
   -808.57441282
   -808.57741747
   -808.59087619
   -808.57909702
   -808.52307450
   -808.56521513
   -808.57543534
   -808.57275658
   -808.54716490
   -808.55699939
   -808.57151698
   -808.50927523
   -808.54842726
   -808.55407306
   -808.49605250
   -808.55814575
   -808.53866782
   -808.56106901
   -808.53853094
   -808.55969697
   -808.56792486
   -808.55038136
   -808.57399895
   -808.59154505
   -808.59125315
   -808.55958573
   -808.53934362
   -808.56739648
   -808.56274107
   -808.54423629
   -808.58748667
   -808.55122930
   -808.56282364
   -808.58490900
   -808.53987159
   -808.57191431
   -808.57645165
   -808.57082614
   -808.54856766
   -808.57335572
   -808.58736321
   -808.59480609
   -808.57892487
   -808.53242190
   -808.56675575
   -808.60463864
   -808.56991663
   -808.54141327
   -808.57823162
   -808.56439186
   -808.58832587
   -808.57533462
   -808.56831013
   -808.56440989
   -808.56084517
   -808.56220472
   -808.57613277
   -808.57426205
   -808.56885860
   -808.55486470
   -808.58808055
   -808.57977425
   -808.55729556
   -808.60862314
   -808.53695264
   -808.57834212
   -808.55158695
   -808.55271637
   -808.57598269
   -808.57508395
   -808.52190353
   -808.58463975
   -808.57301665
   -808.56738842
   -808.59305407
   -808.54966744
   -808.56317436
   -808.59165356
   -808.56557093
   -808.54671546
   -808.58049749
   -808.53776588
   -808.56975506
   -808.57925636
   -808.57389124
   -808.56887641
   -808.61169184
   -808.56629426
   -808.58022739
   -808.56012516
   -808.57811023
   -808.56601888
   -808.56183787
   -808.57020139
   -808.56787810
   -808.57321352
   -808.53739733
   -808.58772581
   -808.56431405
   -808.57777718
   -808.56521920
   -808.55983370
   -808.57164974
   -808.56818042
   -808.57302700
   -808.56990864
   -808.57191949
   -808.57608909
   -808.56799157
   -808.58022417
   -808.55940679
   -808.58459655
   -808.57390371
   -808.57351517
   -808.60372667
   -808.54849621
   -808.55137414
   -808.58613154
   -808.56331523
   -808.54273748
   -808.58069547
   -808.56305154
   -808.53263083
   -808.58691844
   -808.57355587
   -808.57380203
   -808.54516169
   -808.57015682
   -808.56965176
   -808.55298173
   -808.56527361
   -808.57249214
   -808.54465077
   -808.56349268
   -808.54556337
   -808.57913206
   -808.57306853
   -808.55911458
   -808.54739141
   -808.55614046
   -808.52307667
   -808.56759890
   -808.58376555
   -808.55996372
   -808.56341119
   -808.55803470
   -808.57765500
   -808.57037827
   -808.59720172
   -808.55442997
   -808.58579660
   -808.56243993
   -808.55835037
   -808.55386660
   -808.57550736
   -808.57039338
   -808.53839951
   -808.57603839
   -808.57945209
   -808.58164401
   -808.59209566
   -808.57335762
   -808.56250881
   -808.58494317
   -808.48736028
   -808.58839566
   -808.55072954
   -808.57580759
   -808.58730848
   -808.51074491
   -808.56420465
   -808.56034286
   -808.54871004
   -808.58069741
   -808.59226434
   -808.56249191
   -808.58455060
   -808.57094755
   -808.55556123
   -808.56711935
   -808.59045777
   -808.57325319
   -808.56838479
   -808.60877952
   -808.56851417
   -808.56654506
   -808.59614126
   -808.55613111
   -808.58390323
   -808.55522131
   -808.58085862
   -808.56023871
   -808.55802992
   -808.47696591
   -808.48549400
   -808.57267785
   -808.56400943
   -808.56642483
   -808.57912208
   -808.55193965
   -808.59437969
   -808.58759339
   -808.54694351
   -808.55967069
   -808.52540756
   -808.55634044
   -808.56759730
   -808.55239891
   -808.55746131
   -808.56979253
   -808.54604856
   -808.56873077
   -808.58712807
   -808.56233160
   -808.57768298
   -808.57415575
   -808.57394845
   -808.52145319
   -808.54803465
   -808.58988060
   -808.55769279
   -808.52040219
   -808.58961136
   -808.50600490
   -808.52028448
   -808.49964921
   -808.55017879
   -808.54025807
   -808.55732567
   -808.57092610
   -808.57214606
   -808.58308040
   -808.57788540
   -808.56141316
   -808.58243916
   -808.55236310
   -808.55469360
   -808.55762638
   -808.59232571
   -808.53419689
   -808.56879056
   -808.56454277
   -808.54625834
   -808.59303763
   -808.57906304
   -808.57748607
   -808.58553985
   -808.50257422
   -808.52834540
   -808.58284906
   -808.59387980
   -808.55022344
   -808.56899364
   -808.55121329
   -808.54738340
   -808.58042051
   -808.56027766
   -808.55683191
   -808.54942286
   -808.54517319
   -808.54506207
   -808.51141865
   -808.56405930
   -808.54394192
   -808.58891751
   -808.54309631
   -808.57558622
   -808.55268138
   -808.58971226
   -808.57593777
   -808.58366477
   -808.47324072
   -808.57860195
   -808.56849459
   -808.59126773
   -808.56566013
   -808.55225156
   -808.56335689
   -808.57222045
   -808.56587670
   -808.57722011
   -808.56723494
   -808.58458865
   -808.57267599
   -808.57677061
   -808.48439169
   -808.57683840
   -808.54427968
   -808.58745110
   -808.55697438
   -808.57765486
   -808.56365708
   -808.58209367
   -808.57257525
   -808.55887739
   -808.57846146
   -808.57918453
   -808.50343887
   -808.57876262
   -808.57768026
   -808.53587210
   -808.58815137
   -808.58301472
   -808.57707067
   -808.51124465
   -808.55308289
   -808.54790920
   -808.54855207
   -808.59461905
   -808.59189420
   -808.57793372
   -808.57984163
   -808.58277427
   -808.60133607
   -808.55486924
   -808.59684841
   -808.58641722
   -808.58563757
   -808.57925183
   -808.59862413
   -808.55740196
   -808.56368744
   -808.52567042
   -808.55765616
   -808.55860054
   -808.53671224
   -808.55522639
   -808.56373293
   -808.57368194
   -808.50758273
   -808.56977747
   -808.58126159
   -808.57176139
   -808.55192924
   -808.57846386
   -808.56309814
   -808.57058488
   -808.57644797
   -808.57037512
   -808.50943128
   -808.54409157
   -808.59096052
   -808.59337738
   -808.56453109
   -808.56104446
   -808.56334666
   -808.58896691
   -808.56300891
   -808.55897086
   -808.56751139
   -808.56736327
   -808.57863805
   -808.56510633
   -808.56129018
   -808.56019875
   -808.57324818
   -808.58014594
   -808.58713785
   -808.57228401
   -808.55745278
   -808.55151858
   -808.47047134
   -808.56447764
   -808.56461486
   -808.59046415
   -808.56190694
   -808.54985586
   -808.53019216
   -808.56216290
   -808.56332402
   -808.56080268
   -808.58196727
   -808.55995144
   -808.57533606
   -808.56230751
   -808.54805609
   -808.54029984
   -808.56902416
   -808.56424754
   -808.58557394
   -808.56250178
   -808.58780516
   -808.59411715
   -808.56213642
   -808.56025242
   -808.48224888
   -808.55180191
   -808.54250654
   -808.57354057
   -808.53018562
   -808.55315521
   -808.57686652
   -808.53231869
   -808.58456053
   -808.55137616
   -808.56535269
   -808.56383952
   -808.58724416
   -808.57389102
   -808.56903998
   -808.56953499
   -808.56968331
   -808.55766606
   -808.57942100
   -808.57615154
   -808.59218290
   -808.58759014
   -808.55503939
   -808.56630174
   -808.53298471
   -808.54894794
   -808.55285656
   -808.54607135
   -808.57236923
   -808.55713303
   -808.57946198
   -808.54852019
   -808.55276210
   -808.57792849
   -808.58520594
   -808.57487420
   -808.56694930
   -808.56506914
   -808.57190176
   -808.56981355
   -808.56426184
   -808.55436837
   -808.55263032
   -808.56173638
   -808.56716030
   -808.54245201
   -808.58222454
   -808.57274815
   -808.51988342
   -808.54501486
   -808.59633098
   -808.57132406
   -808.57045381
   -808.58602856
   -808.59197156
   -808.58379763
   -808.56419989
   -808.55625446
   -808.57807485
   -808.55581664
   -808.58260484
   -808.57221339
   -808.55601668
   -808.55895586
   -808.55298538
   -808.58030463
   -808.55839675
   -808.56211805
   -808.51811776
   -808.56948943
   -808.58354455
   -808.56208755
   -808.53748989
   -808.58320469
   -808.54111783
   -808.56814088
   -808.55728226
   -808.56717898
   -808.56195799
   -808.53394606
   -808.56928781
   -808.57124944
   -808.57081321
   -808.56952536
   -808.55823993
   -808.54823234
   -808.57502566
   -808.56214092
   -808.58127613
   -808.55935477
   -808.58295175
   -808.56769423
   -808.55010499
   -808.56052603
   -808.57375519
   -808.56082679
   -808.57920967
   -808.59402639
   -808.58395188
   -808.56145482
   -808.57069146
   -808.57350879
   -808.55244788
   -808.53986577
   -808.57035818
   -808.54457583
   -808.55131508
   -808.57929951
   -808.55125458
   -808.59393634
   -808.57893885
   -808.54585663
   -808.57889908
   -808.57241455
   -808.58403171
   -808.54749476
   -808.57536475
   -808.54981152
   -808.56289977
   -808.57565375
   -808.48506792
   -808.57601348
   -808.59365157
   -808.58035667
   -808.58025778
   -808.59276499
   -808.55093489
   -808.58714290
   -808.57785338
   -808.56897907
   -808.55084466
   -808.58125304
   -808.58672866
   -808.51679994
   -808.55389821
   -808.55497187
   -808.52266681
   -808.56736698
   -808.56364897
   -808.54330434
   -808.56241187
   -808.59994790
   -808.55762494
   -808.58736457
   -808.58635762
   -808.56331915
   -808.55141949
   -808.57520150
   -808.60279603
   -808.56628948
   -808.56100011
   -808.55919031
   -808.56917793
   -808.55895447
   -808.52620374
   -808.56386598
   -808.57369242
   -808.55709270
   -808.53148208
   -808.57495815
   -808.54842497
   -808.55809690
   -808.59246321
   -808.58199441
   -808.54123088
   -808.58299373
   -808.56554769
   -808.56583788
   -808.55435632
   -808.57358400
   -808.60350652
   -808.55708154
   -808.55337263
   -808.55434515
   -808.56686110
   -808.53653641
   -808.57040298
   -808.56645709
   -808.59773189
   -808.56562086
   -808.55708365
   -808.57039843
   -808.58685770
   -808.55727280
   -808.57693366
   -808.57957122
   -808.54134778
   -808.55995558
   -808.56588937
   -808.51465729
   -808.57870357
   -808.57061970
   -808.57088086
   -808.61132785
   -808.55769119
   -808.46762832
   -808.56377221
   -808.55128865
   -808.50278216
   -808.57205630
   -808.57778604
   -808.55201989
   -808.56195809
   -808.57233696
   -808.57459699
   -808.59618713
   -808.56144791
   -808.56433200
   -808.55877714
   -808.58750640
   -808.56770626
   -808.57110861
   -808.57624978
   -808.56144608
   -808.55840771
   -808.59975331
   -808.53680392
   -808.54822606
   -808.54365657
   -808.54822693
   -808.55966335
   -808.58660672
   -808.56568123
   -808.58017074
   -808.55490910
   -808.59860057
   -808.57083612
   -808.58566059
   -808.55652885
   -808.57721683
   -808.52735597
   -808.55016737
   -808.58190507
   -808.53592891
   -808.57491330
   -808.58328978
   -808.59040567
   -808.51889168
   -808.58759538
   -808.52825169
   -808.56934262
   -808.56564988
   -808.57256778
   -808.57071372
   -808.59223529
   -808.56958677
   -808.54835018
   -808.55395351
   -808.57873289
   -808.56761841
   -808.57801055
   -808.57553000
   -808.52095668
   -808.61096356
   -808.56508704
   -808.53097232
   -808.57491332
   -808.54911625
   -808.57746973
   -808.58141926
   -808.57645026
   -808.57188690
   -808.52465556
   -808.57396948
   -808.56326803
   -808.55432979
   -808.56613438
   -808.55651417
   -808.54928812
   -808.57125109
   -808.57773615
   -808.55331834
   -808.57213723
   -808.56014958
   -808.56771576
   -808.54985202
   -808.58331807
   -808.58791861
   -808.56847662
   -808.55894211
   -808.53050219
   -808.55990124
   -808.56530812
   -808.55253862
   -808.58066884
   -808.53689497
   -808.56802049
   -808.56001601
   -808.57103357
   -808.57549967
   -808.56427596
   -808.58259222
   -808.57339646
   -808.57467980
   -808.58479314
   -808.58940928
   -808.54352781
   -808.57286228
   -808.59442383
   -808.57434985
   -808.54436806
   -808.57816345
   -808.58126512
   -808.54722902
   -808.57646576
   -808.58648874
   -808.58867048
   -808.56508035
   -808.56249569
   -808.53770901
   -808.54496845
   -808.57946471
   -808.51074894
   -808.56391821
   -808.57878227
   -808.57680565
   -808.54585302
   -808.56749986
   -808.56849372
   -808.56533245
   -808.54936571
   -808.57417648
   -808.57720801
   -808.53517084
   -808.55723969
   -808.57744502
   -808.58602331
   -808.52131204
   -808.56154634
   -808.55166187
   -808.58404154
   -808.57869866
   -808.55633093
   -808.56080087
   -808.58268552
   -808.56835423
   -808.55048596
   -808.58525595
   -808.55215277
   -808.59144953
   -808.57514929
   -808.57009710
   -808.58718634
   -808.55936312
   -808.54137688
   -808.57004412
   -808.59089597
   -808.57741217
   -808.57084715
   -808.56506840
   -808.59552936
   -808.59492372
   -808.60481610
   -808.52685790
   -808.57294571
   -808.56934855
   -808.56229942
   -808.58782752
   -808.57112499
   -808.58967849
   -808.57701417
   -808.58088897
   -808.58140591
   -808.54420746
   -808.53730105
   -808.57360875
   -808.57780851
   -808.54922034
   -808.57701838
   -808.56799917
   -808.57173319
   -808.55893605
   -808.56989272
   -808.56813558
   -808.56735201
   -808.58927451
   -808.54418382
   -808.57031951
   -808.54097583
   -808.53868029
   -808.57230202
   -808.59048279
   -808.57394937
   -808.56585741
   -808.55120791
   -808.55109149
   -808.58786565
   -808.58293246
   -808.58331600
   -808.55530519
   -808.55860442
   -808.60672487
   -808.56154607
   -808.56997613
   -808.57856672
   -808.58735684
   -808.56368590
   -808.56536148
   -808.56820851
   -808.56161945
   -808.56715429
   -808.58598691
   -808.53305014
   -808.56946990
   -808.57583593
   -808.58569576
   -808.53914736
   -808.55169884
   -808.56614348
   -808.55697006
   -808.57842912
   -808.56111363
   -808.57414421
   -808.54371260
   -808.56560389
   -808.56112054
   -808.51243337
   -808.55087617
   -808.55993160
   -808.60057357
   -808.56399340
   -808.56595422
   -808.58581122
   -808.57167661
   -808.59560402
   -808.56672279
   -808.59215766
   -808.58551639
   -808.56405282
   -808.59619901
   -808.56203054
   -808.56945759
   -808.55813045
   -808.58922525
   -808.55064653
   -808.56644780
   -808.57789132
   -808.54012803
   -808.58844797
   -808.55675319
   -808.56604141
   -808.55500869
   -808.57131968
   -808.57967094
   -808.57009431
   -808.55244533
   -808.59518754
   -808.57201950
   -808.55137976
   -808.55678394
   -808.54930769
   -808.57444860
   -808.59031802
   -808.57237830
   -808.55897633
   -808.56820867
   -808.56445255
   -808.59116726
   -808.56686571
   -808.55815307
   -808.56643837
   -808.56463206
   -808.54234345
   -808.56163272
   -808.55909775
   -808.57438937
   -808.59291616
   -808.55955300
   -808.57710156
   -808.59581586
   -808.54803673
   -808.53529775
   -808.57675510
   -808.56895423
   -808.56927560
   -808.58470919
   -808.55106986
   -808.58608870
   -808.58574994
   -808.57371926
   -808.57062863
   -808.56609084
   -808.57370323
   -808.55812200
   -808.56332800
   -808.56114473
   -808.55601124
   -808.54834811
   -808.58948185
   -808.56678224
   -808.57369403
   -808.56316779
   -808.54138884
   -808.55033948
   -808.58265543
   -808.55066741
   -808.56953110
   -808.58383538
   -808.55467729
   -808.55378341
   -808.57452127
   -808.54517595
   -808.56221255
   -808.56569359
   -808.61176582
   -808.59266524
   -808.57646262
   -808.59228237
   -808.52725703
   -808.59323137
   -808.56527901
   -808.56929427
   -808.57121965
   -808.60769031
   -808.50626600
   -808.53067307
   -808.60393706
   -808.57099846
   -808.57062094
   -808.56969749
   -808.55086618
   -808.59281442
   -808.58134456
   -808.58048673
   -808.57262344
   -808.58109686
   -808.57599370
   -808.56911821
   -808.56993529
   -808.59348998
   -808.56623930
   -808.56564407
   -808.55487767
   -808.55298145
   -808.55721728
   -808.54853384
   -808.55626353
   -808.59444963
   -808.57563610
   -808.55568477
   -808.57407726
   -808.54887437
   -808.59906740
   -808.56488330
   -808.56463725
   -808.58624209
   -808.52891503
   -808.58416136
   -808.56132316
   -808.58157311
   -808.59287116
   -808.57040412
   -808.58028010
   -808.55895340
   -808.57831191
   -808.57058842
   -808.56776761
   -808.49729078
   -808.54053703
   -808.55527353
   -808.55489476
   -808.55849985
   -808.51675305
   -808.56346191
   -808.58305743
   -808.55884626
   -808.57929253
   -808.56614570
   -808.57746348
   -808.56997392
   -808.57067658
   -808.52373809
   -808.59275257
   -808.55681575
   -808.54618040
   -808.54273036
   -808.55626302
   -808.54688823
   -808.57376651
   -808.55804741
   -808.53309369
   -808.56358803
   -808.58607033
   -808.57840360
   -808.54541508
   -808.56282712
   -808.55803528
   -808.58874540
   -808.51338072
   -808.58478591
   -808.54698906
   -808.58290094
   -808.56369563
   -808.59420316
   -808.56091106
   -808.57505297
   -808.56226568
   -808.53907180
   -808.57448046
   -808.56538581
   -808.55138587
   -808.55811209
   -808.53782210
   -808.57743301
   -808.55012013
   -808.57246653
   -808.59101490
   -808.55978057
   -808.55971600
   -808.58776276
   -808.54683970
   -808.55749314
   -808.57014766
   -808.57464875
   -808.56824501
   -808.56832352
   -808.56710046
   -808.53604625
   -808.56213961
   -808.57894040
   -808.54669439
   -808.57510253
   -808.56058671
   -808.55904207
   -808.55741304
   -808.58230271
   -808.56483263
   -808.58789636
   -808.55081907
   -808.53889533
   -808.54322932
   -808.57019283
   -808.58096868
   -808.56648792
   -808.56785884
   -808.55412654
   -808.54720609
   -808.57903788
   -808.53805126
   -808.55631789
   -808.58678075
   -808.54110366
   -808.57295263
   -808.56200364
   -808.55434354
   -808.57911577
   -808.57959508
   -808.55936443
   -808.56849510
   -808.57149254
   -808.53695769
   -808.53973476
   -808.59398287
   -808.56384881
   -808.57190208
   -808.57522043
   -808.57336345
   -808.57681834
   -808.58997818
   -808.55214789
   -808.59663003
   -808.58111508
   -808.55129749
   -808.55760762
   -808.55889907
   -808.57157536
   -808.55972298
   -808.51732293
   -808.54434819
   -808.57847286
   -808.56928226
   -808.57582306
   -808.56938620
   -808.57317391
   -808.56213659
   -808.55042953
   -808.55063269
   -808.57586992
   -808.57751438
   -808.56355794
   -808.55876304
   -808.55539977
   -808.56763339
   -808.56618888
   -808.60149861
   -808.58788031
   -808.58342160
   -808.53565605
   -808.57878881
   -808.56203734
   -808.55173869
   -808.60501998
   -808.55994512
   -808.55542849
   -808.55561574
   -808.56933731
   -808.57601644
   -808.58168249
   -808.55021950
   -808.56407219
   -808.54813279
   -808.55247849
   -808.53472256
   -808.56432439
   -808.57263709
   -808.57944574
   -808.57784001
   -808.59105432
   -808.58289057
   -808.54480569
   -808.57495426
   -808.60553251
   -808.56262541
   -808.52365545
   -808.56762009
   -808.59635245
   -808.56570123
   -808.54707855
   -808.58339461
   -808.57927705
   -808.57226795
   -808.59264953
   -808.52290062
   -808.55043566
   -808.55842991
   -808.57526898
   -808.56591088
   -808.57928362
   -808.56349277
   -808.57689899
   -808.59191601
   -808.56212814
   -808.58450646
   -808.57018197
   -808.58576064
   -808.57018025
