% The following energies apply to conformations described by the topology 
% R49_iter1.top.  Structures are given in trajectory coords.cdf, count: 221.

% Item 0:
%   Energy -> orca_structures/coor*/NConf*.out
  -1264.53973695
  -1264.54635703
  -1264.53851808
  -1264.54592980
  -1264.54442546
  -1264.54659759
  -1264.54775454
  -1264.54626143
  -1264.54695263
  -1264.54850799
  -1264.54842872
  -1264.53168334
  -1264.54527418
  -1264.54226297
  -1264.54860272
  -1264.53973408
  -1264.54872542
  -1264.54259278
  -1264.54767610
  -1264.54923458
  -1264.54741566
  -1264.54482971
  -1264.54481435
  -1264.54931812
  -1264.54796328
  -1264.54641285
  -1264.54575120
  -1264.54266350
  -1264.53428648
  -1264.54495320
  -1264.54803371
  -1264.54644662
  -1264.54112544
  -1264.54699018
  -1264.54219595
  -1264.53663032
  -1264.54741922
  -1264.54445641
  -1264.54524885
  -1264.55104350
  -1264.54443420
  -1264.54737241
  -1264.54508514
  -1264.53987517
  -1264.54466672
  -1264.54785403
  -1264.54442794
  -1264.54649178
  -1264.54349466
  -1264.54364382
  -1264.54506489
  -1264.53963347
  -1264.54811718
  -1264.54514060
  -1264.54321708
  -1264.54750791
  -1264.54384957
  -1264.53846632
  -1264.54013322
  -1264.54727494
  -1264.54585725
  -1264.54433756
  -1264.54858482
  -1264.54115649
  -1264.54525844
  -1264.54501193
  -1264.54901062
  -1264.54798397
  -1264.53364919
  -1264.53860799
  -1264.54476470
  -1264.53835198
  -1264.54512490
  -1264.53938135
  -1264.54473112
  -1264.54480166
  -1264.54927840
  -1264.55019480
  -1264.54544708
  -1264.54726848
  -1264.54849829
  -1264.54183984
  -1264.54686280
  -1264.54316599
  -1264.55082323
  -1264.54800721
  -1264.54753019
  -1264.54507881
  -1264.54447797
  -1264.54475955
  -1264.54748409
  -1264.54820714
  -1264.54728532
  -1264.54481605
  -1264.54479809
  -1264.54511903
  -1264.54759961
  -1264.54739411
  -1264.54497487
  -1264.54864054
  -1264.54898588
  -1264.54683083
  -1264.54804763
  -1264.54449838
  -1264.54735499
  -1264.54685777
  -1264.54583781
  -1264.54889246
  -1264.54765682
  -1264.54465711
  -1264.54748561
  -1264.54954600
  -1264.54449982
  -1264.54672325
  -1264.54494819
  -1264.54874921
  -1264.54780699
  -1264.54431777
  -1264.54757470
  -1264.54883421
  -1264.54438729
  -1264.54518058
  -1264.54256493
  -1264.54850964
  -1264.54479328
  -1264.54915134
  -1264.54310164
  -1264.54723493
  -1264.54537091
  -1264.54415532
  -1264.54033037
  -1264.54738911
  -1264.53938447
  -1264.54804282
  -1264.54349466
  -1264.54393603
  -1264.53949218
  -1264.54769269
  -1264.54897704
  -1264.53956947
  -1264.54456238
  -1264.54708279
  -1264.54487095
  -1264.54688889
  -1264.54503571
  -1264.54707918
  -1264.54042075
  -1264.54707050
  -1264.54515322
  -1264.54319606
  -1264.54478878
  -1264.54856618
  -1264.54870280
  -1264.54758681
  -1264.54509674
  -1264.54526742
  -1264.54728386
  -1264.54648156
  -1264.54801057
  -1264.54919817
  -1264.54515644
  -1264.54331835
  -1264.54770535
  -1264.54787232
  -1264.54628169
  -1264.54348762
  -1264.54770795
  -1264.54469196
  -1264.53077254
  -1264.53971516
  -1264.54419545
  -1264.54474557
  -1264.53846586
  -1264.54688480
  -1264.54644895
  -1264.54859198
  -1264.54745088
  -1264.54670168
  -1264.54548180
  -1264.54366258
  -1264.53473577
  -1264.54721898
  -1264.54689514
  -1264.54738590
  -1264.54486916
  -1264.54491226
  -1264.54343158
  -1264.54727911
  -1264.54363916
  -1264.54748510
  -1264.54845622
  -1264.54825347
  -1264.54734751
  -1264.54745097
  -1264.54207008
  -1264.54312152
  -1264.54554115
  -1264.54768417
  -1264.54022490
  -1264.55047343
  -1264.54484511
  -1264.54203862
  -1264.53655160
  -1264.54475355
  -1264.53749866
  -1264.54665940
  -1264.54614852
  -1264.54546512
  -1264.54457522
  -1264.54278606
  -1264.53366856
  -1264.54412110
  -1264.54255565
  -1264.54728770
  -1264.54509400
  -1264.54607006
  -1264.54404106
  -1264.54375777
  -1264.54853340
  -1264.54535869
  -1264.54658022
