% The following energies apply to conformations described by the topology 
% R04_iter1.top.  Structures are given in trajectory coords.cdf, count: 122.

% Item 0:
%   Energy -> orca_structures/coor*/NConf*.out
   -723.30570642
   -723.29384344
   -723.30864610
   -723.30572926
   -723.29994972
   -723.30499479
   -723.28133928
   -723.30518645
   -723.30505950
   -723.30105331
   -723.30068719
   -723.30425446
   -723.30805760
   -723.30543829
   -723.29936296
   -723.29873989
   -723.30553922
   -723.30646079
   -723.30151377
   -723.30886498
   -723.29535063
   -723.29770476
   -723.31337403
   -723.29993586
   -723.29902295
   -723.30866228
   -723.30244094
   -723.29798835
   -723.30413100
   -723.30037780
   -723.30385077
   -723.30434563
   -723.31378475
   -723.30855260
   -723.30508750
   -723.30417433
   -723.29991665
   -723.30319282
   -723.29903880
   -723.30525669
   -723.30560820
   -723.30557114
   -723.29485865
   -723.29570081
   -723.30521865
   -723.29555334
   -723.30244122
   -723.30184100
   -723.30332896
   -723.30491996
   -723.29998512
   -723.30831346
   -723.30008572
   -723.30837323
   -723.30108691
   -723.29738035
   -723.30457797
   -723.29102552
   -723.29989338
   -723.30154910
   -723.29076183
   -723.30870348
   -723.30560481
   -723.30468201
   -723.30886932
   -723.30801014
   -723.30389526
   -723.30070275
   -723.30185331
   -723.29965686
   -723.30232889
   -723.29556066
   -723.29075746
   -723.29012640
   -723.30140997
   -723.30829722
   -723.29990451
   -723.31378831
   -723.29790506
   -723.29770602
   -723.29735623
   -723.30343965
   -723.30292541
   -723.30460585
   -723.30874809
   -723.29551039
   -723.29513598
   -723.30127392
   -723.30879992
   -723.30235806
   -723.30554234
   -723.30412930
   -723.29992288
   -723.28735579
   -723.30012966
   -723.28367873
   -723.29560270
   -723.29720912
   -723.29441492
   -723.30526697
   -723.29998463
   -723.29572365
   -723.30554616
   -723.30185916
   -723.29373541
   -723.30570439
   -723.30450710
   -723.28394176
   -723.30877907
   -723.29884679
   -723.30217331
   -723.29718770
   -723.30326830
   -723.29071053
   -723.30503073
   -723.29897745
   -723.30107421
   -723.30396819
   -723.28398874
   -723.30855599
   -723.29487574
   -723.30504404
