% The following energies apply to conformations described by the topology 
% R04.top.  Structures are given in trajectory coords.cdf, count: 2609.

% Item 0:
%   Energy -> orca_structures/coor*/Conf*.out
   -723.23103819
   -723.25392739
   -723.25733373
   -723.24704878
   -723.24104443
   -723.25933791
   -723.22061866
   -723.28222101
   -723.23859760
   -723.23262290
   -723.23075723
   -723.25018368
   -723.28152720
   -723.25229516
   -723.21239858
   -723.23978593
   -723.21221080
   -723.26697910
   -723.26467301
   -723.28131059
   -723.23269407
   -723.25316631
   -723.28831185
   -723.24288720
   -723.25961567
   -723.25005399
   -723.25884970
   -723.19097177
   -723.24112285
   -723.23513556
   -723.25478176
   -723.23199626
   -723.26042019
   -723.25155011
   -723.23516686
   -723.26558074
   -723.23301503
   -723.25193340
   -723.23490742
   -723.25813685
   -723.23333037
   -723.24109399
   -723.24391135
   -723.23970352
   -723.28182415
   -723.25549806
   -723.22227113
   -723.26405679
   -723.27322237
   -723.24417868
   -723.20336455
   -723.24076007
   -723.23938413
   -723.22120270
   -723.26235122
   -723.23741732
   -723.22678992
   -723.22824765
   -723.25415499
   -723.22874635
   -723.23224705
   -723.26747218
   -723.23325301
   -723.23083800
   -723.26531368
   -723.22889254
   -723.23903478
   -723.25970950
   -723.23304497
   -723.23346973
   -723.24144283
   -723.24594368
   -723.27726204
   -723.21401136
   -723.26943587
   -723.24960790
   -723.25826023
   -723.24271995
   -723.25384346
   -723.26242464
   -723.27586550
   -723.25711462
   -723.23653095
   -723.25280150
   -723.22671395
   -723.25347462
   -723.23008383
   -723.24409468
   -723.22377489
   -723.24447184
   -723.25604688
   -723.24999877
   -723.26382023
   -723.23011662
   -723.28334021
   -723.24049034
   -723.23778724
   -723.23393860
   -723.24946966
   -723.25722949
   -723.21349951
   -723.24565669
   -723.26672703
   -723.24812324
   -723.23880987
   -723.26180500
   -723.23321544
   -723.24866194
   -723.25476279
   -723.24100759
   -723.25628487
   -723.25507268
   -723.19605961
   -723.24150982
   -723.21986962
   -723.21900984
   -723.25455404
   -723.25805930
   -723.24210751
   -723.27664270
   -723.23036594
   -723.24837168
   -723.26413603
   -723.23551799
   -723.24568174
   -723.25416890
   -723.24984838
   -723.23990138
   -723.23132969
   -723.25838458
   -723.23529486
   -723.25799742
   -723.23022967
   -723.23313857
   -723.25306487
   -723.19695293
   -723.23722634
   -723.23969062
   -723.22470752
   -723.20921535
   -723.25508094
   -723.23684914
   -723.23890167
   -723.24359838
   -723.25273674
   -723.27190249
   -723.26551149
   -723.28545897
   -723.25377923
   -723.23145501
   -723.26458427
   -723.25283025
   -723.25538572
   -723.22686395
   -723.25308356
   -723.25824580
   -723.27079914
   -723.22316662
   -723.24761304
   -723.21676481
   -723.23666683
   -723.24919491
   -723.25426311
   -723.26458293
   -723.25241938
   -723.23189568
   -723.28628727
   -723.27256211
   -723.22737839
   -723.25020172
   -723.23163680
   -723.22565621
   -723.23258310
   -723.26863617
   -723.26046057
   -723.23331756
   -723.24234364
   -723.25930189
   -723.22453510
   -723.24610527
   -723.24366895
   -723.25189184
   -723.22595341
   -723.23271005
   -723.24703689
   -723.23268440
   -723.26042744
   -723.25131131
   -723.26517648
   -723.24961970
   -723.19855672
   -723.27286863
   -723.24729963
   -723.24441073
   -723.23775452
   -723.21725496
   -723.23770886
   -723.23586356
   -723.25836141
   -723.19501560
   -723.24720851
   -723.24162962
   -723.24013328
   -723.25121405
   -723.19265545
   -723.25099738
   -723.19802773
   -723.25931408
   -723.27913457
   -723.25377217
   -723.23393890
   -723.24592778
   -723.24846349
   -723.26548646
   -723.24030558
   -723.25285824
   -723.26026949
   -723.25886019
   -723.24108368
   -723.28046703
   -723.23550946
   -723.25957878
   -723.26342086
   -723.21580450
   -723.25742409
   -723.25642773
   -723.25014178
   -723.25650339
   -723.25411746
   -723.24614759
   -723.22939107
   -723.24208454
   -723.25353348
   -723.24361204
   -723.25342080
   -723.24770448
   -723.26488094
   -723.22069568
   -723.24668260
   -723.24539805
   -723.25523794
   -723.24330960
   -723.27801508
   -723.24084129
   -723.26940405
   -723.27426962
   -723.25746129
   -723.26109646
   -723.22914762
   -723.24567497
   -723.25859546
   -723.26477078
   -723.23069753
   -723.23690451
   -723.22367389
   -723.23418881
   -723.22493234
   -723.26723599
   -723.24144821
   -723.22984780
   -723.23522058
   -723.22857312
   -723.23534963
   -723.25643702
   -723.26661617
   -723.25384759
   -723.22673193
   -723.26533210
   -723.26541353
   -723.25980275
   -723.27134645
   -723.26325054
   -723.25312079
   -723.21229290
   -723.25009110
   -723.23645677
   -723.23904386
   -723.26418346
   -723.27414395
   -723.25003632
   -723.24598425
   -723.24424711
   -723.25359641
   -723.24976548
   -723.24901464
   -723.25372486
   -723.24985230
   -723.22216574
   -723.23927580
   -723.23905521
   -723.23370741
   -723.27255578
   -723.24058537
   -723.24124788
   -723.25263277
   -723.15653954
   -723.26347283
   -723.25723851
   -723.26194808
   -723.25154792
   -723.22244746
   -723.25817552
   -723.25522706
   -723.25718501
   -723.22229126
   -723.26707462
   -723.24182844
   -723.23329151
   -723.25448293
   -723.25532009
   -723.24990511
   -723.21989935
   -723.24775071
   -723.26031120
   -723.23665888
   -723.25689751
   -723.24091140
   -723.26052425
   -723.24227316
   -723.24193674
   -723.23971372
   -723.24896940
   -723.25696846
   -723.26054878
   -723.26069622
   -723.25862737
   -723.25754996
   -723.25771913
   -723.28347793
   -723.16177705
   -723.21669391
   -723.26552628
   -723.25003665
   -723.24933020
   -723.26157925
   -723.25863452
   -723.25223565
   -723.22927319
   -723.26052982
   -723.23262498
   -723.22852053
   -723.26559975
   -723.27163879
   -723.24655257
   -723.23199777
   -723.22824728
   -723.27296444
   -723.26686310
   -723.23383398
   -723.24465234
   -723.26832389
   -723.27872963
   -723.22529407
   -723.24905562
   -723.27581115
   -723.23809591
   -723.26269618
   -723.24131357
   -723.24116974
   -723.23872202
   -723.22565294
   -723.25246284
   -723.25354893
   -723.25775797
   -723.24272241
   -723.25247838
   -723.24326550
   -723.24447352
   -723.19034772
   -723.28166044
   -723.26269474
   -723.26379774
   -723.21511176
   -723.23972012
   -723.25599122
   -723.28077969
   -723.26901484
   -723.25483318
   -723.25505267
   -723.24796723
   -723.27153029
   -723.25916793
   -723.22583064
   -723.26674139
   -723.24969639
   -723.22022854
   -723.29306701
   -723.26386721
   -723.25334651
   -723.25850164
   -723.25639096
   -723.26112576
   -723.25984128
   -723.27029430
   -723.27959222
   -723.25119799
   -723.28205558
   -723.24874940
   -723.24210120
   -723.16234203
   -723.24160388
   -723.23896854
   -723.17253572
   -723.23382715
   -723.28424555
   -723.24879861
   -723.18055994
   -723.25175955
   -723.24987500
   -723.22955474
   -723.27190650
   -723.24822076
   -723.23879483
   -723.23890326
   -723.22096932
   -723.23853778
   -723.26020551
   -723.26239096
   -723.23191738
   -723.24286993
   -723.26138931
   -723.25874609
   -723.27277709
   -723.27250582
   -723.25042823
   -723.19462256
   -723.25203093
   -723.24585891
   -723.22875356
   -723.24887899
   -723.26288323
   -723.23718318
   -723.27420827
   -723.25256357
   -723.25219761
   -723.25188342
   -723.23946901
   -723.22963347
   -723.24190395
   -723.26426551
   -723.23508079
   -723.24104319
   -723.22067623
   -723.27254503
   -723.24263695
   -723.28205517
   -723.22281812
   -723.24910046
   -723.23480881
   -723.24426120
   -723.24210033
   -723.26566854
   -723.27662586
   -723.26648363
   -723.26111631
   -723.21178916
   -723.24295733
   -723.24990405
   -723.25419315
   -723.26388943
   -723.22004204
   -723.25776699
   -723.26886495
   -723.25477147
   -723.26098862
   -723.27082745
   -723.21401306
   -723.26455810
   -723.25060353
   -723.23902479
   -723.26290648
   -723.24958114
   -723.22393958
   -723.24981216
   -723.23739295
   -723.24178528
   -723.24056245
   -723.24291569
   -723.26683220
   -723.25155880
   -723.25963204
   -723.25471439
   -723.23266973
   -723.21650848
   -723.28175044
   -723.21767324
   -723.27161042
   -723.25846690
   -723.27183279
   -723.24552989
   -723.26909001
   -723.24646974
   -723.23460400
   -723.26360078
   -723.23411163
   -723.25281189
   -723.26379066
   -723.23252510
   -723.24823361
   -723.25232992
   -723.28052295
   -723.24916795
   -723.23864473
   -723.24611074
   -723.24122733
   -723.26282749
   -723.23964150
   -723.25612358
   -723.24196975
   -723.22948471
   -723.22246903
   -723.24880154
   -723.25465691
   -723.24889425
   -723.25384911
   -723.24472428
   -723.21714751
   -723.24950993
   -723.24783652
   -723.28299938
   -723.25697199
   -723.23632123
   -723.24869180
   -723.22877718
   -723.27149424
   -723.23832767
   -723.22417903
   -723.22036226
   -723.26033508
   -723.23231564
   -723.24796805
   -723.22934973
   -723.23841149
   -723.23307181
   -723.28608973
   -723.21669909
   -723.26877830
   -723.23924113
   -723.25739496
   -723.26757270
   -723.25511247
   -723.22565631
   -723.26005004
   -723.25488404
   -723.25013150
   -723.26886828
   -723.25000851
   -723.21959304
   -723.26179192
   -723.16049369
   -723.20804268
   -723.25850064
   -723.21795438
   -723.23727994
   -723.26073705
   -723.19872717
   -723.26249072
   -723.23638194
   -723.25580620
   -723.24422957
   -723.22827281
   -723.25267719
   -723.25028107
   -723.24976817
   -723.24526401
   -723.24505835
   -723.24254094
   -723.26408963
   -723.24539136
   -723.21804024
   -723.24573138
   -723.26370521
   -723.22620614
   -723.22152419
   -723.26763367
   -723.27614247
   -723.18171714
   -723.24577328
   -723.22567280
   -723.19190962
   -723.24003296
   -723.23604643
   -723.22851261
   -723.26876595
   -723.19067955
   -723.20313030
   -723.26822450
   -723.27817575
   -723.27686394
   -723.26271055
   -723.26218125
   -723.26846033
   -723.23484856
   -723.27336167
   -723.25374647
   -723.21048123
   -723.25561936
   -723.27440388
   -723.25017217
   -723.23809845
   -723.24478946
   -723.21860110
   -723.22751234
   -723.24857772
   -723.25127401
   -723.27377889
   -723.23410646
   -723.18957754
   -723.26142101
   -723.24478304
   -723.23917470
   -723.26656218
   -723.27005104
   -723.24255263
   -723.27133248
   -723.26000297
   -723.26321424
   -723.22051931
   -723.25247592
   -723.25091397
   -723.22915637
   -723.25716791
   -723.26422899
   -723.23470065
   -723.24021647
   -723.26321412
   -723.26788474
   -723.27348677
   -723.27952831
   -723.23563196
   -723.25823818
   -723.23876652
   -723.18630889
   -723.24055399
   -723.26376547
   -723.23756052
   -723.27676631
   -723.23162348
   -723.25256992
   -723.23239802
   -723.26382312
   -723.25609902
   -723.23493536
   -723.24353634
   -723.21878618
   -723.22849859
   -723.24474464
   -723.23331145
   -723.25227001
   -723.25794917
   -723.27305989
   -723.24683203
   -723.23505451
   -723.26730712
   -723.26673177
   -723.23572501
   -723.21130785
   -723.27316561
   -723.24279996
   -723.21313672
   -723.25555325
   -723.26597452
   -723.26661972
   -723.26839097
   -723.25925211
   -723.23485855
   -723.26101003
   -723.25755804
   -723.24799619
   -723.25603157
   -723.25660946
   -723.23896341
   -723.21308587
   -723.23630434
   -723.22930917
   -723.26068220
   -723.23987463
   -723.23642184
   -723.24787476
   -723.25075248
   -723.25494659
   -723.26044448
   -723.23147831
   -723.26859489
   -723.24581367
   -723.25890176
   -723.25580904
   -723.25545539
   -723.25883938
   -723.25097327
   -723.25378780
   -723.23217025
   -723.24693817
   -723.24552644
   -723.24957464
   -723.27767859
   -723.24018224
   -723.22697581
   -723.27112424
   -723.25108515
   -723.22585526
   -723.22934475
   -723.23051918
   -723.24225872
   -723.25615867
   -723.25090899
   -723.23865456
   -723.26381580
   -723.25881956
   -723.22714973
   -723.25340362
   -723.19167712
   -723.24589791
   -723.24991847
   -723.25467194
   -723.26523116
   -723.26908484
   -723.21349736
   -723.17391258
   -723.20378533
   -723.27571461
   -723.27043188
   -723.24190482
   -723.24014141
   -723.26968825
   -723.28306212
   -723.25116713
   -723.25428075
   -723.23517275
   -723.25730169
   -723.22622675
   -723.25678456
   -723.25760120
   -723.25973778
   -723.26212657
   -723.26291898
   -723.21391448
   -723.24978109
   -723.26285703
   -723.22363936
   -723.23412175
   -723.24506387
   -723.26537627
   -723.25831303
   -723.23362797
   -723.27852653
   -723.24781690
   -723.25902844
   -723.27119720
   -723.24496888
   -723.24571008
   -723.25033659
   -723.25934702
   -723.24408565
   -723.25251785
   -723.25520024
   -723.26028124
   -723.26186093
   -723.22710858
   -723.27030609
   -723.24497384
   -723.24160638
   -723.26027797
   -723.19152061
   -723.23219396
   -723.22874871
   -723.26158911
   -723.22944847
   -723.24100622
   -723.26490385
   -723.24938109
   -723.25813087
   -723.24738807
   -723.26691913
   -723.23476375
   -723.23950256
   -723.21758657
   -723.26755866
   -723.24552819
   -723.25034560
   -723.26967780
   -723.23128569
   -723.24770281
   -723.25250972
   -723.22735997
   -723.24909198
   -723.25025720
   -723.24642135
   -723.22462760
   -723.23719194
   -723.25542196
   -723.22975396
   -723.25508562
   -723.25963793
   -723.21967531
   -723.28855324
   -723.23196346
   -723.24371201
   -723.19795888
   -723.24014590
   -723.22134665
   -723.25458011
   -723.27334543
   -723.25366821
   -723.25126848
   -723.25672385
   -723.25670063
   -723.23610055
   -723.24682624
   -723.25719680
   -723.24391978
   -723.23895942
   -723.25676843
   -723.23959269
   -723.27275737
   -723.20186014
   -723.27244158
   -723.24480535
   -723.17034953
   -723.24791860
   -723.24743575
   -723.23468044
   -723.25981582
   -723.26335740
   -723.24273181
   -723.27582479
   -723.16913209
   -723.22583890
   -723.23277256
   -723.26737949
   -723.26551697
   -723.24937117
   -723.26195901
   -723.26809680
   -723.25730694
   -723.28824772
   -723.25553481
   -723.23129780
   -723.23647248
   -723.22537326
   -723.22307009
   -723.24532393
   -723.24967292
   -723.23844697
   -723.27217644
   -723.27749316
   -723.25524929
   -723.21736407
   -723.22617191
   -723.22569835
   -723.24623926
   -723.25992805
   -723.25138883
   -723.26652913
   -723.25537172
   -723.22263688
   -723.21765429
   -723.27127028
   -723.27749093
   -723.23173854
   -723.28016809
   -723.25749152
   -723.19601853
   -723.27277904
   -723.19431557
   -723.26366925
   -723.26718609
   -723.23455372
   -723.27351682
   -723.24571823
   -723.23409824
   -723.25277307
   -723.23505178
   -723.25934394
   -723.23194619
   -723.25875624
   -723.25286044
   -723.27806968
   -723.25572984
   -723.26320756
   -723.24328051
   -723.25372703
   -723.25305998
   -723.27899828
   -723.26791577
   -723.24305994
   -723.24038663
   -723.23541218
   -723.23365432
   -723.24266105
   -723.25494974
   -723.23705086
   -723.25773668
   -723.25728098
   -723.21800502
   -723.25314293
   -723.25463033
   -723.25570998
   -723.23509254
   -723.24145146
   -723.24624338
   -723.26631443
   -723.26697676
   -723.22225713
   -723.24654024
   -723.23586363
   -723.24022713
   -723.23495362
   -723.27616394
   -723.27393765
   -723.24713725
   -723.26606496
   -723.26114431
   -723.26947223
   -723.25811710
   -723.26801158
   -723.26394221
   -723.24618159
   -723.27204614
   -723.24696458
   -723.24933813
   -723.25391267
   -723.27113835
   -723.24183395
   -723.24872452
   -723.26928493
   -723.26783946
   -723.24939068
   -723.25628820
   -723.24373832
   -723.26175763
   -723.26322108
   -723.23818599
   -723.24705900
   -723.25667561
   -723.25155756
   -723.24974660
   -723.23437437
   -723.25740555
   -723.23645574
   -723.21775631
   -723.24255093
   -723.25439335
   -723.23370085
   -723.26137384
   -723.25440907
   -723.25454017
   -723.23066726
   -723.26226104
   -723.26248339
   -723.21107798
   -723.26380937
   -723.27206536
   -723.24366856
   -723.25396942
   -723.22805962
   -723.28394663
   -723.24594322
   -723.24963298
   -723.17253641
   -723.27394247
   -723.27045462
   -723.27536319
   -723.22609570
   -723.23201987
   -723.26095068
   -723.15178450
   -723.25088549
   -723.25839569
   -723.19757525
   -723.22869520
   -723.21176448
   -723.27852613
   -723.26324329
   -723.26467270
   -723.24099019
   -723.28058301
   -723.27486286
   -723.24350322
   -723.25015826
   -723.23066797
   -723.25964575
   -723.25591915
   -723.27932684
   -723.27055723
   -723.24199018
   -723.25944243
   -723.16056630
   -723.24673293
   -723.28775304
   -723.19279273
   -723.26881721
   -723.23725109
   -723.26250943
   -723.26129897
   -723.25616180
   -723.24925596
   -723.26728400
   -723.26510277
   -723.25170141
   -723.22960396
   -723.18710525
   -723.24344616
   -723.26404016
   -723.24182303
   -723.27071605
   -723.09549983
   -723.24272340
   -723.25185389
   -723.27048564
   -723.27226407
   -723.22542483
   -723.22709246
   -723.21971892
   -723.25999339
   -723.21812784
   -723.22463826
   -723.21334917
   -723.21878875
   -723.22468401
   -723.24244832
   -723.24481226
   -723.25929395
   -723.28725417
   -723.25952258
   -723.22236688
   -723.26746434
   -723.26410132
   -723.25449287
   -723.27413919
   -723.23028010
   -723.22843977
   -723.26818821
   -723.21385421
   -723.26465678
   -723.26173676
   -723.23695351
   -723.21467602
   -723.25543832
   -723.23514804
   -723.23109157
   -723.26835612
   -723.23118540
   -723.22697817
   -723.21164042
   -723.23206448
   -723.25042164
   -723.24521774
   -723.25179514
   -723.20759631
   -723.27245367
   -723.22943832
   -723.20929277
   -723.25537509
   -723.22564117
   -723.20106598
   -723.25148689
   -723.25009757
   -723.26832379
   -723.24290159
   -723.22894395
   -723.25819134
   -723.22468942
   -723.22696694
   -723.26120686
   -723.24730860
   -723.24513256
   -723.21321119
   -723.24049393
   -723.27805029
   -723.25320747
   -723.24184596
   -723.21375601
   -723.27744999
   -723.21332127
   -723.21259897
   -723.24081301
   -723.24439756
   -723.24107022
   -723.23217541
   -723.26792656
   -723.26140487
   -723.26728873
   -723.19827345
   -723.27466959
   -723.22648086
   -723.24183196
   -723.22719982
   -723.21899779
   -723.25371561
   -723.22060488
   -723.25723005
   -723.25291323
   -723.22216655
   -723.28362474
   -723.24157048
   -723.25531758
   -723.26798459
   -723.24610610
   -723.26797857
   -723.25116559
   -723.25299594
   -723.22257353
   -723.25932534
   -723.23368104
   -723.23518353
   -723.23703933
   -723.24067903
   -723.27082499
   -723.24601043
   -723.26146155
   -723.25361612
   -723.25300325
   -723.23596978
   -723.24734081
   -723.25983458
   -723.23534387
   -723.25143978
   -723.26970988
   -723.25435357
   -723.25568138
   -723.22930552
   -723.23317429
   -723.23028079
   -723.23165365
   -723.24166737
   -723.25121493
   -723.22927985
   -723.25299880
   -723.26368770
   -723.27627659
   -723.27121058
   -723.24328159
   -723.22320650
   -723.21229300
   -723.25363074
   -723.26360381
   -723.25757376
   -723.22740496
   -723.25478481
   -723.20568967
   -723.26497249
   -723.27336178
   -723.28896634
   -723.28614053
   -723.24859392
   -723.21703860
   -723.24843216
   -723.22889372
   -723.25195099
   -723.26587001
   -723.25547188
   -723.25731906
   -723.20482141
   -723.24596930
   -723.21157126
   -723.23738519
   -723.22983632
   -723.25829452
   -723.24511601
   -723.23624456
   -723.23754611
   -723.17182825
   -723.24096197
   -723.26403909
   -723.26013133
   -723.26034471
   -723.26547696
   -723.26017392
   -723.23834219
   -723.27598325
   -723.23686729
   -723.27664944
   -723.26393468
   -723.25508742
   -723.22731002
   -723.25395160
   -723.20679800
   -723.23860540
   -723.24594282
   -723.25723847
   -723.23560505
   -723.25614248
   -723.25732022
   -723.22014635
   -723.26424360
   -723.20667858
   -723.22115996
   -723.25074776
   -723.20486716
   -723.25298871
   -723.27653347
   -723.26412379
   -723.24005982
   -723.25341717
   -723.24196792
   -723.22320731
   -723.25776674
   -723.25497914
   -723.27095432
   -723.25059062
   -723.27471947
   -723.25725540
   -723.24437287
   -723.26017806
   -723.19048066
   -723.25015600
   -723.22748486
   -723.25073904
   -723.25024449
   -723.24496702
   -723.25783828
   -723.23924509
   -723.25844608
   -723.26242221
   -723.20349270
   -723.23929333
   -723.24564404
   -723.23636508
   -723.26184472
   -723.23429805
   -723.28743632
   -723.27609201
   -723.27310806
   -723.20786044
   -723.25778761
   -723.23090451
   -723.23415549
   -723.25995537
   -723.25577997
   -723.20973829
   -723.26465778
   -723.21225647
   -723.25198535
   -723.25483618
   -723.25621908
   -723.26262143
   -723.24916687
   -723.26925444
   -723.26987198
   -723.16565072
   -723.23501893
   -723.24073741
   -723.26989842
   -723.23769642
   -723.27195730
   -723.23452677
   -723.25785177
   -723.25768295
   -723.25745759
   -723.22950016
   -723.25866490
   -723.26009507
   -723.24244142
   -723.25539275
   -723.21939668
   -723.25123003
   -723.26285759
   -723.23316910
   -723.20705333
   -723.24382251
   -723.24258309
   -723.24981683
   -723.22344429
   -723.25186049
   -723.25154995
   -723.23971811
   -723.20903156
   -723.22800248
   -723.22328228
   -723.24209229
   -723.22193507
   -723.23554488
   -723.26989163
   -723.26279641
   -723.25429894
   -723.26592175
   -723.24148836
   -723.23045083
   -723.24619460
   -723.20730403
   -723.20928093
   -723.27084902
   -723.25390318
   -723.24030175
   -723.23564976
   -723.20681385
   -723.25357970
   -723.21637253
   -723.23966881
   -723.23482397
   -723.22591897
   -723.26420717
   -723.22388811
   -723.19230002
   -723.25274104
   -723.22456913
   -723.25360077
   -723.24365111
   -723.25075033
   -723.23971302
   -723.25194857
   -723.22211005
   -723.25220652
   -723.24947157
   -723.25318265
   -723.26784186
   -723.23795175
   -723.27207725
   -723.22306258
   -723.24333676
   -723.24881236
   -723.24306406
   -723.24860064
   -723.21830843
   -723.25841973
   -723.26883864
   -723.24943194
   -723.25551963
   -723.25814658
   -723.23734717
   -723.27653929
   -723.27421974
   -723.21684846
   -723.24351869
   -723.20870289
   -723.26158848
   -723.27200473
   -723.23175131
   -723.24365295
   -723.23247646
   -723.11883477
   -723.24912698
   -723.25673637
   -723.24714933
   -723.24727291
   -723.25007662
   -723.23356005
   -723.22884053
   -723.23224799
   -723.23194821
   -723.25882821
   -723.23694685
   -723.24702447
   -723.18656688
   -723.25187366
   -723.23714651
   -723.25002896
   -723.26020794
   -723.26546379
   -723.24927797
   -723.24715397
   -723.24607325
   -723.28384308
   -723.22993696
   -723.21892909
   -723.25084961
   -723.25871818
   -723.22936078
   -723.26538049
   -723.24438506
   -723.24841784
   -723.23100697
   -723.24794244
   -723.25575314
   -723.24940601
   -723.25430133
   -723.25086929
   -723.26743594
   -723.25163687
   -723.22696740
   -723.25656947
   -723.24577393
   -723.24824692
   -723.22997163
   -723.24338568
   -723.22838359
   -723.24431292
   -723.23681793
   -723.23180295
   -723.25974207
   -723.26870936
   -723.23566364
   -723.20068521
   -723.24332071
   -723.23526485
   -723.25700394
   -723.25301501
   -723.22710249
   -723.24115813
   -723.27419513
   -723.24583350
   -723.26875479
   -723.21941230
   -723.23206343
   -723.21961795
   -723.21989750
   -723.26726863
   -723.24322960
   -723.26696698
   -723.25766688
   -723.25607763
   -723.25664580
   -723.25949286
   -723.24910717
   -723.26976283
   -723.28258475
   -723.25547030
   -723.25105624
   -723.22227362
   -723.22080538
   -723.25164268
   -723.18239095
   -723.21262699
   -723.27016938
   -723.25651173
   -723.25887608
   -723.25307530
   -723.23883742
   -723.26234319
   -723.23317718
   -723.23828966
   -723.24306821
   -723.22216963
   -723.26089597
   -723.25550666
   -723.27372847
   -723.25454786
   -723.24863092
   -723.24719459
   -723.20595743
   -723.24769428
   -723.22582040
   -723.25704143
   -723.20785202
   -723.26150805
   -723.25672623
   -723.22956402
   -723.24226733
   -723.26437246
   -723.25479767
   -723.26005531
   -723.23405557
   -723.29233869
   -723.25659510
   -723.23270049
   -723.25954438
   -723.27255741
   -723.21955107
   -723.25415478
   -723.24770516
   -723.26572924
   -723.27218128
   -723.26800770
   -723.25767614
   -723.23891074
   -723.24532936
   -723.25557468
   -723.22407523
   -723.24413420
   -723.24570052
   -723.24561760
   -723.24057235
   -723.23546088
   -723.23745704
   -723.21273131
   -723.21329548
   -723.24552020
   -723.26716396
   -723.21260644
   -723.25202364
   -723.23395201
   -723.23972964
   -723.25997434
   -723.25052961
   -723.25661759
   -723.25101155
   -723.25090701
   -723.22061560
   -723.26695804
   -723.25340791
   -723.23265202
   -723.27922482
   -723.24680352
   -723.25988818
   -723.26762200
   -723.23146311
   -723.25455724
   -723.25348530
   -723.25890776
   -723.22392509
   -723.25264214
   -723.25369948
   -723.24824933
   -723.24068005
   -723.19001093
   -723.22142121
   -723.27488775
   -723.26078599
   -723.19933181
   -723.24936992
   -723.27169382
   -723.27690574
   -723.24949401
   -723.25424968
   -723.22529715
   -723.23602435
   -723.23873847
   -723.24395893
   -723.25754634
   -723.16320325
   -723.22727646
   -723.21067427
   -723.27130274
   -723.26312164
   -723.26199640
   -723.19587168
   -723.22480306
   -723.26072358
   -723.26809913
   -723.24181097
   -723.21671758
   -723.23949847
   -723.23351520
   -723.19190230
   -723.24488365
   -723.24622978
   -723.24162877
   -723.25902148
   -723.21885722
   -723.22470040
   -723.26555333
   -723.27554476
   -723.24960503
   -723.24648020
   -723.23469449
   -723.26173245
   -723.26191579
   -723.26496860
   -723.26621511
   -723.26967823
   -723.23926245
   -723.23996414
   -723.23804937
   -723.27109865
   -723.25614940
   -723.21698500
   -723.25105576
   -723.25270174
   -723.25040882
   -723.21582338
   -723.27045462
   -723.24529302
   -723.26084262
   -723.24713518
   -723.23156862
   -723.23579071
   -723.28380777
   -723.24819317
   -723.25973453
   -723.21571616
   -723.27870802
   -723.24954047
   -723.24578243
   -723.26441791
   -723.26933735
   -723.26558226
   -723.26831205
   -723.27145696
   -723.25754951
   -723.26232285
   -723.22565675
   -723.23934138
   -723.27243444
   -723.21787897
   -723.19466910
   -723.25164228
   -723.22646966
   -723.23042367
   -723.12129962
   -723.25705047
   -723.26879326
   -723.24411459
   -723.21491999
   -723.22995478
   -723.24904625
   -723.22445098
   -723.23014261
   -723.26703214
   -723.26083407
   -723.24678399
   -723.23343626
   -723.25216902
   -723.27324897
   -723.25470430
   -723.22303891
   -723.26233134
   -723.26317189
   -723.25506044
   -723.24183150
   -723.25353234
   -723.22800202
   -723.25629821
   -723.27040658
   -723.24335256
   -723.25283875
   -723.24819242
   -723.25854441
   -723.25492927
   -723.26649958
   -723.26144039
   -723.26791363
   -723.24655229
   -723.24495280
   -723.26018242
   -723.27276765
   -723.25327528
   -723.22552831
   -723.28014711
   -723.25837407
   -723.24848755
   -723.28864682
   -723.25451509
   -723.24527415
   -723.26477788
   -723.24016275
   -723.25822311
   -723.23345422
   -723.23595893
   -723.25640106
   -723.18959969
   -723.24221626
   -723.20376599
   -723.23427300
   -723.25200707
   -723.26506412
   -723.25461387
   -723.26714414
   -723.25316931
   -723.25153351
   -723.22496849
   -723.25949325
   -723.25764814
   -723.26429561
   -723.27617509
   -723.23949537
   -723.25754465
   -723.24892849
   -723.26025816
   -723.24960905
   -723.21457983
   -723.24352967
   -723.24908325
   -723.23564823
   -723.23929334
   -723.27059647
   -723.26442219
   -723.24211296
   -723.23069083
   -723.26008694
   -723.22487827
   -723.25669939
   -723.26085311
   -723.21482297
   -723.22938604
   -723.23330173
   -723.25151461
   -723.26511935
   -723.23227762
   -723.23987848
   -723.25388094
   -723.22426731
   -723.25502634
   -723.25433036
   -723.25321956
   -723.25365299
   -723.26813937
   -723.24940992
   -723.19872437
   -723.26164947
   -723.26059566
   -723.24685350
   -723.26455550
   -723.23261807
   -723.23412552
   -723.20445967
   -723.21812144
   -723.23258353
   -723.23970868
   -723.24362549
   -723.24617758
   -723.24235540
   -723.25761900
   -723.24285522
   -723.24569682
   -723.25255971
   -723.24590502
   -723.23311181
   -723.25299504
   -723.25334930
   -723.20485992
   -723.24853867
   -723.25742808
   -723.23465074
   -723.22188984
   -723.26201767
   -723.23969308
   -723.24690189
   -723.16220326
   -723.22335554
   -723.24728648
   -723.27028030
   -723.23783589
   -723.23867414
   -723.25205729
   -723.26533314
   -723.22246216
   -723.27599903
   -723.22704776
   -723.23680308
   -723.21286303
   -723.25502953
   -723.24679895
   -723.25923032
   -723.21846471
   -723.26130779
   -723.27887705
   -723.26425943
   -723.26942643
   -723.28716301
   -723.21095833
   -723.24818229
   -723.25101872
   -723.25291502
   -723.15278300
   -723.24281133
   -723.23257919
   -723.24162164
   -723.26048445
   -723.26808282
   -723.26652459
   -723.23351989
   -723.23196204
   -723.25705466
   -723.27860122
   -723.25416646
   -723.24362419
   -723.16525035
   -723.25976195
   -723.24303520
   -723.25968532
   -723.22402222
   -723.24682896
   -723.22681557
   -723.25250639
   -723.25520347
   -723.22491928
   -723.21772101
   -723.25264342
   -723.17976177
   -723.23511400
   -723.25441039
   -723.22981785
   -723.25696199
   -723.24419066
   -723.27296111
   -723.16485884
   -723.23557764
   -723.24691156
   -723.25914437
   -723.24533465
   -723.27509779
   -723.24240295
   -723.24784128
   -723.29275450
   -723.24805885
   -723.26415675
   -723.26100700
   -723.22925373
   -723.27143915
   -723.26611841
   -723.25612666
   -723.26617105
   -723.26837658
   -723.25562861
   -723.25393255
   -723.21721094
   -723.19318149
   -723.23025119
   -723.26220205
   -723.21017002
   -723.23977575
   -723.22009650
   -723.25514445
   -723.19385720
   -723.26168939
   -723.26743399
   -723.27504753
   -723.24527359
   -723.21774925
   -723.26314427
   -723.25840032
   -723.22287960
   -723.23800867
   -723.24170516
   -723.25114063
   -723.26854715
   -723.27342238
   -723.25351868
   -723.26046226
   -723.25725400
   -723.25582752
   -723.19894201
   -723.24702945
   -723.25366690
   -723.22518319
   -723.24868817
   -723.26850767
   -723.22388606
   -723.22221372
   -723.25320530
   -723.25972941
   -723.23526880
   -723.24990740
   -723.23719652
   -723.25324325
   -723.25552551
   -723.15739128
   -723.24976024
   -723.22767551
   -723.25823309
   -723.24323930
   -723.20189276
   -723.22840852
   -723.24432931
   -723.24201930
   -723.24002355
   -723.23517995
   -723.25674413
   -723.26177113
   -723.25887656
   -723.24600889
   -723.26093334
   -723.26929956
   -723.25002692
   -723.24544569
   -723.24586191
   -723.25854641
   -723.20450610
   -723.26048044
   -723.27666343
   -723.25871517
   -723.23769817
   -723.24095948
   -723.26048922
   -723.23463592
   -723.23124576
   -723.23475923
   -723.22427769
   -723.22240471
   -723.28216459
   -723.20998670
   -723.24844259
   -723.26432775
   -723.26527800
   -723.26321983
   -723.25393433
   -723.25098499
   -723.24698160
   -723.24436203
   -723.27311497
   -723.23868424
   -723.27483239
   -723.27462840
   -723.24707312
   -723.25840703
   -723.27189043
   -723.24926948
   -723.24600408
   -723.21416151
   -723.22124269
   -723.22235724
   -723.22667227
   -723.23553203
   -723.23193922
   -723.24073993
   -723.26475942
   -723.26113967
   -723.25699467
   -723.25192041
   -723.25364219
   -723.28606426
   -723.26523864
   -723.26476262
   -723.23386142
   -723.21501420
   -723.24052834
   -723.25661985
   -723.13642324
   -723.29129379
   -723.25501436
   -723.24775802
   -723.21426122
   -723.26442935
   -723.22786492
   -723.24288344
   -723.23397829
   -723.26598016
   -723.24649349
   -723.22468635
   -723.20766363
   -723.25358851
   -723.26284199
   -723.24306453
   -723.22145891
   -723.23633904
   -723.26752476
   -723.24732598
   -723.26343083
   -723.22518987
   -723.21403903
   -723.23212399
   -723.23698919
   -723.26395797
   -723.21429985
   -723.24930170
   -723.29357289
   -723.26233695
   -723.23522896
   -723.24697148
   -723.25101958
   -723.23955257
   -723.26125316
   -723.26205942
   -723.25621407
   -723.23559437
   -723.19918174
   -723.25514338
   -723.25810261
   -723.25177452
   -723.26322525
   -723.26243106
   -723.21590705
   -723.24454788
   -723.26260705
   -723.23245250
   -723.24914808
   -723.23794508
   -723.23928514
   -723.26284222
   -723.23861675
   -723.25137674
   -723.21982304
   -723.23333330
   -723.27235592
   -723.27119527
   -723.23079163
   -723.24904288
   -723.23970312
   -723.24759112
   -723.24353261
   -723.22692192
   -723.24982848
   -723.23292974
   -723.26096367
   -723.22600781
   -723.25394160
   -723.26193468
   -723.25677654
   -723.25337799
   -723.23653006
   -723.24309604
   -723.24053030
   -723.25373625
   -723.25864344
   -723.24738442
   -723.25265190
   -723.24688537
   -723.16623013
   -723.26428352
   -723.27386610
   -723.25168482
   -723.23909618
   -723.26819445
   -723.21430841
   -723.24345464
   -723.24907825
   -723.24806705
   -723.20637638
   -723.23614248
   -723.24121651
   -723.24576725
   -723.22902802
   -723.25509644
   -723.23363888
   -723.24827324
   -723.21255370
   -723.10207037
   -723.23586782
   -723.26399711
   -723.22775231
   -723.27588960
   -723.27093350
   -723.27180038
   -723.24985282
   -723.26155958
   -723.21625629
   -723.25006198
   -723.25468676
   -723.26388164
   -723.26368482
   -723.25529113
   -723.25431988
   -723.24444163
   -723.25571073
   -723.24499308
   -723.23195609
   -723.21691785
   -723.27141438
   -723.25649557
   -723.28147853
   -723.24213346
   -723.22562596
   -723.25586260
   -723.27016016
   -723.23690101
   -723.26385744
   -723.28794851
   -723.23126842
   -723.25128463
   -723.20984643
   -723.26562657
   -723.21093190
   -723.27227798
   -723.22214390
   -723.26131619
   -723.26149347
   -723.22540440
   -723.26036302
   -723.28050129
   -723.24851891
   -723.28052729
   -723.28614224
   -723.23365152
   -723.24476196
   -723.23863868
   -723.20166740
   -723.24214648
   -723.24102820
   -723.25763131
   -723.25370331
   -723.28140827
   -723.24245823
   -723.22859188
   -723.26470786
   -723.21961456
   -723.15249538
   -723.23518246
   -723.24118512
   -723.20542410
   -723.24560090
   -723.23644631
   -723.24083160
   -723.26679175
   -723.23848468
   -723.18601726
   -723.24062406
   -723.23982497
   -723.24686899
   -723.26103017
   -723.25866559
   -723.22599236
   -723.24645501
   -723.25495478
   -723.22592953
   -723.26491584
   -723.21274955
   -723.21625953
   -723.21538778
   -723.26459836
   -723.25659419
   -723.24124298
   -723.26162116
   -723.23990813
   -723.25055819
   -723.24494087
   -723.25206641
   -723.27161698
   -723.25458822
   -723.24818755
   -723.24024388
   -723.24616528
   -723.20635749
   -723.26195374
   -723.25610150
   -723.24421388
   -723.23516673
   -723.14025932
   -723.27525729
   -723.24079848
   -723.23229350
   -723.23978230
   -723.22660273
   -723.27459263
   -723.26410743
   -723.24374519
   -723.24312751
   -723.23536497
   -723.26365991
   -723.25952793
   -723.26203685
   -723.25740544
   -723.28027388
   -723.22132187
   -723.26499360
   -723.22609412
   -723.24401765
   -723.23394483
   -723.21782245
   -723.26153709
   -723.24816930
   -723.25224732
   -723.24735646
   -723.22105653
   -723.25207678
   -723.25807674
   -723.22752355
   -723.26812763
   -723.26433160
   -723.24214321
   -723.24127191
   -723.14474159
   -723.25253317
   -723.26039435
   -723.24904386
   -723.25624632
   -723.26051072
   -723.23695892
   -723.23410714
   -723.24224857
   -723.23891625
   -723.25848506
   -723.23929784
   -723.24291403
   -723.23251898
   -723.25049376
   -723.19715181
   -723.23048922
   -723.23047980
   -723.25642621
   -723.26217078
   -723.27044915
   -723.22469468
   -723.28010825
   -723.26942646
   -723.26624923
   -723.22325504
   -723.25207865
   -723.20851327
   -723.24084582
   -723.25157009
   -723.24418245
   -723.20337395
   -723.25001397
   -723.25983969
   -723.22394563
   -723.20390298
   -723.27846721
   -723.26801840
   -723.25240748
   -723.25585042
   -723.24121795
   -723.26054707
   -723.26142028
   -723.24865434
   -723.23745194
   -723.27267775
   -723.24091774
   -723.27423014
   -723.24716822
   -723.24556648
   -723.25677615
   -723.25192880
   -723.28099000
   -723.25626783
   -723.23719291
   -723.25704360
   -723.22108119
   -723.24433384
   -723.25830841
   -723.28027549
   -723.19542470
   -723.24558974
   -723.23780683
   -723.26108299
   -723.26210814
   -723.23575717
   -723.25132931
   -723.27494413
   -723.23360654
   -723.27646593
   -723.25316787
   -723.23648513
   -723.26815999
   -723.25814430
   -723.24612526
   -723.24895562
   -723.24873029
   -723.24402507
   -723.25799934
   -723.26673539
   -723.26515590
   -723.25710385
   -723.25031986
   -723.28925644
   -723.26394185
   -723.28385425
   -723.25961890
   -723.25936282
   -723.25142526
   -723.26251600
   -723.26649298
   -723.23044949
   -723.25698391
   -723.25260751
   -723.24809476
   -723.26524039
   -723.21960418
   -723.24997186
   -723.24856885
   -723.19217677
   -723.24559991
   -723.22203981
   -723.24170906
   -723.26389059
   -723.23449468
   -723.24709348
   -723.24572453
   -723.26805503
   -723.23341255
   -723.26263812
   -723.23051623
   -723.24214373
   -723.22983593
   -723.19227228
   -723.27869357
   -723.28105105
   -723.23599964
   -723.28291655
   -723.25441888
   -723.27252007
   -723.21176601
   -723.25974786
   -723.25424671
   -723.24188658
   -723.23741245
   -723.26413793
   -723.23197822
   -723.26807238
   -723.26149586
   -723.27218862
   -723.24270821
   -723.22145991
   -723.25742288
   -723.24087438
   -723.25838481
   -723.23706899
   -723.23264585
   -723.26402559
   -723.26079063
   -723.20985502
   -723.25570030
   -723.23941687
   -723.25059717
   -723.25755028
   -723.25579133
   -723.24699978
   -723.28070692
   -723.26664372
   -723.19896112
   -723.20669974
   -723.23465961
   -723.22308406
   -723.25129506
   -723.24378419
   -723.27110332
   -723.26703205
   -723.24658566
   -723.26868004
   -723.27630717
   -723.25080618
   -723.26971185
   -723.25553796
   -723.26009682
   -723.23620249
   -723.23518274
   -723.23826426
   -723.27382805
   -723.23807840
   -723.25122114
   -723.24869928
   -723.21932857
   -723.26759563
   -723.23039208
   -723.24553181
   -723.25392410
   -723.25579992
   -723.28083090
   -723.24017941
   -723.26198636
   -723.26353341
   -723.27464503
   -723.23884629
   -723.26122007
   -723.23950691
   -723.22101093
   -723.28143720
   -723.25166202
   -723.24168944
   -723.25508688
   -723.26841654
   -723.27007813
   -723.23761275
   -723.18940227
   -723.22754731
   -723.25881442
   -723.22185907
   -723.21753856
   -723.25819666
   -723.24285119
   -723.25760836
   -723.15284373
   -723.25446328
   -723.25753830
   -723.27097717
   -723.22501313
   -723.19856568
   -723.26612763
   -723.25646777
   -723.26356114
   -723.24219830
   -723.25850016
   -723.25775132
   -723.26196539
   -723.18273920
   -723.27287630
   -723.24695673
   -723.23364927
   -723.25642920
   -723.23885070
   -723.26040006
   -723.15195556
   -723.22715129
   -723.23920779
   -723.23347519
   -723.28411270
   -723.24526168
   -723.24838186
   -723.23454870
   -723.22491817
   -723.25744373
   -723.24464924
   -723.25212343
   -723.27059403
   -723.26995150
   -723.23919002
   -723.21525342
   -723.26653125
   -723.19887521
   -723.27048104
   -723.25453560
   -723.28499365
   -723.24453755
   -723.27801121
   -723.25349171
   -723.22555596
   -723.25098614
   -723.22304794
   -723.28215468
   -723.21995523
   -723.24231337
   -723.26747993
   -723.25692033
   -723.24999892
   -723.17950143
   -723.23600838
   -723.23841643
   -723.26441424
   -723.25140279
   -723.25037434
   -723.26404785
   -723.24862547
   -723.28991712
   -723.22660282
   -723.25529478
   -723.25856024
   -723.26033067
   -723.25511139
   -723.23634014
   -723.26051760
   -723.25460205
   -723.24909418
   -723.22136114
   -723.22685372
   -723.25974098
   -723.26223625
   -723.23225358
   -723.24701841
   -723.19682566
   -723.27793169
   -723.23605429
   -723.26599197
   -723.24426904
   -723.21506858
   -723.23758465
   -723.26414432
   -723.24255396
   -723.27506244
   -723.24790522
   -723.24921925
   -723.22249749
   -723.26112697
   -723.23500326
   -723.27108903
   -723.19879877
   -723.24814460
   -723.24094759
   -723.21382421
   -723.24973768
   -723.19904440
   -723.23299114
   -723.24352293
   -723.22803306
   -723.25642058
   -723.26251766
   -723.24817339
   -723.26105093
   -723.26001876
   -723.26975900
   -723.26572852
   -723.25491421
   -723.25081907
   -723.25171069
   -723.25521990
   -723.23552881
   -723.24628924
   -723.25361264
   -723.23772422
   -723.20151333
   -723.23577148
   -723.25434841
   -723.26556243
   -723.22752874
   -723.26348123
   -723.27362219
   -723.22252718
   -723.27601070
   -723.22407439
   -723.24908620
   -723.22534192
   -723.26184396
   -723.26575418
   -723.25447498
   -723.22677420
   -723.26754231
   -723.24861122
   -723.22771909
   -723.23253065
   -723.23908678
   -723.25195559
   -723.24881095
   -723.26065599
   -723.22224925
   -723.25549580
   -723.27103872
   -723.24801606
   -723.27708214
   -723.21752791
   -723.22872279
   -723.27638020
   -723.21947441
   -723.24882298
   -723.24090527
   -723.23849776
   -723.23654364
   -723.22491404
   -723.22312077
   -723.24628128
   -723.28645671
   -723.21945304
   -723.20591101
   -723.25049477
   -723.28314315
   -723.20800539
   -723.24568642
   -723.26824147
   -723.26089190
   -723.22825873
   -723.23588984
   -723.24618445
   -723.23533638
   -723.21226073
   -723.25292158
   -723.24569863
   -723.25431520
   -723.26604913
   -723.24872295
   -723.26201069
   -723.23708071
   -723.19349192
   -723.23342997
   -723.25470896
   -723.22631146
   -723.23179646
   -723.26927939
   -723.22863125
   -723.26802077
   -723.25935069
   -723.25514579
   -723.27767842
   -723.25493306
   -723.22028062
   -723.23547876
   -723.27475037
   -723.26023681
   -723.19639638
   -723.26603320
   -723.25258530
   -723.23541240
   -723.22912397
   -723.27405849
   -723.23827080
   -723.27764139
   -723.26830225
   -723.27547456
   -723.26667084
   -723.22884590
   -723.26347903
   -723.25084384
   -723.24030223
   -723.23950199
   -723.22571978
   -723.24637716
   -723.26545367
   -723.24475646
   -723.23620225
   -723.25625246
   -723.24460913
   -723.13574147
   -723.26493850
   -723.26618943
   -723.25579014
   -723.26298234
   -723.22788454
   -723.24061241
   -723.22889886
   -723.26430028
   -723.27176736
   -723.27665335
   -723.25890038
   -723.24185411
   -723.23207392
   -723.24179906
   -723.23284909
   -723.21989788
   -723.29590257
   -723.27701062
   -723.21074394
   -723.24904885
   -723.23921834
   -723.25745454
   -723.25364079
   -723.25115070
   -723.22884335
   -723.22832763
   -723.22352501
   -723.23938555
   -723.23986007
   -723.26005040
   -723.21821727
   -723.27381958
   -723.26335811
   -723.21028201
   -723.21923877
   -723.26951199
   -723.23911357
   -723.22169618
   -723.27403863
   -723.27378444
   -723.23035494
   -723.22500992
   -723.28553872
   -723.26606454
   -723.24972789
   -723.27674103
   -723.21989403
   -723.24035768
   -723.26840327
   -723.24199793
   -723.24631730
   -723.24205758
   -723.27004203
   -723.23319497
   -723.28199846
   -723.25417253
   -723.26174884
   -723.27932276
   -723.26481533
   -723.23832570
