% The following energies apply to conformations described by the topology 
% R55.top.  Structures are given in trajectory coords.cdf, count: 2456.

% Item 0:
%   Energy -> orca_structures/coor*/Conf*.out
   -958.48293457
   -958.51447618
   -958.47495752
   -958.45233060
   -958.45833376
   -958.50542515
   -958.50129057
   -958.49191671
   -958.48274480
   -958.46450394
   -958.52927843
   -958.49771515
   -958.44067598
   -958.48051476
   -958.43753794
   -958.51218478
   -958.48900234
   -958.49620991
   -958.50843713
   -958.51027289
   -958.53756534
   -958.48330270
   -958.50250381
   -958.50430556
   -958.51762681
   -958.38412302
   -958.50367774
   -958.39605048
   -958.49781903
   -958.49512893
   -958.48793857
   -958.52028078
   -958.46176880
   -958.51853916
   -958.48446411
   -958.50746075
   -958.48111951
   -958.49053120
   -958.47066752
   -958.46485032
   -958.46912787
   -958.50287145
   -958.46043341
   -958.48820478
   -958.47824593
   -958.51228756
   -958.47660277
   -958.52038872
   -958.47855474
   -958.44073658
   -958.50195446
   -958.43633106
   -958.47456588
   -958.45082007
   -958.47716189
   -958.43002679
   -958.49852144
   -958.49405634
   -958.47853782
   -958.51710140
   -958.49208812
   -958.43813786
   -958.50114485
   -958.49455960
   -958.51835414
   -958.48704205
   -958.46094289
   -958.41308335
   -958.49130503
   -958.47772361
   -958.50005276
   -958.51475447
   -958.51029416
   -958.44281862
   -958.47481652
   -958.49089690
   -958.51196966
   -958.49606327
   -958.50001816
   -958.42996230
   -958.50395749
   -958.47312406
   -958.49246040
   -958.48952560
   -958.47329147
   -958.47741954
   -958.49136791
   -958.48949768
   -958.49342639
   -958.49566536
   -958.51318623
   -958.50154183
   -958.48135013
   -958.50419231
   -958.49690606
   -958.50658912
   -958.43099915
   -958.49415886
   -958.44663050
   -958.48861614
   -958.50052089
   -958.48581344
   -958.49234235
   -958.50524679
   -958.48529443
   -958.49785185
   -958.50122280
   -958.47691593
   -958.45843218
   -958.36609512
   -958.47106118
   -958.48997303
   -958.51895658
   -958.46550106
   -958.48956788
   -958.46986620
   -958.49890720
   -958.52521402
   -958.49635023
   -958.50102412
   -958.50988331
   -958.47384914
   -958.48887164
   -958.49560009
   -958.48218186
   -958.49818116
   -958.44292882
   -958.45931102
   -958.51193720
   -958.43658037
   -958.50431340
   -958.45685661
   -958.48571156
   -958.49760361
   -958.47483015
   -958.50472669
   -958.46644861
   -958.49155713
   -958.49650629
   -958.49884037
   -958.48592674
   -958.41597155
   -958.46886911
   -958.41344117
   -958.49730458
   -958.49367949
   -958.49332200
   -958.47140921
   -958.43860031
   -958.48443393
   -958.38020879
   -958.50241794
   -958.49110745
   -958.52521489
   -958.50879185
   -958.48814868
   -958.50973647
   -958.51700261
   -958.46865268
   -958.46577062
   -958.47804149
   -958.40317366
   -958.52317239
   -958.44905952
   -958.50008973
   -958.49035687
   -958.50738887
   -958.48134038
   -958.48234133
   -958.42293373
   -958.48798529
   -958.51820958
   -958.46848438
   -958.48887072
   -958.50245273
   -958.48653784
   -958.51564420
   -958.48619264
   -958.51706354
   -958.50969433
   -958.45650749
   -958.51586075
   -958.47442613
   -958.46218715
   -958.43815823
   -958.50231164
   -958.40023419
   -958.51605152
   -958.38958087
   -958.49615580
   -958.46339621
   -958.50074866
   -958.41642728
   -958.49066541
   -958.47686112
   -958.50479384
   -958.47507736
   -958.46165358
   -958.48927063
   -958.50156309
   -958.52189989
   -958.48540123
   -958.48386597
   -958.48910917
   -958.48373065
   -958.51894912
   -958.50137815
   -958.42468508
   -958.52395026
   -958.49264402
   -958.49524302
   -958.50757419
   -958.48845477
   -958.50703089
   -958.49088077
   -958.49147716
   -958.47146880
   -958.49036440
   -958.51126554
   -958.47782139
   -958.49646522
   -958.48792890
   -958.49036483
   -958.48358251
   -958.47762930
   -958.50546944
   -958.45854350
   -958.49410572
   -958.51521307
   -958.47997397
   -958.50339155
   -958.50604946
   -958.49246574
   -958.49467723
   -958.43087027
   -958.52547143
   -958.51675383
   -958.53687890
   -958.50386524
   -958.43991349
   -958.49500995
   -958.47285132
   -958.48877141
   -958.46912804
   -958.49456108
   -958.51395178
   -958.46790547
   -958.50475771
   -958.50733414
   -958.48900116
   -958.51310936
   -958.38874412
   -958.50868502
   -958.51943213
   -958.51580797
   -958.47535498
   -958.50584742
   -958.47449678
   -958.46984964
   -958.48087626
   -958.47799546
   -958.48770219
   -958.53086242
   -958.52036528
   -958.50540509
   -958.49625459
   -958.51155314
   -958.50966122
   -958.49132235
   -958.48774060
   -958.47057364
   -958.48228039
   -958.49268351
   -958.48505270
   -958.50819198
   -958.49257355
   -958.52536667
   -958.50481418
   -958.49784170
   -958.49096744
   -958.50910455
   -958.39623970
   -958.49293190
   -958.49802020
   -958.50041674
   -958.48265752
   -958.50264219
   -958.48899300
   -958.51399949
   -958.49890445
   -958.47429709
   -958.49721337
   -958.49456038
   -958.51024363
   -958.49286487
   -958.49968342
   -958.47907846
   -958.48194958
   -958.51117968
   -958.50551502
   -958.48771026
   -958.48820550
   -958.51574881
   -958.51337520
   -958.50865822
   -958.50153500
   -958.47314190
   -958.49641167
   -958.50102739
   -958.52237365
   -958.40480834
   -958.49730078
   -958.49488174
   -958.47903440
   -958.49894628
   -958.50666113
   -958.50504652
   -958.47912807
   -958.48985683
   -958.45979865
   -958.47267893
   -958.50656623
   -958.49142680
   -958.49123226
   -958.46488018
   -958.48737611
   -958.53157488
   -958.51094811
   -958.47357623
   -958.49763947
   -958.53384683
   -958.50803403
   -958.49149101
   -958.50003241
   -958.53159006
   -958.49341722
   -958.45624353
   -958.49097695
   -958.49862355
   -958.45417401
   -958.38526450
   -958.51001172
   -958.49227771
   -958.50426444
   -958.49378578
   -958.48724105
   -958.43206025
   -958.47057831
   -958.42582612
   -958.52220750
   -958.51486364
   -958.49227456
   -958.46596569
   -958.50441089
   -958.48511641
   -958.48927674
   -958.51260600
   -958.48648383
   -958.48085692
   -958.49438673
   -958.50557776
   -958.43151207
   -958.53451400
   -958.49787952
   -958.48340614
   -958.52554562
   -958.48359824
   -958.47901760
   -958.48352295
   -958.50167801
   -958.48940248
   -958.50301535
   -958.49988118
   -958.49603558
   -958.51713206
   -958.49876329
   -958.52978150
   -958.45419396
   -958.54206458
   -958.46790001
   -958.50012263
   -958.47065524
   -958.38842636
   -958.50564172
   -958.40960608
   -958.51156312
   -958.49201275
   -958.50809576
   -958.51336334
   -958.49434745
   -958.43823820
   -958.44506670
   -958.43434159
   -958.53082202
   -958.48509953
   -958.42240701
   -958.50339193
   -958.51396908
   -958.50545861
   -958.50640957
   -958.50485021
   -958.52681274
   -958.47107173
   -958.51551250
   -958.51719883
   -958.49773130
   -958.50097536
   -958.51400571
   -958.49019982
   -958.50407160
   -958.49836324
   -958.47297287
   -958.51466595
   -958.46656434
   -958.40317632
   -958.38785368
   -958.51287389
   -958.48903570
   -958.48559426
   -958.44857730
   -958.45548011
   -958.50328655
   -958.52406822
   -958.47112254
   -958.49611326
   -958.48652960
   -958.49668236
   -958.48991976
   -958.48511948
   -958.49205903
   -958.50795881
   -958.51564961
   -958.47391447
   -958.46091834
   -958.49231716
   -958.50504190
   -958.51433279
   -958.47163065
   -958.48074922
   -958.49133297
   -958.47602334
   -958.51415039
   -958.50421907
   -958.46089430
   -958.48747194
   -958.50595275
   -958.48537706
   -958.50646366
   -958.49831655
   -958.49074215
   -958.48839731
   -958.50295258
   -958.48069934
   -958.43389683
   -958.46810089
   -958.48981410
   -958.47372029
   -958.46812056
   -958.48873783
   -958.48494896
   -958.50453785
   -958.44937994
   -958.52456505
   -958.41039353
   -958.45313317
   -958.50428985
   -958.50995932
   -958.49551053
   -958.51182782
   -958.48244034
   -958.47842986
   -958.50655680
   -958.48543287
   -958.47604252
   -958.48391633
   -958.51944302
   -958.50231632
   -958.49500481
   -958.44200132
   -958.48555905
   -958.51619581
   -958.50180186
   -958.49383606
   -958.49522300
   -958.37965823
   -958.50915184
   -958.48526700
   -958.49395775
   -958.44750721
   -958.48515743
   -958.49571100
   -958.50227711
   -958.48674330
   -958.50746489
   -958.46985756
   -958.49652987
   -958.47067303
   -958.50388016
   -958.47050098
   -958.47614626
   -958.50334418
   -958.51173599
   -958.53311144
   -958.47083180
   -958.47615975
   -958.43612298
   -958.50531576
   -958.49764034
   -958.50542281
   -958.47313339
   -958.46805096
   -958.47032304
   -958.52751379
   -958.45710765
   -958.51017536
   -958.49236070
   -958.46874145
   -958.50744326
   -958.50221591
   -958.49632829
   -958.51048330
   -958.49062080
   -958.47436309
   -958.49380882
   -958.46807148
   -958.49490424
   -958.50312929
   -958.43773480
   -958.49943509
   -958.43117465
   -958.49644735
   -958.46966133
   -958.46416568
   -958.52782500
   -958.38223980
   -958.50026806
   -958.47851775
   -958.49265885
   -958.50016472
   -958.47081683
   -958.49277490
   -958.48598617
   -958.51352495
   -958.48939200
   -958.47793437
   -958.43385999
   -958.50865451
   -958.49600138
   -958.47299492
   -958.50255299
   -958.51530875
   -958.53645023
   -958.50581699
   -958.44164441
   -958.46137403
   -958.48476986
   -958.46172235
   -958.49233174
   -958.46174244
   -958.43485129
   -958.52285628
   -958.50541986
   -958.40156105
   -958.48979017
   -958.51273875
   -958.46639650
   -958.53921660
   -958.52037713
   -958.41052533
   -958.51056342
   -958.48962117
   -958.49135161
   -958.45799795
   -958.48803983
   -958.48390882
   -958.47968229
   -958.38446924
   -958.50091372
   -958.50171617
   -958.48812086
   -958.49238295
   -958.49246340
   -958.49130388
   -958.49426634
   -958.52333664
   -958.49588209
   -958.48772433
   -958.51170550
   -958.51021939
   -958.46601453
   -958.48800654
   -958.45903162
   -958.50042133
   -958.51949052
   -958.51320962
   -958.46628692
   -958.49380514
   -958.49252652
   -958.50044956
   -958.45217557
   -958.52047792
   -958.46016924
   -958.51491934
   -958.49274187
   -958.42497385
   -958.42889697
   -958.49000682
   -958.48334727
   -958.51101726
   -958.49672790
   -958.51187452
   -958.47223357
   -958.47825696
   -958.52566608
   -958.44697379
   -958.50127107
   -958.37221247
   -958.47709445
   -958.46326895
   -958.44272815
   -958.49038930
   -958.49266177
   -958.48593057
   -958.49137873
   -958.42242315
   -958.52639575
   -958.46639449
   -958.47253619
   -958.41493516
   -958.47559102
   -958.48905868
   -958.44452784
   -958.48718164
   -958.52662000
   -958.46246466
   -958.47923245
   -958.49268403
   -958.50410157
   -958.51022804
   -958.51169279
   -958.45174111
   -958.47361567
   -958.45607347
   -958.49562864
   -958.48719770
   -958.48814229
   -958.48670988
   -958.48433267
   -958.47970050
   -958.49456157
   -958.52601122
   -958.46562787
   -958.51964989
   -958.49829074
   -958.50405707
   -958.49322814
   -958.51369894
   -958.49610839
   -958.50486132
   -958.46364373
   -958.51249608
   -958.51357442
   -958.48897020
   -958.48173650
   -958.51521477
   -958.43041766
   -958.48262411
   -958.48918203
   -958.48448194
   -958.39017896
   -958.50554528
   -958.49916955
   -958.49689167
   -958.51419130
   -958.41695572
   -958.49906624
   -958.48919328
   -958.48828943
   -958.49513320
   -958.48810524
   -958.49743341
   -958.44254663
   -958.48407026
   -958.49212549
   -958.43564855
   -958.44279177
   -958.49439238
   -958.49721357
   -958.46116625
   -958.48736492
   -958.47615581
   -958.51772128
   -958.49224894
   -958.49940316
   -958.45989602
   -958.47794475
   -958.44877343
   -958.48963421
   -958.50338770
   -958.51545332
   -958.45948198
   -958.50609559
   -958.48323319
   -958.51908850
   -958.49284837
   -958.47836700
   -958.43644272
   -958.52092628
   -958.50330429
   -958.47817684
   -958.49910297
   -958.50614593
   -958.47459678
   -958.50005331
   -958.49395177
   -958.48927919
   -958.49498188
   -958.50853830
   -958.50407277
   -958.49176600
   -958.52642461
   -958.40878711
   -958.52166859
   -958.47180112
   -958.46635816
   -958.50290237
   -958.48721731
   -958.48124341
   -958.48301221
   -958.49357028
   -958.44083628
   -958.49482489
   -958.51483939
   -958.48254438
   -958.49712788
   -958.44211200
   -958.53470380
   -958.50098661
   -958.50049119
   -958.49705346
   -958.49585165
   -958.50618008
   -958.52027506
   -958.50034441
   -958.50771170
   -958.51410617
   -958.47937266
   -958.49657168
   -958.49563157
   -958.50956743
   -958.49231801
   -958.48433712
   -958.44316177
   -958.49825834
   -958.48745329
   -958.47885759
   -958.47718545
   -958.52169526
   -958.48463597
   -958.43673656
   -958.45361572
   -958.45074264
   -958.50241307
   -958.49416289
   -958.48781901
   -958.50052837
   -958.51289615
   -958.40251998
   -958.49649678
   -958.51075422
   -958.38649003
   -958.49752260
   -958.48889318
   -958.48090884
   -958.42753197
   -958.47887581
   -958.50595175
   -958.47774318
   -958.49365058
   -958.47896373
   -958.52181318
   -958.49600350
   -958.49855273
   -958.54060610
   -958.46167949
   -958.50655504
   -958.47965619
   -958.48785452
   -958.47741808
   -958.45129269
   -958.47883372
   -958.45889735
   -958.49957848
   -958.48472576
   -958.46925951
   -958.48227015
   -958.49997266
   -958.50016374
   -958.49348678
   -958.50025625
   -958.51508951
   -958.49839757
   -958.47608379
   -958.42150378
   -958.41361197
   -958.42950270
   -958.47262030
   -958.49127722
   -958.51191924
   -958.46808951
   -958.49642296
   -958.49348481
   -958.45071925
   -958.51678074
   -958.50056350
   -958.46928978
   -958.50044551
   -958.43000646
   -958.50437930
   -958.52565052
   -958.48981749
   -958.47744265
   -958.48023696
   -958.50253163
   -958.48049745
   -958.49265360
   -958.44824148
   -958.50519495
   -958.49683651
   -958.49133837
   -958.50055873
   -958.52850079
   -958.49262274
   -958.48643442
   -958.50402143
   -958.48726534
   -958.48327940
   -958.48365801
   -958.45806034
   -958.48990055
   -958.49342955
   -958.49901368
   -958.46467379
   -958.50675366
   -958.51148109
   -958.44447684
   -958.50212821
   -958.47124759
   -958.47280883
   -958.41230177
   -958.53102347
   -958.49982053
   -958.48424734
   -958.51994415
   -958.45361881
   -958.49201378
   -958.48129191
   -958.48071709
   -958.49357522
   -958.52311717
   -958.52058181
   -958.49332302
   -958.48957208
   -958.48674000
   -958.47753324
   -958.51703097
   -958.51167781
   -958.45183657
   -958.50870579
   -958.50447538
   -958.53084457
   -958.46080939
   -958.51225032
   -958.51414823
   -958.50730746
   -958.49086852
   -958.50051672
   -958.50931015
   -958.50278113
   -958.50116629
   -958.46847893
   -958.40397578
   -958.49844421
   -958.50174739
   -958.48960720
   -958.49791245
   -958.49343403
   -958.47181697
   -958.45319213
   -958.46259789
   -958.48509097
   -958.49927833
   -958.47925096
   -958.40794103
   -958.49178681
   -958.50153955
   -958.47973112
   -958.50801243
   -958.49062756
   -958.48655031
   -958.46139103
   -958.50781758
   -958.48685318
   -958.47474536
   -958.53345901
   -958.50975780
   -958.50552993
   -958.37060218
   -958.52399899
   -958.48920245
   -958.47487107
   -958.54199878
   -958.52580135
   -958.54586608
   -958.55061228
   -958.48980046
   -958.42290008
   -958.48912493
   -958.48650225
   -958.45881445
   -958.48015624
   -958.50329214
   -958.40660142
   -958.46695708
   -958.36225059
   -958.48287105
   -958.53508589
   -958.50547598
   -958.46304088
   -958.48699304
   -958.47620764
   -958.50377479
   -958.50973425
   -958.50726067
   -958.46881265
   -958.50225252
   -958.37269946
   -958.47821393
   -958.43821438
   -958.46846441
   -958.43601647
   -958.48058955
   -958.50868545
   -958.48123107
   -958.46784130
   -958.52635194
   -958.44622761
   -958.48504719
   -958.48835344
   -958.49459680
   -958.49554844
   -958.51441630
   -958.50454576
   -958.45352367
   -958.48730718
   -958.48354099
   -958.48053692
   -958.45423545
   -958.41959205
   -958.49968375
   -958.50643888
   -958.51519527
   -958.49522805
   -958.47825598
   -958.48359401
   -958.47778335
   -958.49098595
   -958.47634189
   -958.47852754
   -958.48678038
   -958.49444929
   -958.49417314
   -958.47094302
   -958.48865444
   -958.51523589
   -958.48916581
   -958.50554128
   -958.51012687
   -958.52153145
   -958.51803470
   -958.49524929
   -958.40127984
   -958.52100851
   -958.45061045
   -958.51498844
   -958.51450991
   -958.49102427
   -958.49350378
   -958.48406187
   -958.41987675
   -958.50607343
   -958.48773114
   -958.48718711
   -958.43358509
   -958.49105964
   -958.49234959
   -958.38528419
   -958.45049727
   -958.46699949
   -958.51767184
   -958.45629823
   -958.47777475
   -958.43841637
   -958.47534306
   -958.48797394
   -958.51119079
   -958.47471057
   -958.47609636
   -958.48774841
   -958.49109292
   -958.48732886
   -958.41737106
   -958.42169638
   -958.49134544
   -958.47802868
   -958.42934828
   -958.51083936
   -958.48780743
   -958.45253083
   -958.48633840
   -958.50910345
   -958.47203551
   -958.42634561
   -958.45680311
   -958.49067263
   -958.47276857
   -958.49556953
   -958.49212205
   -958.52924771
   -958.51509989
   -958.47448506
   -958.46659366
   -958.44391427
   -958.45613854
   -958.50504224
   -958.44916599
   -958.46773939
   -958.48233387
   -958.47885520
   -958.50109061
   -958.49538455
   -958.48384446
   -958.51314486
   -958.47393137
   -958.49464468
   -958.50925388
   -958.47702976
   -958.49407707
   -958.51053304
   -958.38458181
   -958.47922196
   -958.51713014
   -958.50163111
   -958.48467490
   -958.51278243
   -958.50057804
   -958.45830236
   -958.45914674
   -958.49919067
   -958.50668204
   -958.50331652
   -958.51504289
   -958.49974397
   -958.49988666
   -958.50017549
   -958.43923713
   -958.47742555
   -958.50509144
   -958.46921313
   -958.46113286
   -958.51185014
   -958.49841193
   -958.49229462
   -958.47772599
   -958.43961021
   -958.46366284
   -958.49943038
   -958.49898774
   -958.47533798
   -958.46002748
   -958.51054718
   -958.41298197
   -958.49398119
   -958.53313898
   -958.52501306
   -958.53361530
   -958.50960406
   -958.42762531
   -958.46795517
   -958.48812200
   -958.51072706
   -958.51498191
   -958.48847450
   -958.50524290
   -958.41439997
   -958.48139641
   -958.46900749
   -958.51580870
   -958.49667494
   -958.49942170
   -958.48949837
   -958.49427957
   -958.45918041
   -958.50090685
   -958.48960021
   -958.50085978
   -958.47257877
   -958.48989828
   -958.48995797
   -958.50228752
   -958.49578583
   -958.49288047
   -958.48201436
   -958.49608146
   -958.53014933
   -958.47502004
   -958.50121150
   -958.48124246
   -958.46540787
   -958.50134652
   -958.49296478
   -958.44375086
   -958.50709868
   -958.44310183
   -958.49405605
   -958.46743937
   -958.46297353
   -958.49948225
   -958.47370355
   -958.49376063
   -958.53177492
   -958.51543282
   -958.47871354
   -958.49481096
   -958.51210184
   -958.49337974
   -958.52246613
   -958.51324927
   -958.50471996
   -958.49607948
   -958.51057639
   -958.46592675
   -958.45469541
   -958.48031857
   -958.49071329
   -958.49843835
   -958.50466208
   -958.49531086
   -958.47472722
   -958.48097633
   -958.44350043
   -958.48516477
   -958.49595603
   -958.49686852
   -958.49191689
   -958.45816663
   -958.49453900
   -958.52945819
   -958.51159993
   -958.45386760
   -958.48876359
   -958.49227072
   -958.49753806
   -958.49461822
   -958.46919280
   -958.47461537
   -958.45639928
   -958.46913603
   -958.47859217
   -958.43141961
   -958.47391222
   -958.48687731
   -958.51741811
   -958.47733837
   -958.44508179
   -958.49428079
   -958.49637953
   -958.46236694
   -958.50321917
   -958.42388720
   -958.52212181
   -958.51147414
   -958.50603817
   -958.47279679
   -958.51615824
   -958.48642928
   -958.47986167
   -958.48534095
   -958.49585410
   -958.48118754
   -958.47784305
   -958.47769411
   -958.48500710
   -958.50386355
   -958.50013780
   -958.49440984
   -958.49119863
   -958.49544886
   -958.47240281
   -958.44944808
   -958.49535166
   -958.44075789
   -958.46722906
   -958.49983646
   -958.51202505
   -958.50442616
   -958.48810430
   -958.45543912
   -958.49698267
   -958.47919833
   -958.51901559
   -958.47624786
   -958.49050118
   -958.38699973
   -958.43424814
   -958.48213612
   -958.48528292
   -958.50722669
   -958.46166944
   -958.49122655
   -958.51296320
   -958.47928782
   -958.49295124
   -958.49845752
   -958.47186663
   -958.39170430
   -958.49178896
   -958.49155315
   -958.50083441
   -958.50824310
   -958.51628153
   -958.46551123
   -958.51111074
   -958.46535244
   -958.49653412
   -958.47543087
   -958.46492311
   -958.51567751
   -958.45123188
   -958.50981697
   -958.50225725
   -958.51175055
   -958.50116678
   -958.51283703
   -958.47562616
   -958.52279475
   -958.51555842
   -958.47902370
   -958.49711666
   -958.48198610
   -958.47275741
   -958.48336079
   -958.48298557
   -958.49257888
   -958.40515726
   -958.50546553
   -958.49876843
   -958.46880872
   -958.48892069
   -958.48573015
   -958.51053623
   -958.50550771
   -958.49316100
   -958.46440817
   -958.48986078
   -958.51624648
   -958.46698052
   -958.51124659
   -958.34985916
   -958.50198215
   -958.49785473
   -958.46759715
   -958.49861403
   -958.50177711
   -958.50482810
   -958.47912729
   -958.48955399
   -958.50579696
   -958.45615147
   -958.47647734
   -958.50451438
   -958.47018127
   -958.37244845
   -958.49536700
   -958.49807664
   -958.48637112
   -958.48371313
   -958.48401336
   -958.50517207
   -958.50705532
   -958.50913032
   -958.49448917
   -958.50242100
   -958.48938833
   -958.44370100
   -958.50233030
   -958.41140946
   -958.49647432
   -958.50103101
   -958.44735287
   -958.48801872
   -958.48743075
   -958.48283822
   -958.49960267
   -958.51650467
   -958.48748591
   -958.43331026
   -958.49635484
   -958.45394560
   -958.44639558
   -958.50928307
   -958.49495704
   -958.50311724
   -958.50808797
   -958.44612214
   -958.47782904
   -958.51832508
   -958.50507756
   -958.49704023
   -958.50597427
   -958.52002004
   -958.50885774
   -958.47761876
   -958.50559414
   -958.51364049
   -958.50984166
   -958.48806763
   -958.38914789
   -958.51373466
   -958.46993661
   -958.51469041
   -958.48089693
   -958.49808869
   -958.49722520
   -958.50910855
   -958.48372336
   -958.46304054
   -958.51590693
   -958.47781650
   -958.51275093
   -958.49467217
   -958.47864951
   -958.50830124
   -958.43799822
   -958.39803643
   -958.47170384
   -958.45246840
   -958.50235886
   -958.46201949
   -958.49975271
   -958.49962220
   -958.49417423
   -958.49258117
   -958.50582106
   -958.47765864
   -958.50282818
   -958.52991216
   -958.49321426
   -958.49631683
   -958.52340883
   -958.49057506
   -958.50926999
   -958.49573924
   -958.52222377
   -958.48441464
   -958.48626887
   -958.50537991
   -958.50181297
   -958.48060299
   -958.49517787
   -958.49158739
   -958.37149489
   -958.47467810
   -958.49138209
   -958.48357405
   -958.47018881
   -958.45906089
   -958.47382732
   -958.47030686
   -958.48207414
   -958.47931369
   -958.45732957
   -958.50529720
   -958.46584032
   -958.45866582
   -958.48422088
   -958.49805714
   -958.43860732
   -958.38339818
   -958.52908371
   -958.47957090
   -958.50665498
   -958.47159507
   -958.47621578
   -958.49809736
   -958.49336371
   -958.49019387
   -958.51438619
   -958.52781487
   -958.49368082
   -958.42441427
   -958.48985044
   -958.54578979
   -958.48096628
   -958.49672197
   -958.46942957
   -958.51017406
   -958.50078157
   -958.44993417
   -958.48397338
   -958.45535657
   -958.49765560
   -958.43741573
   -958.48586112
   -958.48489927
   -958.48173413
   -958.53284813
   -958.48748004
   -958.48524308
   -958.48114200
   -958.47619361
   -958.47058835
   -958.49429980
   -958.48587618
   -958.35213933
   -958.50652120
   -958.48361380
   -958.37169947
   -958.51225894
   -958.46912953
   -958.43994527
   -958.52119833
   -958.49324264
   -958.50114354
   -958.50091465
   -958.46071456
   -958.50245992
   -958.50926273
   -958.49604857
   -958.48569674
   -958.51800413
   -958.49815971
   -958.49848939
   -958.50044765
   -958.51234441
   -958.50165241
   -958.44044372
   -958.49495216
   -958.48452576
   -958.49680334
   -958.43802387
   -958.52061064
   -958.43922904
   -958.50142327
   -958.47905561
   -958.49322377
   -958.51211391
   -958.48790335
   -958.50148862
   -958.42893639
   -958.50728826
   -958.40876962
   -958.49527358
   -958.40061403
   -958.50939548
   -958.46775210
   -958.50000931
   -958.49594513
   -958.52231157
   -958.45749190
   -958.47233035
   -958.50242608
   -958.51669846
   -958.47393544
   -958.51303305
   -958.46803358
   -958.45833283
   -958.40483426
   -958.49759280
   -958.51603084
   -958.52919580
   -958.43828718
   -958.45165029
   -958.46837106
   -958.48403638
   -958.48804914
   -958.51958755
   -958.51832140
   -958.46076451
   -958.49490199
   -958.51047674
   -958.50295272
   -958.50605574
   -958.49477734
   -958.49651642
   -958.45434482
   -958.50502443
   -958.48287106
   -958.47523367
   -958.45150813
   -958.50168455
   -958.46569938
   -958.49622295
   -958.45979613
   -958.52219252
   -958.48973179
   -958.52592153
   -958.49207512
   -958.48796389
   -958.48702726
   -958.49043338
   -958.45365287
   -958.50649493
   -958.49437241
   -958.42748383
   -958.51820629
   -958.49657311
   -958.50196439
   -958.54374488
   -958.49302056
   -958.50136568
   -958.50675362
   -958.48569777
   -958.51236713
   -958.47700637
   -958.49084502
   -958.51194242
   -958.47129556
   -958.46685103
   -958.45107941
   -958.47242337
   -958.49693330
   -958.53024551
   -958.50689742
   -958.48745024
   -958.47053304
   -958.48893441
   -958.50801512
   -958.46269932
   -958.50604033
   -958.52208156
   -958.48800382
   -958.48003153
   -958.51083817
   -958.46432330
   -958.49721115
   -958.38747726
   -958.49746158
   -958.48584159
   -958.48616037
   -958.49004658
   -958.49702170
   -958.53137397
   -958.48404135
   -958.48476346
   -958.48698428
   -958.49575035
   -958.47786550
   -958.50555308
   -958.50550706
   -958.47945933
   -958.48331526
   -958.44122390
   -958.51766363
   -958.48872073
   -958.45831482
   -958.47609890
   -958.43435632
   -958.48706038
   -958.50645403
   -958.49294907
   -958.49998179
   -958.49240756
   -958.34969404
   -958.48638811
   -958.52180657
   -958.51356620
   -958.46862849
   -958.51017446
   -958.42198580
   -958.42102026
   -958.46819243
   -958.47091266
   -958.47415670
   -958.45582168
   -958.49324802
   -958.41208154
   -958.50813859
   -958.48881156
   -958.50018715
   -958.48012505
   -958.44870786
   -958.48741171
   -958.51472300
   -958.46437998
   -958.48873274
   -958.49766990
   -958.44966539
   -958.51451293
   -958.49740083
   -958.50015621
   -958.51579244
   -958.42842519
   -958.47912688
   -958.53027820
   -958.48443881
   -958.48769468
   -958.49746314
   -958.47343602
   -958.42623438
   -958.53677747
   -958.47340179
   -958.45308302
   -958.48082903
   -958.50747486
   -958.46781418
   -958.50112459
   -958.48658185
   -958.51417899
   -958.48430650
   -958.42460735
   -958.49681039
   -958.48025953
   -958.47991184
   -958.48635423
   -958.45235179
   -958.49269612
   -958.49579085
   -958.47439279
   -958.52871348
   -958.50965656
   -958.48120621
   -958.49151478
   -958.40135882
   -958.50134933
   -958.49286278
   -958.51586095
   -958.50918890
   -958.49854259
   -958.50066937
   -958.52409215
   -958.50086528
   -958.44890558
   -958.52461765
   -958.48920319
   -958.50019332
   -958.48275262
   -958.50807383
   -958.45023591
   -958.44030891
   -958.50068390
   -958.41554303
   -958.50982179
   -958.39868646
   -958.49958331
   -958.37698151
   -958.50529813
   -958.48257231
   -958.49320736
   -958.52631923
   -958.47872106
   -958.49876628
   -958.50891480
   -958.48681066
   -958.51776456
   -958.47595733
   -958.51281870
   -958.53713880
   -958.50889525
   -958.50742795
   -958.50265029
   -958.45861831
   -958.51933234
   -958.51271797
   -958.50904849
   -958.51229759
   -958.52521113
   -958.48328288
   -958.46261987
   -958.45271979
   -958.48595734
   -958.49486841
   -958.47420591
   -958.49767208
   -958.49571916
   -958.48155230
   -958.43248393
   -958.50610891
   -958.51581907
   -958.50102759
   -958.49560021
   -958.46444267
   -958.46068130
   -958.47257618
   -958.48493726
   -958.50746583
   -958.38590344
   -958.48234211
   -958.51290834
   -958.49401582
   -958.49349843
   -958.45793694
   -958.50066382
   -958.47697972
   -958.48455963
   -958.48495300
   -958.49269850
   -958.52984751
   -958.49412181
   -958.48465730
   -958.49361739
   -958.51856831
   -958.48928350
   -958.50481283
   -958.42127753
   -958.47580090
   -958.47605022
   -958.49716877
   -958.49694368
   -958.48546177
   -958.47306479
   -958.43666548
   -958.48428945
   -958.47553957
   -958.49528120
   -958.48535463
   -958.49354318
   -958.48881741
   -958.50867896
   -958.47237047
   -958.48485091
   -958.48042345
   -958.47908564
   -958.48985907
   -958.50352675
   -958.51581581
   -958.49249321
   -958.54048829
   -958.49930049
   -958.47704283
   -958.48471540
   -958.50061303
   -958.51768014
   -958.47628555
   -958.43784823
   -958.48691757
   -958.45578312
   -958.46800053
   -958.50657376
   -958.49281792
   -958.46123448
   -958.46078983
   -958.49483651
   -958.49947898
   -958.40532124
   -958.46867480
   -958.38809490
   -958.49304428
   -958.46441680
   -958.52345826
   -958.50031600
   -958.45157691
   -958.51523447
   -958.49783254
   -958.48470891
   -958.45748701
   -958.42899145
   -958.46972833
   -958.44401741
   -958.47390860
   -958.42308156
   -958.47621230
   -958.48051866
   -958.53090188
   -958.49503820
   -958.50105640
   -958.49738954
   -958.50359029
   -958.46218529
   -958.49978520
   -958.50965356
   -958.46145059
   -958.38337684
   -958.48720365
   -958.49706436
   -958.52829220
   -958.42323362
   -958.44769617
   -958.44730915
   -958.53186960
   -958.48693082
   -958.49192146
   -958.50167114
   -958.51235806
   -958.50830207
   -958.48709901
   -958.48585727
   -958.46196744
   -958.51084705
   -958.44988264
   -958.49584073
   -958.50376163
   -958.46234161
   -958.48282383
   -958.48397805
   -958.43898214
   -958.48811823
   -958.48741265
   -958.34920217
   -958.46668689
   -958.51631701
   -958.51193038
   -958.47528720
   -958.49791316
   -958.48054635
   -958.48780486
   -958.43027829
   -958.49127570
   -958.49419193
   -958.48778405
   -958.43309735
   -958.50185907
   -958.50852797
   -958.51001428
   -958.50040237
   -958.42507564
   -958.47536834
   -958.49020408
   -958.42572343
   -958.48361927
   -958.51815738
   -958.45070820
   -958.48399055
   -958.45017468
   -958.49725921
   -958.48333193
   -958.45443294
   -958.52904590
   -958.52105457
   -958.48581817
   -958.49612203
   -958.48840004
   -958.48323790
   -958.49077679
   -958.48511781
   -958.49615432
   -958.44165395
   -958.39421351
   -958.51284264
   -958.50182167
   -958.49934600
   -958.50258416
   -958.49478317
   -958.49401746
   -958.48427308
   -958.49910677
   -958.48036413
   -958.47865521
   -958.51368359
   -958.50078393
   -958.49900726
   -958.52057982
   -958.52075112
   -958.51190824
   -958.49508928
   -958.52393228
   -958.47850504
   -958.43920471
   -958.47774423
   -958.49474429
   -958.47226404
   -958.50273995
   -958.48277643
   -958.47662630
   -958.47834512
   -958.45037787
   -958.49191058
   -958.46008348
   -958.44580362
   -958.48995931
   -958.50841412
   -958.46504126
   -958.52300054
   -958.52196009
   -958.48375889
   -958.48815485
   -958.51475501
   -958.45924468
   -958.42350872
   -958.51952730
   -958.45840127
   -958.50039938
   -958.49829289
   -958.49635316
   -958.47806347
   -958.41996223
   -958.46249596
   -958.49807481
   -958.45434779
   -958.44281514
   -958.51731922
   -958.46457158
   -958.44973847
   -958.51752539
   -958.51162276
   -958.47630282
   -958.50452977
   -958.48546726
   -958.50071642
   -958.48476651
   -958.49784355
   -958.53451158
   -958.49246189
   -958.47862796
   -958.48238769
   -958.51231410
   -958.46907901
   -958.49749515
   -958.49000748
   -958.51869607
   -958.48528668
   -958.45252501
   -958.48876323
   -958.52590859
   -958.51433277
   -958.50633112
   -958.51706745
   -958.47400228
   -958.49267444
   -958.49783668
   -958.43417536
   -958.49665755
   -958.45107474
   -958.49927558
   -958.52742942
   -958.48335249
   -958.40966911
   -958.50938284
   -958.46522294
   -958.52330554
   -958.50603998
   -958.43405108
   -958.51006323
   -958.47275623
   -958.45482772
   -958.52646012
   -958.49856862
   -958.49731419
   -958.50851114
   -958.49781307
   -958.49877853
   -958.48580674
   -958.49003500
   -958.47726369
   -958.45990784
   -958.48571281
   -958.47891904
   -958.45784812
   -958.50408115
   -958.47331951
   -958.50962940
   -958.48423099
   -958.51356328
   -958.47809518
   -958.50068510
   -958.49259075
   -958.38798157
   -958.44416062
   -958.50207157
   -958.45146874
   -958.49580857
   -958.49755568
   -958.50706182
   -958.48301542
   -958.51874595
   -958.46060842
   -958.49801515
   -958.46765484
   -958.50235886
   -958.51221468
   -958.51510017
   -958.47855419
   -958.47370738
   -958.45199878
   -958.48633755
   -958.47886049
   -958.51263878
   -958.50957348
   -958.50966401
   -958.42616120
   -958.52940824
   -958.48261541
   -958.45454460
   -958.49028112
   -958.50685236
   -958.49747707
   -958.45291310
   -958.44582015
   -958.48989159
   -958.47456359
   -958.47380417
   -958.49420771
   -958.47846696
   -958.49774051
   -958.49808040
   -958.48419221
   -958.51011222
   -958.47920789
   -958.49816594
   -958.43152971
   -958.50165142
   -958.50278235
   -958.49248241
   -958.49163841
   -958.46780883
   -958.39834924
   -958.50088891
   -958.44705763
   -958.50473008
   -958.43028636
   -958.45893475
   -958.40450268
   -958.47388265
   -958.47627950
   -958.47998904
   -958.43883725
   -958.51810714
   -958.52230271
   -958.48249254
   -958.50984785
   -958.49646259
   -958.37872739
   -958.51637390
   -958.51817047
   -958.46485302
   -958.47774295
   -958.50527226
   -958.52226621
   -958.50370244
   -958.47809748
   -958.49438587
   -958.46847859
   -958.48651892
   -958.44489351
   -958.43650581
   -958.50347624
   -958.49666718
   -958.50724997
   -958.49420382
   -958.47238618
   -958.49962115
   -958.48874982
   -958.49143867
   -958.45006033
   -958.48677707
   -958.51082965
   -958.45888013
   -958.46933946
   -958.49468876
   -958.53913370
   -958.45074541
   -958.48828266
   -958.46008181
   -958.50912850
   -958.51934216
   -958.48504437
   -958.48679728
   -958.50569979
   -958.39523886
   -958.46753339
   -958.49773365
   -958.48868436
   -958.52583508
   -958.50183354
   -958.49808311
   -958.50290903
   -958.47683779
   -958.46545340
   -958.48328737
   -958.51928443
   -958.48636768
   -958.49582292
   -958.48482825
   -958.50979672
   -958.53558473
   -958.50203795
   -958.48256000
   -958.50255706
   -958.50364157
   -958.48777853
   -958.39585363
   -958.49167104
   -958.50103633
   -958.51378377
   -958.46088767
   -958.48858139
   -958.46474154
   -958.50166220
   -958.47164964
   -958.37336577
   -958.48412985
   -958.46128460
   -958.49481366
   -958.48044137
   -958.48147292
   -958.50979585
   -958.49258617
   -958.44939714
   -958.43104439
   -958.49630127
   -958.49592708
   -958.49323704
   -958.48869217
   -958.49003351
   -958.48018511
   -958.51481854
   -958.50806140
   -958.49397133
   -958.44870241
   -958.46043260
   -958.52714239
   -958.46770836
   -958.49983074
   -958.47592119
   -958.51758547
   -958.38570105
   -958.49079269
   -958.45376071
   -958.48030483
   -958.46913633
   -958.45336392
   -958.45807612
   -958.49643500
   -958.49947023
   -958.44249727
   -958.47298673
   -958.49058412
   -958.45039374
   -958.47317470
   -958.48284171
   -958.48482233
   -958.43391230
   -958.42740570
   -958.45933643
   -958.45162486
   -958.52219083
   -958.46193675
   -958.47415474
   -958.50936100
   -958.48592285
   -958.52020685
   -958.46889831
   -958.52968957
   -958.50952436
   -958.48559270
   -958.50037739
   -958.49402750
   -958.48665420
   -958.45529788
   -958.51387920
   -958.46982100
   -958.41358581
   -958.50723264
   -958.47697725
   -958.50795835
   -958.50785564
   -958.45086902
   -958.50434361
   -958.49976168
   -958.49668894
   -958.50368402
   -958.50685876
   -958.50427248
   -958.48615277
   -958.47924949
   -958.47762295
   -958.50766504
   -958.51588113
   -958.49419852
   -958.49733951
   -958.48715584
   -958.52481855
   -958.50709568
   -958.49514391
   -958.47544137
   -958.49508802
   -958.46581364
   -958.43402591
   -958.49367301
   -958.51029495
   -958.52853119
   -958.48171189
   -958.48439338
   -958.52448812
   -958.44597400
   -958.36575419
   -958.47152546
   -958.48482838
   -958.45113835
   -958.52955171
   -958.50837068
   -958.50077159
   -958.48231910
   -958.46248280
   -958.47704227
   -958.50527808
   -958.41296427
   -958.48966804
   -958.47565050
   -958.44181517
   -958.52895405
   -958.49071012
   -958.48734316
   -958.46182901
   -958.47110051
   -958.47947232
   -958.50116272
   -958.46397338
   -958.45881921
   -958.51488824
   -958.47859087
   -958.46642322
   -958.47309083
   -958.47826139
   -958.49138119
   -958.46367792
   -958.54583738
   -958.52524580
   -958.44892749
   -958.51239021
   -958.42959130
   -958.50404421
   -958.49895925
   -958.48080066
   -958.49426751
   -958.53560062
   -958.41369853
   -958.43193462
   -958.51505742
   -958.48177411
   -958.43100961
   -958.49580453
   -958.45270034
   -958.51373596
   -958.51107640
   -958.42789529
   -958.46490251
   -958.50521055
   -958.52212015
   -958.46202400
   -958.50297473
   -958.50279624
   -958.48836002
   -958.50435901
   -958.46652463
   -958.48366573
   -958.46074135
   -958.49274106
   -958.37529291
   -958.51201249
   -958.49317720
   -958.47682776
   -958.46117730
   -958.43157316
   -958.52385571
   -958.49670062
   -958.51205024
   -958.51028083
   -958.44595170
   -958.48339272
   -958.46341646
   -958.45864402
   -958.51105930
   -958.51495640
   -958.49458772
   -958.47816236
   -958.50242921
   -958.49716935
   -958.48131634
   -958.42156480
   -958.48707106
   -958.48429500
   -958.45718345
   -958.47701556
   -958.41811410
   -958.49194373
   -958.50398349
   -958.48762339
   -958.50432149
   -958.50016211
   -958.50175160
   -958.48794689
   -958.49311108
   -958.50638170
   -958.51732362
   -958.48657949
   -958.45040786
   -958.49714472
   -958.42410893
   -958.43728754
   -958.44545246
   -958.46696851
   -958.48597399
   -958.50978272
   -958.50168866
   -958.43354282
   -958.48545760
   -958.49174785
   -958.51471012
   -958.43822715
   -958.48579204
   -958.47015278
   -958.51740253
   -958.49256515
   -958.50804837
   -958.40867952
   -958.51212982
   -958.48522864
   -958.49678706
   -958.46056462
   -958.50760324
   -958.46699053
   -958.46473499
   -958.48973130
   -958.42882596
   -958.50829849
   -958.47610794
   -958.50190746
   -958.52916716
   -958.48610436
   -958.48429272
   -958.50848620
   -958.46726650
   -958.49175981
   -958.49915628
   -958.49881734
   -958.43993949
   -958.49431201
   -958.46352889
   -958.43796514
   -958.47858544
   -958.49433114
   -958.47109637
   -958.52485292
   -958.46302089
   -958.49778167
   -958.51861702
   -958.49342189
   -958.46229278
   -958.47609577
   -958.47323100
   -958.45274116
   -958.40820648
   -958.47477164
   -958.50358956
   -958.48306740
   -958.48376897
   -958.47872376
   -958.45428020
   -958.50724252
   -958.46523073
   -958.47007918
   -958.50744884
   -958.48552504
   -958.49910178
   -958.48795053
   -958.47367960
   -958.48337974
   -958.50908825
   -958.46786554
   -958.50108807
   -958.48960500
   -958.43312270
   -958.45989606
   -958.52517249
   -958.51740950
   -958.52251568
   -958.49457981
   -958.49174430
   -958.49747299
   -958.52498477
   -958.46942433
   -958.51942293
   -958.51635533
   -958.47614925
   -958.47356172
   -958.49094860
   -958.51274307
   -958.48707050
   -958.43148383
   -958.47711044
   -958.48306749
   -958.48587951
   -958.52535909
   -958.45955107
   -958.48558506
   -958.46346650
   -958.47809297
   -958.43692671
   -958.50518828
   -958.52005566
   -958.49659917
   -958.48395074
   -958.37455174
   -958.48786804
   -958.50532147
   -958.45835232
   -958.51329942
   -958.47777040
   -958.49940598
   -958.48319539
   -958.47005432
   -958.49511648
   -958.47968923
   -958.54348051
   -958.48511091
   -958.47671452
   -958.47873209
   -958.45765981
   -958.49180498
   -958.50279409
   -958.45179834
   -958.49208694
   -958.47985399
   -958.46760385
   -958.48098306
   -958.50353064
   -958.51313440
   -958.49650041
   -958.52117640
   -958.50144261
   -958.46374098
   -958.49370650
   -958.51669382
   -958.48797146
   -958.36875507
   -958.49099647
   -958.52183831
   -958.48247373
   -958.46990976
   -958.48784126
   -958.49779025
   -958.50878188
   -958.51861724
   -958.44584634
   -958.47262714
   -958.49115503
   -958.48884712
   -958.49981232
   -958.49871912
   -958.49887049
   -958.50759999
   -958.47490487
   -958.48913713
   -958.50281411
   -958.49550508
