% The following energies apply to conformations described by the topology 
% R55_iter1.top.  Structures are given in trajectory coords.cdf, count: 178.

% Item 0:
%   Energy -> orca_structures/coor*/NConf*.out
   -958.55168893
   -958.55081774
   -958.54623514
   -958.54320556
   -958.54569993
   -958.54774266
   -958.55373258
   -958.54931757
   -958.54239607
   -958.54329478
   -958.54610753
   -958.53801145
   -958.54311160
   -958.54694041
   -958.55267589
   -958.54381700
   -958.54168021
   -958.54920639
   -958.54121646
   -958.54286705
   -958.54576308
   -958.54867788
   -958.54216461
   -958.54176265
   -958.54658760
   -958.54841138
   -958.55154694
   -958.53653505
   -958.55215387
   -958.54398371
   -958.54653414
   -958.54452605
   -958.54060864
   -958.54512314
   -958.54842879
   -958.53554189
   -958.54312650
   -958.54880271
   -958.55295275
   -958.54882627
   -958.54119054
   -958.54637423
   -958.54043040
   -958.54604508
   -958.54061393
   -958.53657092
   -958.54480867
   -958.54846190
   -958.53414756
   -958.52659738
   -958.55344503
   -958.55280461
   -958.54940573
   -958.55275315
   -958.54518229
   -958.54323879
   -958.55488953
   -958.55004659
   -958.54181678
   -958.54438864
   -958.55172150
   -958.54138281
   -958.54661776
   -958.54252577
   -958.54179711
   -958.55201520
   -958.54992405
   -958.54707892
   -958.55254310
   -958.54313647
   -958.53959554
   -958.54877494
   -958.55260626
   -958.54819935
   -958.54844692
   -958.53898906
   -958.54305728
   -958.54333276
   -958.54711434
   -958.54799426
   -958.54679424
   -958.54271600
   -958.54307560
   -958.55081262
   -958.53972782
   -958.53737948
   -958.53226386
   -958.54506212
   -958.54677204
   -958.52931090
   -958.54312246
   -958.54974730
   -958.54078524
   -958.55166245
   -958.54902887
   -958.54187953
   -958.53805314
   -958.55038146
   -958.53923102
   -958.54179667
   -958.54906212
   -958.54863460
   -958.54314477
   -958.54297728
   -958.54657864
   -958.53818943
   -958.54148664
   -958.54360069
   -958.54081482
   -958.54154678
   -958.54660905
   -958.54652788
   -958.54673908
   -958.54019992
   -958.54325448
   -958.54664600
   -958.54860334
   -958.54670568
   -958.54315171
   -958.55004625
   -958.55547588
   -958.55275030
   -958.54990838
   -958.55289647
   -958.55001155
   -958.54674827
   -958.55182534
   -958.54961498
   -958.54583744
   -958.55200188
   -958.53910084
   -958.54058655
   -958.54124814
   -958.54477628
   -958.53736789
   -958.55157215
   -958.55272593
   -958.54883167
   -958.55299417
   -958.54357640
   -958.54474140
   -958.54602963
   -958.53638535
   -958.54809080
   -958.55151884
   -958.53928650
   -958.54656486
   -958.54512530
   -958.54067883
   -958.53977193
   -958.54776677
   -958.54451226
   -958.55270139
   -958.55293416
   -958.55009794
   -958.54669140
   -958.55357523
   -958.54907369
   -958.53767742
   -958.54248951
   -958.55209047
   -958.54680090
   -958.55314634
   -958.53840006
   -958.53485241
   -958.54655288
   -958.54679455
   -958.54905171
   -958.55137708
   -958.54002779
   -958.55330639
   -958.54850621
   -958.54634644
   -958.54110715
   -958.55104254
   -958.54205221
   -958.54598975
   -958.54623246
