% The following energies apply to conformations described by the topology 
% R69.top.  Structures are given in trajectory coords.cdf, count: 2631.

% Item 0:
%   Energy -> orca_structures/coor*/Conf*.out
   -703.37946359
   -703.39237887
   -703.40635617
   -703.38467843
   -703.38455365
   -703.39972151
   -703.36064380
   -703.42732648
   -703.38805177
   -703.37700228
   -703.37746296
   -703.38962355
   -703.41962873
   -703.38975698
   -703.34973499
   -703.38158791
   -703.34558479
   -703.40614419
   -703.40761721
   -703.42581315
   -703.39666537
   -703.40306314
   -703.42123292
   -703.38409594
   -703.40010799
   -703.39811319
   -703.40396849
   -703.31453821
   -703.38846778
   -703.38039233
   -703.38990442
   -703.37598795
   -703.39700345
   -703.39422294
   -703.27227183
   -703.40452146
   -703.39180838
   -703.40487479
   -703.37127749
   -703.39331039
   -703.38367217
   -703.38332565
   -703.38486730
   -703.37403148
   -703.41859790
   -703.35438447
   -703.28867532
   -703.37618654
   -703.37131766
   -703.39965191
   -703.41841868
   -703.37742318
   -703.30810347
   -703.37797435
   -703.38595346
   -703.36100185
   -703.40206820
   -703.37910188
   -703.36502388
   -703.37582298
   -703.38683817
   -703.37500791
   -703.37059761
   -703.40506494
   -703.38883228
   -703.36735766
   -703.39731218
   -703.37316296
   -703.38330993
   -703.40098196
   -703.37946801
   -703.37916523
   -703.38049081
   -703.38818732
   -703.35852311
   -703.42489014
   -703.39706640
   -703.39197565
   -703.38731289
   -703.39305370
   -703.39872415
   -703.40472430
   -703.39506737
   -703.37357844
   -703.39360963
   -703.36711780
   -703.38976982
   -703.36381919
   -703.38666500
   -703.38718572
   -703.35941086
   -703.39761518
   -703.39854308
   -703.41177713
   -703.37265723
   -703.42488371
   -703.38068828
   -703.38043724
   -703.37837107
   -703.39388777
   -703.40122254
   -703.35034427
   -703.38925191
   -703.38887140
   -703.38373487
   -703.40302674
   -703.38038189
   -703.38779974
   -703.40060040
   -703.37899527
   -703.39561904
   -703.39950405
   -703.37131541
   -703.37558700
   -703.35279225
   -703.35997845
   -703.39949517
   -703.39342643
   -703.37741376
   -703.41229242
   -703.37508441
   -703.38842998
   -703.41388172
   -703.38105775
   -703.37842787
   -703.38937087
   -703.38699947
   -703.37550297
   -703.37205883
   -703.40542394
   -703.38435297
   -703.40038663
   -703.37001027
   -703.39839444
   -703.35600936
   -703.37957038
   -703.38456717
   -703.35924267
   -703.37442812
   -703.40218222
   -703.38236865
   -703.38906829
   -703.39300809
   -703.38481057
   -703.41172697
   -703.40415919
   -703.42165298
   -703.39668144
   -703.38451695
   -703.39642196
   -703.39642549
   -703.40289936
   -703.36703909
   -703.39812194
   -703.40971550
   -703.41276843
   -703.35685558
   -703.39520560
   -703.36194523
   -703.36152451
   -703.38420383
   -703.38871503
   -703.41134412
   -703.40220016
   -703.37499980
   -703.43007285
   -703.41487924
   -703.36783906
   -703.31188650
   -703.37573037
   -703.37336519
   -703.37968657
   -703.41597141
   -703.39298342
   -703.37970464
   -703.40393549
   -703.40595884
   -703.37213672
   -703.38587263
   -703.38735552
   -703.39607422
   -703.37084994
   -703.36980605
   -703.39394865
   -703.37796847
   -703.40510363
   -703.39068801
   -703.39718545
   -703.39370979
   -703.33137169
   -703.40915994
   -703.38801920
   -703.37236731
   -703.31355166
   -703.36267997
   -703.38589687
   -703.37001837
   -703.40765466
   -703.33982347
   -703.39605013
   -703.31927416
   -703.39307102
   -703.32389461
   -703.39336671
   -703.37259000
   -703.39723997
   -703.41750364
   -703.36813154
   -703.38315809
   -703.40361623
   -703.40769544
   -703.38493201
   -703.39942385
   -703.38452473
   -703.39205176
   -703.39993816
   -703.40209528
   -703.38303218
   -703.41809429
   -703.37031127
   -703.40432238
   -703.40888569
   -703.35794136
   -703.40088904
   -703.38483839
   -703.39128317
   -703.36640914
   -703.39052501
   -703.36524422
   -703.38800786
   -703.37711378
   -703.39271642
   -703.39034127
   -703.39343651
   -703.40041236
   -703.36642801
   -703.38802799
   -703.37890304
   -703.39062873
   -703.37896832
   -703.41250799
   -703.37468158
   -703.41321182
   -703.41160123
   -703.39865175
   -703.38606827
   -703.37514230
   -703.38615382
   -703.40571598
   -703.39764636
   -703.41066426
   -703.37281006
   -703.38081394
   -703.36020072
   -703.37468358
   -703.36341726
   -703.37696773
   -703.37719708
   -703.38261798
   -703.37957519
   -703.37443056
   -703.40232463
   -703.41058913
   -703.39439304
   -703.36109521
   -703.40503652
   -703.40168990
   -703.41249013
   -703.41913586
   -703.40848990
   -703.39417259
   -703.35767940
   -703.39852735
   -703.37451277
   -703.39783814
   -703.40248507
   -703.41579691
   -703.38359484
   -703.39340603
   -703.38528756
   -703.39864701
   -703.39643494
   -703.39519360
   -703.38920880
   -703.38235111
   -703.37323000
   -703.37428253
   -703.38365810
   -703.39174113
   -703.40812637
   -703.38420732
   -703.38674118
   -703.39919825
   -703.28529261
   -703.40064536
   -703.39484789
   -703.40647018
   -703.39256102
   -703.36626400
   -703.40563901
   -703.40648950
   -703.39574835
   -703.35845429
   -703.39936732
   -703.38004212
   -703.39862257
   -703.37995654
   -703.38939695
   -703.39693209
   -703.40194356
   -703.37884097
   -703.38475785
   -703.40262129
   -703.37338019
   -703.39388393
   -703.38088920
   -703.40241070
   -703.37937212
   -703.38167046
   -703.38075234
   -703.39549627
   -703.39807064
   -703.40418806
   -703.39753212
   -703.36267892
   -703.41010961
   -703.39507867
   -703.42170779
   -703.29864657
   -703.36433130
   -703.41123738
   -703.38816815
   -703.38982567
   -703.40520473
   -703.39324539
   -703.39906925
   -703.37928042
   -703.39712970
   -703.36981859
   -703.36560733
   -703.38345119
   -703.41162963
   -703.42251407
   -703.38250379
   -703.36867228
   -703.36874541
   -703.41428774
   -703.40348905
   -703.39572961
   -703.38321257
   -703.40730331
   -703.41628764
   -703.36285444
   -703.39454267
   -703.41337888
   -703.37828742
   -703.40618658
   -703.39108509
   -703.38707806
   -703.37881114
   -703.36697620
   -703.40266159
   -703.39055677
   -703.39378949
   -703.39154686
   -703.39991185
   -703.38198258
   -703.38974191
   -703.32974582
   -703.40414316
   -703.40978580
   -703.37174688
   -703.38196328
   -703.39816530
   -703.42134666
   -703.41530986
   -703.26753940
   -703.39909656
   -703.40632638
   -703.42246746
   -703.39794449
   -703.36288817
   -703.40430200
   -703.39872725
   -703.35690007
   -703.43014077
   -703.40666993
   -703.40109056
   -703.39248976
   -703.40227823
   -703.37190597
   -703.40695709
   -703.40358183
   -703.41813916
   -703.39231918
   -703.41217598
   -703.38420481
   -703.37910343
   -703.34639200
   -703.38948666
   -703.37050556
   -703.31708229
   -703.37683517
   -703.38268747
   -703.39713655
   -703.34447912
   -703.39769788
   -703.38525787
   -703.37963689
   -703.42275404
   -703.38108794
   -703.37606049
   -703.37798113
   -703.37050518
   -703.38103910
   -703.40087834
   -703.39951444
   -703.37294893
   -703.37531285
   -703.39921299
   -703.39487287
   -703.41214549
   -703.41801868
   -703.38882763
   -703.33458882
   -703.39013805
   -703.39298152
   -703.37390016
   -703.38886907
   -703.40051989
   -703.38270018
   -703.41408042
   -703.33976731
   -703.38536685
   -703.35503951
   -703.40102388
   -703.37657410
   -703.37402198
   -703.37751130
   -703.40557119
   -703.38643973
   -703.37967553
   -703.35947428
   -703.42042359
   -703.39044674
   -703.38641395
   -703.42031682
   -703.36941523
   -703.39477462
   -703.38240105
   -703.39377230
   -703.37612371
   -703.40156752
   -703.41326213
   -703.40093198
   -703.40868124
   -703.35377912
   -703.38472154
   -703.38671469
   -703.39268287
   -703.40080596
   -703.28553913
   -703.36721933
   -703.37224621
   -703.40630324
   -703.39087559
   -703.39471389
   -703.41082153
   -703.37385084
   -703.41025324
   -703.39530456
   -703.38252171
   -703.40125473
   -703.39232177
   -703.36539530
   -703.38386456
   -703.39445559
   -703.38409275
   -703.37693310
   -703.38720986
   -703.38143934
   -703.40466598
   -703.38385380
   -703.40113020
   -703.39227009
   -703.37741850
   -703.35385793
   -703.41346334
   -703.36336256
   -703.42571447
   -703.40274731
   -703.41000036
   -703.38962052
   -703.39071882
   -703.37612609
   -703.37784297
   -703.40407984
   -703.40136748
   -703.37969683
   -703.38390763
   -703.40042778
   -703.40841027
   -703.39323196
   -703.38497803
   -703.38882225
   -703.38226628
   -703.40175151
   -703.37584590
   -703.40089953
   -703.38833403
   -703.37174765
   -703.35137241
   -703.39130074
   -703.39299109
   -703.40116557
   -703.40008516
   -703.37721150
   -703.36645206
   -703.38793896
   -703.39278428
   -703.42278948
   -703.38758334
   -703.37751423
   -703.39426101
   -703.36637440
   -703.41774261
   -703.37643262
   -703.36699016
   -703.36470109
   -703.39597915
   -703.37734833
   -703.38968917
   -703.38096262
   -703.38082641
   -703.37903436
   -703.42571172
   -703.34944976
   -703.41770091
   -703.38828532
   -703.39246261
   -703.40809565
   -703.39102964
   -703.37587347
   -703.39813155
   -703.38634965
   -703.38775033
   -703.41581413
   -703.39402698
   -703.35722545
   -703.39944517
   -703.40588294
   -703.34496248
   -703.39014457
   -703.36351177
   -703.37981707
   -703.39736698
   -703.34252679
   -703.40159546
   -703.36837583
   -703.39474379
   -703.38181531
   -703.36724417
   -703.40388526
   -703.39541735
   -703.38258115
   -703.38100327
   -703.38139829
   -703.38226045
   -703.40600698
   -703.38799166
   -703.36899968
   -703.38621673
   -703.40516503
   -703.36956418
   -703.36716750
   -703.40886934
   -703.42409434
   -703.32978519
   -703.37850089
   -703.35080281
   -703.33658747
   -703.38091100
   -703.37847073
   -703.37409239
   -703.31782195
   -703.34103445
   -703.40515226
   -703.42165530
   -703.41553021
   -703.41445922
   -703.40736470
   -703.40464531
   -703.37010239
   -703.41239569
   -703.40549757
   -703.35482831
   -703.38998550
   -703.40445850
   -703.39560127
   -703.37682993
   -703.40049189
   -703.36431583
   -703.36767002
   -703.39809574
   -703.40012193
   -703.41977498
   -703.38138256
   -703.39274829
   -703.40314743
   -703.38656482
   -703.37533026
   -703.41223727
   -703.41100945
   -703.37029234
   -703.41705195
   -703.39622201
   -703.40178337
   -703.36081590
   -703.39541516
   -703.38318506
   -703.38873711
   -703.40437444
   -703.39926884
   -703.37192267
   -703.38104178
   -703.41476744
   -703.41952000
   -703.42166613
   -703.41872397
   -703.38208480
   -703.40517144
   -703.38933819
   -703.31601002
   -703.38665734
   -703.41341890
   -703.37400233
   -703.41163918
   -703.37863369
   -703.39815919
   -703.37189075
   -703.41074922
   -703.38372785
   -703.37486079
   -703.38724503
   -703.35866217
   -703.37256028
   -703.37907654
   -703.35835438
   -703.39149597
   -703.40725316
   -703.40812860
   -703.38772216
   -703.38193404
   -703.40799127
   -703.40582260
   -703.37547862
   -703.34888873
   -703.41047775
   -703.38988662
   -703.34152253
   -703.39346380
   -703.40691716
   -703.40945743
   -703.41627077
   -703.40224220
   -703.36936386
   -703.38643581
   -703.39387351
   -703.39631187
   -703.40802433
   -703.40304871
   -703.38102019
   -703.35096510
   -703.29735437
   -703.37332016
   -703.35939726
   -703.40050743
   -703.37794111
   -703.38240025
   -703.38589662
   -703.39754995
   -703.39176217
   -703.39772513
   -703.36845707
   -703.41305007
   -703.38151072
   -703.40704417
   -703.40068038
   -703.39915313
   -703.39348236
   -703.38744250
   -703.39497925
   -703.37892910
   -703.39696015
   -703.38946577
   -703.38860915
   -703.41063732
   -703.38560764
   -703.37632901
   -703.40338528
   -703.39090986
   -703.40476015
   -703.37236915
   -703.38003252
   -703.37061216
   -703.37913462
   -703.38578611
   -703.39592370
   -703.37956803
   -703.41213499
   -703.40893648
   -703.36756338
   -703.39827045
   -703.34942238
   -703.38605214
   -703.39485054
   -703.39781717
   -703.37499023
   -703.41796699
   -703.35981628
   -703.31208069
   -703.33610652
   -703.41204816
   -703.41278282
   -703.37683173
   -703.37831551
   -703.41201852
   -703.42304363
   -703.39528164
   -703.39788842
   -703.36671616
   -703.39442474
   -703.37448563
   -703.38970745
   -703.40905062
   -703.41915284
   -703.40070784
   -703.40622360
   -703.40706622
   -703.40199516
   -703.35766781
   -703.39630371
   -703.40826289
   -703.36788264
   -703.38400495
   -703.38775269
   -703.39901063
   -703.31077754
   -703.39138508
   -703.37269730
   -703.42026782
   -703.38691340
   -703.39839775
   -703.40822486
   -703.38883368
   -703.38973339
   -703.39469186
   -703.38455384
   -703.39834953
   -703.39405362
   -703.40181252
   -703.40934698
   -703.37202734
   -703.40684268
   -703.38114326
   -703.37945080
   -703.40217659
   -703.32528389
   -703.37100385
   -703.37420986
   -703.35441318
   -703.37923026
   -703.40288756
   -703.38820455
   -703.40528301
   -703.38495747
   -703.40207550
   -703.37220342
   -703.38018519
   -703.36524038
   -703.41146884
   -703.38100507
   -703.39863309
   -703.40665501
   -703.36932782
   -703.38608810
   -703.39887242
   -703.38286749
   -703.38637460
   -703.39307964
   -703.39710596
   -703.37078593
   -703.39165878
   -703.39259441
   -703.37947446
   -703.39253365
   -703.39588918
   -703.35902482
   -703.42169792
   -703.38212431
   -703.37861851
   -703.34492143
   -703.37525758
   -703.36402761
   -703.39640757
   -703.41347575
   -703.39269524
   -703.40016906
   -703.39296613
   -703.39208820
   -703.36963229
   -703.39233649
   -703.40222995
   -703.38809316
   -703.38663542
   -703.39976563
   -703.38562085
   -703.33793775
   -703.40929250
   -703.40114876
   -703.40956615
   -703.38298732
   -703.39532997
   -703.36507793
   -703.39968350
   -703.40032031
   -703.37438591
   -703.42059735
   -703.26881726
   -703.31043082
   -703.35830121
   -703.38058071
   -703.40682803
   -703.40657236
   -703.40111566
   -703.40366131
   -703.40629489
   -703.36463904
   -703.43388762
   -703.39506103
   -703.37003110
   -703.37488428
   -703.37379382
   -703.38672448
   -703.39306276
   -703.38860184
   -703.37838097
   -703.41252860
   -703.41574054
   -703.40191021
   -703.36633336
   -703.37074507
   -703.36908170
   -703.39306537
   -703.40334163
   -703.39574601
   -703.40124373
   -703.39119686
   -703.36061874
   -703.36357529
   -703.41449057
   -703.42211817
   -703.37628261
   -703.41947897
   -703.40026597
   -703.34334928
   -703.40447021
   -703.37176355
   -703.39920999
   -703.40432853
   -703.37072904
   -703.41104745
   -703.38596456
   -703.38372737
   -703.39710617
   -703.36979265
   -703.39787529
   -703.38731209
   -703.39167055
   -703.39546726
   -703.41979458
   -703.40600868
   -703.41344340
   -703.37977258
   -703.39560976
   -703.38578564
   -703.41706393
   -703.41488097
   -703.38331940
   -703.37920415
   -703.37505953
   -703.38363083
   -703.38104683
   -703.38907565
   -703.38040344
   -703.39441850
   -703.39456778
   -703.36022046
   -703.39566673
   -703.39423955
   -703.39966033
   -703.36993194
   -703.42083742
   -703.37908941
   -703.40122818
   -703.40419169
   -703.35781764
   -703.39043133
   -703.37291839
   -703.39353670
   -703.38014117
   -703.41759566
   -703.41838118
   -703.41704945
   -703.39116919
   -703.40365276
   -703.38276762
   -703.40783002
   -703.40423470
   -703.30457720
   -703.40788974
   -703.38964316
   -703.40738055
   -703.38765985
   -703.38613398
   -703.39750921
   -703.40749467
   -703.38804745
   -703.39134595
   -703.40332821
   -703.39860595
   -703.38770187
   -703.38797240
   -703.38791288
   -703.40728988
   -703.40018651
   -703.37866169
   -703.39117133
   -703.40080524
   -703.39590707
   -703.38516468
   -703.36859746
   -703.40003418
   -703.38492643
   -703.36433693
   -703.38190615
   -703.26429351
   -703.40088259
   -703.37071017
   -703.40482603
   -703.38830527
   -703.40590437
   -703.36802331
   -703.41066701
   -703.39488370
   -703.35520862
   -703.39869421
   -703.42340308
   -703.38787721
   -703.40240397
   -703.37170435
   -703.42113593
   -703.38973320
   -703.36501130
   -703.33172643
   -703.40510930
   -703.40757335
   -703.41425016
   -703.37098275
   -703.24429815
   -703.34878685
   -703.40898849
   -703.27642205
   -703.38274708
   -703.40869106
   -703.33819325
   -703.36411825
   -703.35676316
   -703.42484039
   -703.41393848
   -703.40103425
   -703.38459790
   -703.41923474
   -703.41220837
   -703.38104166
   -703.38715559
   -703.39602860
   -703.38396052
   -703.39489999
   -703.42096988
   -703.41018255
   -703.38223699
   -703.39965768
   -703.39465526
   -703.38389554
   -703.41918698
   -703.34612418
   -703.39964950
   -703.37474244
   -703.40135058
   -703.40764976
   -703.38158686
   -703.39105378
   -703.39071471
   -703.40511201
   -703.40046613
   -703.39116837
   -703.38009754
   -703.33390362
   -703.38204532
   -703.39888477
   -703.38859083
   -703.40591969
   -703.30278601
   -703.38934343
   -703.38987921
   -703.40688723
   -703.40765892
   -703.36457305
   -703.38088915
   -703.36543873
   -703.40841523
   -703.36081650
   -703.36429222
   -703.35980485
   -703.36643739
   -703.37179724
   -703.39294022
   -703.38143808
   -703.40064615
   -703.41947536
   -703.40410664
   -703.36597838
   -703.40755732
   -703.40023619
   -703.39139448
   -703.41158549
   -703.37601033
   -703.37803182
   -703.40828300
   -703.35123489
   -703.41067188
   -703.40499367
   -703.37480792
   -703.35237995
   -703.39259953
   -703.37780914
   -703.36481188
   -703.40392383
   -703.37849588
   -703.37600196
   -703.35488605
   -703.37415960
   -703.39129155
   -703.38589313
   -703.40012165
   -703.35507891
   -703.41644545
   -703.37049700
   -703.39455300
   -703.35324949
   -703.39079960
   -703.35943770
   -703.34525690
   -703.40251542
   -703.38821849
   -703.40259254
   -703.38535618
   -703.38271956
   -703.39627809
   -703.37068784
   -703.36567442
   -703.39994045
   -703.38010425
   -703.38329109
   -703.35066473
   -703.38076041
   -703.42855260
   -703.39172389
   -703.38607528
   -703.35600500
   -703.42062410
   -703.35818475
   -703.36144453
   -703.38641494
   -703.37916561
   -703.38313553
   -703.37035851
   -703.40574756
   -703.40521619
   -703.41544939
   -703.35045723
   -703.42547248
   -703.36486075
   -703.38865104
   -703.37261469
   -703.36350257
   -703.40115283
   -703.35707569
   -703.38916866
   -703.35963390
   -703.41268429
   -703.39458056
   -703.39465425
   -703.41353747
   -703.38113087
   -703.40591239
   -703.38698265
   -703.38622399
   -703.36344098
   -703.39628103
   -703.37896493
   -703.38255003
   -703.37570947
   -703.38162252
   -703.40587181
   -703.39729709
   -703.39873221
   -703.39905331
   -703.38918055
   -703.37952782
   -703.38492826
   -703.39477571
   -703.38247395
   -703.40412859
   -703.40709753
   -703.39255891
   -703.39256411
   -703.38690768
   -703.37797066
   -703.36611905
   -703.37249190
   -703.37787875
   -703.38944204
   -703.36272119
   -703.39803812
   -703.40177241
   -703.42039285
   -703.41979210
   -703.36737949
   -703.36704248
   -703.36088441
   -703.38857567
   -703.40191243
   -703.41012415
   -703.37334241
   -703.38877931
   -703.34690763
   -703.40982009
   -703.41221439
   -703.42499750
   -703.41136711
   -703.37061395
   -703.35573365
   -703.38664046
   -703.37457594
   -703.39671168
   -703.40810299
   -703.39778033
   -703.39864371
   -703.35017342
   -703.37795728
   -703.34290869
   -703.40354704
   -703.37786753
   -703.39288462
   -703.38623038
   -703.38293766
   -703.37489916
   -703.31545095
   -703.37695061
   -703.41035550
   -703.39500247
   -703.40037820
   -703.40217120
   -703.40121368
   -703.38411853
   -703.41592344
   -703.38456623
   -703.41799884
   -703.39122975
   -703.39439164
   -703.37863049
   -703.39628024
   -703.34773534
   -703.38465065
   -703.39010776
   -703.39172683
   -703.37889223
   -703.34400530
   -703.40843788
   -703.37116358
   -703.39158568
   -703.35361911
   -703.34488038
   -703.38766594
   -703.34624535
   -703.39828926
   -703.41377733
   -703.40875526
   -703.38785749
   -703.39605821
   -703.37368869
   -703.37612660
   -703.39343719
   -703.35487300
   -703.39818780
   -703.41172958
   -703.40760309
   -703.40869315
   -703.38319090
   -703.38487816
   -703.37996028
   -703.33444777
   -703.39512002
   -703.37350024
   -703.37316885
   -703.39300335
   -703.39085127
   -703.39968990
   -703.38165247
   -703.39266536
   -703.40105035
   -703.33644193
   -703.38307189
   -703.38043130
   -703.38398247
   -703.40669219
   -703.37159734
   -703.43058728
   -703.41354150
   -703.40615210
   -703.37242933
   -703.41286672
   -703.36902279
   -703.38026106
   -703.39746589
   -703.38052426
   -703.35094531
   -703.29036982
   -703.36233704
   -703.39269567
   -703.39267596
   -703.38916603
   -703.38680064
   -703.38719550
   -703.41560889
   -703.41530597
   -703.30840386
   -703.40804572
   -703.37863543
   -703.37244657
   -703.40736156
   -703.37424747
   -703.41055435
   -703.38069636
   -703.39583759
   -703.39304150
   -703.39721934
   -703.36854203
   -703.40748312
   -703.38027458
   -703.37906551
   -703.40407944
   -703.38042911
   -703.39630300
   -703.40239659
   -703.38401273
   -703.35366362
   -703.38971606
   -703.39061004
   -703.40097828
   -703.36916268
   -703.38899113
   -703.39541761
   -703.39368373
   -703.34486268
   -703.35213071
   -703.36953693
   -703.38210035
   -703.36809217
   -703.37876744
   -703.41865217
   -703.40814895
   -703.39472883
   -703.41992680
   -703.37565268
   -703.37212729
   -703.37880763
   -703.35208545
   -703.35303810
   -703.40796004
   -703.39207031
   -703.37337658
   -703.37175500
   -703.34450489
   -703.38013002
   -703.36133613
   -703.38668750
   -703.38120718
   -703.37036772
   -703.40797744
   -703.37180119
   -703.29216783
   -703.40947124
   -703.36639118
   -703.38456234
   -703.37356892
   -703.38672248
   -703.38649387
   -703.39490083
   -703.39223651
   -703.36703177
   -703.39697541
   -703.39239204
   -703.39596376
   -703.40387488
   -703.37398386
   -703.41742860
   -703.36469377
   -703.39284201
   -703.37427889
   -703.39170579
   -703.39926071
   -703.35076546
   -703.39401719
   -703.40952128
   -703.39495875
   -703.39503792
   -703.39752973
   -703.38244201
   -703.41335366
   -703.40643977
   -703.36378959
   -703.39356863
   -703.35478108
   -703.40551757
   -703.40881532
   -703.38053281
   -703.37942536
   -703.37566793
   -703.27990660
   -703.38781216
   -703.37871322
   -703.38733128
   -703.38768549
   -703.39602503
   -703.37904193
   -703.37649061
   -703.36645921
   -703.37899420
   -703.39698474
   -703.36944028
   -703.39790220
   -703.33233705
   -703.39040549
   -703.37795321
   -703.37899033
   -703.39434882
   -703.41137302
   -703.38910015
   -703.38530976
   -703.39063698
   -703.42728333
   -703.35719964
   -703.36336997
   -703.39038429
   -703.40761799
   -703.36618693
   -703.41155487
   -703.38892550
   -703.38822191
   -703.37890483
   -703.38811291
   -703.39544763
   -703.38550950
   -703.40487099
   -703.39278160
   -703.40325593
   -703.37981189
   -703.36901925
   -703.40566310
   -703.38390543
   -703.39104989
   -703.37761695
   -703.38322890
   -703.36267852
   -703.38543896
   -703.38446454
   -703.37744228
   -703.40209528
   -703.40310286
   -703.37626163
   -703.35004573
   -703.37864443
   -703.38056992
   -703.39420033
   -703.38902803
   -703.37597018
   -703.39032379
   -703.40754255
   -703.38052207
   -703.41484366
   -703.36470043
   -703.36541728
   -703.35601950
   -703.36602927
   -703.40509046
   -703.45126931
   -703.39553526
   -703.39766785
   -703.40042388
   -703.40407903
   -703.39367575
   -703.38509908
   -703.40613104
   -703.42782434
   -703.40531470
   -703.39514520
   -703.36489513
   -703.37014805
   -703.38957535
   -703.35455933
   -703.36200301
   -703.39279646
   -703.38629643
   -703.39877065
   -703.40016052
   -703.37103108
   -703.40999091
   -703.38631734
   -703.37326792
   -703.37947048
   -703.35587945
   -703.39977066
   -703.38970834
   -703.38735369
   -703.39389588
   -703.39703812
   -703.38144642
   -703.35146980
   -703.38456802
   -703.36362286
   -703.40093767
   -703.37063952
   -703.40157419
   -703.39435056
   -703.36871259
   -703.37756419
   -703.40263646
   -703.39446462
   -703.40644271
   -703.38596401
   -703.42735300
   -703.38857707
   -703.38198664
   -703.41288771
   -703.41100129
   -703.35966687
   -703.39350264
   -703.39562845
   -703.39823844
   -703.40836673
   -703.40241597
   -703.39558993
   -703.38899716
   -703.38403012
   -703.39276727
   -703.36213225
   -703.37790557
   -703.38822148
   -703.38178283
   -703.37398983
   -703.36289642
   -703.38029751
   -703.34751715
   -703.36123445
   -703.38172606
   -703.40639918
   -703.36564092
   -703.39155742
   -703.38317204
   -703.37168297
   -703.40606565
   -703.39004551
   -703.39527445
   -703.39304908
   -703.38392931
   -703.37114183
   -703.40680577
   -703.38463540
   -703.37765444
   -703.41459941
   -703.38267073
   -703.39936100
   -703.40586823
   -703.36946926
   -703.40000443
   -703.38871748
   -703.39303694
   -703.36693016
   -703.39772982
   -703.40492581
   -703.38826157
   -703.39207147
   -703.32003807
   -703.36737789
   -703.41166243
   -703.40291028
   -703.31887460
   -703.38843206
   -703.27311176
   -703.41426054
   -703.41984622
   -703.39438182
   -703.39447941
   -703.37101384
   -703.36314347
   -703.37629192
   -703.38722098
   -703.40235971
   -703.27984000
   -703.36955752
   -703.35903594
   -703.40869849
   -703.40920238
   -703.40870288
   -703.34995489
   -703.37166402
   -703.39981052
   -703.41685969
   -703.38135999
   -703.36195695
   -703.38617165
   -703.39596109
   -703.33038939
   -703.39053367
   -703.39474533
   -703.38752829
   -703.39805836
   -703.36463000
   -703.36692227
   -703.39844142
   -703.41908318
   -703.38584084
   -703.39913649
   -703.39792675
   -703.40632394
   -703.40266611
   -703.40705265
   -703.41509071
   -703.37390963
   -703.38500856
   -703.37836714
   -703.40899123
   -703.37379341
   -703.34745430
   -703.38516667
   -703.40015330
   -703.40079095
   -703.34989709
   -703.41087564
   -703.41515962
   -703.38884457
   -703.37653720
   -703.37045938
   -703.42753061
   -703.39891912
   -703.39413704
   -703.36544305
   -703.42297957
   -703.38969905
   -703.39117507
   -703.39797219
   -703.41197079
   -703.40968828
   -703.40484825
   -703.41157572
   -703.40834806
   -703.39645935
   -703.36140066
   -703.38375803
   -703.40943138
   -703.37398250
   -703.34835090
   -703.38228081
   -703.36265402
   -703.36816672
   -703.24736074
   -703.40311534
   -703.41803742
   -703.39705693
   -703.36365243
   -703.37648359
   -703.39597481
   -703.37237386
   -703.37830501
   -703.39792186
   -703.39681909
   -703.38026165
   -703.37508701
   -703.39109863
   -703.41247251
   -703.39013805
   -703.36921877
   -703.41603265
   -703.40283040
   -703.37702775
   -703.37489736
   -703.38968770
   -703.37243316
   -703.40433972
   -703.41658444
   -703.38459765
   -703.38113746
   -703.38717788
   -703.39415404
   -703.39210753
   -703.41632759
   -703.39742153
   -703.41273047
   -703.38756029
   -703.39240635
   -703.40136816
   -703.41139240
   -703.39480850
   -703.36161548
   -703.41236934
   -703.39662078
   -703.38573697
   -703.43179674
   -703.39394310
   -703.39138403
   -703.39865309
   -703.36444438
   -703.41695465
   -703.36774173
   -703.38203795
   -703.40523622
   -703.31471869
   -703.38446743
   -703.33871099
   -703.37062187
   -703.39749351
   -703.26258832
   -703.40446912
   -703.39915470
   -703.41314546
   -703.39540526
   -703.36094301
   -703.36962732
   -703.39790726
   -703.40709376
   -703.40130626
   -703.41468414
   -703.37142095
   -703.40149092
   -703.39409078
   -703.38565728
   -703.39767378
   -703.36090113
   -703.38561867
   -703.38982758
   -703.37714876
   -703.38790237
   -703.43096976
   -703.41414336
   -703.38267933
   -703.37403663
   -703.39672433
   -703.36561585
   -703.40407758
   -703.40505044
   -703.35806533
   -703.36773121
   -703.37952701
   -703.39137707
   -703.41353800
   -703.37066170
   -703.37400811
   -703.39343819
   -703.36019716
   -703.38698133
   -703.40352459
   -703.40036714
   -703.39857046
   -703.40124894
   -703.34003591
   -703.39802040
   -703.41561829
   -703.39937836
   -703.38040379
   -703.41023197
   -703.36926598
   -703.37254383
   -703.34794492
   -703.36515111
   -703.40474271
   -703.38248667
   -703.37281031
   -703.38487569
   -703.38861865
   -703.38872324
   -703.40438103
   -703.38902822
   -703.40302285
   -703.38985370
   -703.37880038
   -703.36609640
   -703.39973718
   -703.40392414
   -703.35351521
   -703.38715827
   -703.39296316
   -703.37881369
   -703.35584359
   -703.40823646
   -703.38674863
   -703.38354282
   -703.29227459
   -703.35558711
   -703.39835577
   -703.41515970
   -703.37788667
   -703.37524372
   -703.40336198
   -703.41098014
   -703.36388695
   -703.40220478
   -703.37793841
   -703.38282442
   -703.35733775
   -703.39415360
   -703.36091351
   -703.39515545
   -703.38044590
   -703.40251033
   -703.42263769
   -703.26028879
   -703.40252937
   -703.33420759
   -703.32159433
   -703.39755250
   -703.38542685
   -703.39532390
   -703.28095627
   -703.39185323
   -703.39682701
   -703.41578258
   -703.39345632
   -703.41000578
   -703.40530696
   -703.38171786
   -703.37811357
   -703.40052431
   -703.41636760
   -703.39793321
   -703.38903727
   -703.30692250
   -703.41229892
   -703.31992984
   -703.39694727
   -703.37040759
   -703.38281928
   -703.37341068
   -703.39654368
   -703.40935174
   -703.40260160
   -703.36916783
   -703.38365732
   -703.39181800
   -703.31650445
   -703.38501547
   -703.39964998
   -703.36998938
   -703.40014212
   -703.39103159
   -703.41100128
   -703.31012835
   -703.38496648
   -703.39005267
   -703.39992523
   -703.38204887
   -703.41532792
   -703.37307372
   -703.36271846
   -703.40000512
   -703.42899336
   -703.38996023
   -703.41527982
   -703.40535911
   -703.36163560
   -703.40958030
   -703.42500414
   -703.40776566
   -703.39805544
   -703.41189141
   -703.40697528
   -703.39888035
   -703.39091981
   -703.37944884
   -703.32901605
   -703.36369319
   -703.40371484
   -703.34261811
   -703.37915148
   -703.36551472
   -703.40062708
   -703.33333707
   -703.39802751
   -703.40581119
   -703.41185739
   -703.38468042
   -703.36348149
   -703.39811705
   -703.37566506
   -703.36971818
   -703.38772582
   -703.38723665
   -703.39203806
   -703.26544735
   -703.40574768
   -703.41694961
   -703.40496868
   -703.40643639
   -703.39966212
   -703.27667370
   -703.39182167
   -703.42891752
   -703.38402484
   -703.39157082
   -703.39287562
   -703.44883975
   -703.40450175
   -703.36990286
   -703.36390154
   -703.38828284
   -703.39871309
   -703.38622141
   -703.39055531
   -703.38309485
   -703.36574937
   -703.38727693
   -703.29198575
   -703.38467070
   -703.36831230
   -703.39987372
   -703.38001593
   -703.26727574
   -703.37281802
   -703.38646264
   -703.38303464
   -703.38497455
   -703.38804135
   -703.39105209
   -703.37558807
   -703.38813281
   -703.40718429
   -703.41542246
   -703.38338347
   -703.38140631
   -703.39826616
   -703.39946429
   -703.40363937
   -703.41757115
   -703.39297954
   -703.37650343
   -703.37853165
   -703.28142582
   -703.39938038
   -703.37712396
   -703.35416882
   -703.37846160
   -703.36457806
   -703.36825962
   -703.41985942
   -703.34651070
   -703.39619048
   -703.41003339
   -703.40578463
   -703.40162361
   -703.39941136
   -703.39696270
   -703.38235747
   -703.38002967
   -703.40738613
   -703.38849345
   -703.40981016
   -703.41180022
   -703.38372868
   -703.40304985
   -703.42090107
   -703.38958143
   -703.36306755
   -703.35521817
   -703.36429535
   -703.36059589
   -703.37153930
   -703.35019930
   -703.35402047
   -703.36635346
   -703.38389730
   -703.40644386
   -703.39465217
   -703.39604449
   -703.39217344
   -703.42429647
   -703.40081049
   -703.40816278
   -703.37174409
   -703.36196250
   -703.38325094
   -703.39977816
   -703.42750164
   -703.39464345
   -703.38305326
   -703.35985667
   -703.40506871
   -703.37577225
   -703.39379374
   -703.37876793
   -703.40503722
   -703.39144423
   -703.36451179
   -703.33993976
   -703.38763500
   -703.41131877
   -703.38343005
   -703.36448001
   -703.37583716
   -703.40964956
   -703.38537803
   -703.40155255
   -703.36749853
   -703.35865702
   -703.37953753
   -703.37181019
   -703.40756559
   -703.35957289
   -703.38806988
   -703.42949245
   -703.40424234
   -703.37672862
   -703.39175332
   -703.39407868
   -703.37925965
   -703.41255469
   -703.39728932
   -703.39304897
   -703.37528487
   -703.34679607
   -703.39876263
   -703.39252749
   -703.38752844
   -703.40301240
   -703.40238777
   -703.36304878
   -703.39033735
   -703.39580898
   -703.37181279
   -703.37533670
   -703.38136759
   -703.28163426
   -703.38515291
   -703.37466830
   -703.40341332
   -703.38937635
   -703.36091605
   -703.29211632
   -703.36726840
   -703.40952124
   -703.40652774
   -703.36476660
   -703.39592522
   -703.39140386
   -703.39681542
   -703.40220035
   -703.37116336
   -703.39753833
   -703.36468145
   -703.40704583
   -703.37257101
   -703.27645426
   -703.40308076
   -703.41283922
   -703.39331099
   -703.40275012
   -703.38140145
   -703.39108438
   -703.37854862
   -703.39308540
   -703.39764046
   -703.39769150
   -703.39817250
   -703.37744525
   -703.30511154
   -703.40126761
   -703.41166753
   -703.38800455
   -703.39038223
   -703.40409609
   -703.35012812
   -703.38803796
   -703.39706261
   -703.38438395
   -703.35053180
   -703.38512544
   -703.37847632
   -703.39227386
   -703.36624934
   -703.39745808
   -703.36327488
   -703.38184599
   -703.35390087
   -703.37131304
   -703.37506690
   -703.41508499
   -703.36008415
   -703.41410363
   -703.41225224
   -703.41562857
   -703.39034166
   -703.40097508
   -703.36200077
   -703.38617783
   -703.40337097
   -703.39592747
   -703.40707973
   -703.40331650
   -703.39488784
   -703.38989614
   -703.30189024
   -703.38946601
   -703.38901857
   -703.37676851
   -703.35374306
   -703.40633081
   -703.39122307
   -703.42704866
   -703.38473597
   -703.37158088
   -703.40042775
   -703.40284224
   -703.37932443
   -703.40730754
   -703.36598737
   -703.42626712
   -703.36793932
   -703.39470202
   -703.37396449
   -703.39602435
   -703.35788826
   -703.42189701
   -703.35776783
   -703.40730114
   -703.40357306
   -703.37052330
   -703.40714441
   -703.41435666
   -703.38467545
   -703.41151412
   -703.42391398
   -703.37601278
   -703.39534136
   -703.38218326
   -703.34928201
   -703.39014192
   -703.37647391
   -703.39170830
   -703.39544384
   -703.41911532
   -703.38329607
   -703.36880543
   -703.40772331
   -703.36544901
   -703.30138563
   -703.38017400
   -703.33780710
   -703.38845403
   -703.38397451
   -703.38557953
   -703.41951246
   -703.38702666
   -703.32038975
   -703.38817131
   -703.38597986
   -703.38060145
   -703.39766484
   -703.40497197
   -703.36073081
   -703.38643323
   -703.39806919
   -703.37566660
   -703.40665801
   -703.36055709
   -703.35750380
   -703.36014945
   -703.40555615
   -703.40398027
   -703.38145678
   -703.39775731
   -703.37389348
   -703.39919441
   -703.40755149
   -703.39593797
   -703.42153752
   -703.39904701
   -703.39909865
   -703.38141359
   -703.38997084
   -703.35158351
   -703.39346201
   -703.39284468
   -703.39758677
   -703.37451740
   -703.24174814
   -703.42737304
   -703.38010679
   -703.37190139
   -703.36383401
   -703.36326527
   -703.41345590
   -703.41372209
   -703.37713862
   -703.38628985
   -703.35729037
   -703.39376641
   -703.40163062
   -703.40169568
   -703.39656459
   -703.41939290
   -703.35599714
   -703.41702843
   -703.37450497
   -703.38361742
   -703.38026827
   -703.35571811
   -703.41076283
   -703.39128987
   -703.39770104
   -703.38759304
   -703.35571862
   -703.39656889
   -703.40107820
   -703.37195697
   -703.40183814
   -703.38777972
   -703.37482932
   -703.37509468
   -703.40457816
   -703.39450972
   -703.39855039
   -703.38157452
   -703.40837348
   -703.39308967
   -703.38134995
   -703.37780643
   -703.37314167
   -703.37536879
   -703.40069784
   -703.38606426
   -703.38714373
   -703.37789038
   -703.40333832
   -703.34623115
   -703.36091324
   -703.37239546
   -703.38946567
   -703.39462822
   -703.39045667
   -703.37222988
   -703.41351668
   -703.40563292
   -703.40799215
   -703.35491175
   -703.40121343
   -703.35558894
   -703.38549890
   -703.39602050
   -703.39933734
   -703.34840597
   -703.38884250
   -703.39741514
   -703.35774219
   -703.34484737
   -703.41714961
   -703.41844652
   -703.39163798
   -703.39135368
   -703.37797044
   -703.40022428
   -703.40159581
   -703.38088630
   -703.38081844
   -703.41123518
   -703.37942834
   -703.41646033
   -703.38345369
   -703.39090193
   -703.40105671
   -703.39190818
   -703.41945509
   -703.27853910
   -703.38902661
   -703.37903202
   -703.39489679
   -703.35829297
   -703.36140355
   -703.39753199
   -703.42218289
   -703.33113533
   -703.38134392
   -703.37688598
   -703.39587493
   -703.40184870
   -703.37697570
   -703.39688095
   -703.42175292
   -703.37443275
   -703.40985459
   -703.40040742
   -703.35538724
   -703.41218340
   -703.39703278
   -703.38400110
   -703.39660584
   -703.38128757
   -703.38592226
   -703.39790960
   -703.40618468
   -703.41153421
   -703.40118044
   -703.39632068
   -703.42235582
   -703.41177280
   -703.41982483
   -703.41088005
   -703.39562342
   -703.39015647
   -703.40818277
   -703.41027615
   -703.37525874
   -703.39972882
   -703.39497771
   -703.39260152
   -703.40185192
   -703.37374584
   -703.38368155
   -703.39354954
   -703.30487373
   -703.40079907
   -703.38329784
   -703.32250168
   -703.39847526
   -703.31015432
   -703.39263636
   -703.40386158
   -703.40215131
   -703.37049875
   -703.41506245
   -703.41475000
   -703.36585531
   -703.38357194
   -703.37445776
   -703.32057203
   -703.41420428
   -703.41324433
   -703.38237587
   -703.41646024
   -703.40200754
   -703.40655771
   -703.35960026
   -703.39626623
   -703.40614774
   -703.37473390
   -703.38367230
   -703.41721890
   -703.37496362
   -703.41248350
   -703.40832548
   -703.38084339
   -703.36636233
   -703.37764583
   -703.37892695
   -703.39167161
   -703.38072858
   -703.37305668
   -703.41077816
   -703.40504052
   -703.33981272
   -703.39581130
   -703.37372766
   -703.39012810
   -703.40453343
   -703.40435035
   -703.39418341
   -703.41708184
   -703.40126191
   -703.32266492
   -703.35319844
   -703.37353008
   -703.36302305
   -703.38772419
   -703.36970045
   -703.40969469
   -703.38877216
   -703.38198681
   -703.40747164
   -703.40643075
   -703.39603334
   -703.40398360
   -703.40112829
   -703.41068587
   -703.38565452
   -703.37314055
   -703.38175465
   -703.42747800
   -703.37948488
   -703.38773554
   -703.39454346
   -703.35926376
   -703.37881683
   -703.37915086
   -703.40150834
   -703.40246851
   -703.41404915
   -703.37597145
   -703.41081989
   -703.40937676
   -703.41266486
   -703.37491002
   -703.39529311
   -703.37824881
   -703.36006378
   -703.41828444
   -703.39631377
   -703.38599896
   -703.38783851
   -703.41198789
   -703.41253421
   -703.37834054
   -703.36521630
   -703.37517358
   -703.39765883
   -703.36751644
   -703.36684758
   -703.37085205
   -703.39115010
   -703.39715439
   -703.29016051
   -703.37873782
   -703.40119768
   -703.42034287
   -703.36827227
   -703.34157224
   -703.40369327
   -703.32141837
   -703.39309337
   -703.40799312
   -703.37866509
   -703.39668464
   -703.40478730
   -703.41541849
   -703.32496934
   -703.41646424
   -703.38301641
   -703.37291812
   -703.39393312
   -703.38322661
   -703.40691857
   -703.37897921
   -703.36937092
   -703.35467628
   -703.36959406
   -703.42816900
   -703.39616942
   -703.39397386
   -703.38579942
   -703.35853441
   -703.39552761
   -703.39515778
   -703.38590672
   -703.41966039
   -703.42144990
   -703.38472030
   -703.36306464
   -703.41714121
   -703.34120782
   -703.40561886
   -703.39214513
   -703.42398616
   -703.37030092
   -703.42666339
   -703.29396824
   -703.39882770
   -703.36368958
   -703.38752870
   -703.36468178
   -703.42299475
   -703.37088161
   -703.37794915
   -703.41144404
   -703.39257797
   -703.40193759
   -703.38820492
   -703.29729109
   -703.37491479
   -703.38548943
   -703.41132765
   -703.38820985
   -703.38574355
   -703.40085049
   -703.39394052
   -703.42083338
   -703.36183212
   -703.40421712
   -703.40443525
   -703.39370569
   -703.39127481
   -703.37318353
   -703.39776776
   -703.40320719
   -703.38374397
   -703.35944276
   -703.36376011
   -703.40285156
   -703.39558920
   -703.37221160
   -703.39463321
   -703.28220476
   -703.41312080
   -703.37638619
   -703.40735607
   -703.39417988
   -703.35658583
   -703.38091279
   -703.37491706
   -703.38987586
   -703.41400478
   -703.39308945
   -703.39991347
   -703.37025600
   -703.40188487
   -703.37620305
   -703.40476812
   -703.33279088
   -703.38940591
   -703.38641910
   -703.34636069
   -703.34090153
   -703.37415354
   -703.38780323
   -703.36367355
   -703.39544011
   -703.40848978
   -703.39885181
   -703.40067047
   -703.40433150
   -703.40871357
   -703.41063912
   -703.38971684
   -703.40148106
   -703.37783895
   -703.41897575
   -703.39981860
   -703.37217970
   -703.37784128
   -703.39354248
   -703.38104918
   -703.34341984
   -703.37495639
   -703.40100414
   -703.41078513
   -703.37009502
   -703.39504971
   -703.41213247
   -703.37155968
   -703.41233395
   -703.36491855
   -703.40096921
   -703.36443500
   -703.40597063
   -703.41418841
   -703.40653222
   -703.37305249
   -703.40810938
   -703.38442571
   -703.37565059
   -703.37188376
   -703.37306885
   -703.39473151
   -703.38126063
   -703.40573039
   -703.36070781
   -703.40171644
   -703.40764342
   -703.39895036
   -703.41093086
   -703.36116860
   -703.36976222
   -703.41103934
   -703.35462585
   -703.38998165
   -703.38223514
   -703.38280846
   -703.37996740
   -703.37148540
   -703.38227154
   -703.37160811
   -703.42532635
   -703.38371561
   -703.33919924
   -703.38625947
   -703.42037811
   -703.37644767
   -703.39461948
   -703.39598257
   -703.36126034
   -703.38058859
   -703.38736100
   -703.37590291
   -703.35387348
   -703.38801164
   -703.38461783
   -703.39993534
   -703.40625168
   -703.39278425
   -703.39479033
   -703.38043231
   -703.33985018
   -703.37336629
   -703.39500260
   -703.37343760
   -703.38195447
   -703.40944557
   -703.37591024
   -703.40699338
   -703.38871492
   -703.40362785
   -703.42132093
   -703.40397846
   -703.36393590
   -703.36840591
   -703.41533006
   -703.31706911
   -703.40411578
   -703.38476662
   -703.38137959
   -703.37866456
   -703.41075064
   -703.37634869
   -703.41283352
   -703.40637221
   -703.40941857
   -703.40361539
   -703.37411805
   -703.40276242
   -703.39453709
   -703.37624771
   -703.38097433
   -703.39244819
   -703.40866425
   -703.38514123
   -703.40466942
   -703.36927696
   -703.38536747
   -703.38923332
   -703.38643771
   -703.25753777
   -703.40563283
   -703.40221546
   -703.38948406
   -703.40817125
   -703.36660997
   -703.37923218
   -703.37210412
   -703.41419549
   -703.40537030
   -703.41776362
   -703.39827942
   -703.38617800
   -703.36988473
   -703.38438833
   -703.40208190
   -703.37355612
   -703.42749861
   -703.41035787
   -703.35433220
   -703.39046181
   -703.38281419
   -703.38952846
   -703.39433541
   -703.38964021
   -703.39155465
   -703.37402355
   -703.37218429
   -703.35970904
   -703.37763775
   -703.37673488
   -703.40753168
   -703.36741410
   -703.40584802
   -703.40914941
   -703.35634177
   -703.36758720
   -703.41443937
   -703.37599988
   -703.36243098
   -703.40850524
   -703.40505257
   -703.37149047
   -703.36889001
   -703.42441326
   -703.40570965
   -703.38659433
   -703.41413898
   -703.35527720
   -703.38687403
   -703.40814639
   -703.37807151
   -703.39064823
   -703.38087028
   -703.40752528
   -703.37988807
   -703.40023652
   -703.39893167
   -703.38504337
   -703.41337869
   -703.41034567
   -703.38671653
   -703.39114466
