% The following energies apply to conformations described by the topology 
% R58_iter1.top.  Structures are given in trajectory coords.cdf, count: 176.

% Item 0:
%   Energy -> orca_structures/coor*/NConf*.out
   -808.62363751
   -808.62123470
   -808.63258968
   -808.62459012
   -808.61554491
   -808.60523816
   -808.62323440
   -808.62447933
   -808.61106491
   -808.61379156
   -808.61096408
   -808.62545353
   -808.62791475
   -808.61365795
   -808.62552803
   -808.62803567
   -808.62739059
   -808.63011793
   -808.62483923
   -808.62293323
   -808.61379102
   -808.63034469
   -808.60991278
   -808.63136353
   -808.60860811
   -808.61817229
   -808.62743655
   -808.62713661
   -808.62400278
   -808.62142838
   -808.60418369
   -808.62089079
   -808.62972628
   -808.60784247
   -808.61531876
   -808.61412761
   -808.61415899
   -808.62177216
   -808.62499567
   -808.63038813
   -808.60879684
   -808.63006154
   -808.60755172
   -808.62771286
   -808.62513345
   -808.62322101
   -808.61843473
   -808.60402689
   -808.63044263
   -808.62158615
   -808.61443016
   -808.62479947
   -808.62646369
   -808.62480486
   -808.62075361
   -808.60781068
   -808.62501330
   -808.61833925
   -808.63202387
   -808.61417915
   -808.62698180
   -808.61682652
   -808.61792248
   -808.62046246
   -808.62494507
   -808.63200776
   -808.62334784
   -808.61266925
   -808.62764698
   -808.62708356
   -808.63059988
   -808.61693329
   -808.62841777
   -808.63004163
   -808.61388874
   -808.62312226
   -808.62515835
   -808.61728775
   -808.61742510
   -808.61602588
   -808.61883130
   -808.62842820
   -808.62761679
   -808.62589776
   -808.62377597
   -808.60423490
   -808.62775723
   -808.62656282
   -808.62634980
   -808.63029251
   -808.61871166
   -808.62956238
   -808.62150415
   -808.61806874
   -808.62448168
   -808.60991075
   -808.61446338
   -808.60489132
   -808.61659634
   -808.62496256
   -808.61548368
   -808.62836051
   -808.62065614
   -808.62952992
   -808.62279855
   -808.60590768
   -808.62715581
   -808.61843918
   -808.61159806
   -808.62161459
   -808.62776932
   -808.61211792
   -808.62045677
   -808.62434513
   -808.61967419
   -808.61713754
   -808.62279167
   -808.61400150
   -808.61346648
   -808.62727480
   -808.62459798
   -808.61915007
   -808.62140992
   -808.62010662
   -808.62110415
   -808.62509659
   -808.61444677
   -808.62835329
   -808.62521912
   -808.61028988
   -808.62018719
   -808.62462388
   -808.62843474
   -808.62345037
   -808.61772176
   -808.62291955
   -808.61422584
   -808.61394589
   -808.62651750
   -808.62711636
   -808.60027136
   -808.62537585
   -808.62276870
   -808.60822429
   -808.62051914
   -808.61777904
   -808.60988135
   -808.61555728
   -808.62837222
   -808.61252179
   -808.63007965
   -808.62212439
   -808.62296148
   -808.62289991
   -808.60459900
   -808.61849442
   -808.62065341
   -808.62325508
   -808.61869285
   -808.62955458
   -808.62280708
   -808.61382978
   -808.62083902
   -808.62469614
   -808.62791594
   -808.62720224
   -808.62395815
   -808.62507469
   -808.61544737
   -808.61381535
   -808.62046906
   -808.62287228
   -808.61904674
   -808.62823788
   -808.62481690
   -808.63022176
