% The following energies apply to conformations described by the topology 
% R58.top.  Structures are given in trajectory coords.cdf, count: 2533.

% Item 0:
%   Energy -> orca_structures/coor*/Conf*.out
   -808.57184817
   -808.56934295
   -808.58394326
   -808.57704040
   -808.56946791
   -808.55749103
   -808.59632229
   -808.58589465
   -808.55855158
   -808.57235120
   -808.56040616
   -808.55059808
   -808.52585342
   -808.56705397
   -808.56760568
   -808.55425876
   -808.54534822
   -808.55820477
   -808.60401968
   -808.55739978
   -808.58015007
   -808.58313805
   -808.56909973
   -808.57772478
   -808.59187585
   -808.58635289
   -808.52248555
   -808.58086450
   -808.55881284
   -808.57514912
   -808.55848131
   -808.57503173
   -808.57523603
   -808.58361671
   -808.58605216
   -808.59229576
   -808.56149662
   -808.52548007
   -808.55702933
   -808.56431246
   -808.57920354
   -808.54975360
   -808.51752376
   -808.57646770
   -808.47796989
   -808.57165192
   -808.55902373
   -808.56463400
   -808.58733639
   -808.59875882
   -808.56372974
   -808.56007411
   -808.57361455
   -808.56544417
   -808.55913275
   -808.58763361
   -808.54103438
   -808.53906911
   -808.56411498
   -808.57805796
   -808.57654611
   -808.56262413
   -808.59016458
   -808.58364737
   -808.55790924
   -808.57746790
   -808.57221976
   -808.58542159
   -808.52149501
   -808.56512568
   -808.56240863
   -808.56814734
   -808.55166499
   -808.52585932
   -808.54874004
   -808.59081948
   -808.58757309
   -808.57363674
   -808.57247180
   -808.56982553
   -808.57909280
   -808.53769795
   -808.56926211
   -808.56246057
   -808.56185769
   -808.55924017
   -808.56832145
   -808.56592376
   -808.57756268
   -808.56135759
   -808.57435810
   -808.55072001
   -808.53979898
   -808.56990758
   -808.60297201
   -808.57075449
   -808.56718000
   -808.56767645
   -808.59299149
   -808.56050177
   -808.59928953
   -808.55066611
   -808.59129119
   -808.59603016
   -808.55457353
   -808.57855151
   -808.56839890
   -808.57371985
   -808.55628791
   -808.58436591
   -808.59112248
   -808.55871302
   -808.55025210
   -808.47689552
   -808.54680687
   -808.58896168
   -808.56176017
   -808.57837308
   -808.54887921
   -808.60085366
   -808.57568345
   -808.58509120
   -808.58434667
   -808.58171618
   -808.53987120
   -808.55838212
   -808.58941391
   -808.55225614
   -808.56857747
   -808.55767435
   -808.54287162
   -808.59154218
   -808.57431275
   -808.57370776
   -808.57340166
   -808.53469167
   -808.59239818
   -808.57441206
   -808.59067119
   -808.57671493
   -808.51059901
   -808.58717990
   -808.58507745
   -808.60379390
   -808.56964770
   -808.55847789
   -808.57484942
   -808.59031392
   -808.54832712
   -808.58459606
   -808.58826395
   -808.58227899
   -808.51738152
   -808.56489838
   -808.53802284
   -808.54141689
   -808.60111045
   -808.58743553
   -808.52931287
   -808.59130951
   -808.59386681
   -808.56069134
   -808.58957722
   -808.54043173
   -808.57612685
   -808.56398106
   -808.58369994
   -808.56369768
   -808.55609150
   -808.59086174
   -808.56016094
   -808.54723672
   -808.55334696
   -808.55111046
   -808.56955342
   -808.56124051
   -808.58139319
   -808.58072204
   -808.55079958
   -808.60573746
   -808.56876584
   -808.59322822
   -808.58066210
   -808.53992218
   -808.54798521
   -808.56141162
   -808.51590927
   -808.58096641
   -808.55737627
   -808.57388927
   -808.56127675
   -808.60539771
   -808.52117967
   -808.57544206
   -808.55793869
   -808.56764939
   -808.57753257
   -808.50703295
   -808.57692724
   -808.55807209
   -808.58545439
   -808.59938791
   -808.58715864
   -808.57145931
   -808.57018227
   -808.46726046
   -808.57067937
   -808.57737221
   -808.58206156
   -808.58316405
   -808.55829401
   -808.57630255
   -808.52403039
   -808.60896466
   -808.56226424
   -808.58151515
   -808.60465644
   -808.55641995
   -808.56548013
   -808.57402773
   -808.56610701
   -808.53444444
   -808.56105007
   -808.56227496
   -808.58784668
   -808.56927107
   -808.58715191
   -808.57968971
   -808.58501498
   -808.58048804
   -808.56364326
   -808.57901129
   -808.58034653
   -808.57307594
   -808.57512593
   -808.55598226
   -808.54435695
   -808.59997250
   -808.57571504
   -808.58055379
   -808.56884630
   -808.57937308
   -808.58067637
   -808.60691879
   -808.56928201
   -808.56745975
   -808.57434939
   -808.55237286
   -808.53229475
   -808.55618872
   -808.55760000
   -808.52185422
   -808.57482820
   -808.57682055
   -808.54056849
   -808.57387462
   -808.58392637
   -808.57416087
   -808.57732532
   -808.53898899
   -808.58725110
   -808.58591823
   -808.58668544
   -808.59307805
   -808.54122082
   -808.57055104
   -808.57372700
   -808.59337285
   -808.60315381
   -808.56175366
   -808.57382317
   -808.57338565
   -808.58957037
   -808.56592573
   -808.58270913
   -808.53180652
   -808.56653114
   -808.54868231
   -808.56042923
   -808.57425875
   -808.55215328
   -808.53374919
   -808.55761260
   -808.57620651
   -808.56683093
   -808.55066103
   -808.56002951
   -808.58100226
   -808.57781850
   -808.55980408
   -808.53599655
   -808.58558553
   -808.59279709
   -808.59009457
   -808.56845620
   -808.55571944
   -808.54953305
   -808.50917294
   -808.56734873
   -808.53687456
   -808.58851886
   -808.56429611
   -808.57608871
   -808.53719746
   -808.59055905
   -808.53502928
   -808.56334556
   -808.54766920
   -808.57722860
   -808.57496356
   -808.57155284
   -808.59220567
   -808.55460473
   -808.58014935
   -808.54434537
   -808.57936914
   -808.58214480
   -808.61601275
   -808.54623916
   -808.58333238
   -808.59765742
   -808.57268168
   -808.56580999
   -808.59180074
   -808.58854053
   -808.58709896
   -808.54920608
   -808.57518856
   -808.57192114
   -808.57641453
   -808.54469796
   -808.58740396
   -808.57333265
   -808.56533564
   -808.57053857
   -808.58862086
   -808.56811719
   -808.55438558
   -808.60129730
   -808.58444714
   -808.57072571
   -808.57699681
   -808.56466617
   -808.56522288
   -808.59536413
   -808.58586367
   -808.57028017
   -808.56870240
   -808.53056339
   -808.59055380
   -808.58513272
   -808.55160506
   -808.58195398
   -808.57141883
   -808.57675507
   -808.52038124
   -808.54061274
   -808.58924344
   -808.60169250
   -808.57340828
   -808.56846624
   -808.58883808
   -808.60353934
   -808.58111403
   -808.57333000
   -808.54295964
   -808.58417590
   -808.62006899
   -808.59752000
   -808.56558574
   -808.54749882
   -808.55091774
   -808.60011456
   -808.58665731
   -808.58538281
   -808.56866874
   -808.56513069
   -808.57142214
   -808.58461874
   -808.54796647
   -808.60432334
   -808.57278362
   -808.60517854
   -808.56349985
   -808.56712627
   -808.49717755
   -808.57813821
   -808.57952764
   -808.48492581
   -808.51672771
   -808.58914690
   -808.57630052
   -808.52612260
   -808.58204678
   -808.53980030
   -808.58221134
   -808.56082780
   -808.58478524
   -808.49748540
   -808.56628701
   -808.57361879
   -808.54092056
   -808.59380752
   -808.57274813
   -808.54857842
   -808.59024417
   -808.57866793
   -808.54501447
   -808.59965216
   -808.59480006
   -808.60546903
   -808.53701712
   -808.58016863
   -808.55540737
   -808.56688186
   -808.58838265
   -808.56711302
   -808.60513450
   -808.46395717
   -808.56007047
   -808.57843358
   -808.59623495
   -808.55756301
   -808.56371104
   -808.56019536
   -808.58579302
   -808.56805991
   -808.55244397
   -808.60422401
   -808.56837394
   -808.57547107
   -808.56047271
   -808.58329815
   -808.55775868
   -808.58525446
   -808.57080014
   -808.55461644
   -808.55587579
   -808.59225918
   -808.58368965
   -808.54445493
   -808.57115164
   -808.59758058
   -808.56735409
   -808.58721572
   -808.57433361
   -808.56321381
   -808.54859137
   -808.58757690
   -808.56616053
   -808.57279541
   -808.57763660
   -808.56042176
   -808.58999460
   -808.57044512
   -808.58506918
   -808.54289630
   -808.56731635
   -808.56762105
   -808.57007467
   -808.55622345
   -808.57405971
   -808.51082952
   -808.58937428
   -808.56528606
   -808.57523003
   -808.54842957
   -808.55003767
   -808.54758179
   -808.56963142
   -808.55122077
   -808.60031499
   -808.58528547
   -808.57861177
   -808.57189114
   -808.57515090
   -808.52949892
   -808.56217244
   -808.59445192
   -808.58112949
   -808.56316484
   -808.56424117
   -808.56651341
   -808.57570265
   -808.57982858
   -808.56998173
   -808.58158614
   -808.54510152
   -808.58753959
   -808.57424726
   -808.53674614
   -808.55743648
   -808.56471553
   -808.55831753
   -808.59361494
   -808.53345455
   -808.55165576
   -808.57135803
   -808.57801284
   -808.59250901
   -808.55670706
   -808.57160112
   -808.58833845
   -808.55094523
   -808.59701017
   -808.54876542
   -808.54818888
   -808.56419359
   -808.53548990
   -808.53333052
   -808.56773751
   -808.56527326
   -808.54144045
   -808.55912010
   -808.55294026
   -808.56695390
   -808.54641007
   -808.58061866
   -808.58097332
   -808.58454439
   -808.56294856
   -808.56874973
   -808.54749344
   -808.58771612
   -808.60310952
   -808.56295706
   -808.55916973
   -808.52617533
   -808.53639823
   -808.51163433
   -808.55481133
   -808.55752989
   -808.58675700
   -808.53783920
   -808.59322656
   -808.55727114
   -808.57501168
   -808.55187944
   -808.57249772
   -808.58285003
   -808.58093500
   -808.55760671
   -808.57843461
   -808.56739476
   -808.58782873
   -808.55007995
   -808.53987766
   -808.57004947
   -808.56139129
   -808.57242370
   -808.53502599
   -808.55021260
   -808.55076409
   -808.52935144
   -808.52255017
   -808.56843130
   -808.55052280
   -808.49662771
   -808.53248491
   -808.58023797
   -808.58795616
   -808.59713544
   -808.59778787
   -808.52222402
   -808.58837627
   -808.58362669
   -808.55222959
   -808.58708086
   -808.54214318
   -808.54943609
   -808.59883949
   -808.58314921
   -808.54918564
   -808.56568989
   -808.54566740
   -808.54867946
   -808.57652539
   -808.59066149
   -808.60781369
   -808.57032006
   -808.59086939
   -808.56218646
   -808.57053376
   -808.57876437
   -808.61199990
   -808.59518028
   -808.58226221
   -808.60282010
   -808.59753418
   -808.59599477
   -808.55185677
   -808.53367146
   -808.59143230
   -808.52703583
   -808.57649751
   -808.59212739
   -808.55654291
   -808.56938770
   -808.57717922
   -808.59809741
   -808.56831151
   -808.55760433
   -808.59284467
   -808.57660983
   -808.53258718
   -808.54686842
   -808.60058527
   -808.56979324
   -808.56853747
   -808.57166608
   -808.58220731
   -808.56958555
   -808.58900511
   -808.59319928
   -808.56444949
   -808.53337401
   -808.52797508
   -808.56110565
   -808.58513941
   -808.53851933
   -808.58942785
   -808.57476184
   -808.59223976
   -808.57788242
   -808.53487762
   -808.59440298
   -808.59586653
   -808.57289543
   -808.54307808
   -808.58372796
   -808.57725334
   -808.55615434
   -808.58224042
   -808.60110788
   -808.59807213
   -808.60432075
   -808.58736505
   -808.52770836
   -808.56553758
   -808.60098276
   -808.57954261
   -808.58780446
   -808.59611031
   -808.60170749
   -808.56414900
   -808.54457174
   -808.56330066
   -808.55162352
   -808.58092217
   -808.57055142
   -808.56928991
   -808.58746087
   -808.57614473
   -808.58162938
   -808.55743701
   -808.60861339
   -808.57474878
   -808.59634680
   -808.60355685
   -808.56918773
   -808.57438256
   -808.57832293
   -808.59132634
   -808.55644963
   -808.58093989
   -808.57390042
   -808.56090982
   -808.54678661
   -808.59952414
   -808.55596975
   -808.58079366
   -808.57120907
   -808.55451824
   -808.56612758
   -808.57423877
   -808.56384348
   -808.56149510
   -808.59567220
   -808.53580636
   -808.59352834
   -808.56125895
   -808.57872444
   -808.46135044
   -808.54678891
   -808.57163160
   -808.57334155
   -808.55380102
   -808.56327832
   -808.56501855
   -808.50975933
   -808.51448147
   -808.51975961
   -808.53822933
   -808.57795862
   -808.57568868
   -808.58085707
   -808.57637926
   -808.57277520
   -808.56770711
   -808.58192808
   -808.57929679
   -808.56739712
   -808.56559297
   -808.56531682
   -808.55108508
   -808.52720824
   -808.56527826
   -808.56338695
   -808.58770645
   -808.58136121
   -808.55234935
   -808.56276352
   -808.60244904
   -808.53775772
   -808.57224789
   -808.52458442
   -808.52526699
   -808.56310058
   -808.55354388
   -808.58388843
   -808.57023211
   -808.58299379
   -808.58454144
   -808.54321535
   -808.56589885
   -808.53882852
   -808.56636850
   -808.58328689
   -808.58017580
   -808.59671520
   -808.52920558
   -808.58846238
   -808.57260383
   -808.55266330
   -808.57023151
   -808.56617702
   -808.56952287
   -808.56513827
   -808.57994498
   -808.58675393
   -808.56434644
   -808.59774386
   -808.57552429
   -808.55251482
   -808.54656778
   -808.59154227
   -808.57048635
   -808.58793586
   -808.56957952
   -808.57321936
   -808.58286991
   -808.58662724
   -808.59309604
   -808.56842687
   -808.58514581
   -808.56882779
   -808.57119363
   -808.57812154
   -808.57992971
   -808.57384732
   -808.54756749
   -808.59285403
   -808.56995853
   -808.56057681
   -808.56018291
   -808.58166269
   -808.54444097
   -808.58495001
   -808.57997017
   -808.56294484
   -808.56860907
   -808.55101291
   -808.58212618
   -808.58563465
   -808.57364634
   -808.58432406
   -808.56266053
   -808.55722806
   -808.58104335
   -808.59328013
   -808.56015686
   -808.51026255
   -808.56374150
   -808.56977736
   -808.54190056
   -808.53165918
   -808.59896759
   -808.57968447
   -808.58790860
   -808.55616660
   -808.58167991
   -808.57920938
   -808.55621427
   -808.57959927
   -808.56643411
   -808.59389863
   -808.58649434
   -808.58417841
   -808.57549369
   -808.54486702
   -808.58336133
   -808.57160291
   -808.59773855
   -808.59186268
   -808.58130373
   -808.57398172
   -808.60482071
   -808.57745092
   -808.57829045
   -808.57815184
   -808.50164971
   -808.55772729
   -808.56398614
   -808.58427458
   -808.59255187
   -808.57235849
   -808.55963241
   -808.54217371
   -808.55915274
   -808.57956822
   -808.58564031
   -808.57303308
   -808.59225341
   -808.56771913
   -808.54503822
   -808.56442357
   -808.61751385
   -808.57295804
   -808.60095770
   -808.58035928
   -808.53914191
   -808.57440225
   -808.53307718
   -808.54431994
   -808.60053553
   -808.56956852
   -808.59391832
   -808.57600760
   -808.55615954
   -808.58130260
   -808.55254313
   -808.55803755
   -808.57530780
   -808.57243053
   -808.54461454
   -808.55456087
   -808.56321844
   -808.55917483
   -808.57123387
   -808.58708496
   -808.54370174
   -808.60065589
   -808.59575232
   -808.56932006
   -808.56571828
   -808.55330624
   -808.57462398
   -808.57339156
   -808.56326312
   -808.56553641
   -808.55418595
   -808.56298021
   -808.58900773
   -808.58119335
   -808.59206339
   -808.55171492
   -808.54047681
   -808.56357596
   -808.57681606
   -808.55705807
   -808.57549466
   -808.57474941
   -808.58214612
   -808.55435935
   -808.59641919
   -808.56462485
   -808.54935149
   -808.58546771
   -808.57073892
   -808.58948922
   -808.56769998
   -808.56487632
   -808.52152277
   -808.58434621
   -808.58739269
   -808.56237003
   -808.59891662
   -808.57733946
   -808.58433940
   -808.58757855
   -808.56716845
   -808.58648540
   -808.56562403
   -808.55171001
   -808.55433151
   -808.58219242
   -808.50458984
   -808.56119512
   -808.58651629
   -808.59277280
   -808.56709876
   -808.57341416
   -808.57750250
   -808.58803303
   -808.56916471
   -808.54642066
   -808.54602230
   -808.59615536
   -808.58250869
   -808.53747653
   -808.52524733
   -808.57974322
   -808.55788946
   -808.56683870
   -808.59450427
   -808.58826862
   -808.55435112
   -808.59337942
   -808.62258153
   -808.58045699
   -808.58248718
   -808.55940508
   -808.55610472
   -808.54867955
   -808.53548996
   -808.59495457
   -808.57166049
   -808.60517320
   -808.60933535
   -808.54062057
   -808.56642636
   -808.58313434
   -808.59835594
   -808.56533600
   -808.58172948
   -808.52839358
   -808.56771815
   -808.54707914
   -808.56899290
   -808.62071170
   -808.54261063
   -808.58574096
   -808.49914754
   -808.58839756
   -808.60581234
   -808.58481272
   -808.57092355
   -808.57819032
   -808.55598121
   -808.58106524
   -808.57795912
   -808.59270959
   -808.59805893
   -808.56862629
   -808.59179784
   -808.57494613
   -808.57402809
   -808.61671896
   -808.56831401
   -808.56067777
   -808.60382090
   -808.56432633
   -808.57069204
   -808.57379128
   -808.54321573
   -808.58775545
   -808.57994236
   -808.57993388
   -808.52927393
   -808.56242781
   -808.56776277
   -808.58121929
   -808.60303019
   -808.58333601
   -808.56835784
   -808.58545995
   -808.55897927
   -808.56613310
   -808.50251191
   -808.57618959
   -808.55879857
   -808.60391679
   -808.51233334
   -808.55878302
   -808.54529025
   -808.53879364
   -808.57697368
   -808.57871347
   -808.53879383
   -808.58088216
   -808.56225005
   -808.54423822
   -808.58576289
   -808.56836742
   -808.59145342
   -808.58581759
   -808.57762640
   -808.54147361
   -808.57342016
   -808.53324960
   -808.59934219
   -808.54677374
   -808.59542426
   -808.58917566
   -808.55981474
   -808.55559649
   -808.57512994
   -808.57007057
   -808.55413572
   -808.56321622
   -808.53572359
   -808.56429656
   -808.56782907
   -808.55891077
   -808.57522437
   -808.56777374
   -808.56479486
   -808.56544222
   -808.56817427
   -808.59125946
   -808.54930086
   -808.56060958
   -808.54266570
   -808.57840989
   -808.56718780
   -808.55915212
   -808.54771653
   -808.57174499
   -808.57539370
   -808.55985020
   -808.56730664
   -808.53903454
   -808.54286835
   -808.57307668
   -808.54331216
   -808.56335933
   -808.56994936
   -808.59462035
   -808.57583876
   -808.55448610
   -808.56721514
   -808.59960168
   -808.55564171
   -808.55226455
   -808.57638499
   -808.51007212
   -808.58052638
   -808.53935915
   -808.58027942
   -808.59164455
   -808.59064009
   -808.60998318
   -808.55755087
   -808.56856513
   -808.56400053
   -808.52647576
   -808.60364195
   -808.54718268
   -808.57318296
   -808.56096410
   -808.61016683
   -808.54902772
   -808.57410436
   -808.59735629
   -808.56982316
   -808.57344739
   -808.53185445
   -808.58962834
   -808.57004790
   -808.56886565
   -808.51581425
   -808.52005344
   -808.56997355
   -808.56385601
   -808.58560380
   -808.57563267
   -808.57525379
   -808.55677501
   -808.56011180
   -808.55447043
   -808.54058123
   -808.58148141
   -808.56918527
   -808.58524461
   -808.57659481
   -808.58929661
   -808.58229356
   -808.55911650
   -808.57483961
   -808.57092357
   -808.56580432
   -808.58552027
   -808.57020540
   -808.54563844
   -808.57856064
   -808.54572396
   -808.59562836
   -808.61339088
   -808.56208754
   -808.55653474
   -808.54877539
   -808.53220756
   -808.59150244
   -808.58485551
   -808.56542662
   -808.56696642
   -808.54203946
   -808.57443966
   -808.59187394
   -808.56006935
   -808.61071825
   -808.58047470
   -808.58507044
   -808.56536020
   -808.55891612
   -808.56418873
   -808.56819755
   -808.56281509
   -808.58837987
   -808.58366060
   -808.54673645
   -808.56022394
   -808.55910195
   -808.59001072
   -808.53335372
   -808.56022276
   -808.56822100
   -808.56718230
   -808.57827126
   -808.59308912
   -808.56190969
   -808.59145830
   -808.54913199
   -808.59378672
   -808.58309998
   -808.58352326
   -808.57225160
   -808.60233259
   -808.57860370
   -808.59241912
   -808.58162896
   -808.58802656
   -808.57904971
   -808.56837644
   -808.58261545
   -808.55295087
   -808.57591609
   -808.57320883
   -808.58670385
   -808.57235103
   -808.44731596
   -808.56814734
   -808.60828961
   -808.56368984
   -808.54643334
   -808.54724949
   -808.54273860
   -808.55641585
   -808.58644331
   -808.60344039
   -808.58931240
   -808.56519680
   -808.54557909
   -808.50220415
   -808.60260794
   -808.57876950
   -808.50132069
   -808.58417818
   -808.56326702
   -808.59383984
   -808.56360140
   -808.58310099
   -808.54327630
   -808.59147031
   -808.59228715
   -808.53504276
   -808.58592768
   -808.56749830
   -808.58644871
   -808.56375476
   -808.55452962
   -808.55446155
   -808.55165086
   -808.56339470
   -808.58723963
   -808.53524699
   -808.55189462
   -808.56630888
   -808.58161464
   -808.56947800
   -808.57772313
   -808.61082839
   -808.60234678
   -808.57186661
   -808.57651131
   -808.57907165
   -808.58635656
   -808.57159338
   -808.55088573
   -808.60215147
   -808.55146321
   -808.58910956
   -808.57480667
   -808.58247740
   -808.58436811
   -808.58367633
   -808.53056568
   -808.58533480
   -808.53058543
   -808.55116072
   -808.56897621
   -808.54050798
   -808.58128177
   -808.57354227
   -808.56959503
   -808.56166940
   -808.59918626
   -808.54822015
   -808.57138633
   -808.57905533
   -808.56622526
   -808.58346918
   -808.56645772
   -808.58288057
   -808.55441244
   -808.57845805
   -808.58436579
   -808.58701901
   -808.53856338
   -808.57371966
   -808.57727534
   -808.55694960
   -808.54465623
   -808.55496704
   -808.57434345
   -808.55270903
   -808.57434333
   -808.58843249
   -808.57240373
   -808.55946942
   -808.58627339
   -808.57072089
   -808.56952687
   -808.56697640
   -808.54973984
   -808.57058257
   -808.58614694
   -808.57516224
   -808.55607042
   -808.56557492
   -808.53597190
   -808.57812163
   -808.54777660
   -808.56484450
   -808.56623422
   -808.53099994
   -808.57870525
   -808.57076344
   -808.55217003
   -808.58905283
   -808.57057232
   -808.49032203
   -808.57183866
   -808.55352107
   -808.56146469
   -808.58828976
   -808.56232515
   -808.57053481
   -808.57446659
   -808.58932468
   -808.58656301
   -808.57623517
   -808.56945347
   -808.55757295
   -808.57730239
   -808.58031653
   -808.57050837
   -808.56641008
   -808.57652347
   -808.54272213
   -808.59733546
   -808.59623000
   -808.57074269
   -808.58738835
   -808.52924721
   -808.54933583
   -808.54349190
   -808.54331679
   -808.55085497
   -808.57645622
   -808.56813663
   -808.57762351
   -808.56287378
   -808.57855757
   -808.57896875
   -808.58025320
   -808.56367464
   -808.54037604
   -808.56829208
   -808.59055568
   -808.57008884
   -808.55365639
   -808.56542313
   -808.58120489
   -808.54902353
   -808.54889538
   -808.56859355
   -808.58274816
   -808.54525783
   -808.54574968
   -808.51424538
   -808.56648126
   -808.55595548
   -808.59425600
   -808.57625910
   -808.58242196
   -808.60677239
   -808.58598943
   -808.54953639
   -808.54765128
   -808.53415825
   -808.59295670
   -808.57425352
   -808.56359964
   -808.57322925
   -808.57492186
   -808.55219554
   -808.57313978
   -808.60227621
   -808.58098691
   -808.56161388
   -808.58590224
   -808.56259205
   -808.59097958
   -808.53581934
   -808.55495247
   -808.53994755
   -808.56504504
   -808.56770967
   -808.57211066
   -808.58109535
   -808.55991342
   -808.56601860
   -808.55833618
   -808.58124009
   -808.54875626
   -808.57943164
   -808.58812161
   -808.57614410
   -808.59081111
   -808.57064731
   -808.51401911
   -808.57773058
   -808.56259207
   -808.58639023
   -808.54045216
   -808.57599469
   -808.54186677
   -808.56206407
   -808.57732811
   -808.57066468
   -808.58760761
   -808.59758668
   -808.58254447
   -808.57583264
   -808.56190550
   -808.60058013
   -808.60625448
   -808.52705402
   -808.54950163
   -808.60242561
   -808.56427963
   -808.55193920
   -808.52955213
   -808.49336159
   -808.57027660
   -808.58690737
   -808.58230048
   -808.56319299
   -808.54172695
   -808.60413176
   -808.58672557
   -808.55625204
   -808.54873456
   -808.58020797
   -808.55160949
   -808.58627209
   -808.54898281
   -808.58232683
   -808.57496724
   -808.55378480
   -808.58415951
   -808.52995714
   -808.54531404
   -808.55995792
   -808.58130908
   -808.55888018
   -808.57002378
   -808.58883857
   -808.55347839
   -808.58313763
   -808.56064679
   -808.58258592
   -808.54774872
   -808.57043745
   -808.56919216
   -808.57902314
   -808.55413978
   -808.57181083
   -808.57354554
   -808.54879696
   -808.58487432
   -808.53531642
   -808.56675911
   -808.54652742
   -808.54374608
   -808.57765715
   -808.58431742
   -808.53076596
   -808.55130424
   -808.53304811
   -808.57501468
   -808.55392112
   -808.56165759
   -808.57799974
   -808.59530020
   -808.54751198
   -808.58299248
   -808.58492727
   -808.56966627
   -808.59160476
   -808.58449333
   -808.57816961
   -808.57070573
   -808.56852380
   -808.57473542
   -808.55821923
   -808.57791210
   -808.54808850
   -808.56703182
   -808.58374168
   -808.56222250
   -808.54617602
   -808.54177203
   -808.53572709
   -808.55331406
   -808.59876951
   -808.58374657
   -808.57804864
   -808.53376310
   -808.55561670
   -808.61132648
   -808.57974182
   -808.55179433
   -808.56912831
   -808.59180522
   -808.58914608
   -808.58789180
   -808.57053992
   -808.55918394
   -808.56938529
   -808.57955953
   -808.57534479
   -808.57145885
   -808.55977342
   -808.52676406
   -808.61388924
   -808.59108091
   -808.60527162
   -808.59594680
   -808.57567587
   -808.58668660
   -808.59929226
   -808.55894227
   -808.53907569
   -808.57776598
   -808.57061854
   -808.51691165
   -808.57922098
   -808.55523874
   -808.55463523
   -808.57242652
   -808.55037006
   -808.56325971
   -808.51345303
   -808.56145878
   -808.52944557
   -808.58619062
   -808.56063195
   -808.58896095
   -808.58985568
   -808.57812869
   -808.59178315
   -808.60814705
   -808.53763964
   -808.57598864
   -808.56771214
   -808.55638430
   -808.56191334
   -808.56307910
   -808.54823381
   -808.56464574
   -808.56161680
   -808.57028228
   -808.58331088
   -808.56229515
   -808.57453827
   -808.60235203
   -808.57092270
   -808.58150981
   -808.54066660
   -808.57816391
   -808.56681823
   -808.56447491
   -808.59103276
   -808.58201451
   -808.56906651
   -808.57707976
   -808.57961480
   -808.59847843
   -808.57330389
   -808.56981500
   -808.57548737
   -808.57860905
   -808.51297301
   -808.57308008
   -808.50055078
   -808.56479751
   -808.56711757
   -808.58876244
   -808.59348336
   -808.59991820
   -808.56060639
   -808.55414035
   -808.56894470
   -808.59178452
   -808.50614617
   -808.56898350
   -808.57637737
   -808.54913380
   -808.57053666
   -808.59221113
   -808.57988580
   -808.58641188
   -808.55969022
   -808.59862849
   -808.53331125
   -808.50708741
   -808.55235049
   -808.56169355
   -808.59496946
   -808.54642861
   -808.56057849
   -808.57350503
   -808.58517496
   -808.57069737
   -808.58711348
   -808.57213121
   -808.60642379
   -808.57994170
   -808.59275587
   -808.57611322
   -808.58627995
   -808.58819512
   -808.59534051
   -808.57263104
   -808.56735930
   -808.57656981
   -808.54099546
   -808.56842051
   -808.58746088
   -808.58938458
   -808.59232444
   -808.55880879
   -808.55373733
   -808.59276260
   -808.53794948
   -808.56309548
   -808.58517777
   -808.55098077
   -808.58580003
   -808.56374505
   -808.55439880
   -808.58493015
   -808.58887426
   -808.58193981
   -808.58516177
   -808.58046059
   -808.56540903
   -808.56391739
   -808.57578441
   -808.59257540
   -808.58591958
   -808.60018868
   -808.55732393
   -808.57699082
   -808.58910647
   -808.58278867
   -808.57036544
   -808.50361863
   -808.56508706
   -808.57340435
   -808.56014770
   -808.58429474
   -808.59944684
   -808.56312924
   -808.55243807
   -808.55941069
   -808.55964301
   -808.58753637
   -808.58324089
   -808.53758675
   -808.54780896
   -808.54234244
   -808.58423282
   -808.59614302
   -808.57604995
   -808.55935961
   -808.58377641
   -808.55486762
   -808.54652929
   -808.58974148
   -808.57986509
   -808.57201250
   -808.58623004
   -808.57964851
   -808.51769722
   -808.58896136
   -808.56144145
   -808.58219774
   -808.56301332
   -808.56493696
   -808.57167188
   -808.54626878
   -808.53952637
   -808.56609471
   -808.53880178
   -808.52782762
   -808.56314560
   -808.56434628
   -808.57699454
   -808.57413781
   -808.57650820
   -808.57573241
   -808.57154897
   -808.56816209
   -808.58444303
   -808.58521101
   -808.55477215
   -808.56530014
   -808.55256916
   -808.57660975
   -808.55255319
   -808.56330426
   -808.56778830
   -808.56272294
   -808.56713264
   -808.53981600
   -808.55144599
   -808.57595981
   -808.60134132
   -808.55236958
   -808.57790719
   -808.57842383
   -808.55748728
   -808.56646690
   -808.58186991
   -808.55621524
   -808.57205139
   -808.57163991
   -808.54847539
   -808.56485074
   -808.59686712
   -808.60151626
   -808.55221961
   -808.57219663
   -808.57102411
   -808.56040787
   -808.57298003
   -808.58506647
   -808.51572685
   -808.55940458
   -808.54720066
   -808.58494584
   -808.59238895
   -808.60540076
   -808.58282240
   -808.58200091
   -808.52472228
   -808.59359891
   -808.57132382
   -808.58602762
   -808.58884512
   -808.55741907
   -808.57716434
   -808.55130615
   -808.58900065
   -808.58046322
   -808.58370754
   -808.57313567
   -808.57666624
   -808.56090495
   -808.58282864
   -808.58868536
   -808.56600161
   -808.55942058
   -808.52256985
   -808.55806469
   -808.57461979
   -808.54130971
   -808.58139075
   -808.56629054
   -808.59667939
   -808.57645012
   -808.58397954
   -808.58845611
   -808.60832003
   -808.56314374
   -808.48476429
   -808.58907332
   -808.57537076
   -808.60180250
   -808.53797701
   -808.54609339
   -808.57283612
   -808.56346056
   -808.58292801
   -808.54174186
   -808.56760915
   -808.59302041
   -808.58321206
   -808.53983479
   -808.56546206
   -808.57410928
   -808.55596013
   -808.56840476
   -808.56730716
   -808.58280812
   -808.55678640
   -808.58428516
   -808.54872739
   -808.54095737
   -808.53280356
   -808.58337562
   -808.56176891
   -808.56442134
   -808.60005241
   -808.55670638
   -808.56051562
   -808.57302219
   -808.60277156
   -808.59916299
   -808.59075454
   -808.59307798
   -808.57474542
   -808.57396860
   -808.57968442
   -808.58127642
   -808.57673205
   -808.60010222
   -808.56091752
   -808.51579530
   -808.59031482
   -808.58424299
   -808.56589889
   -808.56658525
   -808.57683167
   -808.56686175
   -808.55090553
   -808.56448125
   -808.58439229
   -808.57411230
   -808.56492450
   -808.58496120
   -808.57804352
   -808.58627748
   -808.58054869
   -808.55580108
   -808.58114881
   -808.57530888
   -808.53193295
   -808.55969206
   -808.57106333
   -808.58822896
   -808.59670999
   -808.57229604
   -808.57091079
   -808.58475029
   -808.55958988
   -808.58416659
   -808.60770184
   -808.52918597
   -808.56329894
   -808.52341756
   -808.56711084
   -808.55554356
   -808.55034535
   -808.55535541
   -808.57022731
   -808.59278912
   -808.54403052
   -808.57870749
   -808.58562933
   -808.57629302
   -808.58899342
   -808.57618927
   -808.56753359
   -808.56364188
   -808.55182730
   -808.56304344
   -808.57777531
   -808.58849099
   -808.57260317
   -808.55751340
   -808.57904866
   -808.55564373
   -808.57902481
   -808.55611990
   -808.55269014
   -808.55597299
   -808.54445673
   -808.55148228
   -808.57437673
   -808.57225009
   -808.55086267
   -808.55119602
   -808.58754618
   -808.58441498
   -808.58674424
   -808.57699374
   -808.57320963
   -808.61126028
   -808.59352667
   -808.57409756
   -808.56296088
   -808.49870935
   -808.52406906
   -808.58059769
   -808.58222975
   -808.59584515
   -808.57873839
   -808.56389682
   -808.55528650
   -808.60057789
   -808.56949268
   -808.56858974
   -808.57569076
   -808.58979889
   -808.58537057
   -808.56462406
   -808.56218698
   -808.52940292
   -808.59381859
   -808.53349392
   -808.56390328
   -808.58126274
   -808.58428042
   -808.58776807
   -808.54949190
   -808.55968810
   -808.58485187
   -808.57253257
   -808.54044595
   -808.58921176
   -808.61460947
   -808.57307438
   -808.56377708
   -808.58230548
   -808.58183640
   -808.56935353
   -808.55331327
   -808.54910852
   -808.57057841
   -808.57924342
   -808.53993014
   -808.59155015
   -808.59316794
   -808.55835862
   -808.57632915
   -808.57438533
   -808.52984579
   -808.57499344
   -808.57468438
   -808.55791881
   -808.54959610
   -808.55623236
   -808.56866324
   -808.57340304
   -808.54531081
   -808.57746961
   -808.56759519
   -808.56097073
   -808.59004907
   -808.57764379
   -808.57236593
   -808.57317793
   -808.55982834
   -808.57209502
   -808.57661615
   -808.59811234
   -808.54725127
   -808.54465390
   -808.59091515
   -808.59215076
   -808.58288885
   -808.56100491
   -808.57706710
   -808.57785110
   -808.57844100
   -808.58245259
   -808.57425792
   -808.59130663
   -808.57851893
   -808.59046789
   -808.57587728
   -808.56314694
   -808.54654285
   -808.55945779
   -808.58971947
   -808.58668786
   -808.57745351
   -808.54014645
   -808.57516944
   -808.54633392
   -808.57007215
   -808.56997365
   -808.56516836
   -808.55932820
   -808.55458643
   -808.57781091
   -808.56357644
   -808.60985075
   -808.57316097
   -808.59830284
   -808.59790483
   -808.56587172
   -808.54877053
   -808.56946376
   -808.58363427
   -808.55449160
   -808.57576464
   -808.57253039
   -808.55616482
   -808.56566232
   -808.58561294
   -808.58669881
   -808.57414080
   -808.55137942
   -808.56945817
   -808.56922332
   -808.57697358
   -808.60791542
   -808.57233157
   -808.54174271
   -808.58159200
   -808.58351279
   -808.55949404
   -808.58515806
   -808.58406095
   -808.49011113
   -808.61313874
   -808.55861660
   -808.58026955
   -808.52176456
   -808.55580761
   -808.52950505
   -808.58804472
   -808.56770641
   -808.57026611
   -808.58811608
   -808.57544313
   -808.56767434
   -808.59766472
   -808.58696923
   -808.59109129
   -808.61285311
   -808.55063444
   -808.57415801
   -808.57706678
   -808.55484974
   -808.58839976
   -808.56689886
   -808.55099374
   -808.61269600
   -808.55662069
   -808.56635422
   -808.59249536
   -808.55102796
   -808.53768163
   -808.56743863
   -808.53213807
   -808.57692802
   -808.57574918
   -808.56945043
   -808.60992142
   -808.55750988
   -808.54960376
   -808.55490058
   -808.54799195
   -808.57884367
   -808.60626753
   -808.58688874
   -808.56698214
   -808.56405876
   -808.58253946
   -808.56639046
   -808.52125507
   -808.57057899
   -808.55764421
   -808.55493381
   -808.55308199
   -808.58807053
   -808.58961640
   -808.55617723
   -808.55646010
   -808.54873497
   -808.57517037
   -808.56957139
   -808.58053590
   -808.59214890
   -808.56637141
   -808.56495852
   -808.56545579
   -808.53204377
   -808.54786662
   -808.57684295
   -808.58294762
   -808.53372128
   -808.56161340
   -808.58412730
   -808.61747827
   -808.57782456
   -808.56959680
   -808.57619924
   -808.56221658
   -808.57021541
   -808.54587841
   -808.51959888
   -808.58814410
   -808.54823823
   -808.59312658
   -808.57462940
   -808.59900848
   -808.60993010
   -808.55994024
   -808.60306951
   -808.56023730
   -808.58443967
   -808.57820447
   -808.56092659
   -808.58957864
   -808.58796427
   -808.58327702
   -808.57929871
   -808.55098106
   -808.57463023
   -808.57595860
   -808.57898415
   -808.57517585
   -808.60438951
   -808.57454820
   -808.55513064
   -808.50676006
   -808.57120854
   -808.58503925
   -808.51744014
   -808.56535738
   -808.52586770
   -808.54971327
   -808.58836127
   -808.53829217
   -808.55869155
   -808.57033765
   -808.55315864
   -808.56360962
   -808.60216578
   -808.54227382
   -808.56743616
   -808.53404320
   -808.57705131
   -808.59882766
   -808.59065796
   -808.55284247
   -808.57765397
   -808.56366152
   -808.60808427
   -808.54410802
   -808.58329133
   -808.47876220
   -808.55346024
   -808.56970455
   -808.53906182
   -808.59054595
   -808.59205440
   -808.55416658
   -808.55624256
   -808.59601427
   -808.59841159
   -808.58454957
   -808.57710381
   -808.57546774
   -808.56508330
   -808.57343193
   -808.57729283
   -808.57825612
   -808.56548440
   -808.60345597
   -808.52152550
   -808.56949585
   -808.57309954
   -808.59500421
   -808.58339509
   -808.59230646
   -808.54631678
   -808.57671735
   -808.54953595
   -808.57078060
   -808.55052106
   -808.55923615
   -808.58043487
   -808.57269364
   -808.54282522
   -808.55561805
   -808.56416110
   -808.56746385
   -808.56753257
   -808.57410814
   -808.57566256
   -808.55995983
   -808.59197122
   -808.56353311
   -808.58788099
   -808.59326051
   -808.55611365
   -808.56645037
   -808.59384484
   -808.54239310
   -808.57578680
   -808.56618203
   -808.59459864
   -808.60224951
   -808.57309147
   -808.57954913
   -808.61240391
   -808.59619005
   -808.57629178
   -808.57584751
   -808.58325635
   -808.56190464
   -808.55820127
   -808.51511318
   -808.59031312
   -808.57899130
   -808.56870846
   -808.58204431
   -808.54493204
   -808.56316827
   -808.54767850
   -808.55615605
   -808.55544875
   -808.59465808
   -808.54275723
   -808.54433078
   -808.57950954
   -808.56532092
   -808.55768563
   -808.58670107
   -808.54997487
   -808.59099435
   -808.55531508
   -808.55052427
   -808.59652090
   -808.56814281
   -808.55723728
   -808.53791719
   -808.53822723
   -808.60177072
   -808.60349217
   -808.56357480
   -808.58564837
   -808.54019171
   -808.58445997
   -808.54047724
   -808.59146493
   -808.57535460
   -808.57509825
   -808.61226697
   -808.57904123
   -808.54377958
   -808.53880592
   -808.54196506
   -808.55460859
   -808.59411422
   -808.56018163
   -808.56351984
   -808.58804382
   -808.55112443
   -808.57006969
   -808.59942372
   -808.57860810
   -808.55230259
   -808.57110387
   -808.56795646
   -808.58420447
   -808.58023212
   -808.58092473
   -808.59945324
   -808.58092982
   -808.55373806
   -808.55391446
   -808.55708200
   -808.55482667
   -808.57516078
   -808.56813806
   -808.57510775
   -808.56626508
   -808.56553312
   -808.59088229
   -808.60851541
   -808.56165142
   -808.58000173
   -808.59613295
   -808.57179745
   -808.55145307
   -808.60341970
   -808.57395308
   -808.56967852
   -808.61879003
   -808.55785825
   -808.56141061
   -808.57428111
   -808.55497123
   -808.57580316
   -808.56498912
   -808.57750229
   -808.58903963
   -808.58897684
   -808.57184906
   -808.55863052
   -808.60313233
   -808.59751721
   -808.57533173
   -808.55895774
   -808.55964589
   -808.55307569
   -808.56367532
   -808.58375067
   -808.56284770
   -808.54216584
   -808.60467717
   -808.56692219
   -808.58232243
   -808.56579059
   -808.58035994
   -808.56858490
   -808.56360208
   -808.57436750
   -808.58673538
   -808.57329532
   -808.54457192
   -808.54720858
   -808.59791697
   -808.56916792
   -808.52928657
   -808.56848392
   -808.56237171
   -808.57952128
   -808.58461527
   -808.54877206
   -808.58963203
   -808.58958484
   -808.59115979
   -808.58654673
   -808.57086831
   -808.56017938
   -808.55233571
   -808.55782146
   -808.59913558
   -808.56633303
   -808.56339298
   -808.55538376
   -808.58510719
   -808.58761226
   -808.58549142
   -808.57654312
   -808.55862714
   -808.57718080
   -808.56214393
   -808.60716234
   -808.60726123
   -808.56060860
   -808.60641086
   -808.56892900
   -808.56188034
   -808.57990723
   -808.61624127
   -808.53953601
   -808.57662528
   -808.60984793
   -808.54840148
   -808.58262278
   -808.54885461
   -808.54148436
   -808.52608202
   -808.56523782
   -808.60396661
   -808.56155597
   -808.55015196
   -808.58428786
   -808.53556404
   -808.57423311
   -808.56585244
   -808.55747624
   -808.56980797
   -808.55152632
   -808.56939446
   -808.57105494
   -808.58045218
   -808.57285678
   -808.57567744
   -808.59953825
   -808.57364210
   -808.58064834
   -808.57001888
   -808.58524176
   -808.56681007
   -808.59831875
   -808.57214406
   -808.56607380
   -808.52822689
   -808.58556142
   -808.53098494
   -808.56080894
   -808.59537015
   -808.54498165
   -808.58436130
   -808.58105636
   -808.59649711
   -808.57079335
   -808.55352786
   -808.57338050
   -808.57992413
   -808.56531957
   -808.55415170
   -808.59246885
   -808.56213718
   -808.55547403
   -808.59183988
   -808.54682582
   -808.59133166
   -808.53591179
   -808.58003470
   -808.55044246
   -808.55180953
   -808.58112503
   -808.54410414
   -808.55696880
   -808.59354372
   -808.56034088
   -808.58112888
   -808.58982083
   -808.58992211
   -808.57851668
   -808.56849992
   -808.58244344
   -808.59762459
   -808.55273056
   -808.58287639
   -808.54732705
   -808.52735418
   -808.58929319
   -808.56928750
   -808.54728454
   -808.56591430
   -808.54363607
   -808.55749912
   -808.58013921
   -808.58506546
   -808.56872754
   -808.56249827
   -808.59015758
   -808.57829687
   -808.57883583
   -808.52817628
   -808.57961586
   -808.54147488
   -808.58413051
   -808.57383458
   -808.58826624
   -808.54801326
   -808.57515695
   -808.55225539
   -808.56399469
   -808.59248962
   -808.57509998
   -808.57053462
   -808.58371139
   -808.55814939
   -808.56810203
   -808.58370721
   -808.60265569
   -808.55157570
   -808.56119483
   -808.55326432
   -808.56625606
   -808.56879055
   -808.56513862
   -808.57809377
   -808.57866877
   -808.57192989
   -808.57139294
   -808.56315696
   -808.56914604
   -808.59668940
   -808.58050793
   -808.56807759
   -808.57482038
   -808.59234414
   -808.56107810
   -808.54031996
   -808.58160713
   -808.57744060
   -808.56161083
   -808.52969233
   -808.57242267
   -808.54242226
   -808.55661891
   -808.56623963
   -808.52769571
   -808.57820108
   -808.57544339
   -808.56617433
   -808.60148177
   -808.58047838
   -808.53212721
   -808.56257211
   -808.60055435
   -808.57877511
   -808.56349330
   -808.58339597
   -808.56707743
   -808.58811341
   -808.58703734
   -808.58802674
   -808.59025901
   -808.56505708
   -808.50525646
   -808.54138985
   -808.58497156
   -808.57483344
   -808.57792577
   -808.58371323
   -808.57288562
   -808.56537929
   -808.54850927
   -808.56151977
   -808.54259324
   -808.58528055
   -808.58026314
   -808.56968693
   -808.54445000
   -808.56920334
   -808.56044026
   -808.55097627
   -808.57603470
   -808.51994943
   -808.55905420
   -808.59330784
   -808.58846219
   -808.58317162
   -808.59017403
   -808.58771897
   -808.57540412
   -808.59002323
   -808.59461745
   -808.55043451
   -808.59503977
   -808.56609878
   -808.55470853
   -808.55036280
   -808.56889038
   -808.54132697
   -808.58420878
   -808.52111741
   -808.55900322
   -808.56697537
   -808.55810916
   -808.55680516
   -808.58227270
   -808.55204526
   -808.55245902
   -808.56291451
   -808.57821619
   -808.53876593
   -808.52973948
   -808.56026845
   -808.54087711
   -808.57195111
   -808.56297443
   -808.55441193
   -808.54745875
   -808.56930649
   -808.57322282
   -808.47023033
   -808.59568129
   -808.59246332
   -808.53437196
   -808.56173010
   -808.60235535
   -808.57954291
   -808.54256140
   -808.59668554
   -808.56826348
   -808.54819689
   -808.49652711
   -808.60229803
   -808.58292904
   -808.57007076
   -808.54617381
   -808.57808649
   -808.57279880
   -808.55787061
   -808.57661031
   -808.55802183
   -808.54712944
   -808.56092222
   -808.58616349
   -808.58744318
   -808.56896264
   -808.59168258
   -808.58622401
   -808.56472598
   -808.55212970
