% The following energies apply to conformations described by the topology 
% R61.top.  Structures are given in trajectory coords.cdf, count: 2734.

% Item 0:
%   Energy -> orca_structures/coor*/Conf*.out
   -897.18710264
   -897.19181149
   -897.20478596
   -897.17386168
   -897.18073660
   -897.19482635
   -897.18406207
   -897.20834511
   -897.17278739
   -897.16087260
   -897.19046115
   -897.19676522
   -897.20383701
   -897.18073630
   -897.17430830
   -897.17183866
   -897.19728750
   -897.17041984
   -897.19596515
   -897.19775643
   -897.21469740
   -897.18503806
   -897.19381915
   -897.19425824
   -897.18699646
   -897.22002580
   -897.19553671
   -897.20680945
   -897.16458439
   -897.19302968
   -897.19007425
   -897.20589757
   -897.17530348
   -897.19120178
   -897.20126991
   -897.16603728
   -897.18803187
   -897.17547398
   -897.21877463
   -897.17844379
   -897.18638965
   -897.17823271
   -897.19850969
   -897.19744068
   -897.17256779
   -897.19130842
   -897.19767755
   -897.17640538
   -897.15187248
   -897.20121328
   -897.17511476
   -897.19622716
   -897.21932999
   -897.20540039
   -897.21771341
   -897.19495002
   -897.18051992
   -897.17500850
   -897.17499918
   -897.21141934
   -897.19107941
   -897.15664917
   -897.17047302
   -897.20085666
   -897.17615502
   -897.18286018
   -897.21022681
   -897.18631660
   -897.18658352
   -897.17253052
   -897.16713263
   -897.17777669
   -897.18900521
   -897.18439460
   -897.18475178
   -897.17474097
   -897.17522760
   -897.19980370
   -897.15903381
   -897.20382557
   -897.19349001
   -897.18331379
   -897.16170739
   -897.18055281
   -897.20535755
   -897.20100841
   -897.19623619
   -897.17339922
   -897.18721730
   -897.19075737
   -897.19769346
   -897.16165488
   -897.19735374
   -897.19368573
   -897.19080288
   -897.18801222
   -897.19043520
   -897.20163329
   -897.16352321
   -897.21283070
   -897.17173971
   -897.17514140
   -897.17946665
   -897.21613017
   -897.19839005
   -897.21619402
   -897.15510658
   -897.19030425
   -897.19324600
   -897.19399743
   -897.19190934
   -897.20326094
   -897.18647212
   -897.18750900
   -897.17170018
   -897.16445705
   -897.20380410
   -897.19198955
   -897.15508696
   -897.17759368
   -897.17202814
   -897.19224225
   -897.18605971
   -897.18531915
   -897.18493822
   -897.20352534
   -897.18300985
   -897.20848725
   -897.20989542
   -897.19281771
   -897.16562566
   -897.17775603
   -897.19505211
   -897.19432992
   -897.17653723
   -897.20754997
   -897.17458743
   -897.19999556
   -897.16938994
   -897.17390069
   -897.20255177
   -897.20157062
   -897.19888921
   -897.19758385
   -897.17509280
   -897.17481711
   -897.18688382
   -897.18313984
   -897.20875942
   -897.17871164
   -897.18207284
   -897.19628567
   -897.18234700
   -897.21392174
   -897.18372388
   -897.20959299
   -897.18481516
   -897.18555210
   -897.19715986
   -897.19521442
   -897.20098932
   -897.14822346
   -897.17842633
   -897.19607084
   -897.20553193
   -897.16312753
   -897.20764341
   -897.17105265
   -897.17478160
   -897.18413373
   -897.17961288
   -897.20578885
   -897.19494752
   -897.18320418
   -897.21662547
   -897.19270398
   -897.17301030
   -897.18868128
   -897.20335192
   -897.17380949
   -897.19254242
   -897.19451329
   -897.20889739
   -897.17674111
   -897.18050076
   -897.17768551
   -897.18442084
   -897.17040661
   -897.18169984
   -897.19070616
   -897.18745647
   -897.16797804
   -897.18375893
   -897.20085101
   -897.19322711
   -897.19787090
   -897.20172474
   -897.19473165
   -897.18734353
   -897.17701015
   -897.20587771
   -897.15845791
   -897.17889879
   -897.15770357
   -897.16861533
   -897.18300098
   -897.18274594
   -897.21723382
   -897.17157969
   -897.20004014
   -897.20124333
   -897.18632449
   -897.19863990
   -897.18670566
   -897.18483145
   -897.19132493
   -897.15238823
   -897.20169966
   -897.18285475
   -897.18802897
   -897.18291303
   -897.18784727
   -897.10175390
   -897.18439656
   -897.20543082
   -897.18374586
   -897.20105090
   -897.20396581
   -897.20746991
   -897.17261468
   -897.22097226
   -897.16960088
   -897.20316253
   -897.19359903
   -897.18105189
   -897.20390124
   -897.20130274
   -897.18809181
   -897.20324595
   -897.18629756
   -897.18727564
   -897.16493198
   -897.17834636
   -897.20745080
   -897.20350571
   -897.17808984
   -897.19661399
   -897.19995265
   -897.17430840
   -897.17030142
   -897.19225190
   -897.17871949
   -897.17854102
   -897.19038361
   -897.15998440
   -897.19292481
   -897.18066861
   -897.20730522
   -897.21787608
   -897.17217404
   -897.20887954
   -897.20379966
   -897.21107516
   -897.20093202
   -897.17730271
   -897.17168020
   -897.17780667
   -897.19294102
   -897.17700803
   -897.17140075
   -897.16221120
   -897.18827287
   -897.21083164
   -897.17812924
   -897.14723452
   -897.17089576
   -897.19786092
   -897.19814219
   -897.21863922
   -897.16226023
   -897.21660778
   -897.19949162
   -897.20669938
   -897.20374588
   -897.20435098
   -897.18725518
   -897.17470292
   -897.17263576
   -897.17309380
   -897.20279018
   -897.20767750
   -897.17088685
   -897.22008999
   -897.17903194
   -897.20203569
   -897.17809851
   -897.19893653
   -897.17358764
   -897.19892074
   -897.18048869
   -897.19754614
   -897.17556894
   -897.18698616
   -897.18239307
   -897.15523535
   -897.18076521
   -897.17765056
   -897.19570193
   -897.19403151
   -897.13201464
   -897.19267598
   -897.19524797
   -897.19088937
   -897.18630467
   -897.18053594
   -897.20917585
   -897.21338913
   -897.20576985
   -897.18372664
   -897.20062701
   -897.17843271
   -897.19739623
   -897.17289766
   -897.17488619
   -897.21011072
   -897.17362655
   -897.17881401
   -897.20703725
   -897.17325539
   -897.19826065
   -897.18374386
   -897.18364979
   -897.17124888
   -897.20419366
   -897.17983465
   -897.19632888
   -897.18560670
   -897.17288700
   -897.17846292
   -897.19965455
   -897.19860991
   -897.19962756
   -897.19798298
   -897.18029887
   -897.22060908
   -897.20332034
   -897.18313181
   -897.21504316
   -897.17513530
   -897.18900484
   -897.20947260
   -897.16897192
   -897.20181196
   -897.18950567
   -897.20787535
   -897.16444325
   -897.17778133
   -897.16697360
   -897.20410061
   -897.21061403
   -897.17457222
   -897.16967752
   -897.16864663
   -897.21694694
   -897.19780502
   -897.21036636
   -897.17761808
   -897.21355522
   -897.19965561
   -897.18074503
   -897.20424376
   -897.21029972
   -897.19631829
   -897.19144878
   -897.20440899
   -897.17544826
   -897.17514200
   -897.16610203
   -897.20260671
   -897.19836687
   -897.18723468
   -897.19473308
   -897.19394858
   -897.17938506
   -897.17648414
   -897.19207583
   -897.19885128
   -897.19941819
   -897.19240147
   -897.18307172
   -897.18625854
   -897.18465199
   -897.20989627
   -897.20019573
   -897.20888137
   -897.19554312
   -897.18384686
   -897.17368497
   -897.18880147
   -897.22285434
   -897.18885287
   -897.16952724
   -897.20142716
   -897.18971425
   -897.17087145
   -897.20757915
   -897.20607991
   -897.20134457
   -897.20501257
   -897.19622567
   -897.19168440
   -897.18109468
   -897.19910279
   -897.21053171
   -897.19893825
   -897.17911822
   -897.19968312
   -897.16889080
   -897.18787585
   -897.18134566
   -897.17745348
   -897.18749213
   -897.16046050
   -897.18862375
   -897.20920476
   -897.19556813
   -897.16931553
   -897.20152670
   -897.17657837
   -897.17898788
   -897.20681853
   -897.19532266
   -897.18408649
   -897.17594066
   -897.17674650
   -897.17502511
   -897.16743633
   -897.20462978
   -897.20505096
   -897.17392176
   -897.18395398
   -897.17964812
   -897.20254471
   -897.21408171
   -897.20688843
   -897.18645459
   -897.16437381
   -897.19020798
   -897.20984150
   -897.16831514
   -897.19581197
   -897.19585578
   -897.19982103
   -897.21855527
   -897.19753997
   -897.17437409
   -897.18334285
   -897.20237459
   -897.17605327
   -897.18320888
   -897.16612878
   -897.19541720
   -897.19522150
   -897.17260042
   -897.19804704
   -897.20659200
   -897.18244189
   -897.17070198
   -897.20761594
   -897.18443127
   -897.17816748
   -897.18420645
   -897.16544741
   -897.19078314
   -897.18531837
   -897.19829235
   -897.21766798
   -897.19033315
   -897.16084628
   -897.16985080
   -897.20817486
   -897.20795751
   -897.20277598
   -897.20149802
   -897.17283334
   -897.18480288
   -897.20071544
   -897.20472009
   -897.17856001
   -897.20368582
   -897.16773597
   -897.16560429
   -897.19676828
   -897.18259290
   -897.18196445
   -897.19263972
   -897.20695671
   -897.15120788
   -897.18606368
   -897.16905126
   -897.17667768
   -897.18413098
   -897.19159173
   -897.18309257
   -897.19428275
   -897.19219512
   -897.19778161
   -897.18056843
   -897.16745175
   -897.16630086
   -897.19964849
   -897.18058512
   -897.18368938
   -897.21283496
   -897.19567428
   -897.20842169
   -897.17280372
   -897.19139103
   -897.21076526
   -897.17183877
   -897.20291044
   -897.20016469
   -897.20306004
   -897.21618577
   -897.20390048
   -897.16954979
   -897.18442852
   -897.18669770
   -897.20352661
   -897.17989616
   -897.17309628
   -897.17373856
   -897.15640576
   -897.21625088
   -897.17034874
   -897.21084394
   -897.19547913
   -897.16913024
   -897.16826550
   -897.17232386
   -897.18552816
   -897.18719190
   -897.18952739
   -897.20224886
   -897.17578187
   -897.18667783
   -897.18739908
   -897.20970827
   -897.20492948
   -897.15959323
   -897.17845564
   -897.19505144
   -897.20321222
   -897.18485756
   -897.17075562
   -897.16750011
   -897.18564888
   -897.18227665
   -897.17682375
   -897.21236232
   -897.18413365
   -897.17662282
   -897.20608634
   -897.20839355
   -897.15433973
   -897.21786045
   -897.18682258
   -897.16550336
   -897.21138575
   -897.17660465
   -897.19254038
   -897.17254527
   -897.20271703
   -897.17877117
   -897.21058594
   -897.20474800
   -897.18218878
   -897.16412907
   -897.18549811
   -897.20453175
   -897.19231544
   -897.19203203
   -897.18080193
   -897.17365604
   -897.20196008
   -897.16075326
   -897.20854013
   -897.17249413
   -897.20242066
   -897.20835520
   -897.17024178
   -897.17465450
   -897.18450693
   -897.17214842
   -897.18450021
   -897.17229063
   -897.21145961
   -897.20039628
   -897.18961451
   -897.15919850
   -897.17917410
   -897.21013439
   -897.16501128
   -897.16441117
   -897.20839922
   -897.21148305
   -897.17854820
   -897.20265945
   -897.15735517
   -897.19040141
   -897.17181444
   -897.16842734
   -897.18037347
   -897.17538946
   -897.18848777
   -897.20034253
   -897.21390196
   -897.19117037
   -897.20932348
   -897.17113364
   -897.17716088
   -897.18784983
   -897.17605445
   -897.21485381
   -897.19222947
   -897.17605094
   -897.17592149
   -897.20088821
   -897.19954298
   -897.19849061
   -897.17977719
   -897.18359724
   -897.19451644
   -897.19383782
   -897.20266733
   -897.20468322
   -897.18602415
   -897.19226611
   -897.19651069
   -897.18792316
   -897.19830762
   -897.20716454
   -897.21554321
   -897.20419412
   -897.21178766
   -897.18268347
   -897.19576067
   -897.18794367
   -897.20147315
   -897.18501254
   -897.18027175
   -897.18433505
   -897.17406267
   -897.19351417
   -897.17870479
   -897.20061642
   -897.20004294
   -897.21617070
   -897.21453180
   -897.19780427
   -897.20083972
   -897.16325369
   -897.14406373
   -897.17771574
   -897.20331006
   -897.17936531
   -897.20547216
   -897.17199977
   -897.19322021
   -897.18568341
   -897.20696255
   -897.19059673
   -897.15220444
   -897.19656785
   -897.17200031
   -897.19360861
   -897.17278199
   -897.19041994
   -897.21872064
   -897.19060587
   -897.19705015
   -897.17480504
   -897.18231894
   -897.20779271
   -897.19250243
   -897.18699091
   -897.16279891
   -897.20068685
   -897.17997258
   -897.15780129
   -897.19180187
   -897.21907145
   -897.18629504
   -897.20462668
   -897.20727628
   -897.20086219
   -897.16318497
   -897.20587615
   -897.18852806
   -897.19621878
   -897.21941979
   -897.19621051
   -897.20784433
   -897.17071772
   -897.19983619
   -897.19343212
   -897.16308464
   -897.19905805
   -897.17154178
   -897.17430213
   -897.18168000
   -897.20018910
   -897.20308978
   -897.21157701
   -897.18647725
   -897.20478252
   -897.16777124
   -897.21150372
   -897.19364559
   -897.20130300
   -897.18090495
   -897.18458912
   -897.17625377
   -897.17193893
   -897.20012170
   -897.19233870
   -897.19346846
   -897.19845931
   -897.17018534
   -897.15370057
   -897.21715226
   -897.18330204
   -897.20000553
   -897.19848590
   -897.16226172
   -897.17673858
   -897.18113705
   -897.17613390
   -897.19944491
   -897.17818407
   -897.20823257
   -897.15687597
   -897.21514452
   -897.17062381
   -897.20151014
   -897.16595182
   -897.18874783
   -897.17921478
   -897.20241025
   -897.17486796
   -897.18151669
   -897.18630393
   -897.20589302
   -897.16954427
   -897.19837469
   -897.14694288
   -897.18914188
   -897.19905701
   -897.20340668
   -897.16865479
   -897.19276403
   -897.19270344
   -897.20848891
   -897.17576520
   -897.19828181
   -897.16001840
   -897.20927242
   -897.16824276
   -897.19923130
   -897.20444827
   -897.19446145
   -897.19164087
   -897.20027352
   -897.20659867
   -897.20935247
   -897.17493120
   -897.19898132
   -897.20283729
   -897.15993148
   -897.17984892
   -897.19371730
   -897.16751955
   -897.17213833
   -897.18362414
   -897.20299470
   -897.20453241
   -897.18029869
   -897.21345141
   -897.18535893
   -897.17467796
   -897.19163404
   -897.21078931
   -897.20006455
   -897.17668435
   -897.19440899
   -897.20717224
   -897.20140522
   -897.19688641
   -897.17591154
   -897.20619460
   -897.17786570
   -897.20361449
   -897.18896849
   -897.20106916
   -897.17000112
   -897.17931156
   -897.19845858
   -897.17629798
   -897.17756881
   -897.18694638
   -897.18795083
   -897.18783686
   -897.20740668
   -897.18944489
   -897.19350753
   -897.19313985
   -897.17213072
   -897.17919593
   -897.20405410
   -897.18407632
   -897.19634531
   -897.20607447
   -897.21323233
   -897.18802319
   -897.19456462
   -897.17435209
   -897.19592619
   -897.18445134
   -897.19203926
   -897.17811764
   -897.19640681
   -897.19105837
   -897.17819700
   -897.17289178
   -897.18230736
   -897.18440249
   -897.16729739
   -897.21277587
   -897.21282052
   -897.17194035
   -897.20708664
   -897.17172508
   -897.16163868
   -897.20616631
   -897.21044889
   -897.19756393
   -897.20450575
   -897.18876481
   -897.18203492
   -897.16818555
   -897.18609385
   -897.20372804
   -897.19778246
   -897.19583338
   -897.18703877
   -897.19804681
   -897.19915061
   -897.17155523
   -897.21073647
   -897.20694352
   -897.18428429
   -897.18744810
   -897.18761685
   -897.16136287
   -897.19663514
   -897.17544657
   -897.18704762
   -897.21099985
   -897.17608604
   -897.21085355
   -897.16917423
   -897.16575610
   -897.19741726
   -897.18968691
   -897.20363051
   -897.21783589
   -897.20125798
   -897.19865786
   -897.22045156
   -897.16980504
   -897.19907119
   -897.17556692
   -897.20322146
   -897.19100794
   -897.19718941
   -897.18601680
   -897.17478955
   -897.21504581
   -897.20969742
   -897.19089583
   -897.17992452
   -897.17566778
   -897.17553260
   -897.19465841
   -897.16974808
   -897.19122703
   -897.18870751
   -897.18856328
   -897.15576803
   -897.18786901
   -897.19429854
   -897.20805216
   -897.16675027
   -897.20199493
   -897.19637129
   -897.16158559
   -897.20406674
   -897.15790776
   -897.20774616
   -897.19705956
   -897.17995936
   -897.19584274
   -897.20259130
   -897.18928504
   -897.20557965
   -897.20809170
   -897.18915390
   -897.19661398
   -897.17671545
   -897.20009332
   -897.18817311
   -897.20679359
   -897.17571070
   -897.20184335
   -897.18680826
   -897.20210297
   -897.16967436
   -897.20885274
   -897.21088275
   -897.17203057
   -897.20375906
   -897.16268008
   -897.17027591
   -897.18119701
   -897.19822733
   -897.17126209
   -897.18680174
   -897.19560967
   -897.16698635
   -897.19633438
   -897.20387589
   -897.19041290
   -897.18220866
   -897.20387752
   -897.17882444
   -897.19791736
   -897.20399818
   -897.20799317
   -897.19120129
   -897.18114031
   -897.18582510
   -897.19347916
   -897.19040943
   -897.18306673
   -897.21422309
   -897.20481954
   -897.20218810
   -897.18644742
   -897.18398927
   -897.20125816
   -897.19075106
   -897.21604472
   -897.19065139
   -897.18546472
   -897.19514353
   -897.17070134
   -897.18879087
   -897.19413032
   -897.18161708
   -897.18503233
   -897.20292318
   -897.17859120
   -897.17349953
   -897.21289038
   -897.19846614
   -897.17894828
   -897.18289429
   -897.20100212
   -897.18986462
   -897.20424984
   -897.18081258
   -897.17659180
   -897.19562389
   -897.20048189
   -897.18018234
   -897.19441022
   -897.21126110
   -897.18676706
   -897.18826172
   -897.21274235
   -897.18209434
   -897.16851057
   -897.17538571
   -897.20441689
   -897.20776388
   -897.16169542
   -897.21630530
   -897.19349321
   -897.20027149
   -897.20330304
   -897.20568560
   -897.17480400
   -897.19491941
   -897.19621792
   -897.21685682
   -897.19023647
   -897.20570184
   -897.19862328
   -897.20640529
   -897.17866986
   -897.20255075
   -897.21025459
   -897.18201679
   -897.20439006
   -897.20170790
   -897.17083558
   -897.17177202
   -897.18084194
   -897.20473134
   -897.15600503
   -897.18720009
   -897.20253091
   -897.16911398
   -897.17923267
   -897.16893462
   -897.15950054
   -897.21703961
   -897.19235315
   -897.19360299
   -897.19383257
   -897.19358853
   -897.19050883
   -897.19509330
   -897.18600258
   -897.18635778
   -897.18395991
   -897.20983002
   -897.18640554
   -897.21053613
   -897.18913558
   -897.17584758
   -897.19278211
   -897.18408880
   -897.20286614
   -897.21489145
   -897.20086504
   -897.20024362
   -897.17507582
   -897.20642208
   -897.19463135
   -897.17172690
   -897.17191797
   -897.18063961
   -897.20311692
   -897.18570083
   -897.20270879
   -897.17623201
   -897.15215035
   -897.17669663
   -897.20945144
   -897.19284077
   -897.19110785
   -897.17001772
   -897.18902899
   -897.18661305
   -897.19617220
   -897.18876270
   -897.17626968
   -897.17326703
   -897.16938302
   -897.21142545
   -897.18323847
   -897.17089635
   -897.17769321
   -897.18208466
   -897.17484790
   -897.18922046
   -897.16593556
   -897.16758777
   -897.20121816
   -897.20604556
   -897.19153017
   -897.18776511
   -897.20712243
   -897.21735312
   -897.18400381
   -897.20294154
   -897.19180026
   -897.17310693
   -897.18067262
   -897.20694267
   -897.16610146
   -897.21480587
   -897.17653464
   -897.19582616
   -897.17126449
   -897.17712985
   -897.17900428
   -897.16978638
   -897.18837195
   -897.18981071
   -897.17247656
   -897.18469905
   -897.16955511
   -897.17641208
   -897.18270211
   -897.17655326
   -897.20447853
   -897.15813698
   -897.19926123
   -897.17622312
   -897.16782473
   -897.16979965
   -897.19522739
   -897.17874876
   -897.15803020
   -897.20001588
   -897.18532734
   -897.19270690
   -897.17967830
   -897.20434904
   -897.21053417
   -897.16673994
   -897.17310835
   -897.18272255
   -897.18846534
   -897.18645116
   -897.18241772
   -897.17855117
   -897.21470473
   -897.20403572
   -897.18681149
   -897.15357903
   -897.21719461
   -897.15638338
   -897.16379510
   -897.18305613
   -897.18150630
   -897.17369315
   -897.17821277
   -897.20373598
   -897.20092114
   -897.20940050
   -897.21200263
   -897.21063656
   -897.16321675
   -897.20503719
   -897.16746856
   -897.18704219
   -897.19655902
   -897.18765136
   -897.19012713
   -897.19725274
   -897.16275832
   -897.21335008
   -897.20092366
   -897.19952834
   -897.21288944
   -897.18720459
   -897.19338736
   -897.18162658
   -897.17024252
   -897.17085752
   -897.18127678
   -897.18421476
   -897.18611744
   -897.16639341
   -897.18807965
   -897.20120281
   -897.18358571
   -897.16582978
   -897.19672281
   -897.17915997
   -897.15642880
   -897.17428292
   -897.18778125
   -897.17971949
   -897.21201903
   -897.20319582
   -897.19608481
   -897.18897539
   -897.17570924
   -897.16598233
   -897.19450721
   -897.17345877
   -897.18032310
   -897.15938332
   -897.17074207
   -897.20995559
   -897.20083013
   -897.21307678
   -897.20975273
   -897.18903659
   -897.17209937
   -897.17459292
   -897.19556717
   -897.20941620
   -897.18687156
   -897.20563419
   -897.17915583
   -897.17678361
   -897.20962797
   -897.21236190
   -897.20584818
   -897.20138497
   -897.19640395
   -897.18506891
   -897.17284175
   -897.21228151
   -897.17488625
   -897.17631305
   -897.18594253
   -897.19254637
   -897.18289683
   -897.16906394
   -897.18629760
   -897.17379835
   -897.20757455
   -897.18093017
   -897.18315673
   -897.16223555
   -897.17800361
   -897.16636714
   -897.21418613
   -897.19627421
   -897.20805779
   -897.19562886
   -897.20849539
   -897.20108094
   -897.20070195
   -897.18121529
   -897.18062233
   -897.18737355
   -897.20282419
   -897.18602095
   -897.19906164
   -897.21474937
   -897.16941780
   -897.18219193
   -897.16070969
   -897.20217326
   -897.19992320
   -897.15945782
   -897.19784281
   -897.17076922
   -897.19400215
   -897.20468429
   -897.21470580
   -897.17407784
   -897.20966056
   -897.17283456
   -897.17486900
   -897.18031755
   -897.16193110
   -897.19220230
   -897.20513060
   -897.20536054
   -897.16361646
   -897.17062738
   -897.16925373
   -897.19704248
   -897.19584460
   -897.19324824
   -897.19015666
   -897.18878606
   -897.18878318
   -897.19997477
   -897.19448388
   -897.20368764
   -897.16678562
   -897.19100420
   -897.17825331
   -897.19814052
   -897.16942523
   -897.17530767
   -897.19691711
   -897.20416631
   -897.19276714
   -897.16760615
   -897.20517963
   -897.19787437
   -897.14944968
   -897.18205177
   -897.17047131
   -897.18206131
   -897.19442821
   -897.16765760
   -897.21333118
   -897.20491967
   -897.21239672
   -897.19826469
   -897.18705145
   -897.16298179
   -897.17349377
   -897.19708556
   -897.17915595
   -897.16646629
   -897.18724365
   -897.16386756
   -897.17926378
   -897.20231174
   -897.18320982
   -897.21698946
   -897.18720677
   -897.20404419
   -897.20585395
   -897.14770554
   -897.18823089
   -897.17894068
   -897.16708100
   -897.16143346
   -897.16274651
   -897.19932266
   -897.18524594
   -897.19454690
   -897.17121277
   -897.20786568
   -897.16735618
   -897.19892060
   -897.18634063
   -897.17180737
   -897.19135974
   -897.19812480
   -897.18656777
   -897.20110144
   -897.18032472
   -897.17136263
   -897.18945535
   -897.17860344
   -897.21359284
   -897.17182855
   -897.16004073
   -897.20134628
   -897.21466958
   -897.18477576
   -897.17271346
   -897.19015963
   -897.18785694
   -897.18950293
   -897.16466242
   -897.20951332
   -897.18346528
   -897.19808153
   -897.18971988
   -897.18037671
   -897.16581620
   -897.18728507
   -897.16743262
   -897.17181055
   -897.19342088
   -897.20392517
   -897.16499924
   -897.19989104
   -897.17170991
   -897.19210778
   -897.18298712
   -897.17472654
   -897.17617070
   -897.17378386
   -897.18291253
   -897.18970278
   -897.17381778
   -897.19403082
   -897.21317592
   -897.18062709
   -897.19417550
   -897.16615227
   -897.18556160
   -897.19775786
   -897.18108944
   -897.17757592
   -897.16891229
   -897.20686136
   -897.18760438
   -897.18582644
   -897.19226759
   -897.16176295
   -897.20036370
   -897.18576673
   -897.15925178
   -897.19386133
   -897.17953503
   -897.19574878
   -897.20064112
   -897.17175899
   -897.18725887
   -897.21862315
   -897.20831037
   -897.20241319
   -897.19594174
   -897.18182958
   -897.20146143
   -897.20199622
   -897.17643440
   -897.18999781
   -897.17694596
   -897.19329289
   -897.20562660
   -897.19272478
   -897.17346993
   -897.18211901
   -897.20543058
   -897.20110980
   -897.18138169
   -897.18876940
   -897.19313957
   -897.17329884
   -897.18513205
   -897.18349999
   -897.17346272
   -897.17662069
   -897.17533864
   -897.18311396
   -897.20065275
   -897.18773900
   -897.19414324
   -897.17551482
   -897.17974900
   -897.17591478
   -897.19183160
   -897.16977054
   -897.20364021
   -897.19474013
   -897.19813946
   -897.21212338
   -897.16992990
   -897.17187320
   -897.19844320
   -897.18888072
   -897.18013935
   -897.20832457
   -897.17701686
   -897.19554449
   -897.17672495
   -897.18512980
   -897.20128372
   -897.18668394
   -897.20355636
   -897.18436364
   -897.19153076
   -897.16745293
   -897.16001816
   -897.21192987
   -897.17586342
   -897.20449160
   -897.15909550
   -897.17990588
   -897.16475711
   -897.17300073
   -897.19049376
   -897.19957972
   -897.19286842
   -897.19978888
   -897.21108279
   -897.16115772
   -897.17593257
   -897.18025439
   -897.16829507
   -897.16692626
   -897.19814574
   -897.18724928
   -897.20648422
   -897.20394340
   -897.17522114
   -897.20768000
   -897.16570374
   -897.19385571
   -897.16980841
   -897.17203698
   -897.19455329
   -897.20284603
   -897.19963870
   -897.20245023
   -897.20224454
   -897.19461989
   -897.19012070
   -897.19815922
   -897.21936572
   -897.20070075
   -897.17131497
   -897.16303152
   -897.19002088
   -897.16879049
   -897.20995318
   -897.16837851
   -897.18298423
   -897.19324029
   -897.19784061
   -897.20849271
   -897.19143275
   -897.18118473
   -897.19123006
   -897.19994386
   -897.19310459
   -897.17852639
   -897.17368898
   -897.17792563
   -897.20686345
   -897.17499089
   -897.20806488
   -897.18391885
   -897.17830831
   -897.19343239
   -897.18052889
   -897.20527482
   -897.16873427
   -897.18631655
   -897.16658228
   -897.20260891
   -897.19492133
   -897.16761081
   -897.16159621
   -897.17155056
   -897.21273286
   -897.17633801
   -897.20512578
   -897.17954028
   -897.20682046
   -897.19413909
   -897.18229004
   -897.20023114
   -897.21399100
   -897.16828890
   -897.18799017
   -897.18405500
   -897.20021854
   -897.20209871
   -897.19445856
   -897.19488149
   -897.20033446
   -897.17524797
   -897.18638025
   -897.18193875
   -897.18637380
   -897.17522705
   -897.19630491
   -897.16803354
   -897.19439814
   -897.19075390
   -897.19021805
   -897.17217086
   -897.19851340
   -897.19849718
   -897.17006809
   -897.19404392
   -897.17501897
   -897.16858121
   -897.19791937
   -897.18066482
   -897.18654068
   -897.19748701
   -897.20705190
   -897.18296929
   -897.19426449
   -897.18142152
   -897.17984987
   -897.20578551
   -897.17876396
   -897.20000918
   -897.21543811
   -897.18610927
   -897.19043112
   -897.18971575
   -897.18554697
   -897.16974250
   -897.18608682
   -897.19432499
   -897.21483826
   -897.17040200
   -897.14382224
   -897.16466254
   -897.20666154
   -897.18715433
   -897.17859540
   -897.21019147
   -897.20410182
   -897.20683945
   -897.17939980
   -897.18240578
   -897.17455830
   -897.16650390
   -897.17137551
   -897.17585714
   -897.19961870
   -897.19610412
   -897.17706273
   -897.17839743
   -897.19716146
   -897.19016891
   -897.18732146
   -897.19729044
   -897.21365684
   -897.17271141
   -897.18686640
   -897.20830213
   -897.16928882
   -897.19680579
   -897.18761762
   -897.19057676
   -897.16677559
   -897.20308735
   -897.17567930
   -897.19941450
   -897.19804847
   -897.18095512
   -897.17047855
   -897.16930277
   -897.20546450
   -897.17549687
   -897.17683307
   -897.18740054
   -897.18697344
   -897.19173559
   -897.19856802
   -897.20826234
   -897.20416693
   -897.17790842
   -897.16905478
   -897.18018527
   -897.19789946
   -897.17528931
   -897.15936129
   -897.18022725
   -897.20113954
   -897.18138263
   -897.18615885
   -897.21662730
   -897.16535258
   -897.21528651
   -897.18863645
   -897.20415158
   -897.18352790
   -897.21155414
   -897.18574025
   -897.19659465
   -897.16803564
   -897.20915285
   -897.16653609
   -897.17851060
   -897.18894804
   -897.18312887
   -897.20112437
   -897.18352346
   -897.20527367
   -897.18305766
   -897.21385012
   -897.20304207
   -897.17687404
   -897.18887213
   -897.19724401
   -897.20777169
   -897.17232236
   -897.19818402
   -897.19328580
   -897.19487617
   -897.16655845
   -897.19830871
   -897.21607553
   -897.18435280
   -897.17290657
   -897.17633907
   -897.17362092
   -897.17298612
   -897.18364904
   -897.17481584
   -897.18449612
   -897.20166518
   -897.19880692
   -897.16572580
   -897.19268004
   -897.19053933
   -897.18141897
   -897.17980685
   -897.18219476
   -897.18930458
   -897.17878495
   -897.19607164
   -897.18750205
   -897.16940776
   -897.19971007
   -897.21084716
   -897.17252872
   -897.18247181
   -897.19024018
   -897.19175393
   -897.21928647
   -897.16080826
   -897.21728190
   -897.21165230
   -897.20547700
   -897.17740266
   -897.18473126
   -897.18386014
   -897.20959400
   -897.19627859
   -897.17584829
   -897.18639831
   -897.18341826
   -897.19193828
   -897.21255865
   -897.18384351
   -897.16515512
   -897.19510586
   -897.18264081
   -897.21642712
   -897.19506954
   -897.17878374
   -897.19778363
   -897.19270567
   -897.19130153
   -897.17089235
   -897.19043401
   -897.20931575
   -897.19645581
   -897.19011199
   -897.20484296
   -897.17658182
   -897.19743764
   -897.19493137
   -897.18473905
   -897.20523903
   -897.18691112
   -897.21366178
   -897.17607518
   -897.20415147
   -897.18089879
   -897.18811337
   -897.17359619
   -897.18611694
   -897.18009519
   -897.18025046
   -897.18079058
   -897.20512089
   -897.18537310
   -897.21929615
   -897.20782962
   -897.17883412
   -897.16696230
   -897.18263783
   -897.16341643
   -897.20723400
   -897.20413572
   -897.15412803
   -897.17463856
   -897.18960525
   -897.18067564
   -897.19605581
   -897.18295384
   -897.18127080
   -897.18430694
   -897.16803190
   -897.19470099
   -897.20542769
   -897.19901308
   -897.17927630
   -897.18926271
   -897.20138486
   -897.17009710
   -897.20905145
   -897.21620001
   -897.20031878
   -897.20273237
   -897.20577958
   -897.18679989
   -897.18052773
   -897.17759740
   -897.19422783
   -897.18557799
   -897.18220579
   -897.18428068
   -897.19074960
   -897.20012151
   -897.18811419
   -897.18058349
   -897.18203999
   -897.18351312
   -897.17075930
   -897.17847089
   -897.19477087
   -897.20980119
   -897.16634096
   -897.17882166
   -897.20512989
   -897.17495804
   -897.16563670
   -897.20671847
   -897.19760049
   -897.18128293
   -897.19655630
   -897.20750533
   -897.15953263
   -897.19305351
   -897.20430939
   -897.18906209
   -897.18567070
   -897.19114021
   -897.20044282
   -897.16856409
   -897.21520668
   -897.16818423
   -897.17852206
   -897.16618267
   -897.18122036
   -897.20108008
   -897.19483854
   -897.18000679
   -897.19933321
   -897.21311084
   -897.15273554
   -897.19692976
   -897.18838918
   -897.19911322
   -897.18138511
   -897.19436154
   -897.17540142
   -897.15215542
   -897.20408518
   -897.20640986
   -897.17994493
   -897.19665161
   -897.20283682
   -897.20024178
   -897.20766061
   -897.20128188
   -897.17843432
   -897.18936067
   -897.19367470
   -897.20626483
   -897.21599933
   -897.18275805
   -897.20008882
   -897.12519265
   -897.19284413
   -897.16057732
   -897.20897616
   -897.17044120
   -897.18154228
   -897.16796999
   -897.19239838
   -897.19990301
   -897.19701518
   -897.18961836
   -897.17814664
   -897.18240839
   -897.21121396
   -897.18660922
   -897.20285784
   -897.18988325
   -897.19570644
   -897.19506013
   -897.20523978
   -897.21465103
   -897.18902120
   -897.17415939
   -897.19453695
   -897.17867653
   -897.21795430
   -897.19246528
   -897.17370579
   -897.21700775
   -897.21362316
   -897.18558698
   -897.21689922
   -897.20122871
   -897.17392564
   -897.20882308
   -897.20214304
   -897.19735385
   -897.17882323
   -897.20457261
   -897.19998165
   -897.19136950
   -897.18420850
   -897.18435021
   -897.16989106
   -897.18379237
   -897.19491410
   -897.16239628
   -897.17208799
   -897.18548251
   -897.19460774
   -897.18629594
   -897.19804973
   -897.20567927
   -897.20779818
   -897.18637174
   -897.17472185
   -897.19035054
   -897.18455586
   -897.17939221
   -897.18009665
   -897.19722037
   -897.18060589
   -897.17015617
   -897.20602255
   -897.20842423
   -897.20496751
   -897.20766073
   -897.18826316
   -897.17973496
   -897.21688627
   -897.17618221
   -897.19775319
   -897.20376335
   -897.19689016
   -897.19328662
   -897.15653490
   -897.16767930
   -897.19417532
   -897.20481244
   -897.16260770
   -897.17868454
   -897.18105498
   -897.19087077
   -897.20698843
   -897.20365075
   -897.17172725
   -897.16990033
   -897.19281574
   -897.17655405
   -897.18365638
   -897.16673412
   -897.18620443
   -897.17472031
   -897.17075690
   -897.17362166
   -897.18449328
   -897.20303236
   -897.20998069
   -897.20345551
   -897.20939822
   -897.20916151
   -897.16989066
   -897.17773369
   -897.21643180
   -897.18937007
   -897.16852350
   -897.19596828
   -897.21384830
   -897.18085310
   -897.17453383
   -897.19749890
   -897.19396422
   -897.19005866
   -897.17813247
   -897.20021367
   -897.17588095
   -897.19455483
   -897.20549244
   -897.18694578
   -897.20157527
   -897.19799623
   -897.19724005
   -897.19964245
   -897.19815926
   -897.18899141
   -897.18216058
   -897.17164647
   -897.19129967
   -897.19258524
   -897.21208181
   -897.21045987
   -897.16545537
   -897.19522047
   -897.21255341
   -897.18713157
   -897.16942333
   -897.17666244
   -897.17798371
   -897.16127011
   -897.16315218
   -897.18233550
   -897.18144929
   -897.19924570
   -897.17074578
   -897.19151042
   -897.16902991
   -897.20192820
   -897.20204151
   -897.20128499
   -897.17394195
   -897.20188698
   -897.17386543
   -897.21584835
   -897.18416932
   -897.19538755
   -897.16599098
   -897.18758734
   -897.19267792
   -897.18930835
   -897.17763370
   -897.19293142
   -897.18137649
   -897.19698485
   -897.16362132
   -897.20261195
   -897.17028414
   -897.17127379
   -897.17467250
   -897.21599611
   -897.17453325
   -897.20325736
   -897.15309902
   -897.19003914
   -897.18405934
   -897.20881124
   -897.19174814
   -897.17916241
   -897.18222908
   -897.18870323
   -897.17405159
   -897.21050962
   -897.17911393
   -897.17293648
   -897.18726278
   -897.16422550
   -897.19969134
   -897.18725293
   -897.18585562
   -897.21966423
   -897.17713328
   -897.19287774
   -897.20588474
   -897.18979574
   -897.18738098
   -897.18825514
   -897.18443661
   -897.19624501
   -897.18384528
   -897.16831811
   -897.18861895
   -897.19531008
   -897.17637884
   -897.20696682
   -897.21378212
   -897.20576892
   -897.17881142
   -897.18765865
   -897.18554642
   -897.19106487
   -897.17871971
   -897.21471651
   -897.17093792
   -897.20596871
   -897.20088092
   -897.21059193
   -897.17449308
   -897.16640545
   -897.16393049
   -897.18866580
   -897.21238081
   -897.18469706
   -897.17711009
   -897.18846075
   -897.18341426
   -897.20534169
   -897.16352456
   -897.18426163
   -897.16076512
   -897.19648087
   -897.18073387
   -897.20544461
   -897.20760675
   -897.20551350
   -897.19906344
   -897.20331059
   -897.17361280
   -897.19626041
   -897.17034782
   -897.18505485
   -897.20359340
   -897.20484084
   -897.18334630
   -897.18057919
   -897.20948706
   -897.21143907
   -897.20935284
   -897.21441617
   -897.21258277
   -897.20282910
   -897.16476483
   -897.18600617
   -897.20740027
   -897.19172231
   -897.16129681
   -897.17228219
   -897.20678024
   -897.19569688
   -897.16519329
   -897.19421651
   -897.16262160
   -897.18594986
   -897.17977243
   -897.16532591
   -897.18307235
   -897.20956094
   -897.18378606
   -897.21459333
   -897.21252899
   -897.21499053
   -897.17923151
   -897.19368993
   -897.17102259
   -897.17314286
   -897.20612728
   -897.19397901
   -897.19404200
   -897.21613315
   -897.19603767
   -897.19193288
   -897.16967566
   -897.18338938
   -897.18879889
   -897.17270381
   -897.16720772
   -897.19916322
   -897.18518840
   -897.21796865
   -897.18255840
   -897.16963695
   -897.17319770
   -897.19984738
   -897.16685869
   -897.17048689
   -897.20532633
   -897.17071860
   -897.19690516
   -897.18634057
   -897.17793301
   -897.14802153
   -897.19522016
   -897.15337743
   -897.20922984
   -897.17786696
   -897.19886340
   -897.18917212
   -897.17113410
   -897.20112775
   -897.20359735
   -897.20007361
   -897.20568026
   -897.21856281
   -897.18327108
   -897.19719599
   -897.17979286
   -897.17222673
   -897.17355197
   -897.15874124
   -897.19779958
   -897.17313953
   -897.22123328
   -897.19644510
   -897.18286894
   -897.19425821
   -897.18094555
   -897.21532479
   -897.17454730
   -897.17164128
   -897.19052063
   -897.19241788
   -897.17717939
   -897.17441731
   -897.21576191
   -897.17989541
   -897.16011508
   -897.19855935
   -897.20279629
   -897.18484245
   -897.20932746
   -897.18599596
   -897.19658804
   -897.18173561
   -897.17670835
   -897.16680863
   -897.19953604
   -897.20712109
   -897.17564486
   -897.16978785
   -897.17321996
   -897.19519224
   -897.20967135
   -897.17656722
   -897.19036343
   -897.17723068
   -897.20130812
   -897.19803508
   -897.18440121
   -897.21606383
   -897.19102838
   -897.21012072
   -897.16257742
   -897.18015622
   -897.18970619
   -897.20390661
   -897.19275740
   -897.19261480
   -897.18469029
   -897.19461058
   -897.18208423
   -897.21420521
   -897.20755440
   -897.17023231
   -897.17622418
   -897.18289944
   -897.20683938
   -897.20803907
   -897.17955929
   -897.18241811
   -897.18480778
   -897.18394076
   -897.18881880
   -897.20395052
   -897.19398508
   -897.21275378
   -897.19196693
   -897.22164941
   -897.17448038
   -897.19653913
   -897.17042176
   -897.16647234
   -897.21380305
   -897.18028981
   -897.19138460
   -897.19227810
   -897.16902718
   -897.18658991
   -897.21038065
   -897.20235545
   -897.17649683
   -897.21102293
   -897.18866100
   -897.17601324
   -897.20705031
   -897.20150898
   -897.19121676
   -897.17117560
   -897.19823267
   -897.17362130
   -897.20214238
   -897.19527660
   -897.17620455
   -897.17463961
   -897.19907407
   -897.19076197
   -897.18878572
   -897.17711562
   -897.18634812
   -897.20174404
   -897.15994441
   -897.16290073
   -897.17178703
   -897.19370810
   -897.19324217
   -897.21584473
   -897.16890473
   -897.20889802
   -897.20132525
   -897.20105776
   -897.18136009
   -897.20106086
   -897.18540359
   -897.20109504
   -897.17425907
   -897.18140597
   -897.17679706
   -897.19205683
   -897.20896793
   -897.16127326
   -897.17044781
   -897.21687993
   -897.21494526
   -897.18320942
   -897.17560710
   -897.17339708
   -897.19767245
   -897.17575915
   -897.18546882
   -897.20147942
   -897.17794690
   -897.21095561
   -897.17544192
   -897.21188701
   -897.18264010
   -897.19173423
   -897.18156424
   -897.18670204
   -897.20241210
   -897.20080897
   -897.18402342
   -897.19198709
   -897.17469284
   -897.18244375
   -897.19930508
   -897.18969299
   -897.21133915
   -897.17946185
   -897.17184139
   -897.17855368
   -897.20080344
   -897.18606687
   -897.16175141
   -897.19760500
   -897.21201486
   -897.18007602
   -897.20984631
   -897.20520537
   -897.18459926
   -897.19926499
   -897.19199221
   -897.18116913
   -897.19016464
   -897.17648521
   -897.18641022
   -897.17916695
   -897.21196235
   -897.20150720
   -897.19216945
   -897.18327255
   -897.21079430
   -897.20133456
   -897.19265539
   -897.20465588
   -897.19038374
   -897.18382289
   -897.19087489
   -897.20730830
   -897.16324006
   -897.17402441
   -897.20499406
   -897.17356999
   -897.17829740
   -897.21249887
   -897.17330244
   -897.18693735
   -897.18883112
   -897.19533626
   -897.20032618
   -897.19641942
   -897.19289550
   -897.17821882
   -897.19948387
   -897.20076264
   -897.16200635
   -897.15569103
   -897.18050091
   -897.19364623
   -897.19538954
   -897.18415277
   -897.19474955
   -897.21738016
   -897.18271701
   -897.16568464
   -897.19098152
   -897.19059064
   -897.20318041
   -897.21076720
   -897.18249782
   -897.20912282
   -897.19595833
   -897.21041238
   -897.20868274
   -897.19158448
   -897.21746825
   -897.18550366
   -897.18589911
   -897.21013294
   -897.17780574
   -897.20223348
   -897.19250543
   -897.20575436
   -897.20355988
   -897.17956727
   -897.17024015
   -897.19611601
   -897.18681606
   -897.20583943
   -897.18964692
   -897.18612723
   -897.15340414
   -897.19895046
   -897.20352602
   -897.15985289
   -897.19049281
   -897.16244717
   -897.18491576
   -897.20049087
   -897.20136025
   -897.20630389
   -897.21083233
   -897.19009984
   -897.17568792
   -897.16268362
   -897.17011478
   -897.16764521
   -897.19095718
   -897.17913397
   -897.21288700
   -897.21399616
   -897.17807362
   -897.20724899
   -897.20547111
   -897.20184549
   -897.20728402
   -897.18568640
   -897.20494136
   -897.20695084
   -897.20866856
   -897.18710794
   -897.19940854
   -897.17947951
   -897.18790215
   -897.18742597
   -897.17603089
   -897.17151828
   -897.17341052
   -897.19420616
   -897.19919298
   -897.18400478
   -897.20002883
   -897.20060410
   -897.19903258
   -897.16527575
   -897.20504554
   -897.19695396
   -897.20688076
   -897.17078084
   -897.20218194
   -897.19581041
   -897.18987118
   -897.20412760
   -897.21133580
   -897.17985305
   -897.18002024
   -897.19650790
   -897.19118141
   -897.17311116
   -897.20097808
   -897.18028633
   -897.17406890
   -897.17332735
   -897.15826507
   -897.19607378
   -897.18734097
   -897.18894451
   -897.21502506
   -897.21087056
   -897.18173654
   -897.21050983
   -897.15695228
   -897.17769994
   -897.20295957
   -897.20091246
   -897.17752262
   -897.21088727
   -897.17829212
   -897.19766544
   -897.20231627
   -897.21494745
   -897.21399079
   -897.21196286
   -897.18565426
   -897.18162754
   -897.18440603
   -897.18836797
   -897.21995470
   -897.18122330
   -897.16266792
   -897.17360676
   -897.18244707
   -897.21231662
   -897.19644846
   -897.18035252
   -897.17569370
   -897.15844056
   -897.20727609
   -897.18538727
   -897.18503024
   -897.20511141
   -897.20079707
   -897.20959962
   -897.16604540
   -897.20977495
   -897.16365288
   -897.21087364
   -897.18285175
   -897.20733233
   -897.20521246
   -897.17373970
   -897.21400977
   -897.18631046
   -897.20805292
   -897.17285616
   -897.17738555
   -897.20111809
   -897.17344992
   -897.21505617
   -897.18869708
   -897.18661140
   -897.19953476
   -897.19015482
   -897.18688581
   -897.18415177
   -897.20900930
   -897.17726903
   -897.19572238
   -897.20465671
   -897.19215952
   -897.18122376
   -897.18146082
   -897.19444666
   -897.21172069
   -897.17798683
   -897.19366570
   -897.20237573
   -897.18770973
   -897.16960153
   -897.17133398
   -897.20207557
   -897.19631618
   -897.17197618
   -897.16090794
   -897.18333485
   -897.18551253
   -897.19470692
   -897.17255518
   -897.17543103
   -897.18097533
   -897.21191541
   -897.17607562
   -897.20513340
   -897.17733131
   -897.16052189
   -897.16906762
   -897.18831667
   -897.20968213
   -897.20023299
   -897.18351191
   -897.17245160
   -897.17575747
   -897.19362513
   -897.18342170
   -897.20613846
   -897.16451562
   -897.18101020
   -897.19212765
   -897.15122685
   -897.17370849
   -897.15922302
   -897.16690358
   -897.21528738
   -897.17196428
   -897.18874778
   -897.19991154
   -897.18568950
   -897.20813051
   -897.18719508
   -897.20013892
   -897.21888603
   -897.19911296
   -897.20854938
   -897.17999718
   -897.20067154
   -897.19239671
   -897.17430777
   -897.18104507
   -897.16661559
   -897.18047559
   -897.16671691
   -897.18517552
   -897.21308350
   -897.20046077
   -897.17063362
   -897.21423676
   -897.20486426
   -897.16923406
   -897.20366599
   -897.19185751
   -897.19553066
   -897.19270572
   -897.20177768
   -897.20460849
   -897.21862657
   -897.18210283
   -897.18669451
   -897.17256197
   -897.18357572
   -897.18444748
   -897.17125774
   -897.20845717
   -897.20039799
   -897.19867709
   -897.15635981
   -897.19811869
   -897.20530161
   -897.17451331
   -897.21091037
   -897.16419747
   -897.16393628
   -897.19578884
   -897.18517563
   -897.17461150
   -897.19177600
   -897.17481514
   -897.16876566
   -897.17023110
   -897.17151503
   -897.17689932
   -897.19654333
   -897.20455030
   -897.17228793
   -897.16774586
   -897.21220925
   -897.19199431
   -897.17917111
   -897.17510888
   -897.20253603
   -897.18746652
   -897.16342595
   -897.20135512
   -897.17992403
   -897.19047278
   -897.16683984
   -897.18117341
   -897.18400593
   -897.18991991
   -897.18716856
   -897.18128288
   -897.20580387
   -897.18442565
   -897.17364169
   -897.19000792
   -897.21850490
   -897.18855291
   -897.18633796
   -897.19038006
   -897.17667422
   -897.18064252
   -897.19684444
   -897.21031310
   -897.21425084
   -897.21632317
   -897.17283470
   -897.19481358
   -897.19750477
   -897.20147723
   -897.18866548
   -897.18087515
   -897.17879642
   -897.19060000
   -897.17450112
   -897.19508076
   -897.17431892
   -897.20293847
   -897.19550481
   -897.20877119
   -897.21177250
   -897.16319720
   -897.20009928
   -897.18143238
   -897.20589161
   -897.17914091
   -897.19615354
   -897.19159058
   -897.19031869
   -897.21256230
   -897.17881597
   -897.17529910
   -897.19573218
   -897.17534876
   -897.18230715
   -897.19185382
   -897.20097575
   -897.17894534
   -897.20075969
   -897.17354339
   -897.18160215
   -897.17256082
   -897.16814360
   -897.17063686
   -897.21785778
   -897.19056698
   -897.20271033
   -897.20405645
   -897.18617384
   -897.20609269
   -897.19310757
   -897.18738346
   -897.17881638
   -897.19325416
   -897.20374934
   -897.17511237
   -897.19493106
   -897.16256265
   -897.19329249
   -897.11496579
   -897.19032053
   -897.18891380
   -897.17251706
   -897.17490474
   -897.18273103
   -897.17771338
   -897.18669667
   -897.19107692
   -897.19795162
   -897.21333771
   -897.19982176
   -897.18871201
   -897.16930754
   -897.19008687
   -897.16764774
   -897.17033650
   -897.20638698
   -897.17279444
   -897.18933522
   -897.18157193
   -897.20763761
   -897.21489188
   -897.17793684
   -897.21205570
   -897.16631173
   -897.19657384
   -897.20831671
   -897.18335767
   -897.18394182
   -897.17154894
   -897.19651963
   -897.18400861
   -897.20352883
   -897.20218522
   -897.18797020
   -897.20343313
   -897.19989057
   -897.20062174
   -897.16269160
