% The following energies apply to conformations described by the topology 
% R41.top.  Structures are given in trajectory coords.cdf, count: 2625.

% Item 0:
%   Energy -> orca_structures/coor*/Conf*.out
   -731.17050682
   -731.19714162
   -731.21799589
   -731.19453540
   -731.19820657
   -731.21256276
   -731.15949249
   -731.23704028
   -731.17844994
   -731.19057470
   -731.18932854
   -731.19741095
   -731.22812257
   -731.19937491
   -731.16612875
   -731.18211611
   -731.18763024
   -731.16861566
   -731.22281303
   -731.21376579
   -731.20432138
   -731.19428770
   -731.21353581
   -731.23700303
   -731.17592138
   -731.21515670
   -731.21025640
   -731.20008521
   -731.19745051
   -731.17808900
   -731.19442028
   -731.18434262
   -731.18816126
   -731.21511345
   -731.18656350
   -731.22954737
   -731.20102289
   -731.21394279
   -731.18935166
   -731.20910536
   -731.21579274
   -731.17329350
   -731.19956960
   -731.19812377
   -731.18383571
   -731.20788269
   -731.14426145
   -731.16428713
   -731.17694575
   -731.17372536
   -731.20648364
   -731.22084166
   -731.18478732
   -731.24380601
   -731.19427828
   -731.14572145
   -731.19706891
   -731.16117177
   -731.20473676
   -731.18982761
   -731.15918906
   -731.17137323
   -731.20617540
   -731.18826230
   -731.17981522
   -731.22987012
   -731.21193314
   -731.18334849
   -731.20957258
   -731.18085095
   -731.19448706
   -731.20705412
   -731.18364935
   -731.16067396
   -731.17939725
   -731.20193394
   -731.21895144
   -731.15296764
   -731.22201578
   -731.17781031
   -731.21763872
   -731.15816125
   -731.19974838
   -731.20007406
   -731.21653828
   -731.23180307
   -731.21540313
   -731.16794994
   -731.20554172
   -731.19149614
   -731.19396033
   -731.16157223
   -731.19472354
   -731.19544714
   -731.19247900
   -731.20400963
   -731.21574201
   -731.18193551
   -731.22006652
   -731.18458257
   -731.19363430
   -731.18808183
   -731.24710700
   -731.21077778
   -731.22308083
   -731.14325016
   -731.20627833
   -731.20678646
   -731.17992499
   -731.11870780
   -731.21605811
   -731.19402096
   -731.20052574
   -731.21496686
   -731.19231265
   -731.20687053
   -731.21206369
   -731.13935888
   -731.16880481
   -731.15864661
   -731.17146709
   -731.21817899
   -731.17631458
   -731.21747544
   -731.20039166
   -731.19589869
   -731.21915114
   -731.19682857
   -731.20493940
   -731.19638742
   -731.22359042
   -731.19696856
   -731.19275380
   -731.20765525
   -731.18141482
   -731.19073931
   -731.16583714
   -731.21945483
   -731.20797193
   -731.23373033
   -731.20697935
   -731.19450909
   -731.19840479
   -731.20382898
   -731.22211783
   -731.18578410
   -731.21309442
   -731.20610757
   -731.21028626
   -731.21428740
   -731.21958250
   -731.20534290
   -731.18514297
   -731.19440271
   -731.19324306
   -731.21061644
   -731.15273205
   -731.20727520
   -731.20519607
   -731.16037206
   -731.20955437
   -731.17953207
   -731.20918182
   -731.20628862
   -731.23032717
   -731.20602086
   -731.14389310
   -731.23265850
   -731.22609717
   -731.17371389
   -731.19793074
   -731.18077779
   -731.18279388
   -731.17441645
   -731.21459471
   -731.17386525
   -731.16926945
   -731.20549002
   -731.21913447
   -731.17926894
   -731.18878667
   -731.18360571
   -731.21289952
   -731.18239340
   -731.18519999
   -731.21044572
   -731.21316813
   -731.23201655
   -731.20810895
   -731.22436288
   -731.19804400
   -731.15852968
   -731.23321876
   -731.17648465
   -731.18629743
   -731.17676018
   -731.14903180
   -731.20364427
   -731.18402084
   -731.22558576
   -731.13069312
   -731.21866322
   -731.19767692
   -731.18730441
   -731.20082497
   -731.20639300
   -731.12716421
   -731.21887030
   -731.13630580
   -731.23194809
   -731.19510081
   -731.19942038
   -731.20452809
   -731.19489205
   -731.19764208
   -731.19547730
   -731.19822011
   -731.21975015
   -731.17639951
   -731.22696667
   -731.19526808
   -731.22418998
   -731.23143052
   -731.17527721
   -731.21658865
   -731.20238115
   -731.19492321
   -731.19585162
   -731.16860525
   -731.18084403
   -731.21058442
   -731.17851281
   -731.21989089
   -731.19743192
   -731.20494477
   -731.20362662
   -731.19534972
   -731.19155344
   -731.18001740
   -731.19190512
   -731.19472249
   -731.22512702
   -731.19450635
   -731.23096210
   -731.19899975
   -731.19394073
   -731.18944027
   -731.21619750
   -731.20266390
   -731.24321370
   -731.19514260
   -731.17717244
   -731.19244793
   -731.16337711
   -731.17295782
   -731.21175568
   -731.16520417
   -731.18519445
   -731.21840755
   -731.19295909
   -731.19511608
   -731.20708011
   -731.22483822
   -731.22186341
   -731.16734800
   -731.21763760
   -731.21482186
   -731.22025958
   -731.21862399
   -731.19948816
   -731.21273635
   -731.16375799
   -731.18597456
   -731.18874338
   -731.21248477
   -731.22352285
   -731.22835865
   -731.20792668
   -731.21467751
   -731.21357052
   -731.22391364
   -731.21078522
   -731.19466501
   -731.20821737
   -731.17250489
   -731.16621800
   -731.17945612
   -731.20349012
   -731.14642243
   -731.22618018
   -731.19891140
   -731.20684795
   -731.21254696
   -731.23213380
   -731.21710681
   -731.22665073
   -731.18776258
   -731.21114683
   -731.15965240
   -731.20872044
   -731.22405322
   -731.20716282
   -731.21093249
   -731.21962359
   -731.21017878
   -731.19652053
   -731.20886628
   -731.20067885
   -731.19623389
   -731.19504486
   -731.21209483
   -731.16862627
   -731.20593065
   -731.18270476
   -731.21391483
   -731.20306320
   -731.23407733
   -731.20070105
   -731.19115058
   -731.17951084
   -731.21787520
   -731.20890694
   -731.19602646
   -731.20675810
   -731.20555470
   -731.21183070
   -731.20770519
   -731.22480390
   -731.20130923
   -731.19496632
   -731.21639510
   -731.19829273
   -731.21786305
   -731.22246721
   -731.21028040
   -731.21150121
   -731.16593779
   -731.20589902
   -731.17552163
   -731.18539255
   -731.22363748
   -731.22523413
   -731.19474645
   -731.19333106
   -731.17592415
   -731.23535349
   -731.22378858
   -731.21405814
   -731.20067190
   -731.22235432
   -731.23185534
   -731.19252740
   -731.21390881
   -731.21894857
   -731.18846790
   -731.21547242
   -731.20744150
   -731.19420043
   -731.19479024
   -731.15739766
   -731.22098010
   -731.20380535
   -731.20500931
   -731.21484854
   -731.20690700
   -731.18727284
   -731.19394831
   -731.20490008
   -731.22560768
   -731.22148055
   -731.22240646
   -731.18452544
   -731.20575244
   -731.19784896
   -731.23061393
   -731.22286315
   -731.20333052
   -731.21919549
   -731.20934501
   -731.19584687
   -731.24726940
   -731.22412649
   -731.17005204
   -731.22697359
   -731.20087840
   -731.17217414
   -731.22326374
   -731.22270936
   -731.21205883
   -731.19793896
   -731.18516577
   -731.21346844
   -731.20568870
   -731.20717860
   -731.21158653
   -731.24064010
   -731.19615790
   -731.24480380
   -731.20108208
   -731.19436785
   -731.16698268
   -731.19883702
   -731.20429064
   -731.12126598
   -731.17377327
   -731.21635715
   -731.18981826
   -731.16987464
   -731.21456424
   -731.20289023
   -731.19449154
   -731.23047262
   -731.17770001
   -731.14190463
   -731.16351565
   -731.19038709
   -731.19261209
   -731.22715266
   -731.21370559
   -731.17363247
   -731.19730308
   -731.21905229
   -731.21965859
   -731.20829023
   -731.22017683
   -731.22021109
   -731.13202482
   -731.19550574
   -731.21973566
   -731.19027398
   -731.20206734
   -731.21480289
   -731.18415217
   -731.22470479
   -731.20283455
   -731.20196307
   -731.20550552
   -731.22273429
   -731.18115291
   -731.18718893
   -731.19553749
   -731.22776694
   -731.19597311
   -731.19396833
   -731.19654272
   -731.21884848
   -731.21523336
   -731.17976665
   -731.21500968
   -731.20266308
   -731.19830403
   -731.19291579
   -731.19787919
   -731.20512600
   -731.22456889
   -731.21668271
   -731.22744727
   -731.15710794
   -731.17948671
   -731.19457143
   -731.20993917
   -731.22777731
   -731.21856130
   -731.18545805
   -731.20550897
   -731.23126757
   -731.19331708
   -731.20723464
   -731.23186122
   -731.18935084
   -731.21580264
   -731.19933058
   -731.19982061
   -731.20274258
   -731.19987998
   -731.16379414
   -731.19305950
   -731.17627370
   -731.19149748
   -731.21026963
   -731.20203836
   -731.19388342
   -731.19611349
   -731.20634996
   -731.19176054
   -731.19355157
   -731.16071842
   -731.22754676
   -731.15772155
   -731.23073156
   -731.21862765
   -731.22078236
   -731.21396602
   -731.20360663
   -731.17309982
   -731.19555597
   -731.13281429
   -731.20078988
   -731.18518634
   -731.21477352
   -731.21756275
   -731.18772353
   -731.19867831
   -731.20568492
   -731.23587600
   -731.21135778
   -731.19421077
   -731.18675948
   -731.20211707
   -731.20566840
   -731.17927885
   -731.21476632
   -731.19458414
   -731.18008315
   -731.16084829
   -731.19251246
   -731.20352984
   -731.18569465
   -731.20096805
   -731.16929790
   -731.19528743
   -731.20473551
   -731.22533599
   -731.20147246
   -731.17734189
   -731.19664498
   -731.20334181
   -731.21516967
   -731.18055307
   -731.17756914
   -731.16790555
   -731.22033280
   -731.21106870
   -731.17865161
   -731.21976186
   -731.17900661
   -731.15696487
   -731.19513601
   -731.23962948
   -731.15626315
   -731.23418149
   -731.16777126
   -731.18971276
   -731.19942762
   -731.21843755
   -731.20902800
   -731.18959041
   -731.22065347
   -731.20618519
   -731.20710352
   -731.22151891
   -731.21125920
   -731.16417932
   -731.21877936
   -731.13194326
   -731.20770692
   -731.19914390
   -731.15235709
   -731.18632593
   -731.19447344
   -731.13999085
   -731.22127410
   -731.18794328
   -731.21471480
   -731.18525006
   -731.17283026
   -731.19870514
   -731.20806212
   -731.18428793
   -731.19286870
   -731.19549500
   -731.21057686
   -731.21976943
   -731.18222442
   -731.15009888
   -731.18902994
   -731.21384779
   -731.18776455
   -731.17476224
   -731.22795949
   -731.24960295
   -731.19658747
   -731.16539073
   -731.13323965
   -731.19308177
   -731.12223085
   -731.15848128
   -731.20789834
   -731.14355854
   -731.18616073
   -731.22777105
   -731.21569986
   -731.23508908
   -731.21945003
   -731.21790256
   -731.22881699
   -731.16993907
   -731.23431062
   -731.23117397
   -731.13364635
   -731.20060929
   -731.21730644
   -731.21288455
   -731.19755965
   -731.18634891
   -731.17386222
   -731.17690821
   -731.19350485
   -731.20016963
   -731.22504208
   -731.20343393
   -731.21737725
   -731.20781901
   -731.20035265
   -731.19905310
   -731.23594321
   -731.21165311
   -731.18986864
   -731.23223554
   -731.22186198
   -731.20603076
   -731.19793679
   -731.15178179
   -731.19729664
   -731.18327385
   -731.22402185
   -731.19879713
   -731.20319050
   -731.18313560
   -731.21811774
   -731.22404727
   -731.23078838
   -731.23359886
   -731.15572010
   -731.22374664
   -731.19171168
   -731.11671132
   -731.17778642
   -731.22072023
   -731.20940665
   -731.23619670
   -731.19679187
   -731.21401664
   -731.19058182
   -731.18930787
   -731.20324688
   -731.19322893
   -731.15716169
   -731.18762414
   -731.18047830
   -731.16265609
   -731.22164040
   -731.20633129
   -731.20588502
   -731.19544542
   -731.16753716
   -731.22631660
   -731.21571914
   -731.18074532
   -731.20552242
   -731.20322699
   -731.14202050
   -731.20053791
   -731.22061076
   -731.22888932
   -731.22476405
   -731.22367154
   -731.17685194
   -731.21534996
   -731.20110292
   -731.21045514
   -731.21865521
   -731.17555075
   -731.20937174
   -731.16511918
   -731.21184274
   -731.18357552
   -731.16144280
   -731.20879965
   -731.18355799
   -731.18866443
   -731.18677684
   -731.20878666
   -731.21942320
   -731.20423317
   -731.19170209
   -731.23727292
   -731.19122260
   -731.22828500
   -731.22423014
   -731.21124495
   -731.21351103
   -731.21117089
   -731.17536801
   -731.22081731
   -731.20989623
   -731.20982092
   -731.22863485
   -731.19859614
   -731.13891889
   -731.22704974
   -731.20250354
   -731.20774536
   -731.18148891
   -731.16189835
   -731.17751131
   -731.20970895
   -731.20753660
   -731.18750607
   -731.22519852
   -731.20746547
   -731.17967912
   -731.20787436
   -731.16649277
   -731.17447417
   -731.19389579
   -731.20372215
   -731.16340617
   -731.21061759
   -731.22204964
   -731.13726547
   -731.21462796
   -731.13364085
   -731.13848506
   -731.22575206
   -731.20948713
   -731.18904283
   -731.20327257
   -731.18446659
   -731.23819949
   -731.20069023
   -731.21032290
   -731.16959512
   -731.20217489
   -731.16426064
   -731.19446744
   -731.21753582
   -731.23171969
   -731.19653206
   -731.22234945
   -731.20956362
   -731.21712115
   -731.15192036
   -731.18817067
   -731.23412564
   -731.16600994
   -731.20217828
   -731.19808062
   -731.21741410
   -731.19628351
   -731.21586282
   -731.19135466
   -731.21844811
   -731.21937929
   -731.22201723
   -731.20082135
   -731.19821169
   -731.20392289
   -731.20674246
   -731.20899836
   -731.18303731
   -731.19634455
   -731.19814966
   -731.19935986
   -731.22291308
   -731.15806443
   -731.23291418
   -731.18624768
   -731.19085659
   -731.19858533
   -731.20245217
   -731.18230175
   -731.19781992
   -731.20546380
   -731.18074188
   -731.19215729
   -731.21199934
   -731.22167349
   -731.19423859
   -731.21851267
   -731.17056310
   -731.22934445
   -731.20314033
   -731.19403521
   -731.18900238
   -731.21051257
   -731.19062458
   -731.21020104
   -731.23176839
   -731.18113189
   -731.20419715
   -731.21498840
   -731.18384540
   -731.21386884
   -731.20120495
   -731.21097395
   -731.18775062
   -731.19890872
   -731.19514959
   -731.18702324
   -731.19703150
   -731.19902193
   -731.18813710
   -731.16446123
   -731.23807237
   -731.20183988
   -731.17269303
   -731.23723783
   -731.18406244
   -731.16232765
   -731.21019470
   -731.20542682
   -731.19572430
   -731.21949746
   -731.20938508
   -731.18799302
   -731.16317470
   -731.20126361
   -731.22509407
   -731.19190736
   -731.19918886
   -731.19818886
   -731.19368944
   -731.22516880
   -731.18371606
   -731.21299493
   -731.21800773
   -731.19970789
   -731.18399254
   -731.20250810
   -731.16118794
   -731.22435984
   -731.19002695
   -731.19806533
   -731.20948340
   -731.18742398
   -731.22294575
   -731.16794720
   -731.15783139
   -731.23148411
   -731.20995437
   -731.21985687
   -731.20584714
   -731.20003871
   -731.21459299
   -731.23437871
   -731.20714160
   -731.18889801
   -731.19637147
   -731.17846428
   -731.20881365
   -731.20296598
   -731.20173450
   -731.19206555
   -731.22367596
   -731.23541618
   -731.21336041
   -731.17148872
   -731.18206357
   -731.16152367
   -731.21233334
   -731.18927916
   -731.20099648
   -731.21370263
   -731.20595120
   -731.17020598
   -731.16960368
   -731.21385955
   -731.22509240
   -731.16310020
   -731.22959181
   -731.21725341
   -731.21985899
   -731.18474272
   -731.20072053
   -731.22414451
   -731.20195779
   -731.20646540
   -731.20291253
   -731.17300837
   -731.19305793
   -731.19548799
   -731.16569960
   -731.20438157
   -731.18769190
   -731.22065309
   -731.20096583
   -731.23292042
   -731.22285568
   -731.20353603
   -731.21506404
   -731.18822528
   -731.21458029
   -731.20407649
   -731.19123540
   -731.19668815
   -731.19199109
   -731.20316062
   -731.20190809
   -731.18772351
   -731.19204504
   -731.21225463
   -731.21391375
   -731.16779471
   -731.21585821
   -731.20603411
   -731.21268555
   -731.18239380
   -731.22875034
   -731.20085991
   -731.21386279
   -731.22291525
   -731.22055590
   -731.20105435
   -731.20663141
   -731.18606090
   -731.21245769
   -731.17146203
   -731.23610952
   -731.22882470
   -731.22737887
   -731.20928612
   -731.18074227
   -731.21825297
   -731.22467030
   -731.18987079
   -731.22337289
   -731.19680301
   -731.20361323
   -731.20153530
   -731.22668056
   -731.18711811
   -731.21082604
   -731.21934365
   -731.22202147
   -731.19773060
   -731.21358083
   -731.21357563
   -731.21589277
   -731.18006168
   -731.21359019
   -731.19709796
   -731.19042334
   -731.20813608
   -731.22216758
   -731.18018018
   -731.21207568
   -731.21252882
   -731.19771639
   -731.21103141
   -731.17022250
   -731.17145914
   -731.22079777
   -731.21286715
   -731.20277397
   -731.17983519
   -731.18189809
   -731.20176676
   -731.22066157
   -731.17397459
   -731.22494673
   -731.19895020
   -731.21135460
   -731.19018149
   -731.20790911
   -731.20984532
   -731.17090953
   -731.20157604
   -731.23601383
   -731.19449930
   -731.22506151
   -731.16222884
   -731.22820873
   -731.17572661
   -731.19333535
   -731.23968879
   -731.22428177
   -731.24541436
   -731.24759952
   -731.16703736
   -731.16946464
   -731.18782169
   -731.21421768
   -731.17385331
   -731.19926003
   -731.16140219
   -731.18573159
   -731.15647516
   -731.24216733
   -731.21588737
   -731.20046391
   -731.20849787
   -731.19911823
   -731.19764020
   -731.23075117
   -731.20342224
   -731.19908498
   -731.19202527
   -731.20451200
   -731.20213174
   -731.19943208
   -731.21081274
   -731.19345775
   -731.21294485
   -731.18976738
   -731.19531398
   -731.22944896
   -731.20611852
   -731.18936760
   -731.19226422
   -731.22539759
   -731.22403346
   -731.20036778
   -731.20282241
   -731.21325706
   -731.21305609
   -731.19156871
   -731.13981198
   -731.21275699
   -731.18589740
   -731.21077512
   -731.20534041
   -731.18337292
   -731.20364552
   -731.20908069
   -731.22301076
   -731.21044647
   -731.17468368
   -731.18304470
   -731.17102914
   -731.21134474
   -731.12700726
   -731.17090282
   -731.15823040
   -731.15599596
   -731.16976157
   -731.20255135
   -731.16044521
   -731.19753822
   -731.21488654
   -731.23859241
   -731.17811038
   -731.19853339
   -731.21763931
   -731.22549971
   -731.21849103
   -731.22342179
   -731.21809495
   -731.19300942
   -731.15632530
   -731.24125682
   -731.15579861
   -731.22427598
   -731.20958182
   -731.18407187
   -731.16279168
   -731.20296345
   -731.19091165
   -731.21922663
   -731.16984954
   -731.19873675
   -731.16178201
   -731.19127653
   -731.20969660
   -731.15821276
   -731.18687747
   -731.15801423
   -731.23405455
   -731.14819019
   -731.12602160
   -731.18335208
   -731.14370426
   -731.20619179
   -731.21084850
   -731.20717076
   -731.16516959
   -731.19770913
   -731.21015500
   -731.18370116
   -731.16627040
   -731.20171782
   -731.19478926
   -731.18561321
   -731.17873240
   -731.19424454
   -731.23723704
   -731.20903433
   -731.19402667
   -731.15352503
   -731.23283553
   -731.16828058
   -731.15389749
   -731.19667480
   -731.19055699
   -731.18795720
   -731.17177167
   -731.22778951
   -731.20350239
   -731.21250382
   -731.23945777
   -731.22204770
   -731.16539045
   -731.20505453
   -731.16321215
   -731.14596568
   -731.18769047
   -731.18509651
   -731.19513908
   -731.20217496
   -731.17901211
   -731.21655497
   -731.21372745
   -731.21641080
   -731.22931080
   -731.18558795
   -731.21734820
   -731.18833385
   -731.19846908
   -731.18961195
   -731.21419730
   -731.19110945
   -731.13828125
   -731.18280870
   -731.19034893
   -731.22372700
   -731.19967922
   -731.21190733
   -731.21692413
   -731.20322615
   -731.17406137
   -731.20976757
   -731.21884412
   -731.20988615
   -731.19047376
   -731.22647607
   -731.21582330
   -731.20829874
   -731.19079793
   -731.17538441
   -731.17779284
   -731.19550383
   -731.20605147
   -731.15915862
   -731.18787138
   -731.21166679
   -731.21543067
   -731.21585168
   -731.18092113
   -731.15543490
   -731.16460868
   -731.19211913
   -731.21098939
   -731.21741332
   -731.16108693
   -731.20838793
   -731.16485021
   -731.19299805
   -731.23056436
   -731.22540123
   -731.24628502
   -731.23748265
   -731.18154117
   -731.20208905
   -731.19619888
   -731.21563417
   -731.22687543
   -731.20561524
   -731.20571191
   -731.14268027
   -731.19507644
   -731.15361221
   -731.22227513
   -731.18646200
   -731.20648304
   -731.20223913
   -731.18824913
   -731.18048586
   -731.22545721
   -731.19790269
   -731.21215686
   -731.21060436
   -731.20585181
   -731.21959763
   -731.21305573
   -731.19093701
   -731.22228991
   -731.20694122
   -731.20816831
   -731.21115356
   -731.21225478
   -731.21629755
   -731.15754215
   -731.20444834
   -731.14372488
   -731.22073063
   -731.16767378
   -731.20084585
   -731.20120521
   -731.18131375
   -731.18002259
   -731.19880513
   -731.22216301
   -731.16137082
   -731.20056572
   -731.20208713
   -731.15703473
   -731.20151174
   -731.14854025
   -731.21182537
   -731.22763849
   -731.17404417
   -731.18516757
   -731.21880015
   -731.20942061
   -731.21349068
   -731.20619294
   -731.23210601
   -731.21809322
   -731.22831514
   -731.19223609
   -731.19439882
   -731.17338248
   -731.20855265
   -731.19618801
   -731.21009087
   -731.16291432
   -731.20267011
   -731.20725703
   -731.20468686
   -731.21894422
   -731.18836610
   -731.18682898
   -731.21264086
   -731.13918213
   -731.19281148
   -731.18100385
   -731.18744810
   -731.21528262
   -731.17900561
   -731.21380605
   -731.23070066
   -731.22150243
   -731.22640565
   -731.21622388
   -731.18284635
   -731.19081942
   -731.21425036
   -731.19193045
   -731.17130172
   -731.19050310
   -731.15317948
   -731.19580668
   -731.19302007
   -731.19242454
   -731.20991880
   -731.19590218
   -731.23589857
   -731.19037396
   -731.21948679
   -731.19015355
   -731.23129468
   -731.17158255
   -731.21618420
   -731.22095455
   -731.21148463
   -731.17727173
   -731.22124256
   -731.21159398
   -731.18915618
   -731.21139967
   -731.22298249
   -731.21089614
   -731.21667525
   -731.18600961
   -731.17335219
   -731.21734180
   -731.20363706
   -731.21781766
   -731.16650674
   -731.19544311
   -731.20690791
   -731.21449811
   -731.21847363
   -731.14144527
   -731.13499596
   -731.18814167
   -731.17722456
   -731.18647195
   -731.20434523
   -731.22060130
   -731.20638888
   -731.22355850
   -731.19376191
   -731.17291883
   -731.17048115
   -731.19056312
   -731.17246018
   -731.22248827
   -731.19717233
   -731.18332549
   -731.22557889
   -731.19378440
   -731.19840710
   -731.20847042
   -731.16008138
   -731.17934407
   -731.19154323
   -731.15862363
   -731.19232958
   -731.19387311
   -731.18955664
   -731.22820291
   -731.19584896
   -731.19239001
   -731.18946856
   -731.20199462
   -731.19794364
   -731.17602053
   -731.19528625
   -731.18450225
   -731.19487841
   -731.20302135
   -731.22249965
   -731.21508207
   -731.16394422
   -731.21058712
   -731.17869036
   -731.18160763
   -731.20144930
   -731.19430069
   -731.16115410
   -731.22394769
   -731.18856397
   -731.21272645
   -731.20632374
   -731.21553913
   -731.21525013
   -731.20616660
   -731.21773881
   -731.21518151
   -731.15564986
   -731.20313215
   -731.19265373
   -731.18874739
   -731.20433236
   -731.19808564
   -731.19329300
   -731.20806162
   -731.17207317
   -731.19882344
   -731.19939374
   -731.18749096
   -731.20413189
   -731.18838757
   -731.19611576
   -731.19922751
   -731.19725284
   -731.17112301
   -731.17870010
   -731.18536696
   -731.22070027
   -731.16526351
   -731.20346380
   -731.14145569
   -731.20595529
   -731.19962587
   -731.18734546
   -731.20748071
   -731.21288162
   -731.20403859
   -731.19687695
   -731.20345630
   -731.21795055
   -731.20086526
   -731.17025809
   -731.20011854
   -731.20789440
   -731.16239467
   -731.21719500
   -731.19632269
   -731.19678439
   -731.19714109
   -731.20013736
   -731.20524609
   -731.20296887
   -731.22819182
   -731.17987053
   -731.21822988
   -731.19435555
   -731.16792418
   -731.21669625
   -731.18011759
   -731.17559304
   -731.19011915
   -731.15839901
   -731.19262374
   -731.19777100
   -731.17288465
   -731.21576376
   -731.18589108
   -731.14179302
   -731.18112028
   -731.19754548
   -731.21916465
   -731.18702730
   -731.19112572
   -731.21235161
   -731.18738900
   -731.21111208
   -731.14368272
   -731.19762709
   -731.17037242
   -731.18231915
   -731.23171334
   -731.17709346
   -731.19070005
   -731.21682673
   -731.21917443
   -731.22987339
   -731.19141066
   -731.20424179
   -731.21938803
   -731.23603030
   -731.23006952
   -731.20874240
   -731.16415601
   -731.20635571
   -731.18403450
   -731.22346250
   -731.17463132
   -731.16403303
   -731.21078280
   -731.21612147
   -731.18362079
   -731.19305663
   -731.23566829
   -731.22109736
   -731.17008946
   -731.17075871
   -731.20415022
   -731.16695179
   -731.20947924
   -731.20448336
   -731.21385828
   -731.21535308
   -731.21324481
   -731.17934057
   -731.12753560
   -731.21239695
   -731.15943892
   -731.18807360
   -731.16029620
   -731.19618759
   -731.20936365
   -731.21644566
   -731.17378960
   -731.18527292
   -731.22440126
   -731.20743068
   -731.21806014
   -731.17567711
   -731.23682298
   -731.18861527
   -731.19136495
   -731.23017946
   -731.17978281
   -731.20729933
   -731.21613598
   -731.21247740
   -731.22275435
   -731.19450243
   -731.20526072
   -731.17821574
   -731.20431701
   -731.20523065
   -731.18250878
   -731.18914701
   -731.20096656
   -731.19877526
   -731.16136866
   -731.18637617
   -731.21164393
   -731.16367826
   -731.15947680
   -731.19712406
   -731.21335034
   -731.17453885
   -731.19823872
   -731.19025348
   -731.18120260
   -731.21210156
   -731.21166172
   -731.21751265
   -731.21879239
   -731.17572360
   -731.19183884
   -731.22239949
   -731.19121319
   -731.22693371
   -731.14650804
   -731.21104295
   -731.19932346
   -731.17405895
   -731.16524512
   -731.20673883
   -731.21160252
   -731.16619954
   -731.21424404
   -731.22807801
   -731.23049846
   -731.18005512
   -731.11965111
   -731.16600346
   -731.23973320
   -731.19448296
   -731.19678579
   -731.20107176
   -731.20090287
   -731.22377898
   -731.19972672
   -731.19077851
   -731.18041894
   -731.17602458
   -731.17271805
   -731.19795043
   -731.19637420
   -731.22023481
   -731.15873949
   -731.23335613
   -731.22070391
   -731.17958231
   -731.22289209
   -731.24736112
   -731.19125972
   -731.20260817
   -731.21480789
   -731.18760202
   -731.16048279
   -731.20564441
   -731.18038554
   -731.17428394
   -731.18861252
   -731.19798841
   -731.17984659
   -731.21182206
   -731.17789248
   -731.15881778
   -731.21841606
   -731.19447889
   -731.20315595
   -731.19645564
   -731.18306763
   -731.21320332
   -731.22931745
   -731.22890321
   -731.20755671
   -731.23204841
   -731.17033109
   -731.18255709
   -731.17793973
   -731.22783748
   -731.18268224
   -731.14613347
   -731.20285625
   -731.20337969
   -731.20525012
   -731.18138151
   -731.22633823
   -731.18905508
   -731.21688504
   -731.18432121
   -731.18131320
   -731.19687175
   -731.22669400
   -731.20867163
   -731.20315240
   -731.15411915
   -731.22811371
   -731.18522693
   -731.21122844
   -731.18190055
   -731.21800698
   -731.19436632
   -731.19454836
   -731.21639639
   -731.19004560
   -731.23059953
   -731.19023506
   -731.18168611
   -731.20247578
   -731.22770933
   -731.22470056
   -731.15203927
   -731.21187102
   -731.17250279
   -731.19120541
   -731.17059245
   -731.20886795
   -731.22905272
   -731.15881827
   -731.16556516
   -731.21460596
   -731.17074185
   -731.18486794
   -731.21636768
   -731.21791462
   -731.16820722
   -731.17579716
   -731.21842112
   -731.21470145
   -731.22186587
   -731.16363954
   -731.22076578
   -731.19509640
   -731.17370397
   -731.21313957
   -731.22312475
   -731.19610922
   -731.20160988
   -731.19389798
   -731.19418230
   -731.20074891
   -731.18699915
   -731.22776422
   -731.19599925
   -731.20646956
   -731.19659234
   -731.20431627
   -731.19662978
   -731.22392111
   -731.17964455
   -731.16125752
   -731.23668728
   -731.17742707
   -731.20337102
   -731.24654478
   -731.20820459
   -731.21224712
   -731.21664527
   -731.20067719
   -731.21653071
   -731.18170243
   -731.17845965
   -731.21380939
   -731.20825704
   -731.19433058
   -731.20074052
   -731.18639435
   -731.21076969
   -731.22190889
   -731.17963850
   -731.21622702
   -731.20350223
   -731.18620517
   -731.18937391
   -731.22069295
   -731.22099955
   -731.23835146
   -731.18002488
   -731.19342910
   -731.21555900
   -731.18593244
   -731.19330117
   -731.17927489
   -731.20042566
   -731.19550201
   -731.17658430
   -731.17964938
   -731.21213540
   -731.23343466
   -731.21978965
   -731.19440118
   -731.17671178
   -731.16181695
   -731.22302520
   -731.22245245
   -731.17920184
   -731.17946152
   -731.18867240
   -731.20267935
   -731.22520773
   -731.19964137
   -731.18454972
   -731.20899836
   -731.16043274
   -731.20473694
   -731.22075975
   -731.21074259
   -731.17467162
   -731.19730414
   -731.21002067
   -731.18590825
   -731.20318223
   -731.22724785
   -731.22877549
   -731.20434981
   -731.21997744
   -731.17444922
   -731.17929054
   -731.13903280
   -731.16306404
   -731.21727893
   -731.12596940
   -731.15886895
   -731.16666759
   -731.20710037
   -731.21026459
   -731.19842948
   -731.21835810
   -731.20486343
   -731.19926545
   -731.18925039
   -731.17068949
   -731.20483364
   -731.21853121
   -731.14659420
   -731.19044905
   -731.21448743
   -731.17768310
   -731.17095816
   -731.22560230
   -731.20928297
   -731.19901877
   -731.22652348
   -731.23280756
   -731.14944891
   -731.19143920
   -731.24165346
   -731.19124182
   -731.18984961
   -731.20809069
   -731.20665231
   -731.15099837
   -731.23693071
   -731.15418585
   -731.18561580
   -731.16684241
   -731.21416349
   -731.21013776
   -731.20110284
   -731.17704398
   -731.22386635
   -731.20336322
   -731.16970535
   -731.21549397
   -731.20523713
   -731.23451914
   -731.14998521
   -731.22202485
   -731.19979473
   -731.19340569
   -731.21675186
   -731.23518520
   -731.21210199
   -731.20563027
   -731.22758461
   -731.20105614
   -731.20083996
   -731.22102518
   -731.22045353
   -731.15628202
   -731.19168067
   -731.21899366
   -731.21030912
   -731.17061406
   -731.19460169
   -731.17925678
   -731.21626903
   -731.17182811
   -731.21260344
   -731.19542260
   -731.21031367
   -731.19074260
   -731.19241899
   -731.19651413
   -731.22760530
   -731.17452055
   -731.21201859
   -731.15884322
   -731.22206731
   -731.21158279
   -731.20414311
   -731.23303279
   -731.19581958
   -731.20702523
   -731.19866223
   -731.19292609
   -731.22699273
   -731.17068672
   -731.16927292
   -731.20951540
   -731.24380596
   -731.19488997
   -731.22942134
   -731.23299203
   -731.16343222
   -731.21859371
   -731.20206219
   -731.21755256
   -731.21698614
   -731.20973044
   -731.19857977
   -731.19061621
   -731.13511811
   -731.18172706
   -731.21656028
   -731.17086605
   -731.19605619
   -731.18633209
   -731.21224972
   -731.18601819
   -731.21797987
   -731.23091399
   -731.20075289
   -731.17023118
   -731.20474051
   -731.21089472
   -731.18499186
   -731.20760952
   -731.17931913
   -731.18749122
   -731.19565567
   -731.21686055
   -731.18632124
   -731.21715127
   -731.20584351
   -731.19819790
   -731.23850179
   -731.19339173
   -731.20462131
   -731.19982852
   -731.19799205
   -731.22984212
   -731.17303972
   -731.16132252
   -731.20920654
   -731.21872348
   -731.19175406
   -731.19610884
   -731.17306161
   -731.20838018
   -731.18291832
   -731.19446852
   -731.17057090
   -731.19333271
   -731.17757697
   -731.18582852
   -731.19903977
   -731.21008976
   -731.20826263
   -731.19383023
   -731.19912415
   -731.20664497
   -731.21627513
   -731.18057329
   -731.17950513
   -731.20918572
   -731.21807993
   -731.19416741
   -731.20088605
   -731.21576695
   -731.22184378
   -731.19175875
   -731.22465429
   -731.24093031
   -731.21494524
   -731.18940334
   -731.19750245
   -731.20945937
   -731.21384184
   -731.19368657
   -731.17885474
   -731.18605291
   -731.18260709
   -731.16458448
   -731.22611046
   -731.20891985
   -731.21526679
   -731.20328578
   -731.19530966
   -731.20754606
   -731.21833766
   -731.18895650
   -731.18589548
   -731.17463200
   -731.20771388
   -731.20894538
   -731.23493194
   -731.22713131
   -731.18324224
   -731.22161758
   -731.23117003
   -731.19994710
   -731.19966911
   -731.18770713
   -731.16834753
   -731.17642533
   -731.15526726
   -731.19559646
   -731.22532675
   -731.20240077
   -731.19613291
   -731.19683390
   -731.21736929
   -731.22556446
   -731.20517349
   -731.17928471
   -731.19639247
   -731.19789606
   -731.22687608
   -731.21290112
   -731.21675152
   -731.17700029
   -731.17439804
   -731.18540424
   -731.21349997
   -731.19811516
   -731.23939236
   -731.19623610
   -731.17575120
   -731.16066624
   -731.22729019
   -731.18756683
   -731.19398361
   -731.19484634
   -731.22189727
   -731.20742317
   -731.21796022
   -731.16528044
   -731.19710055
   -731.20930022
   -731.19330591
   -731.19093505
   -731.19614467
   -731.21621796
   -731.20228069
   -731.21336912
   -731.17851271
   -731.18304975
   -731.20744217
   -731.18249886
   -731.22316424
   -731.14010794
   -731.18520908
   -731.23500363
   -731.21103828
   -731.18620784
   -731.20985915
   -731.20234897
   -731.17808387
   -731.21974892
   -731.18487375
   -731.14085113
   -731.21389351
   -731.21211718
   -731.20034414
   -731.21515412
   -731.20627310
   -731.21293757
   -731.17472729
   -731.19297433
   -731.18720681
   -731.22008659
   -731.19933380
   -731.22349865
   -731.17495713
   -731.19591423
   -731.21926386
   -731.19709886
   -731.16732494
   -731.17212313
   -731.15888342
   -731.22924808
   -731.22736396
   -731.17602647
   -731.20189247
   -731.18929204
   -731.19848193
   -731.21526838
   -731.16995951
   -731.21510906
   -731.18491672
   -731.21377235
   -731.16247435
   -731.21345929
   -731.22675080
   -731.21674397
   -731.20810604
   -731.22194663
   -731.18907868
   -731.20687781
   -731.17122675
   -731.21879305
   -731.20457736
   -731.20992273
   -731.21343089
   -731.20116751
   -731.22073486
   -731.22791379
   -731.20842017
   -731.20392643
   -731.21933308
   -731.15427190
   -731.21235367
   -731.20299919
   -731.19982715
   -731.14801085
   -731.20458238
   -731.22238808
   -731.20559002
   -731.17813192
   -731.20894366
   -731.16253664
   -731.19797036
   -731.15821979
   -731.17546752
   -731.18492836
   -731.22068772
   -731.16346275
   -731.22948439
   -731.23489724
   -731.20504890
   -731.19946452
   -731.21656312
   -731.17024005
   -731.22820488
   -731.19542696
   -731.22405629
   -731.19758834
   -731.19458014
   -731.19475725
   -731.20558373
   -731.20119226
   -731.18132176
   -731.22480311
   -731.18867319
   -731.22365684
   -731.19706227
   -731.16284536
   -731.21892565
   -731.19759987
   -731.19159221
   -731.20596501
   -731.17579884
   -731.24831661
   -731.19181667
   -731.19945631
   -731.15155819
   -731.21194234
   -731.13364999
   -731.21038181
   -731.19514895
   -731.19897462
   -731.21205957
   -731.20127946
   -731.18899346
   -731.23700383
   -731.21464715
   -731.22437547
   -731.23072840
   -731.17097162
   -731.18539197
   -731.17883936
   -731.14338756
   -731.19928620
   -731.20449070
   -731.23304836
   -731.19405099
   -731.18104815
   -731.20442079
   -731.16964899
   -731.23002253
   -731.18913014
   -731.18266015
   -731.13940977
   -731.20539962
   -731.17185833
   -731.19907225
   -731.23512446
   -731.18125844
   -731.17379018
   -731.18437996
   -731.16681489
   -731.18000777
   -731.22614303
   -731.20878521
   -731.18801471
   -731.20014389
   -731.19974739
   -731.16335337
   -731.20649540
   -731.21974854
   -731.17997130
   -731.15906660
   -731.17617716
   -731.20884386
   -731.22183263
   -731.18083881
   -731.21241644
   -731.18988137
   -731.21491654
   -731.22085758
   -731.20669622
   -731.22236325
   -731.19937785
   -731.18904097
   -731.18528862
   -731.20950283
   -731.14990569
   -731.20635103
   -731.22790623
   -731.22088389
   -731.19075488
   -731.21035062
   -731.17943088
   -731.23089620
   -731.19748149
   -731.18058769
   -731.17534067
   -731.20046812
   -731.22401791
   -731.18760991
   -731.20564183
   -731.15196991
   -731.20908684
   -731.19179083
   -731.22496839
   -731.20660003
   -731.22939804
   -731.17725711
   -731.23372472
   -731.17321059
   -731.18294736
   -731.19736548
   -731.16701293
   -731.21137390
   -731.20425619
   -731.18534125
   -731.19973787
   -731.17223142
   -731.20440413
   -731.18842055
   -731.16786632
   -731.21202541
   -731.21796651
   -731.19669026
   -731.14005229
   -731.18112735
   -731.21556175
   -731.19230249
   -731.20847500
   -731.20171709
   -731.18480337
   -731.19738965
   -731.21951655
   -731.17688813
   -731.18649507
   -731.21326853
   -731.13501923
   -731.16221045
   -731.16031064
   -731.20155526
   -731.19612967
   -731.21243179
   -731.16590287
   -731.23548384
   -731.22351438
   -731.22796615
   -731.19538801
   -731.18552036
   -731.18876350
   -731.21280157
   -731.20208551
   -731.16505123
   -731.21714281
   -731.21597198
   -731.14067117
   -731.15257931
   -731.22751662
   -731.23047181
   -731.21182235
   -731.20215092
   -731.19608122
   -731.21241702
   -731.18012270
   -731.19899086
   -731.17272736
   -731.19179807
   -731.21997561
   -731.20598544
   -731.22858361
   -731.20205925
   -731.20286596
   -731.21623808
   -731.20037647
   -731.21803685
   -731.20010417
   -731.18206944
   -731.19472029
   -731.21181502
   -731.19404870
   -731.16320801
   -731.20582894
   -731.23728048
   -731.13861650
   -731.20076220
   -731.18300855
   -731.22312111
   -731.22059250
   -731.18609667
   -731.20728028
   -731.23116929
   -731.18183666
   -731.20292687
   -731.21598416
   -731.18616143
   -731.22855662
   -731.21078237
   -731.18799627
   -731.21829929
   -731.19616672
   -731.17107744
   -731.21354005
   -731.23316934
   -731.21433065
   -731.19522901
   -731.19868439
   -731.22266019
   -731.21353410
   -731.23978079
   -731.21529763
   -731.19019260
   -731.20619917
   -731.21847348
   -731.22063555
   -731.18656980
   -731.21196199
   -731.20712924
   -731.20631664
   -731.22854843
   -731.19184049
   -731.18747921
   -731.20042299
   -731.19302069
   -731.20792629
   -731.21150319
   -731.11859639
   -731.18159702
   -731.21565677
   -731.19824148
   -731.16381060
   -731.16919728
   -731.20387504
   -731.18973680
   -731.19654683
   -731.18767587
   -731.22053564
   -731.17264464
   -731.18453685
   -731.18490098
   -731.12282651
   -731.20887772
   -731.22035683
   -731.20777098
   -731.21308392
   -731.20950651
   -731.20294659
   -731.23523661
   -731.21140699
   -731.21144079
   -731.19780910
   -731.23509541
   -731.18482700
   -731.22221845
   -731.19754421
   -731.22369898
   -731.18322215
   -731.17575387
   -731.19823214
   -731.18317069
   -731.18510079
   -731.20934518
   -731.18859044
   -731.18061688
   -731.22430601
   -731.21709261
   -731.14400113
   -731.20753118
   -731.18764830
   -731.19397943
   -731.19555345
   -731.20981505
   -731.19358825
   -731.20978029
   -731.18970088
   -731.16328105
   -731.14456613
   -731.18747378
   -731.17730012
   -731.19624513
   -731.18800107
   -731.22411564
   -731.18587743
   -731.18946787
   -731.21698522
   -731.21388006
   -731.22481036
   -731.18766029
   -731.23403287
   -731.22003431
   -731.19732589
   -731.21351205
   -731.19487704
   -731.19184454
   -731.18976788
   -731.22955940
   -731.15846058
   -731.18602227
   -731.21616138
   -731.17783786
   -731.21254479
   -731.18079139
   -731.20315828
   -731.20757956
   -731.21561408
   -731.23283581
   -731.19102476
   -731.22042510
   -731.21758161
   -731.22382169
   -731.18527621
   -731.19721420
   -731.17576203
   -731.20912863
   -731.23091049
   -731.20996132
   -731.16544435
   -731.20086249
   -731.22497626
   -731.22869113
   -731.19712625
   -731.20744958
   -731.16968274
   -731.18759360
   -731.16767819
   -731.16024876
   -731.20488328
   -731.19968982
   -731.21266595
   -731.22902173
   -731.18218382
   -731.18727265
   -731.22856321
   -731.17986452
   -731.15348525
   -731.22275662
   -731.20941216
   -731.19663383
   -731.19897136
   -731.15888120
   -731.22150973
   -731.20106725
   -731.21980161
   -731.22259855
   -731.20564244
   -731.19887458
   -731.19436601
   -731.20770819
   -731.13200199
   -731.23117518
   -731.18273867
   -731.17202228
   -731.18448518
   -731.17265743
   -731.24300413
   -731.21450039
   -731.21081043
   -731.20000783
   -731.16567548
   -731.19821469
   -731.20840348
   -731.18498355
   -731.21599452
   -731.22266621
   -731.19450120
   -731.17152923
   -731.22987873
   -731.13861087
   -731.20906996
   -731.20007485
   -731.25250224
   -731.13055132
   -731.17701772
   -731.22937364
   -731.16794773
   -731.21557102
   -731.18634280
   -731.18138486
   -731.19847255
   -731.18835100
   -731.24150207
   -731.19013959
   -731.18143219
   -731.21851271
   -731.19785073
   -731.19615084
   -731.21880116
   -731.17633046
   -731.19993815
   -731.20928046
   -731.19225835
   -731.19180776
   -731.20710910
   -731.22901908
   -731.21713076
   -731.21828980
   -731.21508750
   -731.20233859
   -731.19949237
   -731.20006607
   -731.22013014
   -731.19969113
   -731.16651300
   -731.16236164
   -731.21306603
   -731.21402091
   -731.19200074
   -731.21352388
   -731.18859132
   -731.22319821
   -731.18639324
   -731.22637986
   -731.18953613
   -731.15973754
   -731.19818349
   -731.20628590
   -731.19903013
   -731.22883850
   -731.19800790
   -731.19624124
   -731.17490946
   -731.20490921
   -731.20208801
   -731.19956674
   -731.12548254
   -731.19397738
   -731.17963959
   -731.14679525
   -731.14242022
   -731.16543100
   -731.21535605
   -731.19950742
   -731.19739732
   -731.21252803
   -731.21608843
   -731.21802099
   -731.21052939
   -731.21504525
   -731.22467830
   -731.20217085
   -731.20384762
   -731.21247411
   -731.19800499
   -731.14415813
   -731.19004179
   -731.14554453
   -731.18707385
   -731.22252977
   -731.21782075
   -731.16501115
   -731.18945828
   -731.20284592
   -731.16481799
   -731.22871698
   -731.17553272
   -731.19254884
   -731.16518242
   -731.22193119
   -731.21442919
   -731.21826450
   -731.16637458
   -731.22508197
   -731.19003575
   -731.16667801
   -731.18001068
   -731.20276264
   -731.19584979
   -731.17307585
   -731.20755357
   -731.15653641
   -731.19655754
   -731.21294395
   -731.20755031
   -731.23957196
   -731.15685637
   -731.17719346
   -731.22461327
   -731.15964838
   -731.20597872
   -731.20125977
   -731.18811341
   -731.19619486
   -731.18323810
   -731.19254753
   -731.18926949
   -731.20034676
   -731.20447325
   -731.17240499
   -731.18048169
   -731.23487564
   -731.19133096
   -731.20231337
   -731.22594358
   -731.19273463
   -731.16116955
   -731.19716714
   -731.18587910
   -731.16241907
   -731.18583956
   -731.20817695
   -731.20425842
   -731.20283720
   -731.21179081
   -731.19751894
   -731.13948548
   -731.20218108
   -731.22283147
   -731.19457498
   -731.19387421
   -731.22427466
   -731.19436946
   -731.20541571
   -731.19177424
   -731.19782952
   -731.21937630
   -731.21683375
   -731.15755156
   -731.18278941
   -731.21880669
   -731.22099506
   -731.19196340
   -731.21422397
   -731.18885388
   -731.17838807
   -731.19144157
   -731.22845354
   -731.18232335
   -731.23749708
   -731.21627524
   -731.21019895
   -731.19874336
   -731.17338926
   -731.21783181
   -731.20483009
   -731.16605025
   -731.19008118
   -731.20133614
   -731.19901911
   -731.23519253
   -731.20330015
   -731.19730100
   -731.19096204
   -731.20316917
   -731.17678581
   -731.21894174
   -731.22720639
   -731.20496927
   -731.21291867
   -731.17831378
   -731.17397682
   -731.17515345
   -731.17780885
   -731.18193474
   -731.22582445
   -731.20679045
   -731.23286874
   -731.20075657
   -731.19493931
   -731.18659083
   -731.16706997
   -731.19916077
   -731.19002166
   -731.24429622
   -731.20800066
   -731.16522710
   -731.20040125
   -731.17223308
   -731.20348022
   -731.18002104
   -731.20270116
   -731.19424672
   -731.17106621
   -731.17653314
   -731.18111662
   -731.17681027
   -731.22230038
   -731.22174775
   -731.22376609
   -731.21410594
   -731.15458763
   -731.18389983
   -731.22605814
   -731.18430693
   -731.16615343
   -731.21035386
   -731.22559048
   -731.18606765
   -731.21382122
   -731.21445905
   -731.20024541
   -731.22900861
   -731.16343359
   -731.19938435
   -731.21911959
   -731.17726564
   -731.20384120
   -731.18961909
   -731.21936270
   -731.22593189
   -731.21032311
   -731.21128199
   -731.20620324
   -731.22802229
   -731.21122213
   -731.19111117
