% The following energies apply to conformations described by the topology 
% R28_iter1.top.  Structures are given in trajectory coords.cdf, count: 127.

% Item 0:
%   Energy -> orca_structures/coor*/NConf*.out
   -864.92870590
   -864.93207412
   -864.93230723
   -864.92693172
   -864.93015836
   -864.92032092
   -864.93188750
   -864.92609821
   -864.92868453
   -864.92903675
   -864.93175378
   -864.93255881
   -864.92828662
   -864.91974234
   -864.93113648
   -864.92656361
   -864.92718015
   -864.92530206
   -864.92814135
   -864.93040867
   -864.93143116
   -864.92642198
   -864.93012237
   -864.93078098
   -864.93177361
   -864.91803333
   -864.93035449
   -864.93076487
   -864.92995388
   -864.92860359
   -864.93186472
   -864.92767216
   -864.93128555
   -864.92928654
   -864.93052183
   -864.92872566
   -864.92700488
   -864.92740896
   -864.93112410
   -864.93108229
   -864.93085905
   -864.92747367
   -864.92866752
   -864.92948339
   -864.92694624
   -864.92971936
   -864.93119797
   -864.93141499
   -864.92695386
   -864.92632882
   -864.93103689
   -864.92676717
   -864.92738870
   -864.92610588
   -864.92453920
   -864.92862703
   -864.92389617
   -864.93188280
   -864.93237825
   -864.93089097
   -864.93150420
   -864.92643333
   -864.92806968
   -864.93183477
   -864.92600210
   -864.93111953
   -864.92930476
   -864.92889093
   -864.92027314
   -864.92629177
   -864.92942824
   -864.92626725
   -864.92916048
   -864.93211721
   -864.93018692
   -864.93262003
   -864.93076826
   -864.92652212
   -864.93114622
   -864.93156021
   -864.92847433
   -864.92511742
   -864.92865891
   -864.93329662
   -864.93200731
   -864.92612870
   -864.92811841
   -864.93157000
   -864.93307683
   -864.92671656
   -864.92606758
   -864.92479530
   -864.92746356
   -864.93144507
   -864.93155850
   -864.93137055
   -864.93210569
   -864.92871240
   -864.92435044
   -864.92460117
   -864.93126845
   -864.93279515
   -864.92982847
   -864.93042346
   -864.93076404
   -864.92027557
   -864.93402286
   -864.92871818
   -864.93010918
   -864.92665944
   -864.92948633
   -864.93003618
   -864.93034820
   -864.93010309
   -864.92384423
   -864.92796027
   -864.92019114
   -864.92826874
   -864.93149631
   -864.93016463
   -864.93031392
   -864.93069044
   -864.92753705
   -864.92544416
   -864.93165489
   -864.93090619
   -864.93118541
