% The following energies apply to conformations described by the topology 
% R46_iter1.top.  Structures are given in trajectory coords.cdf, count: 173.

% Item 0:
%   Energy -> orca_structures/coor*/NConf*.out
   -727.84031247
   -727.84081753
   -727.84550048
   -727.85166892
   -727.84949983
   -727.84966803
   -727.85350469
   -727.85545493
   -727.85306652
   -727.84085416
   -727.84973529
   -727.84855118
   -727.85611930
   -727.84971388
   -727.84692036
   -727.85385313
   -727.85298589
   -727.85042038
   -727.85634526
   -727.85193940
   -727.85523493
   -727.85514142
   -727.84597287
   -727.85145800
   -727.85043816
   -727.84853202
   -727.85624167
   -727.85931296
   -727.85363376
   -727.85580358
   -727.85410221
   -727.85524982
   -727.84973391
   -727.85243814
   -727.85507940
   -727.85360326
   -727.85613449
   -727.85230536
   -727.85583593
   -727.84854387
   -727.86007809
   -727.85535768
   -727.85315439
   -727.84153378
   -727.84854834
   -727.85643286
   -727.85406871
   -727.85173443
   -727.85356041
   -727.84653238
   -727.84959197
   -727.85475515
   -727.85111053
   -727.84990384
   -727.84927546
   -727.85172338
   -727.85428591
   -727.85087327
   -727.85305834
   -727.85497554
   -727.84547828
   -727.85038029
   -727.85005253
   -727.84906378
   -727.85395458
   -727.85528257
   -727.85265044
   -727.85471683
   -727.85549053
   -727.84925928
   -727.85355385
   -727.84537240
   -727.85539332
   -727.85498115
   -727.84989091
   -727.84974809
   -727.85494254
   -727.85472188
   -727.84949013
   -727.85131388
   -727.85487157
   -727.85400010
   -727.84986449
   -727.85169921
   -727.85618609
   -727.84763285
   -727.85542571
   -727.85571149
   -727.85390345
   -727.84830841
   -727.85545330
   -727.85481594
   -727.85389400
   -727.84921321
   -727.85531339
   -727.85484164
   -727.85441614
   -727.85319591
   -727.85475994
   -727.85321513
   -727.84758057
   -727.84598050
   -727.85387070
   -727.85069983
   -727.85053123
   -727.85496931
   -727.84297368
   -727.84913562
   -727.85475846
   -727.85427044
   -727.85351433
   -727.85495069
   -727.85171495
   -727.85242112
   -727.85458954
   -727.85590239
   -727.85338263
   -727.85442205
   -727.85496050
   -727.85435274
   -727.85650074
   -727.85157032
   -727.85552139
   -727.85108859
   -727.85616416
   -727.85233059
   -727.84611499
   -727.85056270
   -727.85335976
   -727.85456541
   -727.85519299
   -727.84918184
   -727.85619402
   -727.85170564
   -727.85196259
   -727.84666079
   -727.84808392
   -727.85460729
   -727.85037911
   -727.85595051
   -727.84641090
   -727.85230741
   -727.85368653
   -727.84244435
   -727.85050260
   -727.85570053
   -727.85047077
   -727.85080794
   -727.84789998
   -727.85124915
   -727.85392310
   -727.85156769
   -727.84021010
   -727.84991047
   -727.85124640
   -727.85527473
   -727.84864727
   -727.85555001
   -727.85438256
   -727.84661783
   -727.85066180
   -727.85160843
   -727.85424507
   -727.84992769
   -727.85179970
   -727.85190058
   -727.85019492
   -727.85424510
   -727.85258159
   -727.85514115
   -727.84976387
   -727.85361633
   -727.85094865
