% The following energies apply to conformations described by the topology 
% R05_iter1.top.  Structures are given in trajectory coords.cdf, count: 180.

% Item 0:
%   Energy -> orca_structures/coor*/NConf*.out
   -762.58234857
   -762.59083483
   -762.58355436
   -762.59494688
   -762.58436022
   -762.59353230
   -762.59567532
   -762.58516486
   -762.58423475
   -762.58975956
   -762.59065331
   -762.58377955
   -762.58253578
   -762.59526335
   -762.58207483
   -762.59526856
   -762.59322703
   -762.58521754
   -762.59587070
   -762.58391448
   -762.59226037
   -762.59702802
   -762.59102786
   -762.58428105
   -762.59601982
   -762.58506732
   -762.58466926
   -762.57135408
   -762.57824223
   -762.59143109
   -762.58772391
   -762.56888157
   -762.57752042
   -762.58426747
   -762.58126097
   -762.58243440
   -762.59320443
   -762.59333497
   -762.59818673
   -762.59214745
   -762.57706650
   -762.59993550
   -762.58957399
   -762.58213977
   -762.58367792
   -762.59551894
   -762.58275924
   -762.58375909
   -762.57054287
   -762.59543380
   -762.58712187
   -762.59521723
   -762.58080832
   -762.59051278
   -762.59459640
   -762.58929572
   -762.59798895
   -762.59923893
   -762.59454544
   -762.59446813
   -762.58172911
   -762.59568383
   -762.58724415
   -762.58207532
   -762.58277750
   -762.59568741
   -762.58516746
   -762.58501630
   -762.59528149
   -762.59744092
   -762.58794081
   -762.58883498
   -762.59326171
   -762.58324039
   -762.57855132
   -762.58227645
   -762.58509748
   -762.58758208
   -762.58584319
   -762.59021464
   -762.59577008
   -762.59597021
   -762.59137177
   -762.58355090
   -762.58186553
   -762.58560124
   -762.59807598
   -762.58383918
   -762.59454957
   -762.59537252
   -762.58986731
   -762.58976248
   -762.58436210
   -762.58453580
   -762.57714836
   -762.59169298
   -762.59230900
   -762.59523938
   -762.58047410
   -762.58202775
   -762.59326277
   -762.59124004
   -762.58260595
   -762.58356572
   -762.58737422
   -762.58938666
   -762.58962628
   -762.58592254
   -762.58438399
   -762.58632379
   -762.59435772
   -762.59458587
   -762.59753958
   -762.58959763
   -762.59986947
   -762.59598326
   -762.59151095
   -762.59542344
   -762.58351048
   -762.59050920
   -762.59402090
   -762.59327471
   -762.59449137
   -762.57132471
   -762.58403948
   -762.59206937
   -762.58557554
   -762.59192021
   -762.58291810
   -762.58214798
   -762.58998923
   -762.57723011
   -762.58256669
   -762.58557654
   -762.59232106
   -762.59526480
   -762.58626236
   -762.59805115
   -762.59720426
   -762.59491163
   -762.57532062
   -762.59593037
   -762.59511501
   -762.59509254
   -762.59672180
   -762.58246627
   -762.58622708
   -762.58993024
   -762.58997494
   -762.59038167
   -762.57836868
   -762.58141302
   -762.58423820
   -762.58996947
   -762.57217303
   -762.58436699
   -762.59508084
   -762.59827338
   -762.57536520
   -762.59359804
   -762.59498448
   -762.57132921
   -762.59333813
   -762.57724012
   -762.58338490
   -762.59927954
   -762.58595919
   -762.59547608
   -762.59051021
   -762.57075982
   -762.58994797
   -762.59712682
   -762.58799255
   -762.58931088
   -762.59487382
   -762.59569091
   -762.58388043
   -762.59544642
   -762.59592073
   -762.58732729
