% The following energies apply to conformations described by the topology 
% R06.top.  Structures are given in trajectory coords.cdf, count: 2747.

% Item 0:
%   Energy -> orca_structures/coor*/Conf*.out
   -972.16875700
   -972.17485202
   -972.18777415
   -972.20162957
   -972.19164702
   -972.15720408
   -972.19098292
   -972.15713257
   -972.21738623
   -972.16351008
   -972.16993230
   -972.16650871
   -972.17750401
   -972.21014842
   -972.17912557
   -972.12608680
   -972.17046004
   -972.15332519
   -972.20041880
   -972.19406048
   -972.17997191
   -972.19692652
   -972.21804415
   -972.17411781
   -972.20526946
   -972.17016683
   -972.18265353
   -972.19343679
   -972.17956733
   -972.14855199
   -972.18941116
   -972.16528050
   -972.17712279
   -972.19002621
   -972.17163837
   -972.17078211
   -972.20011514
   -972.19544837
   -972.20584546
   -972.18797966
   -972.20304011
   -972.16419900
   -972.15412907
   -972.18791415
   -972.16566534
   -972.17923376
   -972.17460821
   -972.15704306
   -972.20417206
   -972.12958650
   -972.17647883
   -972.15355605
   -972.17448488
   -972.19439197
   -972.18796717
   -972.20735492
   -972.16901199
   -972.10252483
   -972.16761468
   -972.13407888
   -972.16613275
   -972.18763623
   -972.16875223
   -972.10441302
   -972.15604294
   -972.18743510
   -972.17966065
   -972.17714513
   -972.16189549
   -972.20345945
   -972.18434105
   -972.15393352
   -972.19197946
   -972.16130046
   -972.18513328
   -972.07010010
   -972.15792788
   -972.17373304
   -972.14797620
   -972.17560756
   -972.19385833
   -972.13932442
   -972.19719387
   -972.16659448
   -972.19512748
   -972.17455457
   -972.15948311
   -972.16070477
   -972.19074248
   -972.16780371
   -972.20468093
   -972.18296449
   -972.13098518
   -972.19323097
   -972.16612090
   -972.18370024
   -972.16626414
   -972.15117306
   -972.14613899
   -972.18173192
   -972.17830804
   -972.14520303
   -972.18676903
   -972.17885994
   -972.11123161
   -972.16423005
   -972.21014987
   -972.17078661
   -972.17021364
   -972.08416973
   -972.22537481
   -972.18541486
   -972.19979888
   -972.12987190
   -972.19699791
   -972.20033660
   -972.17887745
   -972.17163821
   -972.19921582
   -972.13958978
   -972.17367640
   -972.18826771
   -972.17318214
   -972.19146831
   -972.19126475
   -972.12192382
   -972.16338019
   -972.14402745
   -972.14696817
   -972.19691146
   -972.16838436
   -972.20138101
   -972.17743747
   -972.17254193
   -972.20171005
   -972.17087300
   -972.18482005
   -972.19271225
   -972.19942380
   -972.17052108
   -972.17322379
   -972.20067957
   -972.08530518
   -972.17288976
   -972.16260292
   -972.19412469
   -972.16690462
   -972.19657279
   -972.18460242
   -972.16930409
   -972.21279481
   -972.18713981
   -972.15990956
   -972.17550342
   -972.15952826
   -972.17342460
   -972.15762731
   -972.20556423
   -972.17573011
   -972.17840238
   -972.16840993
   -972.19721369
   -972.19081093
   -972.20247479
   -972.17594467
   -972.16128969
   -972.16846206
   -972.18769699
   -972.19539361
   -972.13481699
   -972.18376995
   -972.18967563
   -972.17221196
   -972.18682391
   -972.16536506
   -972.17596114
   -972.18055964
   -972.18545273
   -972.17699197
   -972.18873087
   -972.12954648
   -972.20766388
   -972.20041095
   -972.17494758
   -972.16117373
   -972.18124757
   -972.21061227
   -972.18093953
   -972.15786026
   -972.17645521
   -972.19038727
   -972.20603847
   -972.15650851
   -972.13105799
   -972.17223015
   -972.09411804
   -972.18861935
   -972.15705517
   -972.17602823
   -972.18373628
   -972.19093074
   -972.18970091
   -972.21325475
   -972.18727687
   -972.20046403
   -972.16052685
   -972.12654946
   -972.20053948
   -972.18116337
   -972.16530251
   -972.13750146
   -972.18556807
   -972.18086071
   -972.20442632
   -972.11899666
   -972.19467245
   -972.16827698
   -972.16155087
   -972.17644634
   -972.19234889
   -972.10893257
   -972.19352634
   -972.12021731
   -972.20840785
   -972.20386628
   -972.18914179
   -972.18949971
   -972.16163194
   -972.17619541
   -972.19051623
   -972.18115319
   -972.18408061
   -972.19764216
   -972.19561516
   -972.15118320
   -972.22149807
   -972.17638453
   -972.20471824
   -972.21127272
   -972.15897284
   -972.19505819
   -972.16868253
   -972.17998368
   -972.16857043
   -972.15554653
   -972.14089639
   -972.18957237
   -972.17930688
   -972.19652109
   -972.18439583
   -972.18906617
   -972.19122218
   -972.15547122
   -972.17789444
   -972.17527294
   -972.18838044
   -972.17884810
   -972.20474307
   -972.17670911
   -972.19126933
   -972.20368476
   -972.21216155
   -972.18769445
   -972.19184607
   -972.17075795
   -972.18370277
   -972.22274589
   -972.19002431
   -972.17507301
   -972.15918020
   -972.15445863
   -972.15918952
   -972.15171015
   -972.18632914
   -972.17182488
   -972.19978245
   -972.14975314
   -972.10647609
   -972.17388297
   -972.17312598
   -972.20300792
   -972.18109386
   -972.14592350
   -972.18482574
   -972.20405604
   -972.19537061
   -972.19200007
   -972.21326365
   -972.12547820
   -972.18230373
   -972.18109342
   -972.15198861
   -972.19267719
   -972.16438222
   -972.18653957
   -972.20055905
   -972.19611927
   -972.17829921
   -972.19906917
   -972.19622994
   -972.20319708
   -972.18937171
   -972.18457097
   -972.17686425
   -972.16899654
   -972.15839215
   -972.17521976
   -972.18465749
   -972.18378315
   -972.12727930
   -972.19530038
   -972.17530855
   -972.17443232
   -972.19001825
   -972.20250181
   -972.19660852
   -972.19237883
   -972.20331971
   -972.18731207
   -972.18741543
   -972.19022614
   -972.14815719
   -972.19029604
   -972.20435122
   -972.18883712
   -972.17241876
   -972.18700377
   -972.19410233
   -972.16356040
   -972.18584503
   -972.18707772
   -972.17886506
   -972.18481489
   -972.19516742
   -972.15411664
   -972.18507853
   -972.18793520
   -972.16439469
   -972.18756205
   -972.17456110
   -972.20937904
   -972.17966156
   -972.18043843
   -972.17150495
   -972.19752423
   -972.18192203
   -972.19449509
   -972.18718682
   -972.17946555
   -972.18232746
   -972.18642885
   -972.21759181
   -972.16969709
   -972.20127747
   -972.17686209
   -972.17143488
   -972.16905472
   -972.19577498
   -972.20640342
   -972.18453582
   -972.19298875
   -972.15490477
   -972.18908261
   -972.14742168
   -972.16795539
   -972.17215602
   -972.21349405
   -972.20084370
   -972.17377290
   -972.17294809
   -972.15362641
   -972.20631454
   -972.21230717
   -972.18260045
   -972.17756556
   -972.21393916
   -972.20846741
   -972.19452304
   -972.17184198
   -972.20183699
   -972.16049423
   -972.19503654
   -972.18594048
   -972.18124386
   -972.17487571
   -972.14341884
   -972.18418777
   -972.19844966
   -972.18391278
   -972.18640456
   -972.18116269
   -972.16320208
   -972.16786479
   -972.16506679
   -972.18094765
   -972.20279833
   -972.20336791
   -972.15975650
   -972.17758457
   -972.18151331
   -972.18941281
   -972.21087985
   -972.20703061
   -972.15690381
   -972.19785415
   -972.18449520
   -972.19837205
   -972.22744915
   -972.20074850
   -972.14826152
   -972.19861718
   -972.17613079
   -972.15973760
   -972.13236840
   -972.21601237
   -972.19423329
   -972.18576800
   -972.19807837
   -972.18800918
   -972.17946672
   -972.19229567
   -972.02484126
   -972.19410666
   -972.22085652
   -972.22561175
   -972.19184243
   -972.16941778
   -972.14314607
   -972.18598762
   -972.17397697
   -972.09956830
   -972.15734845
   -972.20847787
   -972.18232728
   -972.14738175
   -972.15646730
   -972.16254949
   -972.17218743
   -972.17351755
   -972.19830848
   -972.18368052
   -972.12956121
   -972.15102376
   -972.15705517
   -972.16948403
   -972.20690265
   -972.18980795
   -972.16739726
   -972.17385173
   -972.16100261
   -972.19132124
   -972.19723671
   -972.19328352
   -972.20199962
   -972.20787010
   -972.21903903
   -972.11803582
   -972.18450372
   -972.19121156
   -972.17251624
   -972.18646389
   -972.19890235
   -972.17072560
   -972.20402970
   -972.17909146
   -972.18264644
   -972.17669452
   -972.17455113
   -972.18378681
   -972.18382940
   -972.20197636
   -972.18612731
   -972.16882886
   -972.17010983
   -972.15217490
   -972.18729204
   -972.20302189
   -972.19529155
   -972.21145075
   -972.08476475
   -972.18200530
   -972.17356952
   -972.17315910
   -972.17890038
   -972.18942807
   -972.19838330
   -972.20578352
   -972.21020483
   -972.12512815
   -972.17209798
   -972.16908298
   -972.18347576
   -972.20374759
   -972.17400428
   -972.16400867
   -972.18429963
   -972.20533287
   -972.17789287
   -972.17965780
   -972.17748644
   -972.20893380
   -972.19386709
   -972.19451036
   -972.18239285
   -972.17913865
   -972.19433006
   -972.17491128
   -972.14899076
   -972.20555445
   -972.17443446
   -972.17478415
   -972.19937075
   -972.18674444
   -972.17763115
   -972.18369442
   -972.16860700
   -972.18584162
   -972.19959451
   -972.18017061
   -972.13304899
   -972.20298896
   -972.14421784
   -972.14940797
   -972.10611096
   -972.19693592
   -972.20342788
   -972.18481364
   -972.17732403
   -972.17250018
   -972.18726242
   -972.16580371
   -972.16346153
   -972.18836817
   -972.16979786
   -972.19203306
   -972.15019662
   -972.16568820
   -972.21612425
   -972.19063239
   -972.18090769
   -972.06530791
   -972.17744936
   -972.18093165
   -972.18839539
   -972.16450446
   -972.19435336
   -972.17883002
   -972.16324993
   -972.13828610
   -972.17099073
   -972.16934134
   -972.17494106
   -972.09391594
   -972.16055622
   -972.18333849
   -972.19125990
   -972.20702685
   -972.18362987
   -972.15149114
   -972.18250220
   -972.16677121
   -972.20851125
   -972.16664840
   -972.15205185
   -972.13969882
   -972.18741670
   -972.18657136
   -972.15591131
   -972.19871624
   -972.13796446
   -972.15976221
   -972.21294538
   -972.13497377
   -972.20983058
   -972.15745471
   -972.18787608
   -972.20218779
   -972.18470291
   -972.17367347
   -972.19573948
   -972.17712803
   -972.18671113
   -972.21002239
   -972.18755225
   -972.14217086
   -972.19481729
   -972.19270448
   -972.18686936
   -972.18933579
   -972.17411750
   -972.14431186
   -972.18148723
   -972.18011645
   -972.12674696
   -972.19855100
   -972.17456034
   -972.19784161
   -972.18385286
   -972.17037248
   -972.18607009
   -972.18328750
   -972.16970232
   -972.17339448
   -972.18673235
   -972.18573534
   -972.20766957
   -972.16965003
   -972.19803382
   -972.13355817
   -972.17776169
   -972.18973582
   -972.17087088
   -972.18796221
   -972.15251156
   -972.19216137
   -972.20120448
   -972.22387095
   -972.17343823
   -972.15500877
   -972.12212785
   -972.16659459
   -972.11046000
   -972.13962766
   -972.18506130
   -972.12450025
   -972.14987027
   -972.20369261
   -972.21739875
   -972.21510741
   -972.19805180
   -972.19805348
   -972.20359422
   -972.16327038
   -972.20701523
   -972.21344871
   -972.11634647
   -972.17604138
   -972.19834989
   -972.17863306
   -972.16523640
   -972.16485584
   -972.17018509
   -972.17836197
   -972.19067747
   -972.21432675
   -972.14224155
   -972.19314399
   -972.19711471
   -972.17428072
   -972.16047742
   -972.20050809
   -972.14256421
   -972.22076232
   -972.20341319
   -972.19241402
   -972.15878633
   -972.18700073
   -972.17716226
   -972.15820877
   -972.20262515
   -972.13938547
   -972.19786144
   -972.15032379
   -972.17352122
   -972.19692713
   -972.19361311
   -972.20981219
   -972.17139525
   -972.19796316
   -972.16023307
   -972.09891048
   -972.15972256
   -972.21041315
   -972.18005954
   -972.21078267
   -972.18286355
   -972.20277486
   -972.16817791
   -972.19663712
   -972.18333430
   -972.17214609
   -972.14262258
   -972.20277483
   -972.18703988
   -972.15498527
   -972.19697048
   -972.18930017
   -972.16784130
   -972.14325740
   -972.20691908
   -972.19269406
   -972.16727202
   -972.13768059
   -972.19072243
   -972.17938028
   -972.12682902
   -972.16916249
   -972.21212952
   -972.20892096
   -972.20757219
   -972.20948262
   -972.20100664
   -972.15489845
   -972.19638297
   -972.18417719
   -972.19591437
   -972.20579163
   -972.21276084
   -972.18641458
   -972.14408757
   -972.18918381
   -972.15644719
   -972.14502457
   -972.18993387
   -972.16102549
   -972.17403723
   -972.17526841
   -972.18797562
   -972.18732089
   -972.19108755
   -972.18528193
   -972.17478727
   -972.21129696
   -972.20404926
   -972.19746747
   -972.17663975
   -972.19316465
   -972.18300318
   -972.15886303
   -972.19953514
   -972.18610474
   -972.18521942
   -972.20694047
   -972.11999426
   -972.18021488
   -972.20850592
   -972.19761704
   -972.19032276
   -972.19059442
   -972.17414914
   -972.15960251
   -972.15790156
   -972.19046121
   -972.14307243
   -972.18617221
   -972.15561658
   -972.15261998
   -972.16248331
   -972.20197082
   -972.16197712
   -972.19377463
   -972.15445819
   -972.16236752
   -972.17240914
   -972.13993110
   -972.16888718
   -972.14957969
   -972.19286732
   -972.19843184
   -972.11715944
   -972.19023050
   -972.08710065
   -972.18407497
   -972.17363024
   -972.20578672
   -972.19316806
   -972.18373791
   -972.18277000
   -972.20029345
   -972.21608181
   -972.19700608
   -972.15545928
   -972.18151548
   -972.14824819
   -972.17966821
   -972.19282509
   -972.20511806
   -972.18286681
   -972.19825245
   -972.20170861
   -972.19011849
   -972.13959342
   -972.18585840
   -972.15156798
   -972.18098643
   -972.17454287
   -972.14768223
   -972.18315033
   -972.19035682
   -972.16327746
   -972.19576369
   -972.19227222
   -972.20417674
   -972.12960122
   -972.17255039
   -972.19170410
   -972.17475650
   -972.18160448
   -972.16267758
   -972.17681621
   -972.17522134
   -972.18579627
   -972.20483474
   -972.14619255
   -972.21277640
   -972.19307064
   -972.16620280
   -972.18578330
   -972.17400769
   -972.16237964
   -972.19296630
   -972.19805482
   -972.16038946
   -972.18335646
   -972.21695744
   -972.17621324
   -972.17413761
   -972.20954546
   -972.17017878
   -972.17047564
   -972.18434054
   -972.18646105
   -972.17866960
   -972.19277729
   -972.20949219
   -972.16201088
   -972.18491430
   -972.18529829
   -972.19638757
   -972.17087373
   -972.18860571
   -972.18024909
   -972.17731243
   -972.17738017
   -972.20487600
   -972.19145470
   -972.16051634
   -972.17293121
   -972.17844733
   -972.13553529
   -972.21700408
   -972.18091510
   -972.17422653
   -972.21237607
   -972.17816330
   -972.14050773
   -972.17715065
   -972.20243206
   -972.18457414
   -972.19961211
   -972.16637048
   -972.18005950
   -972.11016222
   -972.17680170
   -972.20601972
   -972.17973270
   -972.16569262
   -972.17823775
   -972.18344489
   -972.19847252
   -972.16370572
   -972.19606391
   -972.20236468
   -972.17309421
   -972.17933582
   -972.14892297
   -972.19302968
   -972.15837802
   -972.19800725
   -972.18751179
   -972.17939090
   -972.19242235
   -972.12720969
   -972.20990089
   -972.17213553
   -972.13820990
   -972.20543190
   -972.14383545
   -972.16812438
   -972.20420657
   -972.19118596
   -972.14495888
   -972.19148705
   -972.18606547
   -972.18945578
   -972.21295399
   -972.19025814
   -972.16442783
   -972.17541776
   -972.19622249
   -972.16825402
   -972.17964403
   -972.18473360
   -972.19100054
   -972.18127841
   -972.17585116
   -972.16992004
   -972.20230020
   -972.21540106
   -972.18896303
   -972.15263218
   -972.15094892
   -972.15045492
   -972.19090136
   -972.18802485
   -972.18764253
   -972.19004867
   -972.18689137
   -972.19351552
   -972.14741569
   -972.18990823
   -972.21417825
   -972.14932365
   -972.21046780
   -972.20133505
   -972.05382495
   -972.19689112
   -972.16657416
   -972.19001194
   -972.18522260
   -972.20126686
   -972.16367018
   -972.19047474
   -972.18092306
   -972.16204318
   -972.15841735
   -972.18630080
   -972.16677959
   -972.19563638
   -972.18424222
   -972.19614938
   -972.18769002
   -972.21288072
   -972.20991292
   -972.17880075
   -972.18993859
   -972.15280548
   -972.20139814
   -972.20766201
   -972.16349700
   -972.17020541
   -972.17024180
   -972.17726376
   -972.17988001
   -972.17785202
   -972.17800179
   -972.19213284
   -972.19160892
   -972.14637232
   -972.19880653
   -972.19308978
   -972.19346884
   -972.18122678
   -972.20390860
   -972.17720833
   -972.18280633
   -972.20024383
   -972.19520082
   -972.18866189
   -972.14079296
   -972.17315638
   -972.19137422
   -972.16569572
   -972.21633608
   -972.20568753
   -972.20449543
   -972.20488628
   -972.11805696
   -972.20128124
   -972.17748509
   -972.19741427
   -972.03745443
   -972.18689326
   -972.20932461
   -972.19415720
   -972.20119340
   -972.19940966
   -972.18761762
   -972.18452389
   -972.19370169
   -972.15156095
   -972.19284039
   -972.17158776
   -972.17720292
   -972.19052198
   -972.19684308
   -972.20271643
   -972.15535364
   -972.19291423
   -972.19956422
   -972.15407716
   -972.17764973
   -972.19006247
   -972.17170449
   -972.16084325
   -972.15839990
   -972.19397865
   -972.18287235
   -972.16797402
   -972.15343931
   -972.13240034
   -972.20339764
   -972.15707653
   -972.20139080
   -972.18724115
   -972.18192715
   -972.15824193
   -972.18724079
   -972.19001609
   -972.19623397
   -972.18049310
   -972.19355882
   -972.18210630
   -972.20618576
   -972.16755038
   -972.20405243
   -972.15160164
   -972.16732628
   -972.21501687
   -972.20471802
   -972.22059641
   -972.22954879
   -972.15403451
   -972.16763574
   -972.20253004
   -972.12151464
   -972.18733770
   -972.18156109
   -972.15867651
   -972.14237954
   -972.17839759
   -972.13961244
   -972.18930353
   -972.19190210
   -972.18122608
   -972.19948644
   -972.20366433
   -972.19339465
   -972.20360135
   -972.17526490
   -972.19045581
   -972.17874885
   -972.18346915
   -972.18251191
   -972.16123147
   -972.18819230
   -972.13498894
   -972.17984592
   -972.21458124
   -972.18150974
   -972.19298161
   -972.16942454
   -972.17916806
   -972.19913562
   -972.17037604
   -972.18075641
   -972.18491676
   -972.18263462
   -972.18889125
   -972.18363866
   -972.10115757
   -972.19093528
   -972.18661161
   -972.18990952
   -972.20931623
   -972.18914627
   -972.20367573
   -972.19714150
   -972.14754118
   -972.17788521
   -972.14156770
   -972.20509139
   -972.11798170
   -972.14004721
   -972.15736747
   -972.14619283
   -972.15026263
   -972.17387540
   -972.17906950
   -972.18921586
   -972.21019498
   -972.19393505
   -972.17531506
   -972.20662620
   -972.18533827
   -972.20350074
   -972.19682840
   -972.19857886
   -972.19110664
   -972.16352360
   -972.15584923
   -972.21775320
   -972.14120448
   -972.20346925
   -972.18479573
   -972.16691299
   -972.14732562
   -972.18691836
   -972.19475752
   -972.13030337
   -972.19690817
   -972.19249849
   -972.15828363
   -972.18430799
   -972.15012952
   -972.17384482
   -972.18897675
   -972.14521718
   -972.14644886
   -972.17855653
   -972.14168048
   -972.21333843
   -972.13146292
   -972.18073499
   -972.08645547
   -972.18541468
   -972.19214295
   -972.17279066
   -972.12883363
   -972.18266131
   -972.18250459
   -972.18731887
   -972.14840819
   -972.17347734
   -972.15867643
   -972.16290822
   -972.16320135
   -972.16682044
   -972.17565916
   -972.16713125
   -972.15514846
   -972.16919560
   -972.20545595
   -972.18319042
   -972.14901091
   -972.13835548
   -972.20366014
   -972.14909558
   -972.13934215
   -972.18855577
   -972.16392465
   -972.16926264
   -972.15372436
   -972.20394900
   -972.20307586
   -972.19610764
   -972.21713044
   -972.21473636
   -972.11468618
   -972.16630707
   -972.19088845
   -972.15085341
   -972.13023995
   -972.20300302
   -972.15316215
   -972.15120512
   -972.16284615
   -972.20610264
   -972.18935822
   -972.18587986
   -972.21734082
   -972.17203575
   -972.19913810
   -972.16684249
   -972.17457013
   -972.16385760
   -972.19566209
   -972.16999446
   -972.12106861
   -972.16598326
   -972.17003710
   -972.20646657
   -972.19221354
   -972.19466187
   -972.18185739
   -972.17358255
   -972.18492905
   -972.18186007
   -972.18454592
   -972.15713207
   -972.16486956
   -972.18291657
   -972.20520161
   -972.19459757
   -972.18571333
   -972.17471149
   -972.15944867
   -972.17557099
   -972.14874581
   -972.17209246
   -972.18263869
   -972.15470223
   -972.18555911
   -972.19594127
   -972.21594082
   -972.16613306
   -972.14372371
   -972.15440814
   -972.17891811
   -972.19057835
   -972.19617887
   -972.16805374
   -972.15352900
   -972.19676448
   -972.21001422
   -972.20071201
   -972.22698496
   -972.21776447
   -972.19956496
   -972.16977120
   -972.17161081
   -972.17337752
   -972.19497176
   -972.20493885
   -972.18832971
   -972.18334725
   -972.18780338
   -972.12565238
   -972.17421689
   -972.12754370
   -972.20552846
   -972.17309078
   -972.18539991
   -972.18116291
   -972.18205626
   -972.17604223
   -972.19176220
   -972.20186431
   -972.17091685
   -972.19461048
   -972.18854628
   -972.18828660
   -972.19646749
   -972.19601973
   -972.18335200
   -972.20547596
   -972.18486883
   -972.19651562
   -972.19097111
   -972.18583579
   -972.20004783
   -972.15463719
   -972.17163356
   -972.19470274
   -972.18591264
   -972.12884701
   -972.20150951
   -972.15309426
   -972.18835085
   -972.20579232
   -972.16109964
   -972.16469909
   -972.21591858
   -972.14890342
   -972.18854957
   -972.18071644
   -972.14250655
   -972.17311356
   -972.12825563
   -972.19027372
   -972.22045498
   -972.16896662
   -972.17714804
   -972.15815256
   -972.16818368
   -972.19362689
   -972.19520040
   -972.19044664
   -972.18655359
   -972.21072004
   -972.20542241
   -972.20108299
   -972.19786353
   -972.19265325
   -972.16972902
   -972.17463844
   -972.21272659
   -972.15786582
   -972.18847170
   -972.14830625
   -972.17783880
   -972.18884632
   -972.18252606
   -972.19381884
   -972.17568738
   -972.17360033
   -972.19008834
   -972.18035872
   -972.11949084
   -972.16240081
   -972.16820110
   -972.19058355
   -972.19933027
   -972.21120976
   -972.19363092
   -972.21128530
   -972.20884372
   -972.20574497
   -972.18678905
   -972.18083698
   -972.18185961
   -972.19410602
   -972.15360720
   -972.17851345
   -972.14433315
   -972.14966505
   -972.10924714
   -972.14158400
   -972.18353799
   -972.18517043
   -972.18577856
   -972.18810170
   -972.18723255
   -972.07769402
   -972.19142814
   -972.16851391
   -972.15795056
   -972.20168081
   -972.17492571
   -972.20416137
   -972.16095554
   -972.19454386
   -972.18932418
   -972.18593688
   -972.15564497
   -972.19423211
   -972.12846922
   -972.19004325
   -972.19221592
   -972.16104006
   -972.18376716
   -972.19323470
   -972.19403828
   -972.19640368
   -972.15915995
   -972.14420794
   -972.19675029
   -972.19096413
   -972.19740305
   -972.15335133
   -972.18390371
   -972.13642970
   -972.18358547
   -972.18209200
   -972.14321865
   -972.17384004
   -972.15379142
   -972.15696052
   -972.04670078
   -972.17952035
   -972.18244625
   -972.19935420
   -972.17462480
   -972.11144215
   -972.16147749
   -972.17320726
   -972.14897587
   -972.19630719
   -972.18152390
   -972.18213702
   -972.20763361
   -972.18300295
   -972.17443101
   -972.19896088
   -972.14358787
   -972.17785679
   -972.16933988
   -972.14452520
   -972.08954803
   -972.14908248
   -972.17777604
   -972.14738589
   -972.19165102
   -972.20834967
   -972.17425749
   -972.16964289
   -972.16490105
   -972.17848025
   -972.17460548
   -972.12778207
   -972.17398117
   -972.16821520
   -972.18985889
   -972.18714680
   -972.19209137
   -972.19540718
   -972.18248921
   -972.19683689
   -972.15770637
   -972.17852254
   -972.14468383
   -972.15623839
   -972.20045540
   -972.14778032
   -972.19695713
   -972.19890254
   -972.17235535
   -972.19058089
   -972.18413557
   -972.11530073
   -972.13774879
   -972.19588806
   -972.18969829
   -972.13963356
   -972.14165237
   -972.17805742
   -972.18031392
   -972.19597618
   -972.17228030
   -972.17515666
   -972.18718732
   -972.15908745
   -972.18210589
   -972.17791563
   -972.19228532
   -972.17632238
   -972.17498655
   -972.15659415
   -972.18217916
   -972.18468835
   -972.15894648
   -972.14818082
   -972.16194764
   -972.19666533
   -972.16005137
   -972.14435579
   -972.13273211
   -972.18435840
   -972.16717344
   -972.17954210
   -972.17071629
   -972.16112983
   -972.16335017
   -972.18210819
   -972.20163794
   -972.17638834
   -972.17007493
   -972.18729543
   -972.18624710
   -972.21492227
   -972.18817195
   -972.17846702
   -972.15752486
   -972.17488518
   -972.17652131
   -972.14098567
   -972.17456708
   -972.17699123
   -972.18071435
   -972.17325914
   -972.18721906
   -972.18525824
   -972.18118314
   -972.20686747
   -972.18859772
   -972.19612842
   -972.16160488
   -972.19227529
   -972.09411722
   -972.19464678
   -972.15392558
   -972.08425916
   -972.17102372
   -972.18918980
   -972.14673513
   -972.16913424
   -972.17922741
   -972.16272478
   -972.19151701
   -972.18797752
   -972.17330625
   -972.12980301
   -972.17345979
   -972.17622866
   -972.17704443
   -972.20017977
   -972.17711778
   -972.16932930
   -972.18901689
   -972.19398456
   -972.17893115
   -972.20558934
   -972.12359718
   -972.17889728
   -972.14113492
   -972.14264712
   -972.17104942
   -972.19954854
   -972.18708393
   -972.18570194
   -972.19728031
   -972.19753545
   -972.20090128
   -972.18264671
   -972.18026430
   -972.19589823
   -972.21085406
   -972.11218414
   -972.15244366
   -972.18501629
   -972.17367847
   -972.16605154
   -972.19657973
   -972.15227487
   -972.14853808
   -972.18465742
   -972.19150557
   -972.18796170
   -972.18202214
   -972.18530781
   -972.21836479
   -972.20621415
   -972.17610667
   -972.15990151
   -972.16483406
   -972.18361112
   -972.16643244
   -972.19183344
   -972.17816154
   -972.19978214
   -972.19435822
   -972.19019849
   -972.17923536
   -972.12973533
   -972.17755707
   -972.13084950
   -972.17153266
   -972.14880935
   -972.17485724
   -972.19209636
   -972.19700280
   -972.15769357
   -972.16079269
   -972.19619204
   -972.18483125
   -972.19866858
   -972.16343723
   -972.21221389
   -972.17762269
   -972.17303199
   -972.10272823
   -972.21580623
   -972.15335466
   -972.18342048
   -972.18371005
   -972.18577119
   -972.18954764
   -972.18326129
   -972.17040839
   -972.17827411
   -972.18132654
   -972.15745875
   -972.18190223
   -972.17963218
   -972.16300458
   -972.14648563
   -972.14512901
   -972.16320741
   -972.18568114
   -972.16281531
   -972.14417507
   -972.17726400
   -972.21141905
   -972.15486749
   -972.18072498
   -972.19668235
   -972.16092365
   -972.19075157
   -972.17433523
   -972.18978438
   -972.19323817
   -972.19805199
   -972.17297596
   -972.15338372
   -972.20020156
   -972.13438276
   -972.13500890
   -972.17812059
   -972.20650570
   -972.12834205
   -972.16659150
   -972.16293300
   -972.19583053
   -972.17637128
   -972.18814058
   -972.19755895
   -972.18783416
   -972.18212337
   -972.20082992
   -972.15491909
   -972.19070725
   -972.20885595
   -972.18867860
   -972.18087447
   -972.10229569
   -972.15261448
   -972.18784129
   -972.22528637
   -972.17931291
   -972.14829012
   -972.18762989
   -972.18585284
   -972.19606599
   -972.20227436
   -972.19312642
   -972.18786203
   -972.16185632
   -972.15429124
   -972.16077049
   -972.16844327
   -972.17805688
   -972.19997030
   -972.14286142
   -972.21352765
   -972.20571291
   -972.19913690
   -972.22675520
   -972.18319413
   -972.18528575
   -972.20374110
   -972.16154482
   -972.15188430
   -972.18721337
   -972.18684433
   -972.16090451
   -972.17997972
   -972.17455623
   -972.17586521
   -972.19264306
   -972.16196435
   -972.20094029
   -972.15184675
   -972.14670616
   -972.19430593
   -972.17814455
   -972.18470067
   -972.16047216
   -972.16255962
   -972.19191372
   -972.21257289
   -972.20057672
   -972.19038385
   -972.14212553
   -972.17185438
   -972.16577204
   -972.19743515
   -972.16789316
   -972.12927986
   -972.17424929
   -972.18039965
   -972.18008908
   -972.16184832
   -972.20313314
   -972.18563704
   -972.19371657
   -972.15977531
   -972.17403933
   -972.16875085
   -972.17510453
   -972.20682608
   -972.18392129
   -972.19112469
   -972.14170345
   -972.20635144
   -972.18630445
   -972.05544214
   -972.17446602
   -972.18531520
   -972.19768724
   -972.19849315
   -972.21271087
   -972.18355195
   -972.17079094
   -972.18423935
   -972.20127465
   -972.20464711
   -972.13372315
   -972.18028430
   -972.18288826
   -972.14751965
   -972.16720718
   -972.19494064
   -972.18715907
   -972.21049507
   -972.14247075
   -972.17267382
   -972.15207668
   -972.17657353
   -972.15029112
   -972.17416807
   -972.19943672
   -972.18560948
   -972.16698217
   -972.15273926
   -972.19809302
   -972.19760442
   -972.19498792
   -972.14783557
   -972.19035744
   -972.17335515
   -972.16108207
   -972.15863202
   -972.18051094
   -972.15624742
   -972.19749964
   -972.19618709
   -972.15081093
   -972.16904195
   -972.17839079
   -972.18082954
   -972.18385462
   -972.20973244
   -972.18501591
   -972.21465642
   -972.19204777
   -972.20235977
   -972.16920882
   -972.17845642
   -972.15852916
   -972.17785577
   -972.20207319
   -972.18679767
   -972.13852623
   -972.21043903
   -972.13896275
   -972.16407050
   -972.18137237
   -972.22154613
   -972.18541576
   -972.18591248
   -972.19161441
   -972.18681439
   -972.17191443
   -972.19255661
   -972.15979417
   -972.16948860
   -972.19856733
   -972.19430092
   -972.13267950
   -972.17083086
   -972.14300770
   -972.15683336
   -972.15834065
   -972.18500508
   -972.18743276
   -972.19095027
   -972.19097519
   -972.08001990
   -972.17423963
   -972.15654710
   -972.19297276
   -972.19996903
   -972.19791467
   -972.21728030
   -972.16843172
   -972.18676460
   -972.17922514
   -972.20005272
   -972.18981543
   -972.18897998
   -972.16518233
   -972.18632147
   -972.16730180
   -972.15667696
   -972.16343731
   -972.18822686
   -972.20380570
   -972.20266009
   -972.13044733
   -972.16036879
   -972.11842464
   -972.21366527
   -972.20456470
   -972.15301457
   -972.13220055
   -972.14385757
   -972.18085319
   -972.19924549
   -972.17128703
   -972.16629752
   -972.17163902
   -972.18594022
   -972.17477168
   -972.19041833
   -972.20206728
   -972.18544193
   -972.18269431
   -972.16382818
   -972.18232029
   -972.18541324
   -972.17661972
   -972.19014702
   -972.20422980
   -972.20222439
   -972.16496514
   -972.19606716
   -972.17069859
   -972.17278746
   -972.12915369
   -972.15537500
   -972.18668951
   -972.10749377
   -972.09130052
   -972.17327748
   -972.18562606
   -972.19331955
   -972.18418914
   -972.19225010
   -972.17923570
   -972.18007388
   -972.16852240
   -972.17114862
   -972.18457634
   -972.14992002
   -972.17510102
   -972.19061366
   -972.15750568
   -972.19628253
   -972.18404107
   -972.17983643
   -972.20673820
   -972.20072419
   -972.13230956
   -972.19683995
   -972.21056041
   -972.16444322
   -972.16695860
   -972.18403413
   -972.19179415
   -972.14243470
   -972.20882186
   -972.17091989
   -972.16449098
   -972.14565861
   -972.19654617
   -972.16982244
   -972.18123459
   -972.16984274
   -972.20551466
   -972.20079705
   -972.19882211
   -972.20906128
   -972.17146962
   -972.19875461
   -972.16229222
   -972.18142647
   -972.20195026
   -972.22064924
   -972.18689847
   -972.19319473
   -972.19879347
   -972.21138987
   -972.18772291
   -972.19708237
   -972.19364750
   -972.15062689
   -972.17795854
   -972.18732705
   -972.18668119
   -972.19655704
   -972.18809794
   -972.16170755
   -972.19653706
   -972.15688676
   -972.19774671
   -972.17901409
   -972.19153415
   -972.16543260
   -972.17810277
   -972.17413121
   -972.10873152
   -972.16391510
   -972.19008448
   -972.15199807
   -972.20054293
   -972.19790780
   -972.19794130
   -972.20171242
   -972.17855582
   -972.18462235
   -972.17966050
   -972.16588922
   -972.15323724
   -972.20822865
   -972.16796155
   -972.14902131
   -972.19733067
   -972.22197453
   -972.14361740
   -972.19781312
   -972.17444675
   -972.17152759
   -972.13415658
   -972.19585153
   -972.15673586
   -972.20499998
   -972.18678788
   -972.18046369
   -972.03591938
   -972.18556760
   -972.11093699
   -972.19055994
   -972.11322380
   -972.14512593
   -972.19263998
   -972.15026168
   -972.17391695
   -972.17873688
   -972.18925209
   -972.15012497
   -972.18859982
   -972.20801973
   -972.18623991
   -972.17279441
   -972.17281927
   -972.18179707
   -972.18598756
   -972.16890680
   -972.18220546
   -972.17049158
   -972.16957899
   -972.19681128
   -972.19689559
   -972.20633386
   -972.19941744
   -972.19218035
   -972.16317810
   -972.18279301
   -972.17717960
   -972.19785275
   -972.11208886
   -972.17293078
   -972.18952672
   -972.18374764
   -972.18718273
   -972.21008765
   -972.15590081
   -972.14562412
   -972.19126858
   -972.19143543
   -972.15218551
   -972.18153103
   -972.16072784
   -972.17731630
   -972.17468347
   -972.16274678
   -972.18265260
   -972.18760625
   -972.15241521
   -972.19967790
   -972.17078192
   -972.14781478
   -972.18129226
   -972.17149338
   -972.18048097
   -972.13661156
   -972.18638496
   -972.18460747
   -972.19392544
   -972.18070706
   -972.17175081
   -972.19158924
   -972.20200044
   -972.17252343
   -972.17707456
   -972.18711692
   -972.19834933
   -972.17665801
   -972.20328124
   -972.22063546
   -972.18190988
   -972.16534342
   -972.16876525
   -972.17887187
   -972.18645842
   -972.17962141
   -972.14588994
   -972.16702356
   -972.15364310
   -972.15866540
   -972.20554464
   -972.17378483
   -972.19452380
   -972.19852339
   -972.20228039
   -972.19511540
   -972.19567841
   -972.18870968
   -972.17485734
   -972.17077966
   -972.15765543
   -972.16455129
   -972.18781385
   -972.20205546
   -972.20246819
   -972.19569253
   -972.19922579
   -972.10379744
   -972.19016864
   -972.17352252
   -972.18205490
   -972.15702055
   -972.15848334
   -972.15373403
   -972.15839701
   -972.18146062
   -972.20430234
   -972.17015498
   -972.16289230
   -972.20645482
   -972.20430691
   -972.18322682
   -972.17935253
   -972.18743713
   -972.21175123
   -972.18825718
   -972.17710657
   -972.14731745
   -972.17443736
   -972.18831928
   -972.18755320
   -972.21770477
   -972.16804339
   -972.17401146
   -972.16255465
   -972.13864787
   -972.21210455
   -972.17201000
   -972.18526964
   -972.19958251
   -972.19559049
   -972.14821692
   -972.16750694
   -972.17311522
   -972.17818396
   -972.17876404
   -972.17831473
   -972.16620067
   -972.15707583
   -972.17092691
   -972.19366630
   -972.17977184
   -972.19452566
   -972.15654219
   -972.15693589
   -972.18478452
   -972.17494793
   -972.19982382
   -972.14441401
   -972.18976099
   -972.21766174
   -972.18904397
   -972.16611887
   -972.17099804
   -972.17391443
   -972.18815769
   -972.16090202
   -972.19411630
   -972.16690580
   -972.15362329
   -972.12614374
   -972.19235282
   -972.19195352
   -972.19311367
   -972.18937770
   -972.18789426
   -972.16844442
   -972.17241679
   -972.15097596
   -972.19858810
   -972.18119385
   -972.20546349
   -972.16606966
   -972.19440988
   -972.17562427
   -972.18092582
   -972.14063410
   -972.16998421
   -972.20816742
   -972.20387800
   -972.17853780
   -972.18009599
   -972.17047804
   -972.17211135
   -972.19596107
   -972.15916164
   -972.19515721
   -972.17957368
   -972.19780483
   -972.15435457
   -972.20380624
   -972.19941550
   -972.19627585
   -972.18158034
   -972.20239899
   -972.17280586
   -972.18942599
   -972.13033180
   -972.19363643
   -972.18973371
   -972.18463655
   -972.19638188
   -972.17507233
   -972.09790812
   -972.20751656
   -972.21189685
   -972.18506954
   -972.18884793
   -972.19641648
   -972.14929309
   -972.19614381
   -972.17173194
   -972.19254721
   -972.18926112
   -972.13332940
   -972.17931745
   -972.19590076
   -972.16832046
   -972.12541772
   -972.18598765
   -972.14665469
   -972.18028642
   -972.13723590
   -972.17394117
   -972.21187864
   -972.16278579
   -972.20163238
   -972.21239335
   -972.20056522
   -972.18702654
   -972.15612777
   -972.19480237
   -972.19277002
   -972.18373387
   -972.20061237
   -972.19125142
   -972.18480551
   -972.16723633
   -972.19135684
   -972.18979943
   -972.18211893
   -972.16425591
   -972.15570069
   -972.19961161
   -972.14980931
   -972.18217634
   -972.21153165
   -972.13096461
   -972.14482598
   -972.19997928
   -972.18310076
   -972.14806077
   -972.17238924
   -972.15487659
   -972.22988176
   -972.16770908
   -972.17168273
   -972.13632453
   -972.18587312
   -972.11603100
   -972.20151059
   -972.17737939
   -972.19710508
   -972.19930390
   -972.14636558
   -972.17876479
   -972.21232636
   -972.18931930
   -972.19515779
   -972.20600958
   -972.21233361
   -972.16025689
   -972.17722459
   -972.16548532
   -972.12835672
   -972.18656678
   -972.18490348
   -972.17888029
   -972.17959414
   -972.22074189
   -972.17377232
   -972.17643997
   -972.16884801
   -972.19905162
   -972.16108391
   -972.16970201
   -972.17409465
   -972.18615140
   -972.18137565
   -972.18457884
   -972.21797165
   -972.16689866
   -972.15842637
   -972.17492509
   -972.16129288
   -972.18213178
   -972.21002585
   -972.06296554
   -972.18014930
   -972.18151381
   -972.17094525
   -972.16942255
   -972.17905764
   -972.19636115
   -972.16592301
   -972.13730590
   -972.16164390
   -972.20146755
   -972.20780866
   -972.16675025
   -972.18809236
   -972.16699473
   -972.18581672
   -972.19484036
   -972.20100213
   -972.18337567
   -972.17548674
   -972.18118567
   -972.14174437
   -972.18558934
   -972.19954500
   -972.14453259
   -972.16843049
   -972.18654101
   -972.17774711
   -972.16160660
   -972.17018676
   -972.17032506
   -972.20231446
   -972.16193408
   -972.17948262
   -972.16039331
   -972.17254580
   -972.18799767
   -972.20829700
   -972.18123063
   -972.21226191
   -972.16261702
   -972.22081105
   -972.16460950
   -972.18164929
   -972.14847499
   -972.19804764
   -972.18696987
   -972.18171653
   -972.17295873
   -972.15150026
   -972.19365722
   -972.18732811
   -972.15967803
   -972.19441121
   -972.19693521
   -972.17871095
   -972.16613087
   -972.17628743
   -972.19143088
   -972.16528794
   -972.14263541
   -972.13703688
   -972.18530588
   -972.15814963
   -972.17386004
   -972.18363569
   -972.16615452
   -972.05275385
   -972.16199499
   -972.20582371
   -972.12087540
   -972.18421447
   -972.14439580
   -972.14583262
   -972.18156178
   -972.19544527
   -972.17939692
   -972.15175617
   -972.21045339
   -972.20331998
   -972.20904069
   -972.17048647
   -972.18858058
   -972.16381194
   -972.18044549
   -972.16292675
   -972.17290154
   -972.16705610
   -972.19808309
   -972.19691355
   -972.16625358
   -972.13436591
   -972.20856924
   -972.18711284
   -972.18089422
   -972.17853075
   -972.18846816
   -972.15863908
   -972.18325089
   -972.16256423
   -972.16128879
   -972.17740201
   -972.20290113
   -972.15671983
   -972.20558546
   -972.17300057
   -972.18768840
   -972.19893263
   -972.18669505
   -972.20617310
   -972.17659506
   -972.14033906
   -972.16188241
   -972.19308141
   -972.16998400
   -972.16755832
   -972.18843061
   -972.21377140
   -972.11702209
   -972.18138891
   -972.11535903
   -972.20542224
   -972.17054652
   -972.18414716
   -972.10174830
   -972.18396676
   -972.19450616
   -972.18958652
   -972.16765713
   -972.20849920
   -972.18794582
   -972.17530200
   -972.18747932
   -972.16673828
   -972.17477108
   -972.18743597
   -972.21211793
   -972.21150640
   -972.18245061
   -972.21297258
   -972.19949102
   -972.21782999
   -972.18694767
   -972.18322940
   -972.18373841
   -972.18985589
   -972.20164207
   -972.16369559
   -972.15061112
   -972.19183319
   -972.18566296
   -972.18907310
   -972.20914300
   -972.16716526
   -972.16819925
   -972.17443977
   -972.18198743
   -972.16351898
   -972.19221444
   -972.15930507
   -972.08049832
   -972.19346765
   -972.18502215
   -972.18719281
   -972.18655580
   -972.18690408
   -972.18932326
   -972.16981943
   -972.19930780
   -972.19878213
   -972.17068979
   -972.17305741
   -972.10458683
   -972.19344805
   -972.20332618
   -972.18221130
   -972.20206433
   -972.18574383
   -972.19408755
   -972.21338253
   -972.19118028
   -972.20145795
   -972.17859557
   -972.17023578
   -972.18925977
   -972.22026703
   -972.16111193
   -972.10968938
   -972.17951333
   -972.20191172
   -972.20702894
   -972.16336334
   -972.14813871
   -972.20012767
   -972.16504631
   -972.18227112
   -972.18754739
   -972.16932354
   -972.16631725
   -972.18418283
   -972.20242461
   -972.20250619
   -972.12393455
   -972.17262998
   -972.18461874
   -972.17144093
   -972.18353282
   -972.20403748
   -972.20387131
   -972.18856976
   -972.20245383
   -972.19139584
   -972.15831734
   -972.12904048
   -972.16782601
   -972.15378098
   -972.18081631
   -972.16546654
   -972.20350555
   -972.18411024
   -972.18965572
   -972.16998527
   -972.20005291
   -972.20372503
   -972.20513605
   -972.18595160
   -972.21617957
   -972.19152328
   -972.18817914
   -972.17245043
   -972.16770210
   -972.16406345
   -972.04099738
   -972.16910298
   -972.16683503
   -972.18108149
   -972.19571998
   -972.15678811
   -972.16271586
   -972.18759435
   -972.17214098
   -972.18414704
   -972.18477842
   -972.18987666
   -972.19121469
   -972.20729743
   -972.17110945
   -972.12823627
   -972.20054355
   -972.18603463
   -972.16553772
   -972.19481867
   -972.16714550
   -972.17590863
   -972.21075285
   -972.19642819
   -972.16735426
   -972.17532742
   -972.20366326
   -972.20901541
   -972.17706445
   -972.18394714
   -972.15109367
   -972.17890928
   -972.16031550
   -972.14933931
   -972.12844253
   -972.19581031
   -972.17637631
   -972.19425962
   -972.20562519
   -972.18352200
   -972.18603266
   -972.20935826
   -972.15448271
   -972.16850544
   -972.17659078
   -972.20012426
   -972.18581648
   -972.17839957
   -972.19908201
   -972.16671285
   -972.20414447
   -972.19180006
   -972.19244254
   -972.20879190
   -972.18178207
   -972.16965654
   -972.18170139
   -972.11676768
   -972.20398963
   -972.11352848
   -972.16252066
   -972.16192336
   -972.22059831
   -972.19360746
   -972.19118143
   -972.18362932
   -972.14410961
   -972.18741653
   -972.18824916
   -972.17333329
   -972.20337317
   -972.21747854
   -972.16815385
   -972.15484279
   -972.12167585
   -972.19332741
   -972.17949749
   -972.23261119
   -972.19589871
   -972.17437709
   -972.19119587
   -972.21333906
   -972.14600238
   -972.18966332
   -972.17144805
   -972.16642862
   -972.17557232
   -972.18067758
   -972.22283347
   -972.17206695
   -972.16635159
   -972.13099189
   -972.16091567
   -972.18767325
   -972.16984061
   -972.19102386
   -972.16372168
   -972.17641705
   -972.17451915
   -972.18916209
   -972.20485799
   -972.18592414
   -972.21157334
   -972.17293531
   -972.19995663
   -972.19104486
   -972.18925825
   -972.18694003
   -972.18894639
   -972.17883335
   -972.17918347
   -972.11818635
   -972.13191725
   -972.10064854
   -972.18362885
   -972.15978888
   -972.19515832
   -972.20695969
   -972.16432347
   -972.20504949
   -972.18281560
   -972.13271135
   -972.18161943
   -972.14463153
   -972.20595913
   -972.19501003
   -972.07435569
   -972.16404490
   -972.17280103
   -972.18822178
   -972.18254469
   -972.19208202
   -972.11165687
   -972.17700975
   -972.17076357
   -972.18467469
   -972.16916877
   -972.13833289
   -972.14942885
   -972.19427496
   -972.16527337
   -972.19054957
   -972.19291065
   -972.18847833
   -972.18703337
   -972.19548554
   -972.21373837
   -972.18302247
   -972.20242597
   -972.20795013
   -972.19609911
   -972.11812419
   -972.16880188
   -972.17272194
   -972.11883672
   -972.16439638
   -972.19056836
   -972.19314717
   -972.14527006
   -972.18374173
   -972.19309327
   -972.19870221
   -972.15082301
   -972.15276038
   -972.16480521
   -972.20123183
   -972.19859381
   -972.15424518
   -972.19461189
   -972.18338737
   -972.15401561
   -972.16255642
   -972.18479981
   -972.18782352
   -972.17732528
   -972.17000682
   -972.18785367
   -972.10195007
   -972.18856300
   -972.19498404
   -972.17899544
   -972.22106928
   -972.14110062
   -972.16283162
   -972.19641204
   -972.14447095
   -972.13839021
   -972.18045516
   -972.18554931
   -972.17334827
   -972.17808038
   -972.16199914
   -972.17284320
   -972.16817428
   -972.16000496
   -972.20801181
   -972.16165820
   -972.17548364
   -972.17026685
   -972.21254972
   -972.16440927
   -972.17802512
   -972.20178906
   -972.17310091
   -972.14649648
   -972.17611834
   -972.15878058
   -972.13088890
   -972.17129888
   -972.17952979
   -972.19030839
   -972.17338509
   -972.19127062
   -972.18233225
   -972.12129148
   -972.17409880
   -972.20359526
   -972.19936599
   -972.18081692
   -972.20151034
   -972.15563503
   -972.17742761
   -972.18117081
   -972.20015916
   -972.17971295
   -972.19408580
   -972.20996987
   -972.20419111
   -972.14039598
   -972.15790136
   -972.19189268
   -972.17947284
   -972.17038565
   -972.18938222
   -972.18240233
   -972.17066309
   -972.17645287
   -972.20776071
   -972.16226690
   -972.20939027
   -972.19282275
   -972.19749189
   -972.19326348
   -972.15668410
   -972.18873301
   -972.17437940
   -972.14670085
   -972.15774078
   -972.17024959
   -972.17824141
   -972.19372201
   -972.17604182
   -972.21089635
   -972.19002697
   -972.18005096
   -972.18973545
   -972.17470062
   -972.19793587
   -972.20884991
   -972.17115020
   -972.18742685
   -972.19976419
   -972.15884758
   -972.15335989
   -972.15547785
   -972.21041462
   -972.18847568
   -972.20763798
   -972.17801634
   -972.16212298
   -972.16205966
   -972.17308720
   -972.17043817
   -972.15576361
   -972.22508159
   -972.19654853
   -972.13828657
   -972.17379543
   -972.15564297
   -972.17689031
   -972.16126419
   -972.17844311
   -972.17740088
   -972.17875479
   -972.17155864
   -972.14904792
   -972.14632677
   -972.16290860
   -972.17269677
   -972.19833203
   -972.19764599
   -972.20258137
   -972.20009583
   -972.14699677
   -972.16830425
   -972.16937175
   -972.16242672
   -972.15426988
   -972.19508283
   -972.20506599
   -972.15130862
   -972.20188912
   -972.19314646
   -972.18567162
   -972.20688895
   -972.17927126
   -972.17730830
   -972.17532911
   -972.16790893
   -972.18941614
   -972.20202752
   -972.19036982
   -972.19710805
   -972.18886040
   -972.18402110
   -972.20849687
   -972.17788002
   -972.18278420
