% The following energies apply to conformations described by the topology 
% R06_iter1.top.  Structures are given in trajectory coords.cdf, count: 142.

% Item 0:
%   Energy -> orca_structures/coor*/NConf*.out
   -972.23165977
   -972.23773237
   -972.23427686
   -972.22347756
   -972.23173468
   -972.23287005
   -972.23309031
   -972.23787843
   -972.23239516
   -972.23189929
   -972.23600625
   -972.23697592
   -972.23259362
   -972.23105190
   -972.23207450
   -972.22272604
   -972.22949449
   -972.23695015
   -972.22334367
   -972.23717883
   -972.23588978
   -972.23612769
   -972.22898487
   -972.23540765
   -972.23361915
   -972.22007233
   -972.22325861
   -972.22815539
   -972.22480258
   -972.22987096
   -972.23504276
   -972.23586813
   -972.23155840
   -972.22959884
   -972.23492631
   -972.22946462
   -972.23675769
   -972.23578045
   -972.23263480
   -972.23370096
   -972.22602659
   -972.23492913
   -972.23553103
   -972.23501853
   -972.23224040
   -972.22944610
   -972.22924047
   -972.23509655
   -972.23563728
   -972.23364310
   -972.23432948
   -972.23573851
   -972.22885537
   -972.23198153
   -972.23562240
   -972.22584551
   -972.23111687
   -972.22840170
   -972.22233399
   -972.22826926
   -972.23597286
   -972.23406662
   -972.23192836
   -972.23426225
   -972.23345686
   -972.23359321
   -972.23154770
   -972.23363722
   -972.22809692
   -972.23641440
   -972.23449191
   -972.22923067
   -972.22808087
   -972.22810773
   -972.22094483
   -972.23161393
   -972.23404119
   -972.23598053
   -972.23611186
   -972.22163363
   -972.22868158
   -972.23268364
   -972.23103766
   -972.22099035
   -972.23049046
   -972.22545058
   -972.22813262
   -972.23643690
   -972.23423191
   -972.23615410
   -972.23506140
   -972.23495168
   -972.23231462
   -972.23060269
   -972.22803569
   -972.22720948
   -972.21914313
   -972.23165805
   -972.23173230
   -972.23381567
   -972.23333563
   -972.23115111
   -972.23015124
   -972.23186241
   -972.23340342
   -972.21647131
   -972.23473006
   -972.23250612
   -972.23380876
   -972.22891447
   -972.22807689
   -972.23486577
   -972.23260666
   -972.23337673
   -972.23316475
   -972.22758336
   -972.22870923
   -972.23608129
   -972.23504673
   -972.23201740
   -972.23761066
   -972.22953050
   -972.22645804
   -972.23967564
   -972.22374894
   -972.23433667
   -972.23690303
   -972.23578230
   -972.23143024
   -972.23302018
   -972.22797236
   -972.23400647
   -972.23461050
   -972.23376373
   -972.23636083
   -972.22772101
   -972.23199583
   -972.23007154
   -972.22850094
   -972.23447258
   -972.23449013
   -972.23578689
